# dimensionless total [l(l+1)/2pi] C_l's
# for l=2 to 2500, i.e. number of multipoles equal to 2499
#
# -> if you prefer output in CAMB/HealPix/LensPix units/order, set 'format' to 'camb' in input file
# -> if you don't want to see such a header, set 'headers' to 'no' in input file
#
# 1:l     2:TT                 
    2       2.428645621996e-10 
    3       2.101114305511e-10 
    4       1.858104567377e-10 
    5       1.685305948284e-10 
    6       1.562430405764e-10 
    7       1.474072266031e-10 
    8       1.410908232246e-10 
    9       1.365460695834e-10 
   10       1.333547328876e-10 
   11       1.311335743653e-10 
   12       1.296322535574e-10 
   13       1.286782556913e-10 
   14       1.282298045106e-10 
   15       1.281772659576e-10 
   16       1.284548700908e-10 
   17       1.289303706216e-10 
   18       1.296211041282e-10 
   19       1.305399856471e-10 
   20       1.316043959867e-10 
   21       1.328014298891e-10 
   22       1.341025585211e-10 
   23       1.355163824053e-10 
   24       1.370342934786e-10 
   25       1.386448178612e-10 
   26       1.403192724164e-10 
   27       1.420643163277e-10 
   28       1.438779711123e-10 
   29       1.457409086826e-10 
   30       1.476559341935e-10 
   31       1.496197643495e-10 
   32       1.516187588956e-10 
   33       1.536571489632e-10 
   34       1.557365572006e-10 
   35       1.578523578560e-10 
   36       1.600110507841e-10 
   37       1.622172055405e-10 
   38       1.644677871181e-10 
   39       1.667548151221e-10 
   40       1.690764756695e-10 
   41       1.714283918664e-10 
   42       1.737998849897e-10 
   43       1.761791727383e-10 
   44       1.785722693829e-10 
   45       1.809890050237e-10 
   46       1.834375566337e-10 
   47       1.859242363810e-10 
   48       1.884531114558e-10 
   49       1.910252307442e-10 
   50       1.936388164770e-10 
   51       1.962891988385e-10 
   52       1.989685956918e-10 
   53       2.016690241396e-10 
   54       2.043924212153e-10 
   55       2.071427417486e-10 
   56       2.099229673680e-10 
   57       2.127350175410e-10 
   58       2.155796606125e-10 
   59       2.184570845232e-10 
   60       2.213689657796e-10 
   61       2.243167245888e-10 
   62       2.273008421873e-10 
   63       2.303207942421e-10 
   64       2.333749842522e-10 
   65       2.364616488003e-10 
   66       2.395819457318e-10 
   67       2.427374028795e-10 
   68       2.459289652465e-10 
   69       2.491569555913e-10 
   70       2.524210350146e-10 
   71       2.557201635445e-10 
   72       2.590532430331e-10 
   73       2.624212762971e-10 
   74       2.658255531267e-10 
   75       2.692669812655e-10 
   76       2.727460625749e-10 
   77       2.762628691979e-10 
   78       2.798170197223e-10 
   79       2.834076553451e-10 
   80       2.870338641856e-10 
   81       2.906960915281e-10 
   82       2.943949321240e-10 
   83       2.981306884970e-10 
   84       3.019033554061e-10 
   85       3.057126043090e-10 
   86       3.095577678240e-10 
   87       3.134378241936e-10 
   88       3.173513817470e-10 
   89       3.212970876353e-10 
   90       3.252749613845e-10 
   91       3.292852428808e-10 
   92       3.333279776682e-10 
   93       3.374030077674e-10 
   94       3.415099624949e-10 
   95       3.456482492817e-10 
   96       3.498170444925e-10 
   97       3.540152842446e-10 
   98       3.582416552271e-10 
   99       3.624948562877e-10 
  100       3.667744453164e-10 
  101       3.710800958186e-10 
  102       3.754113310234e-10 
  103       3.797675179848e-10 
  104       3.841478616828e-10 
  105       3.885513991245e-10 
  106       3.929769934447e-10 
  107       3.974233280076e-10 
  108       4.018889005071e-10 
  109       4.063720170685e-10 
  110       4.108710278642e-10 
  111       4.153850808910e-10 
  112       4.199134540693e-10 
  113       4.244553188663e-10 
  114       4.290097367706e-10 
  115       4.335756557667e-10 
  116       4.381519068099e-10 
  117       4.427372003007e-10 
  118       4.473301225595e-10 
  119       4.519291323012e-10 
  120       4.565325571102e-10 
  121       4.611385899143e-10 
  122       4.657452854600e-10 
  123       4.703507542985e-10 
  124       4.749537774868e-10 
  125       4.795532561899e-10 
  126       4.841480185426e-10 
  127       4.887368176791e-10 
  128       4.933183297605e-10 
  129       4.978911520046e-10 
  130       5.024538007133e-10 
  131       5.070047093024e-10 
  132       5.115422263294e-10 
  133       5.160646135223e-10 
  134       5.205700438084e-10 
  135       5.250565993431e-10 
  136       5.295222695377e-10 
  137       5.339651074759e-10 
  138       5.383837216003e-10 
  139       5.427768314038e-10 
  140       5.471431126509e-10 
  141       5.514811964117e-10 
  142       5.557896680957e-10 
  143       5.600670664857e-10 
  144       5.643118827721e-10 
  145       5.685225595862e-10 
  146       5.726974900348e-10 
  147       5.768350167337e-10 
  148       5.809334308416e-10 
  149       5.849909710946e-10 
  150       5.890058228393e-10 
  151       5.929761170674e-10 
  152       5.968999294492e-10 
  153       6.007754133936e-10 
  154       6.046012151734e-10 
  155       6.083760957185e-10 
  156       6.120987997756e-10 
  157       6.157680556258e-10 
  158       6.193825748003e-10 
  159       6.229410517972e-10 
  160       6.264421637982e-10 
  161       6.298845703848e-10 
  162       6.332669132551e-10 
  163       6.365878159401e-10 
  164       6.398458835203e-10 
  165       6.430397023423e-10 
  166       6.461678397352e-10 
  167       6.492288437271e-10 
  168       6.522212427618e-10 
  169       6.551435454151e-10 
  170       6.579942401115e-10 
  171       6.607718981678e-10 
  172       6.634754931598e-10 
  173       6.661041077657e-10 
  174       6.686568329726e-10 
  175       6.711327682148e-10 
  176       6.735310215119e-10 
  177       6.758507096066e-10 
  178       6.780909581032e-10 
  179       6.802509016055e-10 
  180       6.823296838547e-10 
  181       6.843264578678e-10 
  182       6.862403860756e-10 
  183       6.880706404607e-10 
  184       6.898164026956e-10 
  185       6.914768642809e-10 
  186       6.930512266834e-10 
  187       6.945387014739e-10 
  188       6.959385104657e-10 
  189       6.972498858524e-10 
  190       6.984720703461e-10 
  191       6.996043788932e-10 
  192       7.006463887044e-10 
  193       7.015977637767e-10 
  194       7.024581949353e-10 
  195       7.032274001729e-10 
  196       7.039051249895e-10 
  197       7.044911427316e-10 
  198       7.049852549322e-10 
  199       7.053872916502e-10 
  200       7.056971118100e-10 
  201       7.059146035412e-10 
  202       7.060396845178e-10 
  203       7.060723022984e-10 
  204       7.060124346653e-10 
  205       7.058600899643e-10 
  206       7.056153074441e-10 
  207       7.052781575963e-10 
  208       7.048487424944e-10 
  209       7.043271961341e-10 
  210       7.037136847720e-10 
  211       7.030084072661e-10 
  212       7.022115954147e-10 
  213       7.013235247939e-10 
  214       7.003445473776e-10 
  215       6.992750617775e-10 
  216       6.981155033084e-10 
  217       6.968663443557e-10 
  218       6.955280947424e-10 
  219       6.941013020963e-10 
  220       6.925865522176e-10 
  221       6.909844694456e-10 
  222       6.892957170262e-10 
  223       6.875209974791e-10 
  224       6.856610529652e-10 
  225       6.837166656533e-10 
  226       6.816886580880e-10 
  227       6.795778935564e-10 
  228       6.773852764556e-10 
  229       6.751117526598e-10 
  230       6.727583098874e-10 
  231       6.703259780687e-10 
  232       6.678158297126e-10 
  233       6.652289802741e-10 
  234       6.625665885213e-10 
  235       6.598298569031e-10 
  236       6.570200319157e-10 
  237       6.541384044706e-10 
  238       6.511862544199e-10 
  239       6.481646796455e-10 
  240       6.450747573280e-10 
  241       6.419175991046e-10 
  242       6.386943513190e-10 
  243       6.354061952702e-10 
  244       6.320543474623e-10 
  245       6.286400598541e-10 
  246       6.251646201078e-10 
  247       6.216293518393e-10 
  248       6.180356148670e-10 
  249       6.143848054614e-10 
  250       6.106783565947e-10 
  251       6.069177381899e-10 
  252       6.031044573704e-10 
  253       5.992400587096e-10 
  254       5.953261244798e-10 
  255       5.913642749022e-10 
  256       5.873561683959e-10 
  257       5.833035018275e-10 
  258       5.792080107605e-10 
  259       5.750714697048e-10 
  260       5.708956923659e-10 
  261       5.666825318946e-10 
  262       5.624338811361e-10 
  263       5.581516728797e-10 
  264       5.538378801080e-10 
  265       5.494945162466e-10 
  266       5.451235179859e-10 
  267       5.407263861851e-10 
  268       5.363045259539e-10 
  269       5.318593623747e-10 
  270       5.273923405539e-10 
  271       5.229049256726e-10 
  272       5.183986030379e-10 
  273       5.138748781336e-10 
  274       5.093352766717e-10 
  275       5.047813446428e-10 
  276       5.002146483675e-10 
  277       4.956367745474e-10 
  278       4.910493303160e-10 
  279       4.864539432897e-10 
  280       4.818522616189e-10 
  281       4.772459540390e-10 
  282       4.726367099214e-10 
  283       4.680262393245e-10 
  284       4.634162730445e-10 
  285       4.588085626670e-10 
  286       4.542048806172e-10 
  287       4.496070202117e-10 
  288       4.450167957091e-10 
  289       4.404360423608e-10 
  290       4.358666164627e-10 
  291       4.313103954053e-10 
  292       4.267692777257e-10 
  293       4.222451831578e-10 
  294       4.177400526836e-10 
  295       4.132558485845e-10 
  296       4.087945544919e-10 
  297       4.043580292039e-10 
  298       3.999475601555e-10 
  299       3.955642882970e-10 
  300       3.912093522214e-10 
  301       3.868838880172e-10 
  302       3.825890291212e-10 
  303       3.783259061713e-10 
  304       3.740956468591e-10 
  305       3.698993757825e-10 
  306       3.657382142989e-10 
  307       3.616132803775e-10 
  308       3.575256884522e-10 
  309       3.534765492747e-10 
  310       3.494669697663e-10 
  311       3.454980528718e-10 
  312       3.415708974113e-10 
  313       3.376865979335e-10 
  314       3.338462445682e-10 
  315       3.300509228791e-10 
  316       3.263017137167e-10 
  317       3.225996930707e-10 
  318       3.189459319229e-10 
  319       3.153414961001e-10 
  320       3.117874461267e-10 
  321       3.082848370773e-10 
  322       3.048347184299e-10 
  323       3.014381339179e-10 
  324       2.980961213837e-10 
  325       2.948097126307e-10 
  326       2.915799332765e-10 
  327       2.884078026056e-10 
  328       2.852943334218e-10 
  329       2.822405319014e-10 
  330       2.792473974456e-10 
  331       2.763159225334e-10 
  332       2.734469934303e-10 
  333       2.706410878316e-10 
  334       2.678985637365e-10 
  335       2.652197571483e-10 
  336       2.626049818193e-10 
  337       2.600545289964e-10 
  338       2.575686671656e-10 
  339       2.551476417974e-10 
  340       2.527916750923e-10 
  341       2.505009657251e-10 
  342       2.482756885908e-10 
  343       2.461159945495e-10 
  344       2.440220101713e-10 
  345       2.419938374817e-10 
  346       2.400315537065e-10 
  347       2.381352110172e-10 
  348       2.363048362759e-10 
  349       2.345404307804e-10 
  350       2.328419700097e-10 
  351       2.312094033687e-10 
  352       2.296426539335e-10 
  353       2.281416181965e-10 
  354       2.267061658115e-10 
  355       2.253361393392e-10 
  356       2.240313539915e-10 
  357       2.227915973776e-10 
  358       2.216166292483e-10 
  359       2.205061812418e-10 
  360       2.194599566283e-10 
  361       2.184776300554e-10 
  362       2.175588472933e-10 
  363       2.167032249796e-10 
  364       2.159103503647e-10 
  365       2.151797810570e-10 
  366       2.145110447677e-10 
  367       2.139036390562e-10 
  368       2.133570310753e-10 
  369       2.128706573158e-10 
  370       2.124439233523e-10 
  371       2.120762382337e-10 
  372       2.117671196595e-10 
  373       2.115160924164e-10 
  374       2.113226538796e-10 
  375       2.111862737883e-10 
  376       2.111063940209e-10 
  377       2.110824283701e-10 
  378       2.111137623182e-10 
  379       2.111997528127e-10 
  380       2.113397280410e-10 
  381       2.115329872060e-10 
  382       2.117788003013e-10 
  383       2.120764078864e-10 
  384       2.124250208620e-10 
  385       2.128238202451e-10 
  386       2.132719569445e-10 
  387       2.137685515360e-10 
  388       2.143126940374e-10 
  389       2.149034436841e-10 
  390       2.155398287041e-10 
  391       2.162208460933e-10 
  392       2.169454613909e-10 
  393       2.177126084545e-10 
  394       2.185211892355e-10 
  395       2.193700735540e-10 
  396       2.202580988745e-10 
  397       2.211840700810e-10 
  398       2.221467592520e-10 
  399       2.231449054361e-10 
  400       2.241772144271e-10 
  401       2.252423585393e-10 
  402       2.263389763826e-10 
  403       2.274656726381e-10 
  404       2.286210178327e-10 
  405       2.298035481153e-10 
  406       2.310117650311e-10 
  407       2.322441352975e-10 
  408       2.334990905791e-10 
  409       2.347750272630e-10 
  410       2.360704656225e-10 
  411       2.373845339782e-10 
  412       2.387165012440e-10 
  413       2.400656189759e-10 
  414       2.414311212617e-10 
  415       2.428122246086e-10 
  416       2.442081278332e-10 
  417       2.456180119492e-10 
  418       2.470410400570e-10 
  419       2.484763572317e-10 
  420       2.499230904124e-10 
  421       2.513803482909e-10 
  422       2.528472212000e-10 
  423       2.543227810029e-10 
  424       2.558060809816e-10 
  425       2.572961557256e-10 
  426       2.587920210208e-10 
  427       2.602926737382e-10 
  428       2.617970917228e-10 
  429       2.633042336821e-10 
  430       2.648130390750e-10 
  431       2.663224280007e-10 
  432       2.678313010870e-10 
  433       2.693385393796e-10 
  434       2.708430042307e-10 
  435       2.723435371874e-10 
  436       2.738389598809e-10 
  437       2.753280739151e-10 
  438       2.768096607552e-10 
  439       2.782824816168e-10 
  440       2.797452773543e-10 
  441       2.811967683499e-10 
  442       2.826356544023e-10 
  443       2.840606146153e-10 
  444       2.854703072867e-10 
  445       2.868633697972e-10 
  446       2.882384184989e-10 
  447       2.895940486041e-10 
  448       2.909288340742e-10 
  449       2.922415157589e-10 
  450       2.935315727453e-10 
  451       2.947986692844e-10 
  452       2.960424682125e-10 
  453       2.972626309519e-10 
  454       2.984588175113e-10 
  455       2.996306864864e-10 
  456       3.007778950606e-10 
  457       3.019000990055e-10 
  458       3.029969526813e-10 
  459       3.040681090375e-10 
  460       3.051132196134e-10 
  461       3.061319345389e-10 
  462       3.071239025347e-10 
  463       3.080887709130e-10 
  464       3.090261855782e-10 
  465       3.099357910274e-10 
  466       3.108172303506e-10 
  467       3.116701452319e-10 
  468       3.124941759496e-10 
  469       3.132889613769e-10 
  470       3.140541389825e-10 
  471       3.147893448310e-10 
  472       3.154942135838e-10 
  473       3.161683784990e-10 
  474       3.168114714330e-10 
  475       3.174231228400e-10 
  476       3.180029617732e-10 
  477       3.185506158851e-10 
  478       3.190657114282e-10 
  479       3.195478732556e-10 
  480       3.199967248213e-10 
  481       3.204118881810e-10 
  482       3.207929839925e-10 
  483       3.211396315166e-10 
  484       3.214514486172e-10 
  485       3.217280517620e-10 
  486       3.219690560233e-10 
  487       3.221740750784e-10 
  488       3.223428314797e-10 
  489       3.224754910795e-10 
  490       3.225723385738e-10 
  491       3.226336681897e-10 
  492       3.226597837413e-10 
  493       3.226509986857e-10 
  494       3.226076361793e-10 
  495       3.225300291334e-10 
  496       3.224185202707e-10 
  497       3.222734621806e-10 
  498       3.220952173761e-10 
  499       3.218841583491e-10 
  500       3.216406676268e-10 
  501       3.213651378273e-10 
  502       3.210579717163e-10 
  503       3.207195822625e-10 
  504       3.203503926938e-10 
  505       3.199508365533e-10 
  506       3.195213577554e-10 
  507       3.190624106418e-10 
  508       3.185744600375e-10 
  509       3.180579813065e-10 
  510       3.175134604085e-10 
  511       3.169413939542e-10 
  512       3.163422892617e-10 
  513       3.157166644124e-10 
  514       3.150650483071e-10 
  515       3.143879807219e-10 
  516       3.136860123644e-10 
  517       3.129597049293e-10 
  518       3.122096311549e-10 
  519       3.114363748788e-10 
  520       3.106405310941e-10 
  521       3.098227060054e-10 
  522       3.089835170843e-10 
  523       3.081235931264e-10 
  524       3.072435743065e-10 
  525       3.063441122348e-10 
  526       3.054258700130e-10 
  527       3.044895070474e-10 
  528       3.035356329123e-10 
  529       3.025648523227e-10 
  530       3.015777803119e-10 
  531       3.005750422802e-10 
  532       2.995572740449e-10 
  533       2.985251218898e-10 
  534       2.974792426139e-10 
  535       2.964203035819e-10 
  536       2.953489827727e-10 
  537       2.942659688294e-10 
  538       2.931719611086e-10 
  539       2.920676697296e-10 
  540       2.909538156243e-10 
  541       2.898311305862e-10 
  542       2.887003573201e-10 
  543       2.875622494915e-10 
  544       2.864175717758e-10 
  545       2.852670999081e-10 
  546       2.841116207326e-10 
  547       2.829519322515e-10 
  548       2.817888436753e-10 
  549       2.806231754715e-10 
  550       2.794557594144e-10 
  551       2.782874386345e-10 
  552       2.771190676679e-10 
  553       2.759515125056e-10 
  554       2.747856506434e-10 
  555       2.736223711307e-10 
  556       2.724625746204e-10 
  557       2.713071734181e-10 
  558       2.701570915318e-10 
  559       2.690132647210e-10 
  560       2.678766405464e-10 
  561       2.667481784191e-10 
  562       2.656288496506e-10 
  563       2.645196375012e-10 
  564       2.634215372307e-10 
  565       2.623355561467e-10 
  566       2.612626082304e-10 
  567       2.602031949327e-10 
  568       2.591577162634e-10 
  569       2.581265754826e-10 
  570       2.571101791107e-10 
  571       2.561089369385e-10 
  572       2.551232620370e-10 
  573       2.541535707677e-10 
  574       2.532002827923e-10 
  575       2.522638210831e-10 
  576       2.513446119326e-10 
  577       2.504430849639e-10 
  578       2.495596731405e-10 
  579       2.486948127763e-10 
  580       2.478489435457e-10 
  581       2.470225084937e-10 
  582       2.462159540456e-10 
  583       2.454297300175e-10 
  584       2.446642896258e-10 
  585       2.439200894976e-10 
  586       2.431975896807e-10 
  587       2.424972536533e-10 
  588       2.418195483342e-10 
  589       2.411649440931e-10 
  590       2.405339147602e-10 
  591       2.399269376362e-10 
  592       2.393444935029e-10 
  593       2.387870666324e-10 
  594       2.382551447978e-10 
  595       2.377492192829e-10 
  596       2.372697848921e-10 
  597       2.368173399607e-10 
  598       2.363923863649e-10 
  599       2.359954295317e-10 
  600       2.356269784486e-10 
  601       2.352875456745e-10 
  602       2.349776473487e-10 
  603       2.346978032016e-10 
  604       2.344485365645e-10 
  605       2.342302674104e-10 
  606       2.340429886275e-10 
  607       2.338865819705e-10 
  608       2.337609242990e-10 
  609       2.336658875532e-10 
  610       2.336013387279e-10 
  611       2.335671398485e-10 
  612       2.335631479455e-10 
  613       2.335892150294e-10 
  614       2.336451880661e-10 
  615       2.337309089515e-10 
  616       2.338462144868e-10 
  617       2.339909363535e-10 
  618       2.341649010881e-10 
  619       2.343679300575e-10 
  620       2.345998394336e-10 
  621       2.348604401688e-10 
  622       2.351495379707e-10 
  623       2.354669332768e-10 
  624       2.358124212303e-10 
  625       2.361857916544e-10 
  626       2.365868290276e-10 
  627       2.370153124587e-10 
  628       2.374710156618e-10 
  629       2.379537069311e-10 
  630       2.384631491163e-10 
  631       2.389990995973e-10 
  632       2.395613102593e-10 
  633       2.401495274679e-10 
  634       2.407634920437e-10 
  635       2.414029392381e-10 
  636       2.420675987073e-10 
  637       2.427571944883e-10 
  638       2.434714449730e-10 
  639       2.442100628840e-10 
  640       2.449727552491e-10 
  641       2.457592233765e-10 
  642       2.465691628296e-10 
  643       2.474022634023e-10 
  644       2.482581763093e-10 
  645       2.491364149930e-10 
  646       2.500364520224e-10 
  647       2.509577516399e-10 
  648       2.518997697272e-10 
  649       2.528619537706e-10 
  650       2.538437428265e-10 
  651       2.548445674869e-10 
  652       2.558638498454e-10 
  653       2.569010034620e-10 
  654       2.579554333291e-10 
  655       2.590265358371e-10 
  656       2.601136987395e-10 
  657       2.612163011191e-10 
  658       2.623337133526e-10 
  659       2.634652970772e-10 
  660       2.646104051554e-10 
  661       2.657683816407e-10 
  662       2.669385617432e-10 
  663       2.681202717953e-10 
  664       2.693128292168e-10 
  665       2.705155424809e-10 
  666       2.717277110793e-10 
  667       2.729486254882e-10 
  668       2.741775671335e-10 
  669       2.754138083563e-10 
  670       2.766566123788e-10 
  671       2.779052332695e-10 
  672       2.791589159087e-10 
  673       2.804168959544e-10 
  674       2.816783998074e-10 
  675       2.829426445772e-10 
  676       2.842088380473e-10 
  677       2.854761786409e-10 
  678       2.867438553860e-10 
  679       2.880110478818e-10 
  680       2.892769262634e-10 
  681       2.905406511676e-10 
  682       2.918013736988e-10 
  683       2.930582934963e-10 
  684       2.943108343695e-10 
  685       2.955584723439e-10 
  686       2.968006778784e-10 
  687       2.980369158464e-10 
  688       2.992666455157e-10 
  689       3.004893205291e-10 
  690       3.017043888849e-10 
  691       3.029112929175e-10 
  692       3.041094692776e-10 
  693       3.052983489128e-10 
  694       3.064773570480e-10 
  695       3.076459131660e-10 
  696       3.088034309877e-10 
  697       3.099493184529e-10 
  698       3.110829777004e-10 
  699       3.122038050487e-10 
  700       3.133111909764e-10 
  701       3.144045201027e-10 
  702       3.154831711678e-10 
  703       3.165465170133e-10 
  704       3.175939245627e-10 
  705       3.186247548020e-10 
  706       3.196383627601e-10 
  707       3.206340974891e-10 
  708       3.216113020447e-10 
  709       3.225693134672e-10 
  710       3.235074627614e-10 
  711       3.244250748772e-10 
  712       3.253214686902e-10 
  713       3.261959569819e-10 
  714       3.270478464206e-10 
  715       3.278764375413e-10 
  716       3.286810247267e-10 
  717       3.294608961873e-10 
  718       3.302153339418e-10 
  719       3.309436137980e-10 
  720       3.316450053328e-10 
  721       3.323187718728e-10 
  722       3.329642711594e-10 
  723       3.335812596129e-10 
  724       3.341695941755e-10 
  725       3.347291321870e-10 
  726       3.352597313884e-10 
  727       3.357612499259e-10 
  728       3.362335463539e-10 
  729       3.366764796389e-10 
  730       3.370899091633e-10 
  731       3.374736947287e-10 
  732       3.378276965595e-10 
  733       3.381517753069e-10 
  734       3.384457920519e-10 
  735       3.387096083095e-10 
  736       3.389430860319e-10 
  737       3.391460876122e-10 
  738       3.393184758881e-10 
  739       3.394601141455e-10 
  740       3.395708661220e-10 
  741       3.396505960104e-10 
  742       3.396991684629e-10 
  743       3.397164485937e-10 
  744       3.397023019837e-10 
  745       3.396565946832e-10 
  746       3.395791932161e-10 
  747       3.394699645832e-10 
  748       3.393287762658e-10 
  749       3.391554962297e-10 
  750       3.389499929281e-10 
  751       3.387121353060e-10 
  752       3.384417928032e-10 
  753       3.381388353580e-10 
  754       3.378031334112e-10 
  755       3.374345579093e-10 
  756       3.370329803083e-10 
  757       3.365982725770e-10 
  758       3.361303072011e-10 
  759       3.356289571865e-10 
  760       3.350940960629e-10 
  761       3.345256705137e-10 
  762       3.339239197850e-10 
  763       3.332891604899e-10 
  764       3.326217143814e-10 
  765       3.319219083716e-10 
  766       3.311900745500e-10 
  767       3.304265502022e-10 
  768       3.296316778284e-10 
  769       3.288058051624e-10 
  770       3.279492851899e-10 
  771       3.270624761672e-10 
  772       3.261457416401e-10 
  773       3.251994504619e-10 
  774       3.242239768129e-10 
  775       3.232197002182e-10 
  776       3.221870055671e-10 
  777       3.211262831310e-10 
  778       3.200379285825e-10 
  779       3.189223430140e-10 
  780       3.177799329562e-10 
  781       3.166111103967e-10 
  782       3.154162927989e-10 
  783       3.141959031203e-10 
  784       3.129503698313e-10 
  785       3.116801269339e-10 
  786       3.103856139803e-10 
  787       3.090672760912e-10 
  788       3.077255639752e-10 
  789       3.063609339465e-10 
  790       3.049738479443e-10 
  791       3.035647735509e-10 
  792       3.021341840108e-10 
  793       3.006825582489e-10 
  794       2.992103808894e-10 
  795       2.977181422744e-10 
  796       2.962063384825e-10 
  797       2.946754713474e-10 
  798       2.931260484764e-10 
  799       2.915585832696e-10 
  800       2.899735944175e-10 
  801       2.883716043485e-10 
  802       2.867531407905e-10 
  803       2.851187373069e-10 
  804       2.834689333151e-10 
  805       2.818042741054e-10 
  806       2.801253108590e-10 
  807       2.784326006670e-10 
  808       2.767267065489e-10 
  809       2.750081974707e-10 
  810       2.732776483639e-10 
  811       2.715356401440e-10 
  812       2.697827597285e-10 
  813       2.680196000564e-10 
  814       2.662467601057e-10 
  815       2.644648449128e-10 
  816       2.626744655903e-10 
  817       2.608762393463e-10 
  818       2.590707895022e-10 
  819       2.572587455116e-10 
  820       2.554407429791e-10 
  821       2.536174236782e-10 
  822       2.517894355703e-10 
  823       2.499574328232e-10 
  824       2.481220758295e-10 
  825       2.462840312251e-10 
  826       2.444439719079e-10 
  827       2.426025770563e-10 
  828       2.407605321478e-10 
  829       2.389185289770e-10 
  830       2.370772656752e-10 
  831       2.352374467278e-10 
  832       2.333997829935e-10 
  833       2.315649917229e-10 
  834       2.297337965765e-10 
  835       2.279069276437e-10 
  836       2.260851214612e-10 
  837       2.242691210315e-10 
  838       2.224596758416e-10 
  839       2.206574773413e-10 
  840       2.188629641111e-10 
  841       2.170765133420e-10 
  842       2.152985050758e-10 
  843       2.135293222125e-10 
  844       2.117693505179e-10 
  845       2.100189786313e-10 
  846       2.082785980727e-10 
  847       2.065486032507e-10 
  848       2.048293914701e-10 
  849       2.031213629390e-10 
  850       2.014249207767e-10 
  851       1.997404710213e-10 
  852       1.980684226368e-10 
  853       1.964091875212e-10 
  854       1.947631805139e-10 
  855       1.931308194029e-10 
  856       1.915125249327e-10 
  857       1.899087208118e-10 
  858       1.883198337201e-10 
  859       1.867462933167e-10 
  860       1.851885322470e-10 
  861       1.836469861509e-10 
  862       1.821220936698e-10 
  863       1.806142964542e-10 
  864       1.791240391716e-10 
  865       1.776517695138e-10 
  866       1.761979382044e-10 
  867       1.747629990064e-10 
  868       1.733474087299e-10 
  869       1.719516272394e-10 
  870       1.705761174615e-10 
  871       1.692213453924e-10 
  872       1.678877801055e-10 
  873       1.665758937588e-10 
  874       1.652861616028e-10 
  875       1.640190619875e-10 
  876       1.627750763705e-10 
  877       1.615546893241e-10 
  878       1.603583085867e-10 
  879       1.591860237445e-10 
  880       1.580378435518e-10 
  881       1.569137755197e-10 
  882       1.558138259110e-10 
  883       1.547379997351e-10 
  884       1.536863007431e-10 
  885       1.526587314232e-10 
  886       1.516552929957e-10 
  887       1.506759854080e-10 
  888       1.497208073299e-10 
  889       1.487897561485e-10 
  890       1.478828279634e-10 
  891       1.470000175820e-10 
  892       1.461413185144e-10 
  893       1.453067229685e-10 
  894       1.444962218452e-10 
  895       1.437098047335e-10 
  896       1.429474599059e-10 
  897       1.422091743127e-10 
  898       1.414949335781e-10 
  899       1.408047219947e-10 
  900       1.401385225188e-10 
  901       1.394963167654e-10 
  902       1.388780850036e-10 
  903       1.382838061513e-10 
  904       1.377134577708e-10 
  905       1.371670160634e-10 
  906       1.366444558649e-10 
  907       1.361457506407e-10 
  908       1.356708724805e-10 
  909       1.352197920940e-10 
  910       1.347924788056e-10 
  911       1.343889005497e-10 
  912       1.340090238656e-10 
  913       1.336528138932e-10 
  914       1.333202343671e-10 
  915       1.330112476127e-10 
  916       1.327258145410e-10 
  917       1.324638518864e-10 
  918       1.322251031855e-10 
  919       1.320092657346e-10 
  920       1.318160331494e-10 
  921       1.316450953538e-10 
  922       1.314961385691e-10 
  923       1.313688453033e-10 
  924       1.312628943395e-10 
  925       1.311779607254e-10 
  926       1.311137157623e-10 
  927       1.310698269937e-10 
  928       1.310459581949e-10 
  929       1.310417693615e-10 
  930       1.310569166990e-10 
  931       1.310910526112e-10 
  932       1.311438256895e-10 
  933       1.312148807020e-10 
  934       1.313038585825e-10 
  935       1.314103964194e-10 
  936       1.315341274446e-10 
  937       1.316746810230e-10 
  938       1.318316826411e-10 
  939       1.320047538961e-10 
  940       1.321935124850e-10 
  941       1.323975721935e-10 
  942       1.326165428853e-10 
  943       1.328500304907e-10 
  944       1.330976369959e-10 
  945       1.333589604321e-10 
  946       1.336335948643e-10 
  947       1.339211303802e-10 
  948       1.342211530798e-10 
  949       1.345332450637e-10 
  950       1.348569844227e-10 
  951       1.351919452264e-10 
  952       1.355376975126e-10 
  953       1.358938072759e-10 
  954       1.362598364571e-10 
  955       1.366353429320e-10 
  956       1.370198956813e-10 
  957       1.374131205750e-10 
  958       1.378146552658e-10 
  959       1.382241340625e-10 
  960       1.386411879209e-10 
  961       1.390654444351e-10 
  962       1.394965278283e-10 
  963       1.399340589439e-10 
  964       1.403776552365e-10 
  965       1.408269307629e-10 
  966       1.412814961731e-10 
  967       1.417409587014e-10 
  968       1.422049221573e-10 
  969       1.426729869165e-10 
  970       1.431447499120e-10 
  971       1.436198046252e-10 
  972       1.440977410765e-10 
  973       1.445781458169e-10 
  974       1.450606019186e-10 
  975       1.455446889659e-10 
  976       1.460299830468e-10 
  977       1.465160567435e-10 
  978       1.470024791234e-10 
  979       1.474888157304e-10 
  980       1.479746285758e-10 
  981       1.484594761293e-10 
  982       1.489429133099e-10 
  983       1.494244914771e-10 
  984       1.499037584218e-10 
  985       1.503802583572e-10 
  986       1.508535319101e-10 
  987       1.513231161119e-10 
  988       1.517885443890e-10 
  989       1.522493465548e-10 
  990       1.527050487998e-10 
  991       1.531551736832e-10 
  992       1.535992401237e-10 
  993       1.540367633905e-10 
  994       1.544672550942e-10 
  995       1.548902770995e-10 
  996       1.553056041469e-10 
  997       1.557130636002e-10 
  998       1.561124817391e-10 
  999       1.565036837570e-10 
 1000       1.568864937579e-10 
 1001       1.572607347549e-10 
 1002       1.576262286667e-10 
 1003       1.579827963162e-10 
 1004       1.583302574270e-10 
 1005       1.586684306217e-10 
 1006       1.589971334192e-10 
 1007       1.593161822319e-10 
 1008       1.596253923640e-10 
 1009       1.599245780082e-10 
 1010       1.602135522440e-10 
 1011       1.604921270346e-10 
 1012       1.607601132247e-10 
 1013       1.610173205384e-10 
 1014       1.612635575759e-10 
 1015       1.614986318120e-10 
 1016       1.617223495930e-10 
 1017       1.619345161342e-10 
 1018       1.621349355180e-10 
 1019       1.623234106910e-10 
 1020       1.624997434615e-10 
 1021       1.626637344974e-10 
 1022       1.628151833233e-10 
 1023       1.629538883184e-10 
 1024       1.630796467139e-10 
 1025       1.631922545906e-10 
 1026       1.632915068761e-10 
 1027       1.633771973430e-10 
 1028       1.634491186058e-10 
 1029       1.635070621188e-10 
 1030       1.635508181736e-10 
 1031       1.635801758966e-10 
 1032       1.635949232463e-10 
 1033       1.635948470113e-10 
 1034       1.635797847635e-10 
 1035       1.635497815277e-10 
 1036       1.635049353206e-10 
 1037       1.634453453990e-10 
 1038       1.633711122633e-10 
 1039       1.632823376603e-10 
 1040       1.631791245874e-10 
 1041       1.630615772953e-10 
 1042       1.629298012917e-10 
 1043       1.627839033444e-10 
 1044       1.626239914851e-10 
 1045       1.624501750122e-10 
 1046       1.622625644948e-10 
 1047       1.620612717754e-10 
 1048       1.618464099738e-10 
 1049       1.616180934902e-10 
 1050       1.613764380086e-10 
 1051       1.611215605004e-10 
 1052       1.608535792273e-10 
 1053       1.605726137450e-10 
 1054       1.602787849066e-10 
 1055       1.599722148658e-10 
 1056       1.596530270802e-10 
 1057       1.593213463151e-10 
 1058       1.589772986462e-10 
 1059       1.586210114636e-10 
 1060       1.582526134749e-10 
 1061       1.578722347082e-10 
 1062       1.574800065164e-10 
 1063       1.570760615794e-10 
 1064       1.566605339086e-10 
 1065       1.562335588492e-10 
 1066       1.557952730845e-10 
 1067       1.553458146388e-10 
 1068       1.548853228806e-10 
 1069       1.544139385263e-10 
 1070       1.539318036436e-10 
 1071       1.534390616546e-10 
 1072       1.529358573392e-10 
 1073       1.524223541602e-10 
 1074       1.518987864885e-10 
 1075       1.513654080958e-10 
 1076       1.508224749023e-10 
 1077       1.502702449822e-10 
 1078       1.497089785688e-10 
 1079       1.491389380596e-10 
 1080       1.485603880216e-10 
 1081       1.479735951963e-10 
 1082       1.473788285051e-10 
 1083       1.467763590541e-10 
 1084       1.461664601397e-10 
 1085       1.455494072536e-10 
 1086       1.449254780877e-10 
 1087       1.442949525397e-10 
 1088       1.436581127181e-10 
 1089       1.430152429473e-10 
 1090       1.423666297727e-10 
 1091       1.417125619663e-10 
 1092       1.410533305311e-10 
 1093       1.403892287073e-10 
 1094       1.397205519764e-10 
 1095       1.390475980671e-10 
 1096       1.383706669602e-10 
 1097       1.376900608939e-10 
 1098       1.370060843688e-10 
 1099       1.363190441530e-10 
 1100       1.356292492878e-10 
 1101       1.349370110921e-10 
 1102       1.342426431682e-10 
 1103       1.335464614067e-10 
 1104       1.328487839915e-10 
 1105       1.321499314055e-10 
 1106       1.314502264352e-10 
 1107       1.307499941762e-10 
 1108       1.300495620383e-10 
 1109       1.293492597505e-10 
 1110       1.286494193665e-10 
 1111       1.279503752696e-10 
 1112       1.272524422245e-10 
 1113       1.265558492058e-10 
 1114       1.258608047102e-10 
 1115       1.251675186340e-10 
 1116       1.244762022765e-10 
 1117       1.237870683428e-10 
 1118       1.231003309468e-10 
 1119       1.224162056142e-10 
 1120       1.217349092861e-10 
 1121       1.210566603210e-10 
 1122       1.203816784991e-10 
 1123       1.197101850241e-10 
 1124       1.190424025272e-10 
 1125       1.183785550696e-10 
 1126       1.177188681459e-10 
 1127       1.170635686866e-10 
 1128       1.164128850619e-10 
 1129       1.157670470840e-10 
 1130       1.151262860107e-10 
 1131       1.144908345482e-10 
 1132       1.138609268540e-10 
 1133       1.132367985403e-10 
 1134       1.126186866767e-10 
 1135       1.120068297934e-10 
 1136       1.114014678843e-10 
 1137       1.108028424099e-10 
 1138       1.102111963005e-10 
 1139       1.096267739589e-10 
 1140       1.090498212641e-10 
 1141       1.084805855736e-10 
 1142       1.079193157269e-10 
 1143       1.073662620484e-10 
 1144       1.068216763504e-10 
 1145       1.062858119364e-10 
 1146       1.057589236036e-10 
 1147       1.052412676466e-10 
 1148       1.047331018600e-10 
 1149       1.042346855414e-10 
 1150       1.037462794950e-10 
 1151       1.032681063115e-10 
 1152       1.028002306519e-10 
 1153       1.023426774501e-10 
 1154       1.018954714969e-10 
 1155       1.014586374392e-10 
 1156       1.010321997795e-10 
 1157       1.006161828757e-10 
 1158       1.002106109401e-10 
 1159       9.981550803901e-11 
 1160       9.943089809233e-11 
 1161       9.905680487283e-11 
 1162       9.869325200564e-11 
 1163       9.834026296775e-11 
 1164       9.799786108736e-11 
 1165       9.766606954341e-11 
 1166       9.734491136501e-11 
 1167       9.703440943084e-11 
 1168       9.673458646865e-11 
 1169       9.644546505468e-11 
 1170       9.616706761312e-11 
 1171       9.589941641554e-11 
 1172       9.564253358034e-11 
 1173       9.539644107223e-11 
 1174       9.516116070161e-11 
 1175       9.493671412409e-11 
 1176       9.472312283988e-11 
 1177       9.452040819327e-11 
 1178       9.432859137205e-11 
 1179       9.414769340700e-11 
 1180       9.397773517126e-11 
 1181       9.381873737988e-11 
 1182       9.367072058917e-11 
 1183       9.353370519620e-11 
 1184       9.340771143824e-11 
 1185       9.329275939219e-11 
 1186       9.318886897404e-11 
 1187       9.309605993832e-11 
 1188       9.301435187753e-11 
 1189       9.294376422161e-11 
 1190       9.288428813094e-11 
 1191       9.283580179872e-11 
 1192       9.279815410721e-11 
 1193       9.277119263685e-11 
 1194       9.275476366330e-11 
 1195       9.274871215455e-11 
 1196       9.275288176797e-11 
 1197       9.276711484736e-11 
 1198       9.279125242004e-11 
 1199       9.282513419390e-11 
 1200       9.286859855450e-11 
 1201       9.292148256206e-11 
 1202       9.298362194863e-11 
 1203       9.305485111508e-11 
 1204       9.313500312819e-11 
 1205       9.322390971772e-11 
 1206       9.332140127348e-11 
 1207       9.342730684239e-11 
 1208       9.354145412555e-11 
 1209       9.366366947529e-11 
 1210       9.379377789228e-11 
 1211       9.393160302254e-11 
 1212       9.407696715455e-11 
 1213       9.422969121631e-11 
 1214       9.438959477237e-11 
 1215       9.455649602097e-11 
 1216       9.473021179102e-11 
 1217       9.491055753924e-11 
 1218       9.509734734717e-11 
 1219       9.529039391828e-11 
 1220       9.548950857502e-11 
 1221       9.569450125588e-11 
 1222       9.590518051247e-11 
 1223       9.612135350656e-11 
 1224       9.634282600720e-11 
 1225       9.656940238773e-11 
 1226       9.680088562287e-11 
 1227       9.703707728579e-11 
 1228       9.727777754519e-11 
 1229       9.752278551315e-11 
 1230       9.777190029924e-11 
 1231       9.802491996314e-11 
 1232       9.828164116204e-11 
 1233       9.854185914778e-11 
 1234       9.880536776387e-11 
 1235       9.907195944264e-11 
 1236       9.934142520233e-11 
 1237       9.961355464416e-11 
 1238       9.988813594945e-11 
 1239       1.001649558767e-10 
 1240       1.004437997587e-10 
 1241       1.007244514996e-10 
 1242       1.010066935719e-10 
 1243       1.012903070140e-10 
 1244       1.015750714266e-10 
 1245       1.018607649703e-10 
 1246       1.021471643626e-10 
 1247       1.024340448747e-10 
 1248       1.027211803293e-10 
 1249       1.030083430967e-10 
 1250       1.032953040927e-10 
 1251       1.035818327755e-10 
 1252       1.038676971425e-10 
 1253       1.041526637278e-10 
 1254       1.044364975989e-10 
 1255       1.047189623541e-10 
 1256       1.049998201196e-10 
 1257       1.052788315464e-10 
 1258       1.055557558074e-10 
 1259       1.058303505947e-10 
 1260       1.061023721164e-10 
 1261       1.063715750941e-10 
 1262       1.066377127596e-10 
 1263       1.069005368522e-10 
 1264       1.071597976157e-10 
 1265       1.074152437957e-10 
 1266       1.076666226364e-10 
 1267       1.079136798778e-10 
 1268       1.081561840278e-10 
 1269       1.083939994901e-10 
 1270       1.086270142737e-10 
 1271       1.088551157931e-10 
 1272       1.090781908674e-10 
 1273       1.092961257194e-10 
 1274       1.095088059739e-10 
 1275       1.097161166574e-10 
 1276       1.099179421962e-10 
 1277       1.101141664160e-10 
 1278       1.103046725404e-10 
 1279       1.104893431899e-10 
 1280       1.106680603807e-10 
 1281       1.108407055240e-10 
 1282       1.110071594244e-10 
 1283       1.111673022791e-10 
 1284       1.113210136767e-10 
 1285       1.114681725961e-10 
 1286       1.116086574056e-10 
 1287       1.117423458615e-10 
 1288       1.118691151072e-10 
 1289       1.119888416721e-10 
 1290       1.121014014705e-10 
 1291       1.122066698002e-10 
 1292       1.123045213420e-10 
 1293       1.123948301581e-10 
 1294       1.124774696913e-10 
 1295       1.125523127636e-10 
 1296       1.126192315755e-10 
 1297       1.126780977046e-10 
 1298       1.127287821046e-10 
 1299       1.127711551041e-10 
 1300       1.128050864060e-10 
 1301       1.128304450854e-10 
 1302       1.128470995898e-10 
 1303       1.128549177368e-10 
 1304       1.128537667138e-10 
 1305       1.128435130765e-10 
 1306       1.128240227481e-10 
 1307       1.127951899681e-10 
 1308       1.127570244963e-10 
 1309       1.127095653822e-10 
 1310       1.126528521044e-10 
 1311       1.125869245714e-10 
 1312       1.125118231227e-10 
 1313       1.124275885293e-10 
 1314       1.123342619954e-10 
 1315       1.122318851585e-10 
 1316       1.121205000910e-10 
 1317       1.120001493008e-10 
 1318       1.118708757323e-10 
 1319       1.117327227672e-10 
 1320       1.115857342258e-10 
 1321       1.114299543677e-10 
 1322       1.112654278927e-10 
 1323       1.110921999416e-10 
 1324       1.109103160977e-10 
 1325       1.107198223871e-10 
 1326       1.105207652801e-10 
 1327       1.103131916917e-10 
 1328       1.100971489829e-10 
 1329       1.098726849617e-10 
 1330       1.096398478835e-10 
 1331       1.093986864526e-10 
 1332       1.091492498230e-10 
 1333       1.088915875991e-10 
 1334       1.086257498369e-10 
 1335       1.083517870447e-10 
 1336       1.080697501843e-10 
 1337       1.077796906719e-10 
 1338       1.074816603788e-10 
 1339       1.071757116324e-10 
 1340       1.068618972175e-10 
 1341       1.065402703768e-10 
 1342       1.062108848119e-10 
 1343       1.058737946845e-10 
 1344       1.055290546172e-10 
 1345       1.051767196942e-10 
 1346       1.048168597380e-10 
 1347       1.044496023058e-10 
 1348       1.040750901621e-10 
 1349       1.036934670470e-10 
 1350       1.033048776788e-10 
 1351       1.029094677552e-10 
 1352       1.025073839557e-10 
 1353       1.020987739434e-10 
 1354       1.016837863663e-10 
 1355       1.012625708602e-10 
 1356       1.008352780497e-10 
 1357       1.004020595505e-10 
 1358       9.996306797123e-11 
 1359       9.951845691520e-11 
 1360       9.906838098245e-11 
 1361       9.861299577156e-11 
 1362       9.815245788150e-11 
 1363       9.768692491358e-11 
 1364       9.721655547327e-11 
 1365       9.674150917210e-11 
 1366       9.626194662958e-11 
 1367       9.577802947503e-11 
 1368       9.528992034949e-11 
 1369       9.479778290758e-11 
 1370       9.430178181943e-11 
 1371       9.380208277249e-11 
 1372       9.329885247348e-11 
 1373       9.279225865023e-11 
 1374       9.228247005357e-11 
 1375       9.176965645924e-11 
 1376       9.125398866971e-11 
 1377       9.073563851614e-11 
 1378       9.021477886020e-11 
 1379       8.969158359598e-11 
 1380       8.916622765186e-11 
 1381       8.863888699240e-11 
 1382       8.810973862022e-11 
 1383       8.757896057790e-11 
 1384       8.704673194981e-11 
 1385       8.651322609066e-11 
 1386       8.597859022885e-11 
 1387       8.544296565150e-11 
 1388       8.490649445974e-11 
 1389       8.436931957017e-11 
 1390       8.383158471630e-11 
 1391       8.329343445006e-11 
 1392       8.275501414319e-11 
 1393       8.221646998877e-11 
 1394       8.167794900263e-11 
 1395       8.113959902481e-11 
 1396       8.060156872104e-11 
 1397       8.006400758419e-11 
 1398       7.952706593573e-11 
 1399       7.899089492718e-11 
 1400       7.845564654157e-11 
 1401       7.792147359490e-11 
 1402       7.738852973763e-11 
 1403       7.685696945607e-11 
 1404       7.632694807391e-11 
 1405       7.579862175363e-11 
 1406       7.527214749797e-11 
 1407       7.474768315140e-11 
 1408       7.422538740158e-11 
 1409       7.370541978081e-11 
 1410       7.318794066747e-11 
 1411       7.267311128752e-11 
 1412       7.216109371592e-11 
 1413       7.165205087812e-11 
 1414       7.114614655147e-11 
 1415       7.064354536676e-11 
 1416       7.014441280959e-11 
 1417       6.964891522188e-11 
 1418       6.915721980333e-11 
 1419       6.866949461285e-11 
 1420       6.818590857004e-11 
 1421       6.770663145663e-11 
 1422       6.723183391798e-11 
 1423       6.676168746447e-11 
 1424       6.629634426406e-11 
 1425       6.583587628976e-11 
 1426       6.538033555007e-11 
 1427       6.492977424151e-11 
 1428       6.448424474889e-11 
 1429       6.404379964556e-11 
 1430       6.360849169367e-11 
 1431       6.317837384447e-11 
 1432       6.275349923851e-11 
 1433       6.233392120596e-11 
 1434       6.191969326686e-11 
 1435       6.151086913135e-11 
 1436       6.110750269999e-11 
 1437       6.070964806397e-11 
 1438       6.031735950541e-11 
 1439       5.993069149759e-11 
 1440       5.954969870525e-11 
 1441       5.917443598484e-11 
 1442       5.880495838477e-11 
 1443       5.844132114568e-11 
 1444       5.808357970072e-11 
 1445       5.773178967578e-11 
 1446       5.738600688979e-11 
 1447       5.704628735497e-11 
 1448       5.671268727707e-11 
 1449       5.638526305567e-11 
 1450       5.606407128443e-11 
 1451       5.574916875132e-11 
 1452       5.544061243895e-11 
 1453       5.513845952479e-11 
 1454       5.484276738141e-11 
 1455       5.455359357682e-11 
 1456       5.427099587465e-11 
 1457       5.399503223447e-11 
 1458       5.372576081203e-11 
 1459       5.346323995952e-11 
 1460       5.320752822585e-11 
 1461       5.295868435689e-11 
 1462       5.271676729577e-11 
 1463       5.248181773063e-11 
 1464       5.225380253565e-11 
 1465       5.203266977512e-11 
 1466       5.181836710479e-11 
 1467       5.161084177106e-11 
 1468       5.141004061019e-11 
 1469       5.121591004761e-11 
 1470       5.102839609706e-11 
 1471       5.084744435987e-11 
 1472       5.067300002418e-11 
 1473       5.050500786417e-11 
 1474       5.034341223929e-11 
 1475       5.018815709348e-11 
 1476       5.003918595440e-11 
 1477       4.989644193268e-11 
 1478       4.975986772112e-11 
 1479       4.962940559396e-11 
 1480       4.950499740606e-11 
 1481       4.938658459216e-11 
 1482       4.927410816612e-11 
 1483       4.916750872010e-11 
 1484       4.906672642386e-11 
 1485       4.897170102393e-11 
 1486       4.888237184286e-11 
 1487       4.879867777847e-11 
 1488       4.872055730304e-11 
 1489       4.864794846257e-11 
 1490       4.858078887601e-11 
 1491       4.851901573446e-11 
 1492       4.846256580044e-11 
 1493       4.841137540708e-11 
 1494       4.836538045737e-11 
 1495       4.832451642341e-11 
 1496       4.828871834559e-11 
 1497       4.825792083187e-11 
 1498       4.823205805696e-11 
 1499       4.821106376161e-11 
 1500       4.819487125177e-11 
 1501       4.818341339788e-11 
 1502       4.817661688593e-11 
 1503       4.817438491104e-11 
 1504       4.817661431383e-11 
 1505       4.818320131218e-11 
 1506       4.819404150015e-11 
 1507       4.820902984691e-11 
 1508       4.822806069566e-11 
 1509       4.825102776255e-11 
 1510       4.827782413563e-11 
 1511       4.830834227373e-11 
 1512       4.834247400543e-11 
 1513       4.838011052794e-11 
 1514       4.842114240608e-11 
 1515       4.846545957113e-11 
 1516       4.851295131982e-11 
 1517       4.856350631322e-11 
 1518       4.861701257567e-11 
 1519       4.867335749372e-11 
 1520       4.873242781503e-11 
 1521       4.879410964730e-11 
 1522       4.885828845719e-11 
 1523       4.892484906929e-11 
 1524       4.899367566497e-11 
 1525       4.906465178135e-11 
 1526       4.913766031021e-11 
 1527       4.921258349695e-11 
 1528       4.928930293943e-11 
 1529       4.936769958698e-11 
 1530       4.944765373929e-11 
 1531       4.952904504533e-11 
 1532       4.961175250227e-11 
 1533       4.969565445442e-11 
 1534       4.978062859214e-11 
 1535       4.986655195079e-11 
 1536       4.995330090962e-11 
 1537       5.004075119069e-11 
 1538       5.012877785784e-11 
 1539       5.021725531559e-11 
 1540       5.030605730803e-11 
 1541       5.039506508687e-11 
 1542       5.048419200235e-11 
 1543       5.057335914359e-11 
 1544       5.066248719004e-11 
 1545       5.075149641081e-11 
 1546       5.084030666401e-11 
 1547       5.092883739610e-11 
 1548       5.101700764122e-11 
 1549       5.110473602050e-11 
 1550       5.119194074143e-11 
 1551       5.127853959718e-11 
 1552       5.136444996596e-11 
 1553       5.144958881032e-11 
 1554       5.153387267651e-11 
 1555       5.161721769381e-11 
 1556       5.169953957386e-11 
 1557       5.178075361002e-11 
 1558       5.186077467669e-11 
 1559       5.193951722862e-11 
 1560       5.201689530031e-11 
 1561       5.209282250530e-11 
 1562       5.216721203549e-11 
 1563       5.223997666055e-11 
 1564       5.231102872717e-11 
 1565       5.238028015845e-11 
 1566       5.244764245324e-11 
 1567       5.251302668543e-11 
 1568       5.257634350333e-11 
 1569       5.263750312901e-11 
 1570       5.269641535760e-11 
 1571       5.275298955663e-11 
 1572       5.280713466542e-11 
 1573       5.285875919436e-11 
 1574       5.290777122426e-11 
 1575       5.295407840570e-11 
 1576       5.299758795836e-11 
 1577       5.303820667034e-11 
 1578       5.307584089754e-11 
 1579       5.311039656295e-11 
 1580       5.314179333337e-11 
 1581       5.317000729444e-11 
 1582       5.319502866940e-11 
 1583       5.321684767762e-11 
 1584       5.323545453457e-11 
 1585       5.325083945191e-11 
 1586       5.326299263741e-11 
 1587       5.327190429509e-11 
 1588       5.327756462511e-11 
 1589       5.327996382388e-11 
 1590       5.327909208404e-11 
 1591       5.327493959450e-11 
 1592       5.326749654041e-11 
 1593       5.325675310322e-11 
 1594       5.324269946071e-11 
 1595       5.322532578695e-11 
 1596       5.320462225238e-11 
 1597       5.318057902378e-11 
 1598       5.315318626431e-11 
 1599       5.312243413354e-11 
 1600       5.308831278743e-11 
 1601       5.305081237838e-11 
 1602       5.300992305526e-11 
 1603       5.296563496336e-11 
 1604       5.291793824448e-11 
 1605       5.286682303692e-11 
 1606       5.281227947550e-11 
 1607       5.275429769157e-11 
 1608       5.269286781303e-11 
 1609       5.262797996435e-11 
 1610       5.255962426660e-11 
 1611       5.248779083744e-11 
 1612       5.241246979117e-11 
 1613       5.233365123873e-11 
 1614       5.225132528770e-11 
 1615       5.216548204235e-11 
 1616       5.207611160365e-11 
 1617       5.198320406927e-11 
 1618       5.188674953361e-11 
 1619       5.178674818819e-11 
 1620       5.168324072250e-11 
 1621       5.157627819792e-11 
 1622       5.146591197269e-11 
 1623       5.135219370245e-11 
 1624       5.123517534070e-11 
 1625       5.111490913929e-11 
 1626       5.099144764886e-11 
 1627       5.086484371939e-11 
 1628       5.073515050060e-11 
 1629       5.060242144250e-11 
 1630       5.046671029583e-11 
 1631       5.032807111254e-11 
 1632       5.018655824629e-11 
 1633       5.004222635292e-11 
 1634       4.989513039091e-11 
 1635       4.974532562190e-11 
 1636       4.959286761113e-11 
 1637       4.943781222796e-11 
 1638       4.928021564630e-11 
 1639       4.912013434513e-11 
 1640       4.895762510896e-11 
 1641       4.879274502834e-11 
 1642       4.862555150029e-11 
 1643       4.845610222881e-11 
 1644       4.828445522536e-11 
 1645       4.811066880934e-11 
 1646       4.793480160855e-11 
 1647       4.775691255971e-11 
 1648       4.757706090888e-11 
 1649       4.739530621201e-11 
 1650       4.721170833535e-11 
 1651       4.702632745600e-11 
 1652       4.683922406232e-11 
 1653       4.665045895446e-11 
 1654       4.646009324482e-11 
 1655       4.626818835854e-11 
 1656       4.607480603395e-11 
 1657       4.588000832310e-11 
 1658       4.568385808099e-11 
 1659       4.548642043720e-11 
 1660       4.528776133822e-11 
 1661       4.508794706034e-11 
 1662       4.488704421012e-11 
 1663       4.468511972494e-11 
 1664       4.448224087345e-11 
 1665       4.427847525613e-11 
 1666       4.407389080572e-11 
 1667       4.386855578779e-11 
 1668       4.366253880118e-11 
 1669       4.345590877855e-11 
 1670       4.324873498686e-11 
 1671       4.304108702787e-11 
 1672       4.283303483863e-11 
 1673       4.262464869202e-11 
 1674       4.241599919721e-11 
 1675       4.220715730017e-11 
 1676       4.199819428419e-11 
 1677       4.178918177037e-11 
 1678       4.158019171812e-11 
 1679       4.137129642564e-11 
 1680       4.116256853047e-11 
 1681       4.095408100995e-11 
 1682       4.074590718174e-11 
 1683       4.053812070429e-11 
 1684       4.033079557741e-11 
 1685       4.012400614269e-11 
 1686       3.991782708405e-11 
 1687       3.971233342824e-11 
 1688       3.950760054533e-11 
 1689       3.930370414918e-11 
 1690       3.910072029801e-11 
 1691       3.889872539485e-11 
 1692       3.869779618805e-11 
 1693       3.849800977179e-11 
 1694       3.829944358658e-11 
 1695       3.810217541975e-11 
 1696       3.790628340596e-11 
 1697       3.771183856553e-11 
 1698       3.751888234800e-11 
 1699       3.732744889597e-11 
 1700       3.713757248982e-11 
 1701       3.694928754800e-11 
 1702       3.676262862714e-11 
 1703       3.657763042227e-11 
 1704       3.639432776703e-11 
 1705       3.621275563382e-11 
 1706       3.603294913401e-11 
 1707       3.585494351814e-11 
 1708       3.567877417610e-11 
 1709       3.550447663733e-11 
 1710       3.533208657097e-11 
 1711       3.516163978613e-11 
 1712       3.499317223198e-11 
 1713       3.482671999803e-11 
 1714       3.466231931427e-11 
 1715       3.450000655138e-11 
 1716       3.433981822089e-11 
 1717       3.418179097543e-11 
 1718       3.402596160885e-11 
 1719       3.387236705646e-11 
 1720       3.372104439522e-11 
 1721       3.357203084388e-11 
 1722       3.342536376323e-11 
 1723       3.328108065626e-11 
 1724       3.313921916835e-11 
 1725       3.299981708748e-11 
 1726       3.286291234439e-11 
 1727       3.272854301280e-11 
 1728       3.259674730957e-11 
 1729       3.246756359493e-11 
 1730       3.234103037263e-11 
 1731       3.221718629015e-11 
 1732       3.209607013889e-11 
 1733       3.197772085437e-11 
 1734       3.186217751639e-11 
 1735       3.174947934925e-11 
 1736       3.163965668019e-11 
 1737       3.153270373110e-11 
 1738       3.142860559785e-11 
 1739       3.132734727106e-11 
 1740       3.122891363592e-11 
 1741       3.113328947203e-11 
 1742       3.104045945323e-11 
 1743       3.095040814743e-11 
 1744       3.086312001643e-11 
 1745       3.077857941575e-11 
 1746       3.069677059448e-11 
 1747       3.061767769510e-11 
 1748       3.054128475330e-11 
 1749       3.046757569782e-11 
 1750       3.039653435030e-11 
 1751       3.032814442506e-11 
 1752       3.026238952898e-11 
 1753       3.019925316130e-11 
 1754       3.013871871348e-11 
 1755       3.008076946899e-11 
 1756       3.002538860319e-11 
 1757       2.997255918310e-11 
 1758       2.992226416729e-11 
 1759       2.987448640567e-11 
 1760       2.982920863935e-11 
 1761       2.978641350044e-11 
 1762       2.974608351190e-11 
 1763       2.970820108736e-11 
 1764       2.967274853098e-11 
 1765       2.963970803723e-11 
 1766       2.960906169077e-11 
 1767       2.958079146623e-11 
 1768       2.955487922811e-11 
 1769       2.953130673052e-11 
 1770       2.951005561710e-11 
 1771       2.949110742078e-11 
 1772       2.947444356367e-11 
 1773       2.946004535685e-11 
 1774       2.944789400019e-11 
 1775       2.943796613123e-11 
 1776       2.943022043191e-11 
 1777       2.942461091105e-11 
 1778       2.942109134501e-11 
 1779       2.941961527734e-11 
 1780       2.942013601844e-11 
 1781       2.942260664524e-11 
 1782       2.942698000083e-11 
 1783       2.943320869414e-11 
 1784       2.944124509960e-11 
 1785       2.945104135680e-11 
 1786       2.946254937014e-11 
 1787       2.947572080852e-11 
 1788       2.949050710496e-11 
 1789       2.950685945629e-11 
 1790       2.952472882282e-11 
 1791       2.954406592797e-11 
 1792       2.956482125793e-11 
 1793       2.958694506138e-11 
 1794       2.961038734906e-11 
 1795       2.963509789352e-11 
 1796       2.966102622871e-11 
 1797       2.968812164969e-11 
 1798       2.971633321227e-11 
 1799       2.974560973266e-11 
 1800       2.977589978715e-11 
 1801       2.980715171178e-11 
 1802       2.983931360197e-11 
 1803       2.987233331220e-11 
 1804       2.990615845568e-11 
 1805       2.994073640399e-11 
 1806       2.997601428674e-11 
 1807       3.001193899126e-11 
 1808       3.004845716224e-11 
 1809       3.008551520138e-11 
 1810       3.012305926709e-11 
 1811       3.016103527409e-11 
 1812       3.019938889315e-11 
 1813       3.023806555067e-11 
 1814       3.027701259466e-11 
 1815       3.031618581229e-11 
 1816       3.035554296423e-11 
 1817       3.039504162288e-11 
 1818       3.043463917214e-11 
 1819       3.047429280711e-11 
 1820       3.051395953389e-11 
 1821       3.055359616925e-11 
 1822       3.059315934042e-11 
 1823       3.063260548482e-11 
 1824       3.067189084977e-11 
 1825       3.071097149228e-11 
 1826       3.074980327875e-11 
 1827       3.078834188472e-11 
 1828       3.082654279464e-11 
 1829       3.086436130155e-11 
 1830       3.090175250687e-11 
 1831       3.093867132013e-11 
 1832       3.097507245868e-11 
 1833       3.101091044749e-11 
 1834       3.104613961883e-11 
 1835       3.108071411203e-11 
 1836       3.111458787325e-11 
 1837       3.114771465515e-11 
 1838       3.118004801672e-11 
 1839       3.121154132295e-11 
 1840       3.124214774459e-11 
 1841       3.127182025792e-11 
 1842       3.130051164442e-11 
 1843       3.132817449061e-11 
 1844       3.135476118768e-11 
 1845       3.138022393131e-11 
 1846       3.140451472140e-11 
 1847       3.142758536176e-11 
 1848       3.144938745990e-11 
 1849       3.146987242675e-11 
 1850       3.148899147642e-11 
 1851       3.150669562591e-11 
 1852       3.152293569486e-11 
 1853       3.153766854871e-11 
 1854       3.155087588265e-11 
 1855       3.156254558546e-11 
 1856       3.157266550959e-11 
 1857       3.158122347107e-11 
 1858       3.158820724950e-11 
 1859       3.159360458799e-11 
 1860       3.159740319309e-11 
 1861       3.159959073482e-11 
 1862       3.160015484657e-11 
 1863       3.159908312507e-11 
 1864       3.159636313037e-11 
 1865       3.159198238575e-11 
 1866       3.158592837775e-11 
 1867       3.157818855605e-11 
 1868       3.156875033349e-11 
 1869       3.155760108599e-11 
 1870       3.154472815253e-11 
 1871       3.153011883509e-11 
 1872       3.151376039864e-11 
 1873       3.149564007104e-11 
 1874       3.147574504307e-11 
 1875       3.145406246833e-11 
 1876       3.143057946322e-11 
 1877       3.140528310691e-11 
 1878       3.137816044128e-11 
 1879       3.134919847089e-11 
 1880       3.131838416292e-11 
 1881       3.128570444714e-11 
 1882       3.125114621589e-11 
 1883       3.121469632400e-11 
 1884       3.117634158877e-11 
 1885       3.113606878991e-11 
 1886       3.109386466952e-11 
 1887       3.104971593206e-11 
 1888       3.100360924424e-11 
 1889       3.095553123508e-11 
 1890       3.090546849576e-11 
 1891       3.085340757968e-11 
 1892       3.079934064463e-11 
 1893       3.074328242739e-11 
 1894       3.068525340039e-11 
 1895       3.062527414147e-11 
 1896       3.056336533403e-11 
 1897       3.049954776718e-11 
 1898       3.043384233587e-11 
 1899       3.036627004107e-11 
 1900       3.029685198990e-11 
 1901       3.022560939575e-11 
 1902       3.015256357849e-11 
 1903       3.007773596455e-11 
 1904       3.000114808711e-11 
 1905       2.992282158623e-11 
 1906       2.984277820902e-11 
 1907       2.976103980973e-11 
 1908       2.967762834998e-11 
 1909       2.959256589883e-11 
 1910       2.950587463298e-11 
 1911       2.941757683688e-11 
 1912       2.932769490291e-11 
 1913       2.923625133151e-11 
 1914       2.914326873132e-11 
 1915       2.904876981933e-11 
 1916       2.895277742106e-11 
 1917       2.885531447065e-11 
 1918       2.875640401106e-11 
 1919       2.865606919417e-11 
 1920       2.855433328098e-11 
 1921       2.845121964170e-11 
 1922       2.834675175595e-11 
 1923       2.824095321287e-11 
 1924       2.813384771128e-11 
 1925       2.802545905983e-11 
 1926       2.791581117714e-11 
 1927       2.780492809197e-11 
 1928       2.769283394331e-11 
 1929       2.757955298060e-11 
 1930       2.746510956384e-11 
 1931       2.734952980773e-11 
 1932       2.723284652756e-11 
 1933       2.711509433112e-11 
 1934       2.699630797827e-11 
 1935       2.687652238119e-11 
 1936       2.675577260453e-11 
 1937       2.663409386564e-11 
 1938       2.651152153477e-11 
 1939       2.638809113525e-11 
 1940       2.626383834371e-11 
 1941       2.613879899026e-11 
 1942       2.601300905871e-11 
 1943       2.588650468676e-11 
 1944       2.575932216620e-11 
 1945       2.563149794312e-11 
 1946       2.550306861809e-11 
 1947       2.537407094638e-11 
 1948       2.524454183814e-11 
 1949       2.511451835863e-11 
 1950       2.498403772838e-11 
 1951       2.485313732344e-11 
 1952       2.472185467551e-11 
 1953       2.459022747224e-11 
 1954       2.445829355731e-11 
 1955       2.432609093073e-11 
 1956       2.419365774899e-11 
 1957       2.406103232528e-11 
 1958       2.392825312966e-11 
 1959       2.379535878932e-11 
 1960       2.366238808869e-11 
 1961       2.352937996975e-11 
 1962       2.339637353212e-11 
 1963       2.326340803334e-11 
 1964       2.313052288905e-11 
 1965       2.299775767314e-11 
 1966       2.286515211804e-11 
 1967       2.273274611484e-11 
 1968       2.260057971355e-11 
 1969       2.246869312323e-11 
 1970       2.233712409963e-11 
 1971       2.220590008620e-11 
 1972       2.207504601503e-11 
 1973       2.194458691435e-11 
 1974       2.181454790863e-11 
 1975       2.168495421869e-11 
 1976       2.155583116184e-11 
 1977       2.142720415198e-11 
 1978       2.129909869971e-11 
 1979       2.117154041251e-11 
 1980       2.104455499477e-11 
 1981       2.091816824798e-11 
 1982       2.079240607082e-11 
 1983       2.066729445927e-11 
 1984       2.054285950676e-11 
 1985       2.041912740427e-11 
 1986       2.029612444044e-11 
 1987       2.017387700171e-11 
 1988       2.005241157242e-11 
 1989       1.993175473494e-11 
 1990       1.981193316981e-11 
 1991       1.969297365580e-11 
 1992       1.957490307010e-11 
 1993       1.945774838839e-11 
 1994       1.934153668497e-11 
 1995       1.922629513290e-11 
 1996       1.911205100408e-11 
 1997       1.899883166943e-11 
 1998       1.888666459893e-11 
 1999       1.877557736182e-11 
 2000       1.866559762665e-11 
 2001       1.855675316144e-11 
 2002       1.844907183380e-11 
 2003       1.834258161102e-11 
 2004       1.823731056023e-11 
 2005       1.813328684848e-11 
 2006       1.803053874287e-11 
 2007       1.792909461070e-11 
 2008       1.782898291955e-11 
 2009       1.773022780161e-11 
 2010       1.763283571110e-11 
 2011       1.753680866986e-11 
 2012       1.744214869437e-11 
 2013       1.734885779567e-11 
 2014       1.725693797939e-11 
 2015       1.716639124575e-11 
 2016       1.707721958948e-11 
 2017       1.698942499990e-11 
 2018       1.690300946083e-11 
 2019       1.681797495061e-11 
 2020       1.673432344209e-11 
 2021       1.665205690261e-11 
 2022       1.657117729400e-11 
 2023       1.649168657254e-11 
 2024       1.641358668897e-11 
 2025       1.633687958848e-11 
 2026       1.626156721068e-11 
 2027       1.618765148961e-11 
 2028       1.611513435369e-11 
 2029       1.604401772575e-11 
 2030       1.597430352300e-11 
 2031       1.590599365701e-11 
 2032       1.583909003371e-11 
 2033       1.577359455335e-11 
 2034       1.570950911054e-11 
 2035       1.564683559419e-11 
 2036       1.558557588752e-11 
 2037       1.552573186803e-11 
 2038       1.546730540751e-11 
 2039       1.541029837200e-11 
 2040       1.535471262182e-11 
 2041       1.530055001152e-11 
 2042       1.524781238986e-11 
 2043       1.519650159984e-11 
 2044       1.514661947865e-11 
 2045       1.509816785767e-11 
 2046       1.505114856248e-11 
 2047       1.500556341279e-11 
 2048       1.496141105106e-11 
 2049       1.491867740333e-11 
 2050       1.487734515019e-11 
 2051       1.483739689185e-11 
 2052       1.479881514810e-11 
 2053       1.476158235818e-11 
 2054       1.472568088067e-11 
 2055       1.469109299339e-11 
 2056       1.465780089332e-11 
 2057       1.462578669646e-11 
 2058       1.459503243775e-11 
 2059       1.456552007098e-11 
 2060       1.453723146863e-11 
 2061       1.451014842185e-11 
 2062       1.448425264028e-11 
 2063       1.445952575200e-11 
 2064       1.443594930338e-11 
 2065       1.441350475903e-11 
 2066       1.439217350165e-11 
 2067       1.437193683196e-11 
 2068       1.435277596858e-11 
 2069       1.433467204791e-11 
 2070       1.431760612407e-11 
 2071       1.430155916877e-11 
 2072       1.428651207120e-11 
 2073       1.427244563794e-11 
 2074       1.425934059286e-11 
 2075       1.424717757699e-11 
 2076       1.423593714847e-11 
 2077       1.422559978238e-11 
 2078       1.421614587069e-11 
 2079       1.420755572213e-11 
 2080       1.419980956210e-11 
 2081       1.419288753256e-11 
 2082       1.418676969191e-11 
 2083       1.418143601492e-11 
 2084       1.417686639262e-11 
 2085       1.417304063216e-11 
 2086       1.416993845676e-11 
 2087       1.416753927048e-11 
 2088       1.416582145103e-11 
 2089       1.416476305180e-11 
 2090       1.416434203640e-11 
 2091       1.416453627855e-11 
 2092       1.416532356195e-11 
 2093       1.416668158021e-11 
 2094       1.416858793669e-11 
 2095       1.417102014444e-11 
 2096       1.417395562605e-11 
 2097       1.417737171357e-11 
 2098       1.418124564837e-11 
 2099       1.418555458106e-11 
 2100       1.419027557138e-11 
 2101       1.419538558806e-11 
 2102       1.420086150872e-11 
 2103       1.420668011979e-11 
 2104       1.421281811638e-11 
 2105       1.421925210215e-11 
 2106       1.422595858923e-11 
 2107       1.423291399811e-11 
 2108       1.424009465750e-11 
 2109       1.424747680426e-11 
 2110       1.425503658326e-11 
 2111       1.426275004727e-11 
 2112       1.427059315690e-11 
 2113       1.427854178040e-11 
 2114       1.428657169364e-11 
 2115       1.429465857995e-11 
 2116       1.430277803002e-11 
 2117       1.431090554180e-11 
 2118       1.431901652038e-11 
 2119       1.432708627787e-11 
 2120       1.433509003332e-11 
 2121       1.434300291260e-11 
 2122       1.435079994825e-11 
 2123       1.435845607946e-11 
 2124       1.436594615184e-11 
 2125       1.437324491743e-11 
 2126       1.438032925836e-11 
 2127       1.438718487507e-11 
 2128       1.439379964399e-11 
 2129       1.440016139773e-11 
 2130       1.440625792510e-11 
 2131       1.441207697105e-11 
 2132       1.441760623658e-11 
 2133       1.442283337873e-11 
 2134       1.442774601051e-11 
 2135       1.443233170085e-11 
 2136       1.443657797458e-11 
 2137       1.444047231231e-11 
 2138       1.444400215045e-11 
 2139       1.444715488112e-11 
 2140       1.444991785212e-11 
 2141       1.445227836686e-11 
 2142       1.445422368432e-11 
 2143       1.445574101901e-11 
 2144       1.445681754089e-11 
 2145       1.445744037534e-11 
 2146       1.445759660313e-11 
 2147       1.445727326031e-11 
 2148       1.445645733822e-11 
 2149       1.445513578339e-11 
 2150       1.445329549755e-11 
 2151       1.445092333751e-11 
 2152       1.444800611515e-11 
 2153       1.444453059737e-11 
 2154       1.444048350602e-11 
 2155       1.443585151787e-11 
 2156       1.443062126454e-11 
 2157       1.442477933246e-11 
 2158       1.441831226281e-11 
 2159       1.441120655151e-11 
 2160       1.440344864909e-11 
 2161       1.439502496071e-11 
 2162       1.438592184610e-11 
 2163       1.437612561946e-11 
 2164       1.436562254947e-11 
 2165       1.435440164699e-11 
 2166       1.434246304903e-11 
 2167       1.432980969139e-11 
 2168       1.431644452603e-11 
 2169       1.430237052107e-11 
 2170       1.428759066085e-11 
 2171       1.427210794593e-11 
 2172       1.425592539310e-11 
 2173       1.423904603542e-11 
 2174       1.422147292221e-11 
 2175       1.420320911913e-11 
 2176       1.418425770815e-11 
 2177       1.416462178755e-11 
 2178       1.414430447203e-11 
 2179       1.412330889264e-11 
 2180       1.410163819685e-11 
 2181       1.407929554854e-11 
 2182       1.405628412806e-11 
 2183       1.403260713220e-11 
 2184       1.400826777428e-11 
 2185       1.398326928408e-11 
 2186       1.395761490795e-11 
 2187       1.393130790876e-11 
 2188       1.390435156599e-11 
 2189       1.387674917566e-11 
 2190       1.384850405044e-11 
 2191       1.381961951963e-11 
 2192       1.379009892917e-11 
 2193       1.375994564167e-11 
 2194       1.372916303647e-11 
 2195       1.369775450958e-11 
 2196       1.366572347377e-11 
 2197       1.363307335856e-11 
 2198       1.359980761027e-11 
 2199       1.356592969198e-11 
 2200       1.353144308361e-11 
 2201       1.349635128192e-11 
 2202       1.346065780053e-11 
 2203       1.342436616994e-11 
 2204       1.338748143905e-11 
 2205       1.335001469067e-11 
 2206       1.331197855602e-11 
 2207       1.327338571607e-11 
 2208       1.323424890155e-11 
 2209       1.319458089301e-11 
 2210       1.315439452092e-11 
 2211       1.311370266566e-11 
 2212       1.307251825764e-11 
 2213       1.303085427732e-11 
 2214       1.298872375529e-11 
 2215       1.294613977231e-11 
 2216       1.290311545936e-11 
 2217       1.285966399776e-11 
 2218       1.281579861912e-11 
 2219       1.277153260550e-11 
 2220       1.272687928942e-11 
 2221       1.268185205392e-11 
 2222       1.263646433260e-11 
 2223       1.259072960974e-11 
 2224       1.254466142029e-11 
 2225       1.249827334995e-11 
 2226       1.245157903526e-11 
 2227       1.240459216360e-11 
 2228       1.235732647329e-11 
 2229       1.230979575364e-11 
 2230       1.226201384501e-11 
 2231       1.221399463883e-11 
 2232       1.216575207772e-11 
 2233       1.211730015550e-11 
 2234       1.206865291727e-11 
 2235       1.201982445947e-11 
 2236       1.197082892991e-11 
 2237       1.192168052785e-11 
 2238       1.187239350408e-11 
 2239       1.182298216092e-11 
 2240       1.177346085234e-11 
 2241       1.172384398395e-11 
 2242       1.167414601314e-11 
 2243       1.162438101713e-11 
 2244       1.157456139421e-11 
 2245       1.152469915414e-11 
 2246       1.147480634942e-11 
 2247       1.142489507530e-11 
 2248       1.137497746981e-11 
 2249       1.132506571387e-11 
 2250       1.127517203126e-11 
 2251       1.122530868873e-11 
 2252       1.117548799602e-11 
 2253       1.112572230591e-11 
 2254       1.107602401425e-11 
 2255       1.102640556006e-11 
 2256       1.097687942550e-11 
 2257       1.092745813601e-11 
 2258       1.087815426027e-11 
 2259       1.082898041029e-11 
 2260       1.077994924148e-11 
 2261       1.073107345263e-11 
 2262       1.068236578602e-11 
 2263       1.063383902745e-11 
 2264       1.058550600627e-11 
 2265       1.053737959544e-11 
 2266       1.048947271159e-11 
 2267       1.044179831503e-11 
 2268       1.039436940985e-11 
 2269       1.034719904393e-11 
 2270       1.030030030898e-11 
 2271       1.025368634063e-11 
 2272       1.020737031842e-11 
 2273       1.016136546592e-11 
 2274       1.011568505069e-11 
 2275       1.007034238442e-11 
 2276       1.002535082290e-11 
 2277       9.980723766107e-12 
 2278       9.936474658242e-12 
 2279       9.892616987785e-12 
 2280       9.849164287532e-12 
 2281       9.806130134649e-12 
 2282       9.763526482625e-12 
 2283       9.721358645341e-12 
 2284       9.679630280916e-12 
 2285       9.638345056888e-12 
 2286       9.597506650218e-12 
 2287       9.557118747302e-12 
 2288       9.517185043984e-12 
 2289       9.477709245557e-12 
 2290       9.438695066777e-12 
 2291       9.400146231872e-12 
 2292       9.362066474550e-12 
 2293       9.324459538007e-12 
 2294       9.287329174937e-12 
 2295       9.250679147542e-12 
 2296       9.214513227540e-12 
 2297       9.178835196173e-12 
 2298       9.143648844217e-12 
 2299       9.108957971991e-12 
 2300       9.074766389367e-12 
 2301       9.041077915778e-12 
 2302       9.007896380224e-12 
 2303       8.975225621288e-12 
 2304       8.943069487138e-12 
 2305       8.911431835539e-12 
 2306       8.880316533864e-12 
 2307       8.849727459098e-12 
 2308       8.819668497853e-12 
 2309       8.790143546371e-12 
 2310       8.761156510537e-12 
 2311       8.732711305888e-12 
 2312       8.704811857618e-12 
 2313       8.677462100593e-12 
 2314       8.650665979354e-12 
 2315       8.624427448130e-12 
 2316       8.598750470846e-12 
 2317       8.573639021132e-12 
 2318       8.549097082331e-12 
 2319       8.525128647508e-12 
 2320       8.501737719462e-12 
 2321       8.478926714622e-12 
 2322       8.456691663732e-12 
 2323       8.435026980911e-12 
 2324       8.413927056988e-12 
 2325       8.393386259474e-12 
 2326       8.373398932537e-12 
 2327       8.353959396974e-12 
 2328       8.335061950185e-12 
 2329       8.316700866147e-12 
 2330       8.298870395386e-12 
 2331       8.281564764952e-12 
 2332       8.264778178393e-12 
 2333       8.248504815724e-12 
 2334       8.232738833406e-12 
 2335       8.217474364318e-12 
 2336       8.202705517728e-12 
 2337       8.188426379269e-12 
 2338       8.174631010910e-12 
 2339       8.161313450932e-12 
 2340       8.148467713902e-12 
 2341       8.136087790642e-12 
 2342       8.124167648208e-12 
 2343       8.112701229858e-12 
 2344       8.101682455030e-12 
 2345       8.091105219314e-12 
 2346       8.080963394424e-12 
 2347       8.071250828174e-12 
 2348       8.061961344447e-12 
 2349       8.053088743176e-12 
 2350       8.044626800308e-12 
 2351       8.036569267787e-12 
 2352       8.028909873519e-12 
 2353       8.021642321352e-12 
 2354       8.014760291046e-12 
 2355       8.008257438246e-12 
 2356       8.002127394457e-12 
 2357       7.996363767019e-12 
 2358       7.990960139076e-12 
 2359       7.985910069553e-12 
 2360       7.981206601490e-12 
 2361       7.976840783760e-12 
 2362       7.972803140129e-12 
 2363       7.969084160019e-12 
 2364       7.965674298478e-12 
 2365       7.962563976135e-12 
 2366       7.959743579172e-12 
 2367       7.957203459278e-12 
 2368       7.954933933618e-12 
 2369       7.952925284792e-12 
 2370       7.951167760801e-12 
 2371       7.949651575008e-12 
 2372       7.948366906101e-12 
 2373       7.947303898057e-12 
 2374       7.946452660102e-12 
 2375       7.945803266678e-12 
 2376       7.945345757402e-12 
 2377       7.945070137032e-12 
 2378       7.944966375428e-12 
 2379       7.945024407515e-12 
 2380       7.945234133247e-12 
 2381       7.945585417567e-12 
 2382       7.946068090373e-12 
 2383       7.946671946482e-12 
 2384       7.947386745587e-12 
 2385       7.948202212225e-12 
 2386       7.949108035739e-12 
 2387       7.950093870239e-12 
 2388       7.951149334567e-12 
 2389       7.952264012259e-12 
 2390       7.953427451507e-12 
 2391       7.954629165123e-12 
 2392       7.955858630501e-12 
 2393       7.957105289581e-12 
 2394       7.958358548812e-12 
 2395       7.959607779112e-12 
 2396       7.960842315835e-12 
 2397       7.962051458731e-12 
 2398       7.963224471909e-12 
 2399       7.964351213851e-12 
 2400       7.965424031721e-12 
 2401       7.966435878545e-12 
 2402       7.967379684180e-12 
 2403       7.968248355300e-12 
 2404       7.969034775364e-12 
 2405       7.969731804594e-12 
 2406       7.970332279954e-12 
 2407       7.970829015121e-12 
 2408       7.971214800467e-12 
 2409       7.971482403028e-12 
 2410       7.971624566487e-12 
 2411       7.971634011144e-12 
 2412       7.971503433898e-12 
 2413       7.971225508215e-12 
 2414       7.970792884113e-12 
 2415       7.970198188132e-12 
 2416       7.969434023311e-12 
 2417       7.968492969166e-12 
 2418       7.967367581663e-12 
 2419       7.966050393197e-12 
 2420       7.964533912566e-12 
 2421       7.962810624949e-12 
 2422       7.960872991878e-12 
 2423       7.958713451218e-12 
 2424       7.956324417142e-12 
 2425       7.953698280107e-12 
 2426       7.950827406828e-12 
 2427       7.947704140257e-12 
 2428       7.944320799557e-12 
 2429       7.940669680078e-12 
 2430       7.936743053334e-12 
 2431       7.932533166980e-12 
 2432       7.928032244784e-12 
 2433       7.923232486607e-12 
 2434       7.918126068378e-12 
 2435       7.912705142069e-12 
 2436       7.906961835671e-12 
 2437       7.900888253171e-12 
 2438       7.894477895044e-12 
 2439       7.887729929106e-12 
 2440       7.880644945262e-12 
 2441       7.873223537325e-12 
 2442       7.865466303018e-12 
 2443       7.857373843983e-12 
 2444       7.848946765781e-12 
 2445       7.840185677901e-12 
 2446       7.831091193760e-12 
 2447       7.821663930712e-12 
 2448       7.811904510051e-12 
 2449       7.801813557012e-12 
 2450       7.791391700785e-12 
 2451       7.780639574507e-12 
 2452       7.769557815280e-12 
 2453       7.758147064164e-12 
 2454       7.746407966189e-12 
 2455       7.734341170357e-12 
 2456       7.721947329648e-12 
 2457       7.709227101022e-12 
 2458       7.696181145427e-12 
 2459       7.682810127801e-12 
 2460       7.669114717078e-12 
 2461       7.655095586192e-12 
 2462       7.640753412083e-12 
 2463       7.626088875700e-12 
 2464       7.611102662007e-12 
 2465       7.595795459985e-12 
 2466       7.580167962642e-12 
 2467       7.564220867011e-12 
 2468       7.547954874161e-12 
 2469       7.531370689196e-12 
 2470       7.514469021263e-12 
 2471       7.497250583558e-12 
 2472       7.479716093326e-12 
 2473       7.461866271869e-12 
 2474       7.443701844552e-12 
 2475       7.425223540802e-12 
 2476       7.406432094120e-12 
 2477       7.387327855571e-12 
 2478       7.367909631773e-12 
 2479       7.348175840050e-12 
 2480       7.328124894316e-12 
 2481       7.307755205069e-12 
 2482       7.287065179391e-12 
 2483       7.266053220942e-12 
 2484       7.244717729962e-12 
 2485       7.223057103261e-12 
 2486       7.201069734224e-12 
 2487       7.178754012802e-12 
 2488       7.156108325510e-12 
 2489       7.133131055430e-12 
 2490       7.109820582198e-12 
 2491       7.086175282011e-12 
 2492       7.062193527618e-12 
 2493       7.037873688318e-12 
 2494       7.013214129960e-12 
 2495       6.988213214936e-12 
 2496       6.962869302180e-12 
 2497       6.937180747169e-12 
 2498       6.911145901911e-12 
 2499       6.884763114952e-12 
 2500       6.858030731366e-12 
