# dimensionless total [l(l+1)/2pi] C_l's
# for l=2 to 2500, i.e. number of multipoles equal to 2499
#
# -> if you prefer output in CAMB/HealPix/LensPix units/order, set 'format' to 'camb' in input file
# -> if you don't want to see such a header, set 'headers' to 'no' in input file
#
# 1:l     2:TT                 
    2       2.506814224988e-10 
    3       2.192907109918e-10 
    4       1.958762814071e-10 
    5       1.790666067849e-10 
    6       1.669920617034e-10 
    7       1.583061780596e-10 
    8       1.520274095661e-10 
    9       1.474356381742e-10 
   10       1.441233388236e-10 
   11       1.417594486702e-10 
   12       1.401580621229e-10 
   13       1.391141303340e-10 
   14       1.385470703997e-10 
   15       1.383434995954e-10 
   16       1.384442524586e-10 
   17       1.388909195486e-10 
   18       1.395373729966e-10 
   19       1.403796481304e-10 
   20       1.413995419385e-10 
   21       1.425971042236e-10 
   22       1.439333059990e-10 
   23       1.454029257477e-10 
   24       1.469819758069e-10 
   25       1.486682909947e-10 
   26       1.504482003796e-10 
   27       1.523311499259e-10 
   28       1.543113145575e-10 
   29       1.563636032486e-10 
   30       1.584920483900e-10 
   31       1.606957928115e-10 
   32       1.629617984944e-10 
   33       1.652910282280e-10 
   34       1.676788975577e-10 
   35       1.701139672634e-10 
   36       1.726023364551e-10 
   37       1.751498219174e-10 
   38       1.777543776004e-10 
   39       1.804094405729e-10 
   40       1.831174747277e-10 
   41       1.858795768918e-10 
   42       1.886911039500e-10 
   43       1.915448896596e-10 
   44       1.944434193979e-10 
   45       1.973895082666e-10 
   46       2.003825439727e-10 
   47       2.034181667770e-10 
   48       2.064908146381e-10 
   49       2.096029538135e-10 
   50       2.127579003676e-10 
   51       2.159570125648e-10 
   52       2.191995170017e-10 
   53       2.224838391722e-10 
   54       2.258123970684e-10 
   55       2.291877371925e-10 
   56       2.326110297228e-10 
   57       2.360819577244e-10 
   58       2.395986063604e-10 
   59       2.431586166175e-10 
   60       2.467632109808e-10 
   61       2.504139084987e-10 
   62       2.541112759292e-10 
   63       2.578548598166e-10 
   64       2.616431185668e-10 
   65       2.654743058831e-10 
   66       2.693494911015e-10 
   67       2.732700589791e-10 
   68       2.772367742369e-10 
   69       2.812497402464e-10 
   70       2.853083577173e-10 
   71       2.894112833845e-10 
   72       2.935571068868e-10 
   73       2.977466236257e-10 
   74       3.019809255545e-10 
   75       3.062606971508e-10 
   76       3.105861905009e-10 
   77       3.149572003842e-10 
   78       3.193730393574e-10 
   79       3.238325128389e-10 
   80       3.283343803861e-10 
   81       3.328788865978e-10 
   82       3.374664518383e-10 
   83       3.420971939917e-10 
   84       3.467709125499e-10 
   85       3.514870727001e-10 
   86       3.562447894134e-10 
   87       3.610428115320e-10 
   88       3.658795058577e-10 
   89       3.707532738759e-10 
   90       3.756639115319e-10 
   91       3.806114344352e-10 
   92       3.855956549125e-10 
   93       3.906161725768e-10 
   94       3.956723648969e-10 
   95       4.007633777670e-10 
   96       4.058881160755e-10 
   97       4.110452342748e-10 
   98       4.162331269504e-10 
   99       4.214502010118e-10 
  100       4.266957566404e-10 
  101       4.319692141813e-10 
  102       4.372698377130e-10 
  103       4.425967290301e-10 
  104       4.479488216265e-10 
  105       4.533248746781e-10 
  106       4.587234670260e-10 
  107       4.641429911592e-10 
  108       4.695816471976e-10 
  109       4.750374368749e-10 
  110       4.805084108810e-10 
  111       4.859934597739e-10 
  112       4.914916134975e-10 
  113       4.970017935843e-10 
  114       5.025228096278e-10 
  115       5.080533557559e-10 
  116       5.135920071037e-10 
  117       5.191372162865e-10 
  118       5.246873098726e-10 
  119       5.302404848564e-10 
  120       5.357948051314e-10 
  121       5.413481979630e-10 
  122       5.468984504615e-10 
  123       5.524434051600e-10 
  124       5.579815797009e-10 
  125       5.635116120246e-10 
  126       5.690320657010e-10 
  127       5.745414279685e-10 
  128       5.800381077739e-10 
  129       5.855204338115e-10 
  130       5.909866525630e-10 
  131       5.964349263366e-10 
  132       6.018633313068e-10 
  133       6.072698555535e-10 
  134       6.126523971018e-10 
  135       6.180087619615e-10 
  136       6.233366621661e-10 
  137       6.286338778296e-10 
  138       6.338987663919e-10 
  139       6.391298025974e-10 
  140       6.443254182957e-10 
  141       6.494840015221e-10 
  142       6.546038955781e-10 
  143       6.596833981120e-10 
  144       6.647207601992e-10 
  145       6.697141854229e-10 
  146       6.746618289546e-10 
  147       6.795617966347e-10 
  148       6.844121440528e-10 
  149       6.892108756283e-10 
  150       6.939559436911e-10 
  151       6.986452475620e-10 
  152       7.032766326330e-10 
  153       7.078480286239e-10 
  154       7.123578807434e-10 
  155       7.168047570319e-10 
  156       7.211872125790e-10 
  157       7.255037893120e-10 
  158       7.297530157857e-10 
  159       7.339334069719e-10 
  160       7.380434640481e-10 
  161       7.420816741876e-10 
  162       7.460465103484e-10 
  163       7.499364310623e-10 
  164       7.537498802249e-10 
  165       7.574852868844e-10 
  166       7.611410650312e-10 
  167       7.647156133870e-10 
  168       7.682073151944e-10 
  169       7.716145380061e-10 
  170       7.749356334742e-10 
  171       7.781690410129e-10 
  172       7.813136089277e-10 
  173       7.843682997830e-10 
  174       7.873320891509e-10 
  175       7.902039658242e-10 
  176       7.929829320297e-10 
  177       7.956680036407e-10 
  178       7.982582103911e-10 
  179       8.007525960877e-10 
  180       8.031502188238e-10 
  181       8.054501511922e-10 
  182       8.076514804984e-10 
  183       8.097533089735e-10 
  184       8.117547539876e-10 
  185       8.136549482630e-10 
  186       8.154530400869e-10 
  187       8.171481935249e-10 
  188       8.187395886342e-10 
  189       8.202264216765e-10 
  190       8.216079053310e-10 
  191       8.228833309414e-10 
  192       8.240522600239e-10 
  193       8.251143475673e-10 
  194       8.260692817037e-10 
  195       8.269167841259e-10 
  196       8.276566105023e-10 
  197       8.282885508939e-10 
  198       8.288124301701e-10 
  199       8.292281084248e-10 
  200       8.295354813925e-10 
  201       8.297344808646e-10 
  202       8.298250751054e-10 
  203       8.298072692681e-10 
  204       8.296811058112e-10 
  205       8.294466649145e-10 
  206       8.291040648950e-10 
  207       8.286534626234e-10 
  208       8.280950539400e-10 
  209       8.274290740710e-10 
  210       8.266557980443e-10 
  211       8.257755411058e-10 
  212       8.247886591358e-10 
  213       8.236955515197e-10 
  214       8.224966691145e-10 
  215       8.211925076247e-10 
  216       8.197836056159e-10 
  217       8.182705449372e-10 
  218       8.166539511438e-10 
  219       8.149344939196e-10 
  220       8.131128874999e-10 
  221       8.111898910937e-10 
  222       8.091663093067e-10 
  223       8.070429925635e-10 
  224       8.048208375303e-10 
  225       8.025007875377e-10 
  226       8.000838330030e-10 
  227       7.975710118530e-10 
  228       7.949634099463e-10 
  229       7.922621614963e-10 
  230       7.894684494934e-10 
  231       7.865835061280e-10 
  232       7.836086132124e-10 
  233       7.805451026042e-10 
  234       7.773943566283e-10 
  235       7.741578085000e-10 
  236       7.708369427468e-10 
  237       7.674332956318e-10 
  238       7.639483876095e-10 
  239       7.603835152788e-10 
  240       7.567399476456e-10 
  241       7.530189932331e-10 
  242       7.492220003610e-10 
  243       7.453503574247e-10 
  244       7.414054931745e-10 
  245       7.373888769949e-10 
  246       7.333020191838e-10 
  247       7.291464712315e-10 
  248       7.249238261001e-10 
  249       7.206357185027e-10 
  250       7.162838251825e-10 
  251       7.118698651921e-10 
  252       7.073956001724e-10 
  253       7.028628346325e-10 
  254       6.982734162281e-10 
  255       6.936292360412e-10 
  256       6.889322288590e-10 
  257       6.841843734536e-10 
  258       6.793876928606e-10 
  259       6.745442546585e-10 
  260       6.696561712481e-10 
  261       6.647256001317e-10 
  262       6.597547441920e-10 
  263       6.547458519714e-10 
  264       6.497012179515e-10 
  265       6.446231828319e-10 
  266       6.395139965267e-10 
  267       6.343753983374e-10 
  268       6.292090145253e-10 
  269       6.240164935893e-10 
  270       6.187995063129e-10 
  271       6.135597458114e-10 
  272       6.082989275794e-10 
  273       6.030187895375e-10 
  274       5.977210920804e-10 
  275       5.924076181234e-10 
  276       5.870801731500e-10 
  277       5.817405852589e-10 
  278       5.763907052117e-10 
  279       5.710324064796e-10 
  280       5.656675852910e-10 
  281       5.602981606787e-10 
  282       5.549260745271e-10 
  283       5.495532916193e-10 
  284       5.441817996846e-10 
  285       5.388136094457e-10 
  286       5.334507546657e-10 
  287       5.280952921956e-10 
  288       5.227493020216e-10 
  289       5.174148873121e-10 
  290       5.120941744650e-10 
  291       5.067893131552e-10 
  292       5.015024763816e-10 
  293       4.962358605143e-10 
  294       4.909916853421e-10 
  295       4.857721941195e-10 
  296       4.805796536140e-10 
  297       4.754161880133e-10 
  298       4.702832716013e-10 
  299       4.651822114618e-10 
  300       4.601143112140e-10 
  301       4.550808708352e-10 
  302       4.500831864821e-10 
  303       4.451225503133e-10 
  304       4.402002503110e-10 
  305       4.353175701030e-10 
  306       4.304757887848e-10 
  307       4.256761807414e-10 
  308       4.209200154696e-10 
  309       4.162085573998e-10 
  310       4.115430657178e-10 
  311       4.069247941872e-10 
  312       4.023549909710e-10 
  313       3.978348984537e-10 
  314       3.933657530637e-10 
  315       3.889487850945e-10 
  316       3.845852185274e-10 
  317       3.802762708529e-10 
  318       3.760231528934e-10 
  319       3.718270686243e-10 
  320       3.676892149969e-10 
  321       3.636107817597e-10 
  322       3.595929512807e-10 
  323       3.556368983692e-10 
  324       3.517437900981e-10 
  325       3.479147856256e-10 
  326       3.441510360173e-10 
  327       3.404536840680e-10 
  328       3.368238641242e-10 
  329       3.332627019055e-10 
  330       3.297713143268e-10 
  331       3.263508093205e-10 
  332       3.230021757074e-10 
  333       3.197259478682e-10 
  334       3.165225260906e-10 
  335       3.133922849041e-10 
  336       3.103355727824e-10 
  337       3.073527118464e-10 
  338       3.044439975664e-10 
  339       3.016096984651e-10 
  340       2.988500558201e-10 
  341       2.961652833665e-10 
  342       2.935555669998e-10 
  343       2.910210644781e-10 
  344       2.885619051251e-10 
  345       2.861781895326e-10 
  346       2.838699892634e-10 
  347       2.816373465533e-10 
  348       2.794802740146e-10 
  349       2.773987543381e-10 
  350       2.753927399959e-10 
  351       2.734621529442e-10 
  352       2.716068843259e-10 
  353       2.698267941731e-10 
  354       2.681217111097e-10 
  355       2.664914320546e-10 
  356       2.649357219234e-10 
  357       2.634543133319e-10 
  358       2.620469062984e-10 
  359       2.607131679461e-10 
  360       2.594527322063e-10 
  361       2.582651995205e-10 
  362       2.571501365435e-10 
  363       2.561070758456e-10 
  364       2.551355156156e-10 
  365       2.542349193634e-10 
  366       2.534047156224e-10 
  367       2.526442976524e-10 
  368       2.519530231420e-10 
  369       2.513302139116e-10 
  370       2.507751556157e-10 
  371       2.502871434848e-10 
  372       2.498656221303e-10 
  373       2.495100506234e-10 
  374       2.492198566923e-10 
  375       2.489944364654e-10 
  376       2.488331542138e-10 
  377       2.487353420941e-10 
  378       2.487002998908e-10 
  379       2.487272947594e-10 
  380       2.488155609687e-10 
  381       2.489642996435e-10 
  382       2.491726785075e-10 
  383       2.494398316260e-10 
  384       2.497648591481e-10 
  385       2.501468270499e-10 
  386       2.505847668770e-10 
  387       2.510776754871e-10 
  388       2.516245147928e-10 
  389       2.522242115039e-10 
  390       2.528756568708e-10 
  391       2.535777064265e-10 
  392       2.543291797296e-10 
  393       2.551288601068e-10 
  394       2.559754943957e-10 
  395       2.568677926877e-10 
  396       2.578044280701e-10 
  397       2.587840363691e-10 
  398       2.598052158927e-10 
  399       2.608665271730e-10 
  400       2.619664927091e-10 
  401       2.631035967095e-10 
  402       2.642762848351e-10 
  403       2.654829639419e-10 
  404       2.667220018232e-10 
  405       2.679917269528e-10 
  406       2.692904282274e-10 
  407       2.706163547094e-10 
  408       2.719677153694e-10 
  409       2.733426788290e-10 
  410       2.747393731036e-10 
  411       2.761560774925e-10 
  412       2.775918062446e-10 
  413       2.790457450100e-10 
  414       2.805170604344e-10 
  415       2.820049000379e-10 
  416       2.835083920940e-10 
  417       2.850266455082e-10 
  418       2.865587496970e-10 
  419       2.881037744666e-10 
  420       2.896607698922e-10 
  421       2.912287661960e-10 
  422       2.928067736270e-10 
  423       2.943937823390e-10 
  424       2.959887622701e-10 
  425       2.975906630211e-10 
  426       2.991984137347e-10 
  427       3.008109229740e-10 
  428       3.024270786014e-10 
  429       3.040457476577e-10 
  430       3.056657762408e-10 
  431       3.072859893845e-10 
  432       3.089051909373e-10 
  433       3.105221634414e-10 
  434       3.121356680113e-10 
  435       3.137444442130e-10 
  436       3.153472099425e-10 
  437       3.169426613048e-10 
  438       3.185294724928e-10 
  439       3.201062956661e-10 
  440       3.216717608296e-10 
  441       3.232244757127e-10 
  442       3.247630256481e-10 
  443       3.262859734503e-10 
  444       3.277918592950e-10 
  445       3.292792005973e-10 
  446       3.307464918910e-10 
  447       3.321922047074e-10 
  448       3.336147874540e-10 
  449       3.350126652934e-10 
  450       3.363842400220e-10 
  451       3.377281086683e-10 
  452       3.390437272879e-10 
  453       3.403307683222e-10 
  454       3.415889038208e-10 
  455       3.428178054483e-10 
  456       3.440171444928e-10 
  457       3.451865918727e-10 
  458       3.463258181449e-10 
  459       3.474344935121e-10 
  460       3.485122878303e-10 
  461       3.495588706167e-10 
  462       3.505739110570e-10 
  463       3.515570780131e-10 
  464       3.525080400309e-10 
  465       3.534264653476e-10 
  466       3.543120218994e-10 
  467       3.551643773290e-10 
  468       3.559831989936e-10 
  469       3.567681539718e-10 
  470       3.575189090719e-10 
  471       3.582351308389e-10 
  472       3.589164855628e-10 
  473       3.595626392853e-10 
  474       3.601732578081e-10 
  475       3.607480067002e-10 
  476       3.612865513057e-10 
  477       3.617885567510e-10 
  478       3.622536879528e-10 
  479       3.626816096255e-10 
  480       3.630719862889e-10 
  481       3.634244822756e-10 
  482       3.637387617388e-10 
  483       3.640144886598e-10 
  484       3.642513268556e-10 
  485       3.644489399866e-10 
  486       3.646069915639e-10 
  487       3.647251449573e-10 
  488       3.648030634026e-10 
  489       3.648404100092e-10 
  490       3.648368477680e-10 
  491       3.647921567444e-10 
  492       3.647065894624e-10 
  493       3.645805260637e-10 
  494       3.644143581389e-10 
  495       3.642084887937e-10 
  496       3.639633327149e-10 
  497       3.636793162355e-10 
  498       3.633568774011e-10 
  499       3.629964660357e-10 
  500       3.625985438071e-10 
  501       3.621635842931e-10 
  502       3.616920730470e-10 
  503       3.611845076639e-10 
  504       3.606413978457e-10 
  505       3.600632654677e-10 
  506       3.594506446440e-10 
  507       3.588040817933e-10 
  508       3.581241357050e-10 
  509       3.574113776047e-10 
  510       3.566663912199e-10 
  511       3.558897728463e-10 
  512       3.550821314132e-10 
  513       3.542440885495e-10 
  514       3.533762786493e-10 
  515       3.524793489378e-10 
  516       3.515539595375e-10 
  517       3.506007835332e-10 
  518       3.496205070386e-10 
  519       3.486138292615e-10 
  520       3.475814625700e-10 
  521       3.465241325583e-10 
  522       3.454425781121e-10 
  523       3.443375514750e-10 
  524       3.432098183137e-10 
  525       3.420601577843e-10 
  526       3.408893625978e-10 
  527       3.396982390861e-10 
  528       3.384876072677e-10 
  529       3.372583009135e-10 
  530       3.360111676126e-10 
  531       3.347470354621e-10 
  532       3.334666119993e-10 
  533       3.321705826287e-10 
  534       3.308596437997e-10 
  535       3.295345030578e-10 
  536       3.281958790963e-10 
  537       3.268445018079e-10 
  538       3.254811123364e-10 
  539       3.241064631284e-10 
  540       3.227213179848e-10 
  541       3.213264521124e-10 
  542       3.199226521757e-10 
  543       3.185107163483e-10 
  544       3.170914543648e-10 
  545       3.156656875721e-10 
  546       3.142342489813e-10 
  547       3.127979833193e-10 
  548       3.113577470803e-10 
  549       3.099144085775e-10 
  550       3.084688479947e-10 
  551       3.070219574379e-10 
  552       3.055746409872e-10 
  553       3.041278147479e-10 
  554       3.026824069028e-10 
  555       3.012393577630e-10 
  556       2.997996198205e-10 
  557       2.983641577989e-10 
  558       2.969339487057e-10 
  559       2.955099818836e-10 
  560       2.940932590622e-10 
  561       2.926847944097e-10 
  562       2.912856145843e-10 
  563       2.898967587862e-10 
  564       2.885192788089e-10 
  565       2.871542390910e-10 
  566       2.858027167678e-10 
  567       2.844658017227e-10 
  568       2.831445966393e-10 
  569       2.818402170526e-10 
  570       2.805537914010e-10 
  571       2.792863322020e-10 
  572       2.780383458668e-10 
  573       2.768102130370e-10 
  574       2.756023165639e-10 
  575       2.744150415129e-10 
  576       2.732487751678e-10 
  577       2.721039070347e-10 
  578       2.709808288470e-10 
  579       2.698799345688e-10 
  580       2.688016204000e-10 
  581       2.677462847799e-10 
  582       2.667143283921e-10 
  583       2.657061541681e-10 
  584       2.647221672922e-10 
  585       2.637627752055e-10 
  586       2.628283876101e-10 
  587       2.619194164735e-10 
  588       2.610362760329e-10 
  589       2.601793827994e-10 
  590       2.593491555623e-10 
  591       2.585460153935e-10 
  592       2.577703856516e-10 
  593       2.570226919861e-10 
  594       2.563033623420e-10 
  595       2.556128269639e-10 
  596       2.549515184002e-10 
  597       2.543198715075e-10 
  598       2.537183234550e-10 
  599       2.531473137283e-10 
  600       2.526072841342e-10 
  601       2.520986788049e-10 
  602       2.516219442018e-10 
  603       2.511775291204e-10 
  604       2.507658846942e-10 
  605       2.503874643993e-10 
  606       2.500427240581e-10 
  607       2.497321218443e-10 
  608       2.494561182867e-10 
  609       2.492151762735e-10 
  610       2.490097610568e-10 
  611       2.488402257947e-10 
  612       2.487064651727e-10 
  613       2.486082535314e-10 
  614       2.485453585489e-10 
  615       2.485175412081e-10 
  616       2.485245557645e-10 
  617       2.485661497136e-10 
  618       2.486420637584e-10 
  619       2.487520317771e-10 
  620       2.488957807903e-10 
  621       2.490730309290e-10 
  622       2.492834954020e-10 
  623       2.495268804633e-10 
  624       2.498028853796e-10 
  625       2.501112023981e-10 
  626       2.504515167141e-10 
  627       2.508235064381e-10 
  628       2.512268425637e-10 
  629       2.516611889351e-10 
  630       2.521262022146e-10 
  631       2.526215318502e-10 
  632       2.531468200429e-10 
  633       2.537017017148e-10 
  634       2.542858044759e-10 
  635       2.548987485924e-10 
  636       2.555401469536e-10 
  637       2.562096050400e-10 
  638       2.569067208902e-10 
  639       2.576310850693e-10 
  640       2.583822806357e-10 
  641       2.591598831088e-10 
  642       2.599634604369e-10 
  643       2.607925729645e-10 
  644       2.616467733996e-10 
  645       2.625256067819e-10 
  646       2.634286104495e-10 
  647       2.643553140073e-10 
  648       2.653052392940e-10 
  649       2.662779003496e-10 
  650       2.672728033833e-10 
  651       2.682894304250e-10 
  652       2.693271899436e-10 
  653       2.703854650590e-10 
  654       2.714636297207e-10 
  655       2.725610486710e-10 
  656       2.736770774076e-10 
  657       2.748110621471e-10 
  658       2.759623397871e-10 
  659       2.771302378701e-10 
  660       2.783140745456e-10 
  661       2.795131585334e-10 
  662       2.807267890867e-10 
  663       2.819542559546e-10 
  664       2.831948393454e-10 
  665       2.844478098895e-10 
  666       2.857124286020e-10 
  667       2.869879468460e-10 
  668       2.882736062955e-10 
  669       2.895686388981e-10 
  670       2.908722668380e-10 
  671       2.921837024993e-10 
  672       2.935021484283e-10 
  673       2.948267972971e-10 
  674       2.961568318658e-10 
  675       2.974914249463e-10 
  676       2.988297393644e-10 
  677       3.001709279233e-10 
  678       3.015141333662e-10 
  679       3.028584883396e-10 
  680       3.042031153558e-10 
  681       3.055471267561e-10 
  682       3.068896246736e-10 
  683       3.082297009964e-10 
  684       3.095664373301e-10 
  685       3.108989049612e-10 
  686       3.122261648196e-10 
  687       3.135472674419e-10 
  688       3.148612529340e-10 
  689       3.161671509344e-10 
  690       3.174639805769e-10 
  691       3.187508341805e-10 
  692       3.200271303331e-10 
  693       3.212923660744e-10 
  694       3.225460336369e-10 
  695       3.237876204295e-10 
  696       3.250166090216e-10 
  697       3.262324771269e-10 
  698       3.274346975876e-10 
  699       3.286227383580e-10 
  700       3.297960624887e-10 
  701       3.309541281105e-10 
  702       3.320963884184e-10 
  703       3.332222916552e-10 
  704       3.343312810960e-10 
  705       3.354227950317e-10 
  706       3.364962667531e-10 
  707       3.375511245348e-10 
  708       3.385867916195e-10 
  709       3.396026862011e-10 
  710       3.405982214097e-10 
  711       3.415728052947e-10 
  712       3.425258408091e-10 
  713       3.434567257936e-10 
  714       3.443648529603e-10 
  715       3.452496098765e-10 
  716       3.461103789490e-10 
  717       3.469465374081e-10 
  718       3.477574572909e-10 
  719       3.485425054260e-10 
  720       3.493010434171e-10 
  721       3.500324276269e-10 
  722       3.507360091612e-10 
  723       3.514111338526e-10 
  724       3.520571422448e-10 
  725       3.526733695764e-10 
  726       3.532591457644e-10 
  727       3.538137953891e-10 
  728       3.543366376772e-10 
  729       3.548269864859e-10 
  730       3.552841502873e-10 
  731       3.557075462375e-10 
  732       3.560970449148e-10 
  733       3.564526324281e-10 
  734       3.567742969636e-10 
  735       3.570620287948e-10 
  736       3.573158202913e-10 
  737       3.575356659291e-10 
  738       3.577215622995e-10 
  739       3.578735081190e-10 
  740       3.579915042388e-10 
  741       3.580755536540e-10 
  742       3.581256615137e-10 
  743       3.581418351300e-10 
  744       3.581240839878e-10 
  745       3.580724197543e-10 
  746       3.579868562884e-10 
  747       3.578674096505e-10 
  748       3.577140981118e-10 
  749       3.575269421637e-10 
  750       3.573059645279e-10 
  751       3.570511901653e-10 
  752       3.567626462857e-10 
  753       3.564403623577e-10 
  754       3.560843701177e-10 
  755       3.556947035798e-10 
  756       3.552713990451e-10 
  757       3.548144951115e-10 
  758       3.543240326829e-10 
  759       3.538000549789e-10 
  760       3.532426075445e-10 
  761       3.526517382592e-10 
  762       3.520274973471e-10 
  763       3.513699373858e-10 
  764       3.506791133163e-10 
  765       3.499550824528e-10 
  766       3.491979044914e-10 
  767       3.484076415205e-10 
  768       3.475843580299e-10 
  769       3.467281209203e-10 
  770       3.458389995130e-10 
  771       3.449171272062e-10 
  772       3.439628877052e-10 
  773       3.429767323350e-10 
  774       3.419591187346e-10 
  775       3.409105108790e-10 
  776       3.398313791009e-10 
  777       3.387222001132e-10 
  778       3.375834570303e-10 
  779       3.364156393907e-10 
  780       3.352192431783e-10 
  781       3.339947708449e-10 
  782       3.327427313320e-10 
  783       3.314636400926e-10 
  784       3.301580191134e-10 
  785       3.288263969364e-10 
  786       3.274693086814e-10 
  787       3.260872960675e-10 
  788       3.246809074351e-10 
  789       3.232506977681e-10 
  790       3.217972287159e-10 
  791       3.203210686147e-10 
  792       3.188227925105e-10 
  793       3.173029821801e-10 
  794       3.157622261537e-10 
  795       3.142011197365e-10 
  796       3.126202650308e-10 
  797       3.110202709579e-10 
  798       3.094017532802e-10 
  799       3.077653346231e-10 
  800       3.061116444966e-10 
  801       3.044413193179e-10 
  802       3.027550024329e-10 
  803       3.010533441384e-10 
  804       2.993370017038e-10 
  805       2.976066393932e-10 
  806       2.958629284875e-10 
  807       2.941065473061e-10 
  808       2.923381812292e-10 
  809       2.905585227192e-10 
  810       2.887682713432e-10 
  811       2.869681064812e-10 
  812       2.851586048682e-10 
  813       2.833403216119e-10 
  814       2.815138173886e-10 
  815       2.796796584605e-10 
  816       2.778384166926e-10 
  817       2.759906695696e-10 
  818       2.741370002128e-10 
  819       2.722779973972e-10 
  820       2.704142555685e-10 
  821       2.685463748602e-10 
  822       2.666749611101e-10 
  823       2.648006258779e-10 
  824       2.629239864618e-10 
  825       2.610456659156e-10 
  826       2.591662930655e-10 
  827       2.572865025274e-10 
  828       2.554069347238e-10 
  829       2.535282359004e-10 
  830       2.516510581436e-10 
  831       2.497760593973e-10 
  832       2.479039034797e-10 
  833       2.460352601005e-10 
  834       2.441708048778e-10 
  835       2.423112193551e-10 
  836       2.404571910182e-10 
  837       2.386094133123e-10 
  838       2.367685856591e-10 
  839       2.349354134732e-10 
  840       2.331106081800e-10 
  841       2.312948872317e-10 
  842       2.294889741252e-10 
  843       2.276935984183e-10 
  844       2.259094957471e-10 
  845       2.241374078431e-10 
  846       2.223780825497e-10 
  847       2.206322738397e-10 
  848       2.189007418318e-10 
  849       2.171842528082e-10 
  850       2.154835792308e-10 
  851       2.137994131795e-10 
  852       2.121321050029e-10 
  853       2.104819202184e-10 
  854       2.088491256879e-10 
  855       2.072339896205e-10 
  856       2.056367815753e-10 
  857       2.040577724635e-10 
  858       2.024972345518e-10 
  859       2.009554414646e-10 
  860       1.994326681866e-10 
  861       1.979291910658e-10 
  862       1.964452878158e-10 
  863       1.949812375188e-10 
  864       1.935373206277e-10 
  865       1.921138189695e-10 
  866       1.907110157473e-10 
  867       1.893291955433e-10 
  868       1.879686443213e-10 
  869       1.866296494296e-10 
  870       1.853124996032e-10 
  871       1.840174849669e-10 
  872       1.827448970378e-10 
  873       1.814950287277e-10 
  874       1.802681743462e-10 
  875       1.790646296030e-10 
  876       1.778846916108e-10 
  877       1.767286588877e-10 
  878       1.755968313601e-10 
  879       1.744895103650e-10 
  880       1.734069986533e-10 
  881       1.723496003917e-10 
  882       1.713176211657e-10 
  883       1.703113679825e-10 
  884       1.693311492731e-10 
  885       1.683772748954e-10 
  886       1.674500561368e-10 
  887       1.665498057164e-10 
  888       1.656768377885e-10 
  889       1.648314679443e-10 
  890       1.640140132154e-10 
  891       1.632247122924e-10 
  892       1.624634847464e-10 
  893       1.617301678674e-10 
  894       1.610245960816e-10 
  895       1.603466009410e-10 
  896       1.596960111147e-10 
  897       1.590726523795e-10 
  898       1.584763476098e-10 
  899       1.579069167691e-10 
  900       1.573641769001e-10 
  901       1.568479421153e-10 
  902       1.563580235878e-10 
  903       1.558942295419e-10 
  904       1.554563652434e-10 
  905       1.550442329908e-10 
  906       1.546576321051e-10 
  907       1.542963589212e-10 
  908       1.539602067779e-10 
  909       1.536489660090e-10 
  910       1.533624239335e-10 
  911       1.531003648463e-10 
  912       1.528625700092e-10 
  913       1.526488176407e-10 
  914       1.524588829075e-10 
  915       1.522925379146e-10 
  916       1.521495516958e-10 
  917       1.520296902047e-10 
  918       1.519327163050e-10 
  919       1.518583897614e-10 
  920       1.518064672297e-10 
  921       1.517767022481e-10 
  922       1.517688452272e-10 
  923       1.517826434408e-10 
  924       1.518178410168e-10 
  925       1.518741789273e-10 
  926       1.519513949795e-10 
  927       1.520492238064e-10 
  928       1.521673968571e-10 
  929       1.523056423877e-10 
  930       1.524636854518e-10 
  931       1.526412271983e-10 
  932       1.528378824284e-10 
  933       1.530532410410e-10 
  934       1.532868886236e-10 
  935       1.535384064409e-10 
  936       1.538073714217e-10 
  937       1.540933561476e-10 
  938       1.543959288396e-10 
  939       1.547146533470e-10 
  940       1.550490891342e-10 
  941       1.553987912692e-10 
  942       1.557633104106e-10 
  943       1.561421927961e-10 
  944       1.565349802296e-10 
  945       1.569412100693e-10 
  946       1.573604152156e-10 
  947       1.577921240982e-10 
  948       1.582358606647e-10 
  949       1.586911443674e-10 
  950       1.591574901520e-10 
  951       1.596344084446e-10 
  952       1.601214051398e-10 
  953       1.606179815885e-10 
  954       1.611236345854e-10 
  955       1.616378563568e-10 
  956       1.621601345486e-10 
  957       1.626899522136e-10 
  958       1.632267877998e-10 
  959       1.637701151376e-10 
  960       1.643194034279e-10 
  961       1.648741172296e-10 
  962       1.654337164477e-10 
  963       1.659976563205e-10 
  964       1.665653874080e-10 
  965       1.671363555791e-10 
  966       1.677100019996e-10 
  967       1.682857631199e-10 
  968       1.688630706626e-10 
  969       1.694413516107e-10 
  970       1.700200281946e-10 
  971       1.705985606678e-10 
  972       1.711765763602e-10 
  973       1.717537425411e-10 
  974       1.723297238015e-10 
  975       1.729041820470e-10 
  976       1.734767764912e-10 
  977       1.740471636487e-10 
  978       1.746149973284e-10 
  979       1.751799286267e-10 
  980       1.757416059207e-10 
  981       1.762996748610e-10 
  982       1.768537783657e-10 
  983       1.774035566128e-10 
  984       1.779486470336e-10 
  985       1.784886843062e-10 
  986       1.790233003483e-10 
  987       1.795521243105e-10 
  988       1.800747825697e-10 
  989       1.805908987220e-10 
  990       1.811000935758e-10 
  991       1.816019851456e-10 
  992       1.820961886442e-10 
  993       1.825823164769e-10 
  994       1.830599782341e-10 
  995       1.835287806845e-10 
  996       1.839883277683e-10 
  997       1.844382205909e-10 
  998       1.848780574152e-10 
  999       1.853074336554e-10 
 1000       1.857259418702e-10 
 1001       1.861331717555e-10 
 1002       1.865287101382e-10 
 1003       1.869121409689e-10 
 1004       1.872830453153e-10 
 1005       1.876410013554e-10 
 1006       1.879855843705e-10 
 1007       1.883163667386e-10 
 1008       1.886329179276e-10 
 1009       1.889348044882e-10 
 1010       1.892215900474e-10 
 1011       1.894929027467e-10 
 1012       1.897486386378e-10 
 1013       1.899887612121e-10 
 1014       1.902132342232e-10 
 1015       1.904220216880e-10 
 1016       1.906150878874e-10 
 1017       1.907923973681e-10 
 1018       1.909539149431e-10 
 1019       1.910996056929e-10 
 1020       1.912294349668e-10 
 1021       1.913433683840e-10 
 1022       1.914413718344e-10 
 1023       1.915234114800e-10 
 1024       1.915894537558e-10 
 1025       1.916394653709e-10 
 1026       1.916734133098e-10 
 1027       1.916912648333e-10 
 1028       1.916929874797e-10 
 1029       1.916785490656e-10 
 1030       1.916479176877e-10 
 1031       1.916010617229e-10 
 1032       1.915379498303e-10 
 1033       1.914585509519e-10 
 1034       1.913628343134e-10 
 1035       1.912507694261e-10 
 1036       1.911223260870e-10 
 1037       1.909774743809e-10 
 1038       1.908161846805e-10 
 1039       1.906384276484e-10 
 1040       1.904441742375e-10 
 1041       1.902333956926e-10 
 1042       1.900060635512e-10 
 1043       1.897621496445e-10 
 1044       1.895016260989e-10 
 1045       1.892244653368e-10 
 1046       1.889306400777e-10 
 1047       1.886201233393e-10 
 1048       1.882928884387e-10 
 1049       1.879489089936e-10 
 1050       1.875881589229e-10 
 1051       1.872106554510e-10 
 1052       1.868165887705e-10 
 1053       1.864061941836e-10 
 1054       1.859797092693e-10 
 1055       1.855373738885e-10 
 1056       1.850794301901e-10 
 1057       1.846061226165e-10 
 1058       1.841176979099e-10 
 1059       1.836144051175e-10 
 1060       1.830964955974e-10 
 1061       1.825642230246e-10 
 1062       1.820178433966e-10 
 1063       1.814576150391e-10 
 1064       1.808837986117e-10 
 1065       1.802966571141e-10 
 1066       1.796964558912e-10 
 1067       1.790834626394e-10 
 1068       1.784579474122e-10 
 1069       1.778201826259e-10 
 1070       1.771704430652e-10 
 1071       1.765090058895e-10 
 1072       1.758361506380e-10 
 1073       1.751521592360e-10 
 1074       1.744573160004e-10 
 1075       1.737519076453e-10 
 1076       1.730362232883e-10 
 1077       1.723105544557e-10 
 1078       1.715751950885e-10 
 1079       1.708304415483e-10 
 1080       1.700765926228e-10 
 1081       1.693139495316e-10 
 1082       1.685428159322e-10 
 1083       1.677634979254e-10 
 1084       1.669763040616e-10 
 1085       1.661815453459e-10 
 1086       1.653795352442e-10 
 1087       1.645705896892e-10 
 1088       1.637550270857e-10 
 1089       1.629331683165e-10 
 1090       1.621053367485e-10 
 1091       1.612718524757e-10 
 1092       1.604330149535e-10 
 1093       1.595891201435e-10 
 1094       1.587404662599e-10 
 1095       1.578873537746e-10 
 1096       1.570300854224e-10 
 1097       1.561689662061e-10 
 1098       1.553043034018e-10 
 1099       1.544364065642e-10 
 1100       1.535655875315e-10 
 1101       1.526921604308e-10 
 1102       1.518164416830e-10 
 1103       1.509387500085e-10 
 1104       1.500594064318e-10 
 1105       1.491787342870e-10 
 1106       1.482970592230e-10 
 1107       1.474147092086e-10 
 1108       1.465320145375e-10 
 1109       1.456493078339e-10 
 1110       1.447669240574e-10 
 1111       1.438852005081e-10 
 1112       1.430044768321e-10 
 1113       1.421250950263e-10 
 1114       1.412473994439e-10 
 1115       1.403717367994e-10 
 1116       1.394984561740e-10 
 1117       1.386279090203e-10 
 1118       1.377604491682e-10 
 1119       1.368964328292e-10 
 1120       1.360362186026e-10 
 1121       1.351801674797e-10 
 1122       1.343286428497e-10 
 1123       1.334820105045e-10 
 1124       1.326406386439e-10 
 1125       1.318048978812e-10 
 1126       1.309751612476e-10 
 1127       1.301518041982e-10 
 1128       1.293352046167e-10 
 1129       1.285257428205e-10 
 1130       1.277238015665e-10 
 1131       1.269297243903e-10 
 1132       1.261436900271e-10 
 1133       1.253658363787e-10 
 1134       1.245963020332e-10 
 1135       1.238352262658e-10 
 1136       1.230827490405e-10 
 1137       1.223390110110e-10 
 1138       1.216041535222e-10 
 1139       1.208783186116e-10 
 1140       1.201616490103e-10 
 1141       1.194542881442e-10 
 1142       1.187563801358e-10 
 1143       1.180680698050e-10 
 1144       1.173895026705e-10 
 1145       1.167208249511e-10 
 1146       1.160621835669e-10 
 1147       1.154137261407e-10 
 1148       1.147756009994e-10 
 1149       1.141479571748e-10 
 1150       1.135309444054e-10 
 1151       1.129247131373e-10 
 1152       1.123294145258e-10 
 1153       1.117452004363e-10 
 1154       1.111722234459e-10 
 1155       1.106106368445e-10 
 1156       1.100605946363e-10 
 1157       1.095222515407e-10 
 1158       1.089957629939e-10 
 1159       1.084812851499e-10 
 1160       1.079789748822e-10 
 1161       1.074889897847e-10 
 1162       1.070114881730e-10 
 1163       1.065466290858e-10 
 1164       1.060945722863e-10 
 1165       1.056554782631e-10 
 1166       1.052295082319e-10 
 1167       1.048168241363e-10 
 1168       1.044175886497e-10 
 1169       1.040319651759e-10 
 1170       1.036601178510e-10 
 1171       1.033021687351e-10 
 1172       1.029580688025e-10 
 1173       1.026277253439e-10 
 1174       1.023110446272e-10 
 1175       1.020079318950e-10 
 1176       1.017182913620e-10 
 1177       1.014420262127e-10 
 1178       1.011790385985e-10 
 1179       1.009292296361e-10 
 1180       1.006924994040e-10 
 1181       1.004687469409e-10 
 1182       1.002578702425e-10 
 1183       1.000597662599e-10 
 1184       9.987433089613e-11 
 1185       9.970145900447e-11 
 1186       9.954104438564e-11 
 1187       9.939297978536e-11 
 1188       9.925715689196e-11 
 1189       9.913346633384e-11 
 1190       9.902179767703e-11 
 1191       9.892203942275e-11 
 1192       9.883407900489e-11 
 1193       9.875780278759e-11 
 1194       9.869309606275e-11 
 1195       9.863984304756e-11 
 1196       9.859792688206e-11 
 1197       9.856722962663e-11 
 1198       9.854763225956e-11 
 1199       9.853901467458e-11 
 1200       9.854125567836e-11 
 1201       9.855423298809e-11 
 1202       9.857782322898e-11 
 1203       9.861190193179e-11 
 1204       9.865634353041e-11 
 1205       9.871102135933e-11 
 1206       9.877580765121e-11 
 1207       9.885057353440e-11 
 1208       9.893518903051e-11 
 1209       9.902952305187e-11 
 1210       9.913344339913e-11 
 1211       9.924680239120e-11 
 1212       9.936939357023e-11 
 1213       9.950099446915e-11 
 1214       9.964138092818e-11 
 1215       9.979032709122e-11 
 1216       9.994760540217e-11 
 1217       1.001129866013e-10 
 1218       1.002862397217e-10 
 1219       1.004671320854e-10 
 1220       1.006554292999e-10 
 1221       1.008508952548e-10 
 1222       1.010532921174e-10 
 1223       1.012623803299e-10 
 1224       1.014779186052e-10 
 1225       1.016996639236e-10 
 1226       1.019273715288e-10 
 1227       1.021607949246e-10 
 1228       1.023996858711e-10 
 1229       1.026437943810e-10 
 1230       1.028928687162e-10 
 1231       1.031466553838e-10 
 1232       1.034048991328e-10 
 1233       1.036673429503e-10 
 1234       1.039337280578e-10 
 1235       1.042037939076e-10 
 1236       1.044772781794e-10 
 1237       1.047539167761e-10 
 1238       1.050334438209e-10 
 1239       1.053155916529e-10 
 1240       1.056000908241e-10 
 1241       1.058866700954e-10 
 1242       1.061750564329e-10 
 1243       1.064649750045e-10 
 1244       1.067561491762e-10 
 1245       1.070483005085e-10 
 1246       1.073411487523e-10 
 1247       1.076344118461e-10 
 1248       1.079278059116e-10 
 1249       1.082210452503e-10 
 1250       1.085138423402e-10 
 1251       1.088059269092e-10 
 1252       1.090971034087e-10 
 1253       1.093871942045e-10 
 1254       1.096760205581e-10 
 1255       1.099634026246e-10 
 1256       1.102491594504e-10 
 1257       1.105331089709e-10 
 1258       1.108150680087e-10 
 1259       1.110948522710e-10 
 1260       1.113722763476e-10 
 1261       1.116471537088e-10 
 1262       1.119192967032e-10 
 1263       1.121885165553e-10 
 1264       1.124546233636e-10 
 1265       1.127174260982e-10 
 1266       1.129767325989e-10 
 1267       1.132323495727e-10 
 1268       1.134840825918e-10 
 1269       1.137317360913e-10 
 1270       1.139751133673e-10 
 1271       1.142140165744e-10 
 1272       1.144482467236e-10 
 1273       1.146776036803e-10 
 1274       1.149018861618e-10 
 1275       1.151208917355e-10 
 1276       1.153344168164e-10 
 1277       1.155422566650e-10 
 1278       1.157442053854e-10 
 1279       1.159400559227e-10 
 1280       1.161296000609e-10 
 1281       1.163126284211e-10 
 1282       1.164889304589e-10 
 1283       1.166582944623e-10 
 1284       1.168205075497e-10 
 1285       1.169753556676e-10 
 1286       1.171226235883e-10 
 1287       1.172620949080e-10 
 1288       1.173935520444e-10 
 1289       1.175167762346e-10 
 1290       1.176315475330e-10 
 1291       1.177376788496e-10 
 1292       1.178351184935e-10 
 1293       1.179238487864e-10 
 1294       1.180038521275e-10 
 1295       1.180751109941e-10 
 1296       1.181376079415e-10 
 1297       1.181913256032e-10 
 1298       1.182362466917e-10 
 1299       1.182723539981e-10 
 1300       1.182996303929e-10 
 1301       1.183180588259e-10 
 1302       1.183276223269e-10 
 1303       1.183283040053e-10 
 1304       1.183200870512e-10 
 1305       1.183029547348e-10 
 1306       1.182768904075e-10 
 1307       1.182418775015e-10 
 1308       1.181978995304e-10 
 1309       1.181449400896e-10 
 1310       1.180829828562e-10 
 1311       1.180120115894e-10 
 1312       1.179320101309e-10 
 1313       1.178429624052e-10 
 1314       1.177448524196e-10 
 1315       1.176376642647e-10 
 1316       1.175213821146e-10 
 1317       1.173959902272e-10 
 1318       1.172614729442e-10 
 1319       1.171178146920e-10 
 1320       1.169649999812e-10 
 1321       1.168030134075e-10 
 1322       1.166318396516e-10 
 1323       1.164514634796e-10 
 1324       1.162618697432e-10 
 1325       1.160630433802e-10 
 1326       1.158549694143e-10 
 1327       1.156376329560e-10 
 1328       1.154110192022e-10 
 1329       1.151751134370e-10 
 1330       1.149299010316e-10 
 1331       1.146753910546e-10 
 1332       1.144116873839e-10 
 1333       1.141389183767e-10 
 1334       1.138572133318e-10 
 1335       1.135667024921e-10 
 1336       1.132675170462e-10 
 1337       1.129597891304e-10 
 1338       1.126436518302e-10 
 1339       1.123192391828e-10 
 1340       1.119866861784e-10 
 1341       1.116461287623e-10 
 1342       1.112977038370e-10 
 1343       1.109415492633e-10 
 1344       1.105778038633e-10 
 1345       1.102066074211e-10 
 1346       1.098281006857e-10 
 1347       1.094424253720e-10 
 1348       1.090497241632e-10 
 1349       1.086501407127e-10 
 1350       1.082438196454e-10 
 1351       1.078309065604e-10 
 1352       1.074115480320e-10 
 1353       1.069858916123e-10 
 1354       1.065540858326e-10 
 1355       1.061162802055e-10 
 1356       1.056726252267e-10 
 1357       1.052232723768e-10 
 1358       1.047683741232e-10 
 1359       1.043080839221e-10 
 1360       1.038425562201e-10 
 1361       1.033719464565e-10 
 1362       1.028964110646e-10 
 1363       1.024161074741e-10 
 1364       1.019311941125e-10 
 1365       1.014418304074e-10 
 1366       1.009481767880e-10 
 1367       1.004503946872e-10 
 1368       9.994864654358e-11 
 1369       9.944309580275e-11 
 1370       9.893390691977e-11 
 1371       9.842124470495e-11 
 1372       9.790527235076e-11 
 1373       9.738615338765e-11 
 1374       9.686405233975e-11 
 1375       9.633913472669e-11 
 1376       9.581156706544e-11 
 1377       9.528151687215e-11 
 1378       9.474915266391e-11 
 1379       9.421464396067e-11 
 1380       9.367816128698e-11 
 1381       9.313987617386e-11 
 1382       9.259996116063e-11 
 1383       9.205858979670e-11 
 1384       9.151593664343e-11 
 1385       9.097217727595e-11 
 1386       9.042748828496e-11 
 1387       8.988204727857e-11 
 1388       8.933603288417e-11 
 1389       8.878962475015e-11 
 1390       8.824300354785e-11 
 1391       8.769635097329e-11 
 1392       8.714984974903e-11 
 1393       8.660368362601e-11 
 1394       8.605803738535e-11 
 1395       8.551309684020e-11 
 1396       8.496904883754e-11 
 1397       8.442608126002e-11 
 1398       8.388438302778e-11 
 1399       8.334414410027e-11 
 1400       8.280555547811e-11 
 1401       8.226880920486e-11 
 1402       8.173409836889e-11 
 1403       8.120161710518e-11 
 1404       8.067156059716e-11 
 1405       8.014412507854e-11 
 1406       7.961950783510e-11 
 1407       7.909790720656e-11 
 1408       7.857952258839e-11 
 1409       7.806455443361e-11 
 1410       7.755320425466e-11 
 1411       7.704565447225e-11 
 1412       7.654200772985e-11 
 1413       7.604234695389e-11 
 1414       7.554675545020e-11 
 1415       7.505531690469e-11 
 1416       7.456811538388e-11 
 1417       7.408523533557e-11 
 1418       7.360676158945e-11 
 1419       7.313277935767e-11 
 1420       7.266337423548e-11 
 1421       7.219863220186e-11 
 1422       7.173863962009e-11 
 1423       7.128348323838e-11 
 1424       7.083325019050e-11 
 1425       7.038802799636e-11 
 1426       6.994790456265e-11 
 1427       6.951296818342e-11 
 1428       6.908330754072e-11 
 1429       6.865901170521e-11 
 1430       6.824017013674e-11 
 1431       6.782687268500e-11 
 1432       6.741920959012e-11 
 1433       6.701727148326e-11 
 1434       6.662114938726e-11 
 1435       6.623093471721e-11 
 1436       6.584671928109e-11 
 1437       6.546859528038e-11 
 1438       6.509665531065e-11 
 1439       6.473099236220e-11 
 1440       6.437169982066e-11 
 1441       6.401887146758e-11 
 1442       6.367260148108e-11 
 1443       6.333298443644e-11 
 1444       6.300011530671e-11 
 1445       6.267408946333e-11 
 1446       6.235500267672e-11 
 1447       6.204295111693e-11 
 1448       6.173803135423e-11 
 1449       6.144034035971e-11 
 1450       6.114997550591e-11 
 1451       6.086701192426e-11 
 1452       6.059143432655e-11 
 1453       6.032320449745e-11 
 1454       6.006228387468e-11 
 1455       5.980863354833e-11 
 1456       5.956221426015e-11 
 1457       5.932298640289e-11 
 1458       5.909091001962e-11 
 1459       5.886594480307e-11 
 1460       5.864805009491e-11 
 1461       5.843718488513e-11 
 1462       5.823330781129e-11 
 1463       5.803637715790e-11 
 1464       5.784635085574e-11 
 1465       5.766318648114e-11 
 1466       5.748684125533e-11 
 1467       5.731727204377e-11 
 1468       5.715443535545e-11 
 1469       5.699828734222e-11 
 1470       5.684878379812e-11 
 1471       5.670588015869e-11 
 1472       5.656953150032e-11 
 1473       5.643969253951e-11 
 1474       5.631631763226e-11 
 1475       5.619936077336e-11 
 1476       5.608877559570e-11 
 1477       5.598451536963e-11 
 1478       5.588653300224e-11 
 1479       5.579478103671e-11 
 1480       5.570921165161e-11 
 1481       5.562977666026e-11 
 1482       5.555642751000e-11 
 1483       5.548911528154e-11 
 1484       5.542779068830e-11 
 1485       5.537240407570e-11 
 1486       5.532290542048e-11 
 1487       5.527924433007e-11 
 1488       5.524137004184e-11 
 1489       5.520923142248e-11 
 1490       5.518277696729e-11 
 1491       5.516194512248e-11 
 1492       5.514663514948e-11 
 1493       5.513673597344e-11 
 1494       5.513213583316e-11 
 1495       5.513272227988e-11 
 1496       5.513838217610e-11 
 1497       5.514900169433e-11 
 1498       5.516446631594e-11 
 1499       5.518466082996e-11 
 1500       5.520946933183e-11 
 1501       5.523877522225e-11 
 1502       5.527246120596e-11 
 1503       5.531040929053e-11 
 1504       5.535250078520e-11 
 1505       5.539861629962e-11 
 1506       5.544863574270e-11 
 1507       5.550243832137e-11 
 1508       5.555990253944e-11 
 1509       5.562090619632e-11 
 1510       5.568532638588e-11 
 1511       5.575303949523e-11 
 1512       5.582392120352e-11 
 1513       5.589784648074e-11 
 1514       5.597468958651e-11 
 1515       5.605432406890e-11 
 1516       5.613662276323e-11 
 1517       5.622145779083e-11 
 1518       5.630870055790e-11 
 1519       5.639822175426e-11 
 1520       5.648989135218e-11 
 1521       5.658357860516e-11 
 1522       5.667915204675e-11 
 1523       5.677647948932e-11 
 1524       5.687542802290e-11 
 1525       5.697586401395e-11 
 1526       5.707765310416e-11 
 1527       5.718066020928e-11 
 1528       5.728474951786e-11 
 1529       5.738978449014e-11 
 1530       5.749562785675e-11 
 1531       5.760214881602e-11 
 1532       5.770924470333e-11 
 1533       5.781681952637e-11 
 1534       5.792477678468e-11 
 1535       5.803301946881e-11 
 1536       5.814145005947e-11 
 1537       5.824997052672e-11 
 1538       5.835848232914e-11 
 1539       5.846688641298e-11 
 1540       5.857508321134e-11 
 1541       5.868297264333e-11 
 1542       5.879045411326e-11 
 1543       5.889742650976e-11 
 1544       5.900378820503e-11 
 1545       5.910943705391e-11 
 1546       5.921427039312e-11 
 1547       5.931818504040e-11 
 1548       5.942107729369e-11 
 1549       5.952284293027e-11 
 1550       5.962337720599e-11 
 1551       5.972257485434e-11 
 1552       5.982033008572e-11 
 1553       5.991653658655e-11 
 1554       6.001108751844e-11 
 1555       6.010387551740e-11 
 1556       6.019479269294e-11 
 1557       6.028373062729e-11 
 1558       6.037058037458e-11 
 1559       6.045523245994e-11 
 1560       6.053757687874e-11 
 1561       6.061750309572e-11 
 1562       6.069490004416e-11 
 1563       6.076965612506e-11 
 1564       6.084165920631e-11 
 1565       6.091079662184e-11 
 1566       6.097695517080e-11 
 1567       6.104002111674e-11 
 1568       6.109988018675e-11 
 1569       6.115641757065e-11 
 1570       6.120951792016e-11 
 1571       6.125908146159e-11 
 1572       6.130507249980e-11 
 1573       6.134747136426e-11 
 1574       6.138625833640e-11 
 1575       6.142141364963e-11 
 1576       6.145291748922e-11 
 1577       6.148074999231e-11 
 1578       6.150489124781e-11 
 1579       6.152532129639e-11 
 1580       6.154202013042e-11 
 1581       6.155496769391e-11 
 1582       6.156414388248e-11 
 1583       6.156952854328e-11 
 1584       6.157110147498e-11 
 1585       6.156884242770e-11 
 1586       6.156273110297e-11 
 1587       6.155274715364e-11 
 1588       6.153887018391e-11 
 1589       6.152107974922e-11 
 1590       6.149935535621e-11 
 1591       6.147367646270e-11 
 1592       6.144402247758e-11 
 1593       6.141037276085e-11 
 1594       6.137270662350e-11 
 1595       6.133100332747e-11 
 1596       6.128524208565e-11 
 1597       6.123540206175e-11 
 1598       6.118146237035e-11 
 1599       6.112340207674e-11 
 1600       6.106120019699e-11 
 1601       6.099483569779e-11 
 1602       6.092428749648e-11 
 1603       6.084953446096e-11 
 1604       6.077055540965e-11 
 1605       6.068732911147e-11 
 1606       6.059983428574e-11 
 1607       6.050804960216e-11 
 1608       6.041195368077e-11 
 1609       6.031152509189e-11 
 1610       6.020674235604e-11 
 1611       6.009759661204e-11 
 1612       5.998412974690e-11 
 1613       5.986639661209e-11 
 1614       5.974445238733e-11 
 1615       5.961835258121e-11 
 1616       5.948815303170e-11 
 1617       5.935390990665e-11 
 1618       5.921567970439e-11 
 1619       5.907351925422e-11 
 1620       5.892748571694e-11 
 1621       5.877763658545e-11 
 1622       5.862402968521e-11 
 1623       5.846672317482e-11 
 1624       5.830577554655e-11 
 1625       5.814124562686e-11 
 1626       5.797319257696e-11 
 1627       5.780167589335e-11 
 1628       5.762675540830e-11 
 1629       5.744849129047e-11 
 1630       5.726694404539e-11 
 1631       5.708217451601e-11 
 1632       5.689424388324e-11 
 1633       5.670321366648e-11 
 1634       5.650914572416e-11 
 1635       5.631210225430e-11 
 1636       5.611214579499e-11 
 1637       5.590933922498e-11 
 1638       5.570374576419e-11 
 1639       5.549542897427e-11 
 1640       5.528445275911e-11 
 1641       5.507088136536e-11 
 1642       5.485477938304e-11 
 1643       5.463621174599e-11 
 1644       5.441524373247e-11 
 1645       5.419194096566e-11 
 1646       5.396636941422e-11 
 1647       5.373859539279e-11 
 1648       5.350868556260e-11 
 1649       5.327670693190e-11 
 1650       5.304272685659e-11 
 1651       5.280681457088e-11 
 1652       5.256904579314e-11 
 1653       5.232949816194e-11 
 1654       5.208824971019e-11 
 1655       5.184537886575e-11 
 1656       5.160096445201e-11 
 1657       5.135508568854e-11 
 1658       5.110782219165e-11 
 1659       5.085925397501e-11 
 1660       5.060946145028e-11 
 1661       5.035852542765e-11 
 1662       5.010652711651e-11 
 1663       4.985354812600e-11 
 1664       4.959967046568e-11 
 1665       4.934497654606e-11 
 1666       4.908954917924e-11 
 1667       4.883347157952e-11 
 1668       4.857682736400e-11 
 1669       4.831970055316e-11 
 1670       4.806217557151e-11 
 1671       4.780433724814e-11 
 1672       4.754627081737e-11 
 1673       4.728806191931e-11 
 1674       4.702979660051e-11 
 1675       4.677156131453e-11 
 1676       4.651344292257e-11 
 1677       4.625552869404e-11 
 1678       4.599790630720e-11 
 1679       4.574066384972e-11 
 1680       4.548388981934e-11 
 1681       4.522767312444e-11 
 1682       4.497210308463e-11 
 1683       4.471726943138e-11 
 1684       4.446326230863e-11 
 1685       4.421017227336e-11 
 1686       4.395809029623e-11 
 1687       4.370710776215e-11 
 1688       4.345731647091e-11 
 1689       4.320880863778e-11 
 1690       4.296167689410e-11 
 1691       4.271600594515e-11 
 1692       4.247184746352e-11 
 1693       4.222924497972e-11 
 1694       4.198824220545e-11 
 1695       4.174888303384e-11 
 1696       4.151121153974e-11 
 1697       4.127527197993e-11 
 1698       4.104110879341e-11 
 1699       4.080876660163e-11 
 1700       4.057829020875e-11 
 1701       4.034972460191e-11 
 1702       4.012311495148e-11 
 1703       3.989850661127e-11 
 1704       3.967594511884e-11 
 1705       3.945547619575e-11 
 1706       3.923714574777e-11 
 1707       3.902099986518e-11 
 1708       3.880708482297e-11 
 1709       3.859544708119e-11 
 1710       3.838613328507e-11 
 1711       3.817919026541e-11 
 1712       3.797466503873e-11 
 1713       3.777260480758e-11 
 1714       3.757305696077e-11 
 1715       3.737606907365e-11 
 1716       3.718168890832e-11 
 1717       3.698996441393e-11 
 1718       3.680094372690e-11 
 1719       3.661467517119e-11 
 1720       3.643120725857e-11 
 1721       3.625058868884e-11 
 1722       3.607286835008e-11 
 1723       3.589809531896e-11 
 1724       3.572631886093e-11 
 1725       3.555758843053e-11 
 1726       3.539195367157e-11 
 1727       3.522946441747e-11 
 1728       3.507017069145e-11 
 1729       3.491412270681e-11 
 1730       3.476137086720e-11 
 1731       3.461195508959e-11 
 1732       3.446587267411e-11 
 1733       3.432311016317e-11 
 1734       3.418365399384e-11 
 1735       3.404749049768e-11 
 1736       3.391460590058e-11 
 1737       3.378498632260e-11 
 1738       3.365861777775e-11 
 1739       3.353548617385e-11 
 1740       3.341557731236e-11 
 1741       3.329887688820e-11 
 1742       3.318537048957e-11 
 1743       3.307504359776e-11 
 1744       3.296788158703e-11 
 1745       3.286386972439e-11 
 1746       3.276299316943e-11 
 1747       3.266523697417e-11 
 1748       3.257058608286e-11 
 1749       3.247902533184e-11 
 1750       3.239053944933e-11 
 1751       3.230511305528e-11 
 1752       3.222273066118e-11 
 1753       3.214337666991e-11 
 1754       3.206703537553e-11 
 1755       3.199369096316e-11 
 1756       3.192332750875e-11 
 1757       3.185592897895e-11 
 1758       3.179147923090e-11 
 1759       3.172996201208e-11 
 1760       3.167136096015e-11 
 1761       3.161565960273e-11 
 1762       3.156284135728e-11 
 1763       3.151288953089e-11 
 1764       3.146578732011e-11 
 1765       3.142151781080e-11 
 1766       3.138006397793e-11 
 1767       3.134140868542e-11 
 1768       3.130553468596e-11 
 1769       3.127242462085e-11 
 1770       3.124206101981e-11 
 1771       3.121442083142e-11 
 1772       3.118945896542e-11 
 1773       3.116712461406e-11 
 1774       3.114736670879e-11 
 1775       3.113013391990e-11 
 1776       3.111537465611e-11 
 1777       3.110303706419e-11 
 1778       3.109306902858e-11 
 1779       3.108541817101e-11 
 1780       3.108003185011e-11 
 1781       3.107685716106e-11 
 1782       3.107584093515e-11 
 1783       3.107692973944e-11 
 1784       3.108006987637e-11 
 1785       3.108520738337e-11 
 1786       3.109228803247e-11 
 1787       3.110125732995e-11 
 1788       3.111206051591e-11 
 1789       3.112464256394e-11 
 1790       3.113894818069e-11 
 1791       3.115492180551e-11 
 1792       3.117250761007e-11 
 1793       3.119164949796e-11 
 1794       3.121229110436e-11 
 1795       3.123437579555e-11 
 1796       3.125784666866e-11 
 1797       3.128264655118e-11 
 1798       3.130871800064e-11 
 1799       3.133600330420e-11 
 1800       3.136444447826e-11 
 1801       3.139398326813e-11 
 1802       3.142456114756e-11 
 1803       3.145611931844e-11 
 1804       3.148859871038e-11 
 1805       3.152193998031e-11 
 1806       3.155608351215e-11 
 1807       3.159096941637e-11 
 1808       3.162653752965e-11 
 1809       3.166272741447e-11 
 1810       3.169947835874e-11 
 1811       3.173673176632e-11 
 1812       3.177443835041e-11 
 1813       3.181255099756e-11 
 1814       3.185102238167e-11 
 1815       3.188980496376e-11 
 1816       3.192885099163e-11 
 1817       3.196811249960e-11 
 1818       3.200754130819e-11 
 1819       3.204708902384e-11 
 1820       3.208670703861e-11 
 1821       3.212634652987e-11 
 1822       3.216595846003e-11 
 1823       3.220549357625e-11 
 1824       3.224490241009e-11 
 1825       3.228413527728e-11 
 1826       3.232314227739e-11 
 1827       3.236187329355e-11 
 1828       3.240027799215e-11 
 1829       3.243830582251e-11 
 1830       3.247590601667e-11 
 1831       3.251302758899e-11 
 1832       3.254961933595e-11 
 1833       3.258562983577e-11 
 1834       3.262100744820e-11 
 1835       3.265570031416e-11 
 1836       3.268965635545e-11 
 1837       3.272282327451e-11 
 1838       3.275514855404e-11 
 1839       3.278657945679e-11 
 1840       3.281706302520e-11 
 1841       3.284654608115e-11 
 1842       3.287497522564e-11 
 1843       3.290229683848e-11 
 1844       3.292845707804e-11 
 1845       3.295340188091e-11 
 1846       3.297707696165e-11 
 1847       3.299942781245e-11 
 1848       3.302039970284e-11 
 1849       3.303993767945e-11 
 1850       3.305798656565e-11 
 1851       3.307449808459e-11 
 1852       3.308945229048e-11 
 1853       3.310283630619e-11 
 1854       3.311463721522e-11 
 1855       3.312484206169e-11 
 1856       3.313343785027e-11 
 1857       3.314041154616e-11 
 1858       3.314575007503e-11 
 1859       3.314944032296e-11 
 1860       3.315146913642e-11 
 1861       3.315182332222e-11 
 1862       3.315048964744e-11 
 1863       3.314745483941e-11 
 1864       3.314270558567e-11 
 1865       3.313622853388e-11 
 1866       3.312801029183e-11 
 1867       3.311803742736e-11 
 1868       3.310629646831e-11 
 1869       3.309277390249e-11 
 1870       3.307745617766e-11 
 1871       3.306032970142e-11 
 1872       3.304138084121e-11 
 1873       3.302059592426e-11 
 1874       3.299796123753e-11 
 1875       3.297346302767e-11 
 1876       3.294708750098e-11 
 1877       3.291882082336e-11 
 1878       3.288864912027e-11 
 1879       3.285655847667e-11 
 1880       3.282253493698e-11 
 1881       3.278656450504e-11 
 1882       3.274863314407e-11 
 1883       3.270872677660e-11 
 1884       3.266683128445e-11 
 1885       3.262293250867e-11 
 1886       3.257701624949e-11 
 1887       3.252906826630e-11 
 1888       3.247907427757e-11 
 1889       3.242701996082e-11 
 1890       3.237289095259e-11 
 1891       3.231667908821e-11 
 1892       3.225840117413e-11 
 1893       3.219808036078e-11 
 1894       3.213573991612e-11 
 1895       3.207140322574e-11 
 1896       3.200509379310e-11 
 1897       3.193683523963e-11 
 1898       3.186665130492e-11 
 1899       3.179456584687e-11 
 1900       3.172060284188e-11 
 1901       3.164478638499e-11 
 1902       3.156714069005e-11 
 1903       3.148769008988e-11 
 1904       3.140645903645e-11 
 1905       3.132347210103e-11 
 1906       3.123875397432e-11 
 1907       3.115232946670e-11 
 1908       3.106422350831e-11 
 1909       3.097446114924e-11 
 1910       3.088306755972e-11 
 1911       3.079006803024e-11 
 1912       3.069548797176e-11 
 1913       3.059935291582e-11 
 1914       3.050168851475e-11 
 1915       3.040252054181e-11 
 1916       3.030187489136e-11 
 1917       3.019977757903e-11 
 1918       3.009625474187e-11 
 1919       2.999133263850e-11 
 1920       2.988503764933e-11 
 1921       2.977739627665e-11 
 1922       2.966843514487e-11 
 1923       2.955818100060e-11 
 1924       2.944666071288e-11 
 1925       2.933390127332e-11 
 1926       2.921992979626e-11 
 1927       2.910477351894e-11 
 1928       2.898845980166e-11 
 1929       2.887101612794e-11 
 1930       2.875247010468e-11 
 1931       2.863285092914e-11 
 1932       2.851219380153e-11 
 1933       2.839053554618e-11 
 1934       2.826791314798e-11 
 1935       2.814436375262e-11 
 1936       2.801992466674e-11 
 1937       2.789463335821e-11 
 1938       2.776852745631e-11 
 1939       2.764164475193e-11 
 1940       2.751402319780e-11 
 1941       2.738570090867e-11 
 1942       2.725671616159e-11 
 1943       2.712710739602e-11 
 1944       2.699691321414e-11 
 1945       2.686617238098e-11 
 1946       2.673492382469e-11 
 1947       2.660320663672e-11 
 1948       2.647106007203e-11 
 1949       2.633852354932e-11 
 1950       2.620563665121e-11 
 1951       2.607243912448e-11 
 1952       2.593897088028e-11 
 1953       2.580527199432e-11 
 1954       2.567138270709e-11 
 1955       2.553734342406e-11 
 1956       2.540319471593e-11 
 1957       2.526897731880e-11 
 1958       2.513473213439e-11 
 1959       2.500050023024e-11 
 1960       2.486632283998e-11 
 1961       2.473224136344e-11 
 1962       2.459829736696e-11 
 1963       2.446453258353e-11 
 1964       2.433098891305e-11 
 1965       2.419770842249e-11 
 1966       2.406473334616e-11 
 1967       2.393210608586e-11 
 1968       2.379986921114e-11 
 1969       2.366806545949e-11 
 1970       2.353673773654e-11 
 1971       2.340592580869e-11 
 1972       2.327565635371e-11 
 1973       2.314595283665e-11 
 1974       2.301683881087e-11 
 1975       2.288833791815e-11 
 1976       2.276047388877e-11 
 1977       2.263327054165e-11 
 1978       2.250675178444e-11 
 1979       2.238094161363e-11 
 1980       2.225586411467e-11 
 1981       2.213154346206e-11 
 1982       2.200800391948e-11 
 1983       2.188526983989e-11 
 1984       2.176336566562e-11 
 1985       2.164231592851e-11 
 1986       2.152214524998e-11 
 1987       2.140287834120e-11 
 1988       2.128454000314e-11 
 1989       2.116715512668e-11 
 1990       2.105074869276e-11 
 1991       2.093534577248e-11 
 1992       2.082097152715e-11 
 1993       2.070765120848e-11 
 1994       2.059541015865e-11 
 1995       2.048427381039e-11 
 1996       2.037426768715e-11 
 1997       2.026541740317e-11 
 1998       2.015774866358e-11 
 1999       2.005128726454e-11 
 2000       1.994605909333e-11 
 2001       1.984209012846e-11 
 2002       1.973940643978e-11 
 2003       1.963803418858e-11 
 2004       1.953799962772e-11 
 2005       1.943932910172e-11 
 2006       1.934204904687e-11 
 2007       1.924618599135e-11 
 2008       1.915176655532e-11 
 2009       1.905881745104e-11 
 2010       1.896736548301e-11 
 2011       1.887743262353e-11 
 2012       1.878902120036e-11 
 2013       1.870212860148e-11 
 2014       1.861675218979e-11 
 2015       1.853288930304e-11 
 2016       1.845053725382e-11 
 2017       1.836969332948e-11 
 2018       1.829035479213e-11 
 2019       1.821251887859e-11 
 2020       1.813618280034e-11 
 2021       1.806134374352e-11 
 2022       1.798799886883e-11 
 2023       1.791614531156e-11 
 2024       1.784578018152e-11 
 2025       1.777690056298e-11 
 2026       1.770950351469e-11 
 2027       1.764358606978e-11 
 2028       1.757914523577e-11 
 2029       1.751617799451e-11 
 2030       1.745468130214e-11 
 2031       1.739465208907e-11 
 2032       1.733608725992e-11 
 2033       1.727898369350e-11 
 2034       1.722333824278e-11 
 2035       1.716914773482e-11 
 2036       1.711640897075e-11 
 2037       1.706511872576e-11 
 2038       1.701527374900e-11 
 2039       1.696687076361e-11 
 2040       1.691990646663e-11 
 2041       1.687437752901e-11 
 2042       1.683028059552e-11 
 2043       1.678761228475e-11 
 2044       1.674636918906e-11 
 2045       1.670654787456e-11 
 2046       1.666814488102e-11 
 2047       1.663115672190e-11 
 2048       1.659557988427e-11 
 2049       1.656141082880e-11 
 2050       1.652864598967e-11 
 2051       1.649727877511e-11 
 2052       1.646729054544e-11 
 2053       1.643865957051e-11 
 2054       1.641136402326e-11 
 2055       1.638538197960e-11 
 2056       1.636069141826e-11 
 2057       1.633727022067e-11 
 2058       1.631509617088e-11 
 2059       1.629414695536e-11 
 2060       1.627440016295e-11 
 2061       1.625583328469e-11 
 2062       1.623842371374e-11 
 2063       1.622214874521e-11 
 2064       1.620698557606e-11 
 2065       1.619291130499e-11 
 2066       1.617990293227e-11 
 2067       1.616793735969e-11 
 2068       1.615699139037e-11 
 2069       1.614704172867e-11 
 2070       1.613806498007e-11 
 2071       1.613003765101e-11 
 2072       1.612293614882e-11 
 2073       1.611673678157e-11 
 2074       1.611141575793e-11 
 2075       1.610694918708e-11 
 2076       1.610331307856e-11 
 2077       1.610048334218e-11 
 2078       1.609843578786e-11 
 2079       1.609714612551e-11 
 2080       1.609658996495e-11 
 2081       1.609674281574e-11 
 2082       1.609758008707e-11 
 2083       1.609907708765e-11 
 2084       1.610120902557e-11 
 2085       1.610395100818e-11 
 2086       1.610727804200e-11 
 2087       1.611116503253e-11 
 2088       1.611558678419e-11 
 2089       1.612051800017e-11 
 2090       1.612593328229e-11 
 2091       1.613180762045e-11 
 2092       1.613811786481e-11 
 2093       1.614484126362e-11 
 2094       1.615195497458e-11 
 2095       1.615943606465e-11 
 2096       1.616726151003e-11 
 2097       1.617540819598e-11 
 2098       1.618385291673e-11 
 2099       1.619257237539e-11 
 2100       1.620154318382e-11 
 2101       1.621074186251e-11 
 2102       1.622014484052e-11 
 2103       1.622972845532e-11 
 2104       1.623946895268e-11 
 2105       1.624934248660e-11 
 2106       1.625932511917e-11 
 2107       1.626939282047e-11 
 2108       1.627952146847e-11 
 2109       1.628968684888e-11 
 2110       1.629986465510e-11 
 2111       1.631003048806e-11 
 2112       1.632015985614e-11 
 2113       1.633022817505e-11 
 2114       1.634021076772e-11 
 2115       1.635008286418e-11 
 2116       1.635981960148e-11 
 2117       1.636939602356e-11 
 2118       1.637878708113e-11 
 2119       1.638796763159e-11 
 2120       1.639691243888e-11 
 2121       1.640559617342e-11 
 2122       1.641399341196e-11 
 2123       1.642207863748e-11 
 2124       1.642982623910e-11 
 2125       1.643721051194e-11 
 2126       1.644420565704e-11 
 2127       1.645078578122e-11 
 2128       1.645692489700e-11 
 2129       1.646259692248e-11 
 2130       1.646777568120e-11 
 2131       1.647243783683e-11 
 2132       1.647657171918e-11 
 2133       1.648016855859e-11 
 2134       1.648321955663e-11 
 2135       1.648571588608e-11 
 2136       1.648764869089e-11 
 2137       1.648900908616e-11 
 2138       1.648978815810e-11 
 2139       1.648997696402e-11 
 2140       1.648956653224e-11 
 2141       1.648854786213e-11 
 2142       1.648691192403e-11 
 2143       1.648464965923e-11 
 2144       1.648175197995e-11 
 2145       1.647820976929e-11 
 2146       1.647401388121e-11 
 2147       1.646915514049e-11 
 2148       1.646362434271e-11 
 2149       1.645741225419e-11 
 2150       1.645050961200e-11 
 2151       1.644290712390e-11 
 2152       1.643459546830e-11 
 2153       1.642556529425e-11 
 2154       1.641580722141e-11 
 2155       1.640531183998e-11 
 2156       1.639406971073e-11 
 2157       1.638207136490e-11 
 2158       1.636930730422e-11 
 2159       1.635576800086e-11 
 2160       1.634144389738e-11 
 2161       1.632632540672e-11 
 2162       1.631040291218e-11 
 2163       1.629366676735e-11 
 2164       1.627610729610e-11 
 2165       1.625771479256e-11 
 2166       1.623847952106e-11 
 2167       1.621839171611e-11 
 2168       1.619744158239e-11 
 2169       1.617561929467e-11 
 2170       1.615291499783e-11 
 2171       1.612932177035e-11 
 2172       1.610484453690e-11 
 2173       1.607949121579e-11 
 2174       1.605326976092e-11 
 2175       1.602618816181e-11 
 2176       1.599825444367e-11 
 2177       1.596947666742e-11 
 2178       1.593986292972e-11 
 2179       1.590942136308e-11 
 2180       1.587816013580e-11 
 2181       1.584608745211e-11 
 2182       1.581321155215e-11 
 2183       1.577954071205e-11 
 2184       1.574508324396e-11 
 2185       1.570984749607e-11 
 2186       1.567384185271e-11 
 2187       1.563707473433e-11 
 2188       1.559955459759e-11 
 2189       1.556128993538e-11 
 2190       1.552228927687e-11 
 2191       1.548256118755e-11 
 2192       1.544211426929e-11 
 2193       1.540095716034e-11 
 2194       1.535909853543e-11 
 2195       1.531654710577e-11 
 2196       1.527331161913e-11 
 2197       1.522940085984e-11 
 2198       1.518482364886e-11 
 2199       1.513958884383e-11 
 2200       1.509370533908e-11 
 2201       1.504718206573e-11 
 2202       1.500002799168e-11 
 2203       1.495225212166e-11 
 2204       1.490386349731e-11 
 2205       1.485487119718e-11 
 2206       1.480528433680e-11 
 2207       1.475511206873e-11 
 2208       1.470436358256e-11 
 2209       1.465304810500e-11 
 2210       1.460117489991e-11 
 2211       1.454875433314e-11 
 2212       1.449580107478e-11 
 2213       1.444233091820e-11 
 2214       1.438835971724e-11 
 2215       1.433390338629e-11 
 2216       1.427897790036e-11 
 2217       1.422359929512e-11 
 2218       1.416778366700e-11 
 2219       1.411154717325e-11 
 2220       1.405490603202e-11 
 2221       1.399787652239e-11 
 2222       1.394047498451e-11 
 2223       1.388271781957e-11 
 2224       1.382462148999e-11 
 2225       1.376620251938e-11 
 2226       1.370747749268e-11 
 2227       1.364846305619e-11 
 2228       1.358917591766e-11 
 2229       1.352963284637e-11 
 2230       1.346985067315e-11 
 2231       1.340984629052e-11 
 2232       1.334963665270e-11 
 2233       1.328923877570e-11 
 2234       1.322866973740e-11 
 2235       1.316794667761e-11 
 2236       1.310708679814e-11 
 2237       1.304610736287e-11 
 2238       1.298502569782e-11 
 2239       1.292385919121e-11 
 2240       1.286262529354e-11 
 2241       1.280134151767e-11 
 2242       1.274002543887e-11 
 2243       1.267869469490e-11 
 2244       1.261736698605e-11 
 2245       1.255606007528e-11 
 2246       1.249479178820e-11 
 2247       1.243358001322e-11 
 2248       1.237244270156e-11 
 2249       1.231139786735e-11 
 2250       1.225046358770e-11 
 2251       1.218965689017e-11 
 2252       1.212899040717e-11 
 2253       1.206847569994e-11 
 2254       1.200812436921e-11 
 2255       1.194794805525e-11 
 2256       1.188795843790e-11 
 2257       1.182816723661e-11 
 2258       1.176858621051e-11 
 2259       1.170922715842e-11 
 2260       1.165010191891e-11 
 2261       1.159122237035e-11 
 2262       1.153260043091e-11 
 2263       1.147424805869e-11 
 2264       1.141617725166e-11 
 2265       1.135840004779e-11 
 2266       1.130092852502e-11 
 2267       1.124377480138e-11 
 2268       1.118695103497e-11 
 2269       1.113046942401e-11 
 2270       1.107434220693e-11 
 2271       1.101858166237e-11 
 2272       1.096320010922e-11 
 2273       1.090820990669e-11 
 2274       1.085362345435e-11 
 2275       1.079945319215e-11 
 2276       1.074571160048e-11 
 2277       1.069241120021e-11 
 2278       1.063956455274e-11 
 2279       1.058718426003e-11 
 2280       1.053528296465e-11 
 2281       1.048387334982e-11 
 2282       1.043296813947e-11 
 2283       1.038258009825e-11 
 2284       1.033272203160e-11 
 2285       1.028340678579e-11 
 2286       1.023464724795e-11 
 2287       1.018645634613e-11 
 2288       1.013884704933e-11 
 2289       1.009183236754e-11 
 2290       1.004542535180e-11 
 2291       9.999636998082e-12 
 2292       9.954469944255e-12 
 2293       9.909924732923e-12 
 2294       9.866001903919e-12 
 2295       9.822701994302e-12 
 2296       9.780025538349e-12 
 2297       9.737973067552e-12 
 2298       9.696545110609e-12 
 2299       9.655742193427e-12 
 2300       9.615564839110e-12 
 2301       9.576013567958e-12 
 2302       9.537088897459e-12 
 2303       9.498791342289e-12 
 2304       9.461121414303e-12 
 2305       9.424079622532e-12 
 2306       9.387666473178e-12 
 2307       9.351882469610e-12 
 2308       9.316728112356e-12 
 2309       9.282203899104e-12 
 2310       9.248310324690e-12 
 2311       9.215047881100e-12 
 2312       9.182417057460e-12 
 2313       9.150418340035e-12 
 2314       9.119052212221e-12 
 2315       9.088319154543e-12 
 2316       9.058219644649e-12 
 2317       9.028754157305e-12 
 2318       8.999923164389e-12 
 2319       8.971727134890e-12 
 2320       8.944166534900e-12 
 2321       8.917241827608e-12 
 2322       8.890953473300e-12 
 2323       8.865301929350e-12 
 2324       8.840287650217e-12 
 2325       8.815911087440e-12 
 2326       8.792172689632e-12 
 2327       8.769072902478e-12 
 2328       8.746612168728e-12 
 2329       8.724790928191e-12 
 2330       8.703609617734e-12 
 2331       8.683067171521e-12 
 2332       8.663156511463e-12 
 2333       8.643869028436e-12 
 2334       8.625196079422e-12 
 2335       8.607128987474e-12 
 2336       8.589659041675e-12 
 2337       8.572777497103e-12 
 2338       8.556475574792e-12 
 2339       8.540744461693e-12 
 2340       8.525575310638e-12 
 2341       8.510959240301e-12 
 2342       8.496887335158e-12 
 2343       8.483350645455e-12 
 2344       8.470340187163e-12 
 2345       8.457846941946e-12 
 2346       8.445861857119e-12 
 2347       8.434375845613e-12 
 2348       8.423379785934e-12 
 2349       8.412864522129e-12 
 2350       8.402820863745e-12 
 2351       8.393239585792e-12 
 2352       8.384111428705e-12 
 2353       8.375427098307e-12 
 2354       8.367177265770e-12 
 2355       8.359352567577e-12 
 2356       8.351943605485e-12 
 2357       8.344940946487e-12 
 2358       8.338335122774e-12 
 2359       8.332116631696e-12 
 2360       8.326275935726e-12 
 2361       8.320803462419e-12 
 2362       8.315689604379e-12 
 2363       8.310924719216e-12 
 2364       8.306499129512e-12 
 2365       8.302403122781e-12 
 2366       8.298626951431e-12 
 2367       8.295160832726e-12 
 2368       8.291994948751e-12 
 2369       8.289119446371e-12 
 2370       8.286524437193e-12 
 2371       8.284199953327e-12 
 2372       8.282135814447e-12 
 2373       8.280321759832e-12 
 2374       8.278747492456e-12 
 2375       8.277402678951e-12 
 2376       8.276276949564e-12 
 2377       8.275359898124e-12 
 2378       8.274641081996e-12 
 2379       8.274110022048e-12 
 2380       8.273756202612e-12 
 2381       8.273569071439e-12 
 2382       8.273538039667e-12 
 2383       8.273652481781e-12 
 2384       8.273901735569e-12 
 2385       8.274275102089e-12 
 2386       8.274761845629e-12 
 2387       8.275351193666e-12 
 2388       8.276032336828e-12 
 2389       8.276794428856e-12 
 2390       8.277626586566e-12 
 2391       8.278517889805e-12 
 2392       8.279457381421e-12 
 2393       8.280434067214e-12 
 2394       8.281436915908e-12 
 2395       8.282454859101e-12 
 2396       8.283476791235e-12 
 2397       8.284491569552e-12 
 2398       8.285488014059e-12 
 2399       8.286454907484e-12 
 2400       8.287380995243e-12 
 2401       8.288254985397e-12 
 2402       8.289065548615e-12 
 2403       8.289801318135e-12 
 2404       8.290450889723e-12 
 2405       8.291002821638e-12 
 2406       8.291445634591e-12 
 2407       8.291767811705e-12 
 2408       8.291957798479e-12 
 2409       8.292004002747e-12 
 2410       8.291894794639e-12 
 2411       8.291619615749e-12 
 2412       8.291172314077e-12 
 2413       8.290547829259e-12 
 2414       8.289741085190e-12 
 2415       8.288746990002e-12 
 2416       8.287560436056e-12 
 2417       8.286176299917e-12 
 2418       8.284589442346e-12 
 2419       8.282794708278e-12 
 2420       8.280786926811e-12 
 2421       8.278560911185e-12 
 2422       8.276111458771e-12 
 2423       8.273433351051e-12 
 2424       8.270521353605e-12 
 2425       8.267370216094e-12 
 2426       8.263974672242e-12 
 2427       8.260329439824e-12 
 2428       8.256429220647e-12 
 2429       8.252268700535e-12 
 2430       8.247842549313e-12 
 2431       8.243145420792e-12 
 2432       8.238171952751e-12 
 2433       8.232916766922e-12 
 2434       8.227374468975e-12 
 2435       8.221539648502e-12 
 2436       8.215406878998e-12 
 2437       8.208970717850e-12 
 2438       8.202225706315e-12 
 2439       8.195166369512e-12 
 2440       8.187787216398e-12 
 2441       8.180082739756e-12 
 2442       8.172047416180e-12 
 2443       8.163675706055e-12 
 2444       8.154962053548e-12 
 2445       8.145900886583e-12 
 2446       8.136486616832e-12 
 2447       8.126713639698e-12 
 2448       8.116576334295e-12 
 2449       8.106069063436e-12 
 2450       8.095186173618e-12 
 2451       8.083923408789e-12 
 2452       8.072282160929e-12 
 2453       8.060265244836e-12 
 2454       8.047875486648e-12 
 2455       8.035115723865e-12 
 2456       8.021988805353e-12 
 2457       8.008497591363e-12 
 2458       7.994644953537e-12 
 2459       7.980433774926e-12 
 2460       7.965866949998e-12 
 2461       7.950947384652e-12 
 2462       7.935677996232e-12 
 2463       7.920061713534e-12 
 2464       7.904101476826e-12 
 2465       7.887800237853e-12 
 2466       7.871160959853e-12 
 2467       7.854186617570e-12 
 2468       7.836880197261e-12 
 2469       7.819244696718e-12 
 2470       7.801283125269e-12 
 2471       7.782998503798e-12 
 2472       7.764393864755e-12 
 2473       7.745472252168e-12 
 2474       7.726236721655e-12 
 2475       7.706690340438e-12 
 2476       7.686836187352e-12 
 2477       7.666677352862e-12 
 2478       7.646216939070e-12 
 2479       7.625458059731e-12 
 2480       7.604403840264e-12 
 2481       7.583057417764e-12 
 2482       7.561421941017e-12 
 2483       7.539500570505e-12 
 2484       7.517296478429e-12 
 2485       7.494812848711e-12 
 2486       7.472052877014e-12 
 2487       7.449019770748e-12 
 2488       7.425716749087e-12 
 2489       7.402147042980e-12 
 2490       7.378313895162e-12 
 2491       7.354218796593e-12 
 2492       7.329856184417e-12 
 2493       7.305218712861e-12 
 2494       7.280299013959e-12 
 2495       7.255089697527e-12 
 2496       7.229583351141e-12 
 2497       7.203772540119e-12 
 2498       7.177649807497e-12 
 2499       7.151207674005e-12 
 2500       7.124438638051e-12 
