# dimensionless total [l(l+1)/2pi] C_l's
# for l=2 to 2500, i.e. number of multipoles equal to 2499
#
# -> if you prefer output in CAMB/HealPix/LensPix units/order, set 'format' to 'camb' in input file
# -> if you don't want to see such a header, set 'headers' to 'no' in input file
#
# 1:l     2:TT                 
    2       2.856246573119e-10 
    3       2.569584072029e-10 
    4       2.341158404993e-10 
    5       2.168143159195e-10 
    6       2.036396181224e-10 
    7       1.934477872722e-10 
    8       1.855258665327e-10 
    9       1.791724166923e-10 
   10       1.740585878627e-10 
   11       1.699676393942e-10 
   12       1.667008156512e-10 
   13       1.640599566343e-10 
   14       1.619691903790e-10 
   15       1.603080063801e-10 
   16       1.591163627280e-10 
   17       1.583628365668e-10 
   18       1.578720879491e-10 
   19       1.576635774663e-10 
   20       1.577263462312e-10 
   21       1.580568228760e-10 
   22       1.585967525003e-10 
   23       1.593444624785e-10 
   24       1.602776159941e-10 
   25       1.613910493958e-10 
   26       1.626583947048e-10 
   27       1.640730387703e-10 
   28       1.656176745519e-10 
   29       1.672975231286e-10 
   30       1.691035293654e-10 
   31       1.710098140101e-10 
   32       1.730226099377e-10 
   33       1.751456366369e-10 
   34       1.773705343741e-10 
   35       1.796946208670e-10 
   36       1.821065919380e-10 
   37       1.845884445619e-10 
   38       1.871432223152e-10 
   39       1.897746851847e-10 
   40       1.924788678759e-10 
   41       1.952478236520e-10 
   42       1.980842268641e-10 
   43       2.009901900457e-10 
   44       2.039626658706e-10 
   45       2.069961193062e-10 
   46       2.100926307394e-10 
   47       2.132539946932e-10 
   48       2.164785368149e-10 
   49       2.197608142510e-10 
   50       2.230942598108e-10 
   51       2.264806557200e-10 
   52       2.299227134904e-10 
   53       2.334211976145e-10 
   54       2.369747644719e-10 
   55       2.405812349613e-10 
   56       2.442421516667e-10 
   57       2.479590716213e-10 
   58       2.517321288254e-10 
   59       2.555599290125e-10 
   60       2.594394444148e-10 
   61       2.633674049211e-10 
   62       2.673450745137e-10 
   63       2.713743650932e-10 
   64       2.754563780823e-10 
   65       2.795913466706e-10 
   66       2.837785780602e-10 
   67       2.880163957107e-10 
   68       2.923029756865e-10 
   69       2.966391815843e-10 
   70       3.010262029224e-10 
   71       3.054646776025e-10 
   72       3.099546570212e-10 
   73       3.144955711830e-10 
   74       3.190861938121e-10 
   75       3.237246074648e-10 
   76       3.284088805149e-10 
   77       3.331393177534e-10 
   78       3.379165587193e-10 
   79       3.427408822733e-10 
   80       3.476121863080e-10 
   81       3.525299674571e-10 
   82       3.574933008057e-10 
   83       3.625008195998e-10 
   84       3.675511239118e-10 
   85       3.726441289215e-10 
   86       3.777799039900e-10 
   87       3.829582506887e-10 
   88       3.881786897189e-10 
   89       3.934404478309e-10 
   90       3.987424447428e-10 
   91       4.040832800602e-10 
   92       4.094612201949e-10 
   93       4.148745569022e-10 
   94       4.203227729885e-10 
   95       4.258055285566e-10 
   96       4.313222971369e-10 
   97       4.368723577072e-10 
   98       4.424547867133e-10 
   99       4.480684500891e-10 
  100       4.537119952769e-10 
  101       4.593838432479e-10 
  102       4.650821805222e-10 
  103       4.708049511892e-10 
  104       4.765501468241e-10 
  105       4.823167380278e-10 
  106       4.881038544339e-10 
  107       4.939104933997e-10 
  108       4.997355153009e-10 
  109       5.055776388245e-10 
  110       5.114354362635e-10 
  111       5.173073288102e-10 
  112       5.231915818503e-10 
  113       5.290863002567e-10 
  114       5.349894236835e-10 
  115       5.408987218596e-10 
  116       5.468120115795e-10 
  117       5.527278476667e-10 
  118       5.586449075716e-10 
  119       5.645617744762e-10 
  120       5.704769345476e-10 
  121       5.763887741925e-10 
  122       5.822955773107e-10 
  123       5.881955225497e-10 
  124       5.940866805584e-10 
  125       5.999670112413e-10 
  126       6.058343610124e-10 
  127       6.116864600496e-10 
  128       6.175209195483e-10 
  129       6.233354114682e-10 
  130       6.291282359003e-10 
  131       6.348978110413e-10 
  132       6.406424948540e-10 
  133       6.463605836277e-10 
  134       6.520503105376e-10 
  135       6.577098442051e-10 
  136       6.633372872572e-10 
  137       6.689306748871e-10 
  138       6.744879734135e-10 
  139       6.800070788407e-10 
  140       6.854858154185e-10 
  141       6.909219342022e-10 
  142       6.963131116124e-10 
  143       7.016569479948e-10 
  144       7.069511264133e-10 
  145       7.121939097126e-10 
  146       7.173836899500e-10 
  147       7.225188320475e-10 
  148       7.275976732734e-10 
  149       7.326185227221e-10 
  150       7.375796607957e-10 
  151       7.424793386844e-10 
  152       7.473157778471e-10 
  153       7.520871694929e-10 
  154       7.567916740608e-10 
  155       7.614274207015e-10 
  156       7.659925067576e-10 
  157       7.704849972445e-10 
  158       7.749029243312e-10 
  159       7.792442868211e-10 
  160       7.835070496327e-10 
  161       7.876892678414e-10 
  162       7.917894722211e-10 
  163       7.958063169633e-10 
  164       7.997384582365e-10 
  165       8.035845542396e-10 
  166       8.073432652559e-10 
  167       8.110132537072e-10 
  168       8.145931842075e-10 
  169       8.180817236167e-10 
  170       8.214775410948e-10 
  171       8.247793081555e-10 
  172       8.279856987202e-10 
  173       8.310953891719e-10 
  174       8.341070584088e-10 
  175       8.370193878986e-10 
  176       8.398310617320e-10 
  177       8.425407666768e-10 
  178       8.451471922314e-10 
  179       8.476490306794e-10 
  180       8.500450652937e-10 
  181       8.523344426810e-10 
  182       8.545164222392e-10 
  183       8.565902903284e-10 
  184       8.585553606488e-10 
  185       8.604109746195e-10 
  186       8.621565017570e-10 
  187       8.637913400537e-10 
  188       8.653149163567e-10 
  189       8.667266867460e-10 
  190       8.680261369131e-10 
  191       8.692127825398e-10 
  192       8.702861696766e-10 
  193       8.712458751213e-10 
  194       8.720915067972e-10 
  195       8.728227041324e-10 
  196       8.734391384374e-10 
  197       8.739405132846e-10 
  198       8.743265648861e-10 
  199       8.745970624727e-10 
  200       8.747518086721e-10 
  201       8.747906722287e-10 
  202       8.747136879784e-10 
  203       8.745209647533e-10 
  204       8.742126541541e-10 
  205       8.737889510234e-10 
  206       8.732500939207e-10 
  207       8.725963655960e-10 
  208       8.718280934642e-10 
  209       8.709456500792e-10 
  210       8.699494536078e-10 
  211       8.688399683041e-10 
  212       8.676177049837e-10 
  213       8.662832214973e-10 
  214       8.648371232056e-10 
  215       8.632800634529e-10 
  216       8.616127440412e-10 
  217       8.598359157048e-10 
  218       8.579503785838e-10 
  219       8.559569826990e-10 
  220       8.538566284252e-10 
  221       8.516502669660e-10 
  222       8.493389008276e-10 
  223       8.469235842929e-10 
  224       8.444053896741e-10 
  225       8.417853026770e-10 
  226       8.390643212261e-10 
  227       8.362434894720e-10 
  228       8.333238981838e-10 
  229       8.303066851420e-10 
  230       8.271930355312e-10 
  231       8.239841823326e-10 
  232       8.206814067166e-10 
  233       8.172860384355e-10 
  234       8.137994562165e-10 
  235       8.102230881536e-10 
  236       8.065584121012e-10 
  237       8.028069560658e-10 
  238       7.989702985994e-10 
  239       7.950500691918e-10 
  240       7.910479486632e-10 
  241       7.869656695572e-10 
  242       7.828050165328e-10 
  243       7.785678267580e-10 
  244       7.742559903015e-10 
  245       7.698714505260e-10 
  246       7.654162044806e-10 
  247       7.608923032933e-10 
  248       7.563018525641e-10 
  249       7.516470127572e-10 
  250       7.469298884268e-10 
  251       7.421521879939e-10 
  252       7.373155450938e-10 
  253       7.324216281550e-10 
  254       7.274721405793e-10 
  255       7.224688209220e-10 
  256       7.174134430718e-10 
  257       7.123078164311e-10 
  258       7.071537860957e-10 
  259       7.019532330353e-10 
  260       6.967080742730e-10 
  261       6.914202630661e-10 
  262       6.860917890854e-10 
  263       6.807246785958e-10 
  264       6.753209946361e-10 
  265       6.698828371991e-10 
  266       6.644123434119e-10 
  267       6.589116877155e-10 
  268       6.533830820454e-10 
  269       6.478287760111e-10 
  270       6.422510570766e-10 
  271       6.366522507403e-10 
  272       6.310347207151e-10 
  273       6.254008691084e-10 
  274       6.197531366022e-10 
  275       6.140940026331e-10 
  276       6.084259855725e-10 
  277       6.027516429066e-10 
  278       5.970735714163e-10 
  279       5.913942385628e-10 
  280       5.857154666026e-10 
  281       5.800389220958e-10 
  282       5.743662822145e-10 
  283       5.686992346638e-10 
  284       5.630394776026e-10 
  285       5.573887195640e-10 
  286       5.517486793764e-10 
  287       5.461210860843e-10 
  288       5.405076788689e-10 
  289       5.349102069689e-10 
  290       5.293304296014e-10 
  291       5.237701158826e-10 
  292       5.182310447486e-10 
  293       5.127150048761e-10 
  294       5.072237946033e-10 
  295       5.017592218506e-10 
  296       4.963231040413e-10 
  297       4.909172680226e-10 
  298       4.855435499862e-10 
  299       4.802037953890e-10 
  300       4.748998588742e-10 
  301       4.696336041918e-10 
  302       4.644069041192e-10 
  303       4.592216403827e-10 
  304       4.540797035773e-10 
  305       4.489829930885e-10 
  306       4.439334170120e-10 
  307       4.389328920755e-10 
  308       4.339833435587e-10 
  309       4.290867052145e-10 
  310       4.242449191898e-10 
  311       4.194599359459e-10 
  312       4.147335510619e-10 
  313       4.100669074380e-10 
  314       4.054609698394e-10 
  315       4.009166856537e-10 
  316       3.964349846108e-10 
  317       3.920167785034e-10 
  318       3.876629609074e-10 
  319       3.833744069021e-10 
  320       3.791519727906e-10 
  321       3.749964958201e-10 
  322       3.709087939024e-10 
  323       3.668896653340e-10 
  324       3.629398885166e-10 
  325       3.590602216773e-10 
  326       3.552514025892e-10 
  327       3.515141482913e-10 
  328       3.478491548094e-10 
  329       3.442570968758e-10 
  330       3.407386276502e-10 
  331       3.372943784398e-10 
  332       3.339249584196e-10 
  333       3.306309543528e-10 
  334       3.274129303109e-10 
  335       3.242714273947e-10 
  336       3.212069634538e-10 
  337       3.182200328075e-10 
  338       3.153111059649e-10 
  339       3.124806293455e-10 
  340       3.097290249990e-10 
  341       3.070566903263e-10 
  342       3.044639977993e-10 
  343       3.019512946816e-10 
  344       2.995189027486e-10 
  345       2.971671180079e-10 
  346       2.948962104198e-10 
  347       2.927064236174e-10 
  348       2.905979746270e-10 
  349       2.885710112694e-10 
  350       2.866254829816e-10 
  351       2.847612640820e-10 
  352       2.829781952845e-10 
  353       2.812760833781e-10 
  354       2.796547009049e-10 
  355       2.781137858395e-10 
  356       2.766530412677e-10 
  357       2.752721350646e-10 
  358       2.739706995741e-10 
  359       2.727483312876e-10 
  360       2.716045905223e-10 
  361       2.705390011002e-10 
  362       2.695510500271e-10 
  363       2.686401871710e-10 
  364       2.678058249410e-10 
  365       2.670473379663e-10 
  366       2.663640627745e-10 
  367       2.657552974707e-10 
  368       2.652203014162e-10 
  369       2.647582949072e-10 
  370       2.643684588536e-10 
  371       2.640499344576e-10 
  372       2.638018228930e-10 
  373       2.636231849832e-10 
  374       2.635130408806e-10 
  375       2.634703697449e-10 
  376       2.634941094222e-10 
  377       2.635831561237e-10 
  378       2.637363641043e-10 
  379       2.639525453413e-10 
  380       2.642304692137e-10 
  381       2.645688621803e-10 
  382       2.649664074588e-10 
  383       2.654217447045e-10 
  384       2.659334696891e-10 
  385       2.665001339796e-10 
  386       2.671202446165e-10 
  387       2.677922637934e-10 
  388       2.685147424743e-10 
  389       2.692867274140e-10 
  390       2.701073687321e-10 
  391       2.709757871353e-10 
  392       2.718910737017e-10 
  393       2.728522896667e-10 
  394       2.738584662082e-10 
  395       2.749086042314e-10 
  396       2.760016741547e-10 
  397       2.771366156944e-10 
  398       2.783123376502e-10 
  399       2.795277176905e-10 
  400       2.807816021376e-10 
  401       2.820728057527e-10 
  402       2.834001115218e-10 
  403       2.847622704401e-10 
  404       2.861580012980e-10 
  405       2.875859904659e-10 
  406       2.890448916796e-10 
  407       2.905333258255e-10 
  408       2.920498807260e-10 
  409       2.935931109246e-10 
  410       2.951615374713e-10 
  411       2.967536477076e-10 
  412       2.983678950519e-10 
  413       3.000026987850e-10 
  414       3.016564438348e-10 
  415       3.033274805622e-10 
  416       3.050141245456e-10 
  417       3.067146563670e-10 
  418       3.084273213966e-10 
  419       3.101503295782e-10 
  420       3.118818552148e-10 
  421       3.136200367532e-10 
  422       3.153629765701e-10 
  423       3.171087407564e-10 
  424       3.188553589033e-10 
  425       3.206008238871e-10 
  426       3.223430916544e-10 
  427       3.240803136283e-10 
  428       3.258115430715e-10 
  429       3.275360523325e-10 
  430       3.292531023347e-10 
  431       3.309619425139e-10 
  432       3.326618107567e-10 
  433       3.343519333383e-10 
  434       3.360315248607e-10 
  435       3.376997881903e-10 
  436       3.393559143964e-10 
  437       3.409990826889e-10 
  438       3.426284603561e-10 
  439       3.442432027032e-10 
  440       3.458424529899e-10 
  441       3.474253423685e-10 
  442       3.489909898220e-10 
  443       3.505385021018e-10 
  444       3.520669736662e-10 
  445       3.535754866179e-10 
  446       3.550631106422e-10 
  447       3.565289029450e-10 
  448       3.579719081907e-10 
  449       3.593911584405e-10 
  450       3.607856730900e-10 
  451       3.621544588072e-10 
  452       3.634965094710e-10 
  453       3.648108061087e-10 
  454       3.660963168339e-10 
  455       3.673519967852e-10 
  456       3.685767880633e-10 
  457       3.697696196696e-10 
  458       3.709294074442e-10 
  459       3.720550540033e-10 
  460       3.731454486781e-10 
  461       3.741994674518e-10 
  462       3.752159728984e-10 
  463       3.761938141204e-10 
  464       3.771318266867e-10 
  465       3.780288325706e-10 
  466       3.788838365903e-10 
  467       3.796966225996e-10 
  468       3.804671757760e-10 
  469       3.811954878455e-10 
  470       3.818815571291e-10 
  471       3.825253885894e-10 
  472       3.831269938766e-10 
  473       3.836863913751e-10 
  474       3.842036062498e-10 
  475       3.846786704922e-10 
  476       3.851116229672e-10 
  477       3.855025094591e-10 
  478       3.858513827181e-10 
  479       3.861583025065e-10 
  480       3.864233356453e-10 
  481       3.866465560602e-10 
  482       3.868280448284e-10 
  483       3.869678902245e-10 
  484       3.870661877671e-10 
  485       3.871230402651e-10 
  486       3.871385578641e-10 
  487       3.871128580926e-10 
  488       3.870460659084e-10 
  489       3.869383137452e-10 
  490       3.867897415586e-10 
  491       3.866004968724e-10 
  492       3.863707348255e-10 
  493       3.861006182177e-10 
  494       3.857903175561e-10 
  495       3.854400111018e-10 
  496       3.850498849160e-10 
  497       3.846201329061e-10 
  498       3.841509568727e-10 
  499       3.836425665554e-10 
  500       3.830951796792e-10 
  501       3.825090220013e-10 
  502       3.818843273567e-10 
  503       3.812213377053e-10 
  504       3.805203031778e-10 
  505       3.797815392226e-10 
  506       3.790055997627e-10 
  507       3.781931091187e-10 
  508       3.773447054323e-10 
  509       3.764610407399e-10 
  510       3.755427810451e-10 
  511       3.745906063924e-10 
  512       3.736052109401e-10 
  513       3.725873030336e-10 
  514       3.715376052785e-10 
  515       3.704568546136e-10 
  516       3.693458023844e-10 
  517       3.682052144161e-10 
  518       3.670358710868e-10 
  519       3.658385674003e-10 
  520       3.646141130600e-10 
  521       3.633633325413e-10 
  522       3.620870651655e-10 
  523       3.607861651721e-10 
  524       3.594615017928e-10 
  525       3.581139593241e-10 
  526       3.567444372009e-10 
  527       3.553538500691e-10 
  528       3.539431278593e-10 
  529       3.525132158598e-10 
  530       3.510650747896e-10 
  531       3.495996808716e-10 
  532       3.481180259062e-10 
  533       3.466211173436e-10 
  534       3.451099783579e-10 
  535       3.435856479197e-10 
  536       3.420491808693e-10 
  537       3.405016479901e-10 
  538       3.389441360815e-10 
  539       3.373777480323e-10 
  540       3.358036028938e-10 
  541       3.342228359527e-10 
  542       3.326365988046e-10 
  543       3.310460594272e-10 
  544       3.294523157429e-10 
  545       3.278561336175e-10 
  546       3.262582019953e-10 
  547       3.246592188126e-10 
  548       3.230598910366e-10 
  549       3.214609347028e-10 
  550       3.198630749536e-10 
  551       3.182670460764e-10 
  552       3.166735915415e-10 
  553       3.150834640405e-10 
  554       3.134974255244e-10 
  555       3.119162472418e-10 
  556       3.103407097767e-10 
  557       3.087716030872e-10 
  558       3.072097265432e-10 
  559       3.056558889648e-10 
  560       3.041109086603e-10 
  561       3.025756134644e-10 
  562       3.010508407764e-10 
  563       2.995374375984e-10 
  564       2.980362605732e-10 
  565       2.965481760226e-10 
  566       2.950740599857e-10 
  567       2.936147982567e-10 
  568       2.921712864235e-10 
  569       2.907444299054e-10 
  570       2.893351439916e-10 
  571       2.879443538790e-10 
  572       2.865729947108e-10 
  573       2.852220116141e-10 
  574       2.838923597386e-10 
  575       2.825850042943e-10 
  576       2.813009205901e-10 
  577       2.800410940713e-10 
  578       2.788065203586e-10 
  579       2.775982052853e-10 
  580       2.764171649363e-10 
  581       2.752644256858e-10 
  582       2.741410242355e-10 
  583       2.730478643272e-10 
  584       2.719852828715e-10 
  585       2.709534730558e-10 
  586       2.699526266764e-10 
  587       2.689829341263e-10 
  588       2.680445843829e-10 
  589       2.671377649954e-10 
  590       2.662626620726e-10 
  591       2.654194602705e-10 
  592       2.646083427798e-10 
  593       2.638294913140e-10 
  594       2.630830860962e-10 
  595       2.623693058477e-10 
  596       2.616883277749e-10 
  597       2.610403275572e-10 
  598       2.604254793347e-10 
  599       2.598439556958e-10 
  600       2.592959276646e-10 
  601       2.587815646889e-10 
  602       2.583010346277e-10 
  603       2.578545037385e-10 
  604       2.574421366656e-10 
  605       2.570640964271e-10 
  606       2.567205444030e-10 
  607       2.564116403223e-10 
  608       2.561375422513e-10 
  609       2.558984065807e-10 
  610       2.556943880135e-10 
  611       2.555256395526e-10 
  612       2.553923124883e-10 
  613       2.552945563860e-10 
  614       2.552325190739e-10 
  615       2.552063466307e-10 
  616       2.552161833730e-10 
  617       2.552621718430e-10 
  618       2.553444527965e-10 
  619       2.554631651898e-10 
  620       2.556184461681e-10 
  621       2.558104310526e-10 
  622       2.560391624893e-10 
  623       2.563043155829e-10 
  624       2.566054662994e-10 
  625       2.569421816823e-10 
  626       2.573140198114e-10 
  627       2.577205297633e-10 
  628       2.581612515701e-10 
  629       2.586357161791e-10 
  630       2.591434454124e-10 
  631       2.596839519266e-10 
  632       2.602567391718e-10 
  633       2.608613013515e-10 
  634       2.614971233820e-10 
  635       2.621636808518e-10 
  636       2.628604399813e-10 
  637       2.635868575821e-10 
  638       2.643423810166e-10 
  639       2.651264481576e-10 
  640       2.659384873476e-10 
  641       2.667779173584e-10 
  642       2.676441473506e-10 
  643       2.685365768332e-10 
  644       2.694545956229e-10 
  645       2.703975838039e-10 
  646       2.713649116869e-10 
  647       2.723559397692e-10 
  648       2.733700186938e-10 
  649       2.744064892092e-10 
  650       2.754646821283e-10 
  651       2.765439182889e-10 
  652       2.776435085122e-10 
  653       2.787627535629e-10 
  654       2.799009441086e-10 
  655       2.810573606791e-10 
  656       2.822312736262e-10 
  657       2.834219430830e-10 
  658       2.846286189233e-10 
  659       2.858505407214e-10 
  660       2.870869377115e-10 
  661       2.883370493236e-10 
  662       2.896001873705e-10 
  663       2.908756751522e-10 
  664       2.921628269684e-10 
  665       2.934609480843e-10 
  666       2.947693346950e-10 
  667       2.960872738913e-10 
  668       2.974140436245e-10 
  669       2.987489126715e-10 
  670       3.000911406001e-10 
  671       3.014399777342e-10 
  672       3.027946651186e-10 
  673       3.041544344847e-10 
  674       3.055185082151e-10 
  675       3.068860993091e-10 
  676       3.082564113476e-10 
  677       3.096286384586e-10 
  678       3.110019652819e-10 
  679       3.123755669346e-10 
  680       3.137486089760e-10 
  681       3.151202473729e-10 
  682       3.164896284648e-10 
  683       3.178558889287e-10 
  684       3.192181557448e-10 
  685       3.205755461611e-10 
  686       3.219271676589e-10 
  687       3.232721179178e-10 
  688       3.246094847809e-10 
  689       3.259383462198e-10 
  690       3.272577703001e-10 
  691       3.285668151462e-10 
  692       3.298645289063e-10 
  693       3.311499497183e-10 
  694       3.324221056741e-10 
  695       3.336800147852e-10 
  696       3.349226849476e-10 
  697       3.361491139074e-10 
  698       3.373582892253e-10 
  699       3.385491882423e-10 
  700       3.397208840403e-10 
  701       3.408728658166e-10 
  702       3.420047251143e-10 
  703       3.431160504216e-10 
  704       3.442064271629e-10 
  705       3.452754376900e-10 
  706       3.463226612732e-10 
  707       3.473476740922e-10 
  708       3.483500492273e-10 
  709       3.493293566504e-10 
  710       3.502851632161e-10 
  711       3.512170326529e-10 
  712       3.521245255539e-10 
  713       3.530071993681e-10 
  714       3.538646083917e-10 
  715       3.546963037587e-10 
  716       3.555018334323e-10 
  717       3.562807421958e-10 
  718       3.570325716438e-10 
  719       3.577568601731e-10 
  720       3.584531429738e-10 
  721       3.591209520208e-10 
  722       3.597598160640e-10 
  723       3.603692606201e-10 
  724       3.609488079636e-10 
  725       3.614979771173e-10 
  726       3.620162838441e-10 
  727       3.625032406375e-10 
  728       3.629583567131e-10 
  729       3.633811379993e-10 
  730       3.637710871286e-10 
  731       3.641277034285e-10 
  732       3.644504829128e-10 
  733       3.647389182725e-10 
  734       3.649924988669e-10 
  735       3.652107107145e-10 
  736       3.653930364844e-10 
  737       3.655389554872e-10 
  738       3.656479436660e-10 
  739       3.657195842038e-10 
  740       3.657539017589e-10 
  741       3.657510348085e-10 
  742       3.657111256454e-10 
  743       3.656343203937e-10 
  744       3.655207690235e-10 
  745       3.653706253666e-10 
  746       3.651840471320e-10 
  747       3.649611959207e-10 
  748       3.647022372417e-10 
  749       3.644073405268e-10 
  750       3.640766791463e-10 
  751       3.637104304242e-10 
  752       3.633087756533e-10 
  753       3.628719001110e-10 
  754       3.623999930744e-10 
  755       3.618932478356e-10 
  756       3.613518617171e-10 
  757       3.607760360872e-10 
  758       3.601659763751e-10 
  759       3.595218920865e-10 
  760       3.588439968190e-10 
  761       3.581325082772e-10 
  762       3.573876482880e-10 
  763       3.566096428163e-10 
  764       3.557987219799e-10 
  765       3.549551200651e-10 
  766       3.540790755422e-10 
  767       3.531708310805e-10 
  768       3.522306335635e-10 
  769       3.512587341050e-10 
  770       3.502553880637e-10 
  771       3.492208550587e-10 
  772       3.481553989851e-10 
  773       3.470592880292e-10 
  774       3.459327946835e-10 
  775       3.447761957628e-10 
  776       3.435897724188e-10 
  777       3.423738101558e-10 
  778       3.411286392281e-10 
  779       3.398547566319e-10 
  780       3.385527064318e-10 
  781       3.372230396086e-10 
  782       3.358663140830e-10 
  783       3.344830947391e-10 
  784       3.330739534474e-10 
  785       3.316394690883e-10 
  786       3.301802275752e-10 
  787       3.286968218784e-10 
  788       3.271898520479e-10 
  789       3.256599252367e-10 
  790       3.241076557248e-10 
  791       3.225336649417e-10 
  792       3.209385814902e-10 
  793       3.193230411697e-10 
  794       3.176876869996e-10 
  795       3.160331692423e-10 
  796       3.143601454270e-10 
  797       3.126692803724e-10 
  798       3.109612462109e-10 
  799       3.092367224112e-10 
  800       3.074963958019e-10 
  801       3.057409605949e-10 
  802       3.039711184087e-10 
  803       3.021875782916e-10 
  804       3.003910567453e-10 
  805       2.985822777478e-10 
  806       2.967619727775e-10 
  807       2.949308808355e-10 
  808       2.930897484697e-10 
  809       2.912393297982e-10 
  810       2.893803865319e-10 
  811       2.875136879985e-10 
  812       2.856400111657e-10 
  813       2.837601406643e-10 
  814       2.818748688119e-10 
  815       2.799849956359e-10 
  816       2.780913288969e-10 
  817       2.761946363953e-10 
  818       2.742955019098e-10 
  819       2.723944667316e-10 
  820       2.704920771633e-10 
  821       2.685888845332e-10 
  822       2.666854452106e-10 
  823       2.647823206200e-10 
  824       2.628800772563e-10 
  825       2.609792866995e-10 
  826       2.590805256292e-10 
  827       2.571843758397e-10 
  828       2.552914242544e-10 
  829       2.534022629410e-10 
  830       2.515174891261e-10 
  831       2.496377052096e-10 
  832       2.477635187802e-10 
  833       2.458955426295e-10 
  834       2.440343947669e-10 
  835       2.421806984349e-10 
  836       2.403350821231e-10 
  837       2.384981795835e-10 
  838       2.366706298451e-10 
  839       2.348530772284e-10 
  840       2.330461713609e-10 
  841       2.312505671909e-10 
  842       2.294669250032e-10 
  843       2.276959104331e-10 
  844       2.259381944816e-10 
  845       2.241944535302e-10 
  846       2.224653693553e-10 
  847       2.207516291435e-10 
  848       2.190539255058e-10 
  849       2.173729564927e-10 
  850       2.157094256090e-10 
  851       2.140640418284e-10 
  852       2.124375196084e-10 
  853       2.108305789048e-10 
  854       2.092439451870e-10 
  855       2.076783494522e-10 
  856       2.061344345524e-10 
  857       2.046124723935e-10 
  858       2.031126419430e-10 
  859       2.016351224806e-10 
  860       2.001800935974e-10 
  861       1.987477351957e-10 
  862       1.973382274882e-10 
  863       1.959517509972e-10 
  864       1.945884865547e-10 
  865       1.932486153014e-10 
  866       1.919323186860e-10 
  867       1.906397784651e-10 
  868       1.893711767023e-10 
  869       1.881266957676e-10 
  870       1.869065183372e-10 
  871       1.857108273927e-10 
  872       1.845398062204e-10 
  873       1.833936384111e-10 
  874       1.822725078592e-10 
  875       1.811765987625e-10 
  876       1.801060956210e-10 
  877       1.790611832374e-10 
  878       1.780420467153e-10 
  879       1.770488714598e-10 
  880       1.760818431759e-10 
  881       1.751411478689e-10 
  882       1.742269718432e-10 
  883       1.733395017017e-10 
  884       1.724789243459e-10 
  885       1.716454269746e-10 
  886       1.708391970837e-10 
  887       1.700604224658e-10 
  888       1.693092912092e-10 
  889       1.685859916978e-10 
  890       1.678907126100e-10 
  891       1.672236429188e-10 
  892       1.665849718908e-10 
  893       1.659748890857e-10 
  894       1.653935843559e-10 
  895       1.648411753716e-10 
  896       1.643174889032e-10 
  897       1.638222759699e-10 
  898       1.633552839795e-10 
  899       1.629162567164e-10 
  900       1.625049343307e-10 
  901       1.621210533265e-10 
  902       1.617643465507e-10 
  903       1.614345431813e-10 
  904       1.611313687165e-10 
  905       1.608545449625e-10 
  906       1.606037900232e-10 
  907       1.603788182876e-10 
  908       1.601793404194e-10 
  909       1.600050633450e-10 
  910       1.598556902421e-10 
  911       1.597309205289e-10 
  912       1.596304498518e-10 
  913       1.595539700748e-10 
  914       1.595011692677e-10 
  915       1.594717316945e-10 
  916       1.594653378025e-10 
  917       1.594816642107e-10 
  918       1.595203836982e-10 
  919       1.595811651929e-10 
  920       1.596636737603e-10 
  921       1.597675705919e-10 
  922       1.598925129938e-10 
  923       1.600381543753e-10 
  924       1.602041442376e-10 
  925       1.603901281623e-10 
  926       1.605957478000e-10 
  927       1.608206408589e-10 
  928       1.610644410936e-10 
  929       1.613267782933e-10 
  930       1.616072782707e-10 
  931       1.619055628505e-10 
  932       1.622212498580e-10 
  933       1.625539531077e-10 
  934       1.629032746809e-10 
  935       1.632687816489e-10 
  936       1.636500289632e-10 
  937       1.640465671210e-10 
  938       1.644579421530e-10 
  939       1.648836956108e-10 
  940       1.653233645545e-10 
  941       1.657764815399e-10 
  942       1.662425746066e-10 
  943       1.667211672650e-10 
  944       1.672117784844e-10 
  945       1.677139226800e-10 
  946       1.682271097006e-10 
  947       1.687508448164e-10 
  948       1.692846287062e-10 
  949       1.698279574451e-10 
  950       1.703803224921e-10 
  951       1.709412106774e-10 
  952       1.715101041902e-10 
  953       1.720864805661e-10 
  954       1.726698126745e-10 
  955       1.732595687067e-10 
  956       1.738552121625e-10 
  957       1.744562018387e-10 
  958       1.750619918161e-10 
  959       1.756720314471e-10 
  960       1.762857653432e-10 
  961       1.769026333628e-10 
  962       1.775220705984e-10 
  963       1.781435073645e-10 
  964       1.787663691848e-10 
  965       1.793900767798e-10 
  966       1.800140460546e-10 
  967       1.806376880860e-10 
  968       1.812604091107e-10 
  969       1.818816105119e-10 
  970       1.825006888078e-10 
  971       1.831170356384e-10 
  972       1.837300377536e-10 
  973       1.843391291719e-10 
  974       1.849439485412e-10 
  975       1.855441841156e-10 
  976       1.861395217918e-10 
  977       1.867296451038e-10 
  978       1.873142352161e-10 
  979       1.878929709189e-10 
  980       1.884655286213e-10 
  981       1.890315823463e-10 
  982       1.895908037243e-10 
  983       1.901428619874e-10 
  984       1.906874239638e-10 
  985       1.912241540716e-10 
  986       1.917527143133e-10 
  987       1.922727642696e-10 
  988       1.927839610936e-10 
  989       1.932859595052e-10 
  990       1.937784117851e-10 
  991       1.942609677687e-10 
  992       1.947332748407e-10 
  993       1.951949779289e-10 
  994       1.956457194985e-10 
  995       1.960851395460e-10 
  996       1.965128755939e-10 
  997       1.969285626841e-10 
  998       1.973318333727e-10 
  999       1.977223177238e-10 
 1000       1.980996433036e-10 
 1001       1.984634351747e-10 
 1002       1.988133158904e-10 
 1003       1.991489054883e-10 
 1004       1.994698214851e-10 
 1005       1.997756788702e-10 
 1006       2.000660901002e-10 
 1007       2.003406650929e-10 
 1008       2.005990112214e-10 
 1009       2.008407333085e-10 
 1010       2.010654336203e-10 
 1011       2.012727118610e-10 
 1012       2.014622340359e-10 
 1013       2.016339401423e-10 
 1014       2.017878394649e-10 
 1015       2.019239419807e-10 
 1016       2.020422583610e-10 
 1017       2.021427999736e-10 
 1018       2.022255788854e-10 
 1019       2.022906078639e-10 
 1020       2.023379003801e-10 
 1021       2.023674706103e-10 
 1022       2.023793334383e-10 
 1023       2.023735044581e-10 
 1024       2.023499999752e-10 
 1025       2.023088370098e-10 
 1026       2.022500332982e-10 
 1027       2.021736072956e-10 
 1028       2.020795781778e-10 
 1029       2.019679658438e-10 
 1030       2.018387909178e-10 
 1031       2.016920747516e-10 
 1032       2.015278394265e-10 
 1033       2.013461077557e-10 
 1034       2.011469032865e-10 
 1035       2.009302503025e-10 
 1036       2.006961738258e-10 
 1037       2.004446996191e-10 
 1038       2.001758541880e-10 
 1039       1.998896647834e-10 
 1040       1.995861594033e-10 
 1041       1.992653667953e-10 
 1042       1.989273164586e-10 
 1043       1.985720386465e-10 
 1044       1.981995643684e-10 
 1045       1.978099253918e-10 
 1046       1.974031542451e-10 
 1047       1.969792842192e-10 
 1048       1.965383493699e-10 
 1049       1.960803845204e-10 
 1050       1.956054252630e-10 
 1051       1.951135466736e-10 
 1052       1.946049800384e-10 
 1053       1.940799977539e-10 
 1054       1.935388747689e-10 
 1055       1.929818885904e-10 
 1056       1.924093192904e-10 
 1057       1.918214495122e-10 
 1058       1.912185644768e-10 
 1059       1.906009519892e-10 
 1060       1.899689024449e-10 
 1061       1.893227088365e-10 
 1062       1.886626667596e-10 
 1063       1.879890744198e-10 
 1064       1.873022326387e-10 
 1065       1.866024448605e-10 
 1066       1.858900171581e-10 
 1067       1.851652582402e-10 
 1068       1.844284794568e-10 
 1069       1.836799948063e-10 
 1070       1.829201209417e-10 
 1071       1.821491771767e-10 
 1072       1.813674854928e-10 
 1073       1.805753705449e-10 
 1074       1.797731596683e-10 
 1075       1.789611828849e-10 
 1076       1.781397729094e-10 
 1077       1.773092651563e-10 
 1078       1.764699977455e-10 
 1079       1.756223115094e-10 
 1080       1.747665499989e-10 
 1081       1.739030594900e-10 
 1082       1.730321889902e-10 
 1083       1.721542902447e-10 
 1084       1.712697177431e-10 
 1085       1.703788287256e-10 
 1086       1.694819831894e-10 
 1087       1.685795438954e-10 
 1088       1.676718763742e-10 
 1089       1.667593489328e-10 
 1090       1.658423214928e-10 
 1091       1.649211119296e-10 
 1092       1.639960292946e-10 
 1093       1.630673849482e-10 
 1094       1.621354925641e-10 
 1095       1.612006681354e-10 
 1096       1.602632299795e-10 
 1097       1.593234987435e-10 
 1098       1.583817974095e-10 
 1099       1.574384512997e-10 
 1100       1.564937880818e-10 
 1101       1.555481377743e-10 
 1102       1.546018327519e-10 
 1103       1.536552077505e-10 
 1104       1.527085998726e-10 
 1105       1.517623485927e-10 
 1106       1.508167957624e-10 
 1107       1.498722856159e-10 
 1108       1.489291647749e-10 
 1109       1.479877822542e-10 
 1110       1.470484894671e-10 
 1111       1.461116402303e-10 
 1112       1.451775907693e-10 
 1113       1.442466997239e-10 
 1114       1.433193281532e-10 
 1115       1.423958395410e-10 
 1116       1.414765998012e-10 
 1117       1.405619772828e-10 
 1118       1.396523427754e-10 
 1119       1.387480695145e-10 
 1120       1.378495331865e-10 
 1121       1.369571119344e-10 
 1122       1.360711863627e-10 
 1123       1.351921395428e-10 
 1124       1.343203570186e-10 
 1125       1.334562268111e-10 
 1126       1.326001394243e-10 
 1127       1.317524878503e-10 
 1128       1.309136675743e-10 
 1129       1.300840317316e-10 
 1130       1.292637559305e-10 
 1131       1.284529716897e-10 
 1132       1.276518111301e-10 
 1133       1.268604069751e-10 
 1134       1.260788925521e-10 
 1135       1.253074017934e-10 
 1136       1.245460692375e-10 
 1137       1.237950300299e-10 
 1138       1.230544199241e-10 
 1139       1.223243752830e-10 
 1140       1.216050330796e-10 
 1141       1.208965308984e-10 
 1142       1.201990069361e-10 
 1143       1.195126000031e-10 
 1144       1.188374495240e-10 
 1145       1.181736955393e-10 
 1146       1.175214787058e-10 
 1147       1.168809402983e-10 
 1148       1.162522222102e-10 
 1149       1.156354669546e-10 
 1150       1.150308176658e-10 
 1151       1.144384180997e-10 
 1152       1.138584126355e-10 
 1153       1.132909462761e-10 
 1154       1.127361646500e-10 
 1155       1.121942140114e-10 
 1156       1.116652412420e-10 
 1157       1.111493938519e-10 
 1158       1.106468199804e-10 
 1159       1.101576683971e-10 
 1160       1.096820885035e-10 
 1161       1.092202303333e-10 
 1162       1.087722445538e-10 
 1163       1.083382824673e-10 
 1164       1.079184960115e-10 
 1165       1.075130377611e-10 
 1166       1.071220609285e-10 
 1167       1.067457193652e-10 
 1168       1.063841241536e-10 
 1169       1.060372127874e-10 
 1170       1.057048783563e-10 
 1171       1.053870128041e-10 
 1172       1.050835069257e-10 
 1173       1.047942503643e-10 
 1174       1.045191316089e-10 
 1175       1.042580379911e-10 
 1176       1.040108556829e-10 
 1177       1.037774696937e-10 
 1178       1.035577638672e-10 
 1179       1.033516208792e-10 
 1180       1.031589222347e-10 
 1181       1.029795482647e-10 
 1182       1.028133781243e-10 
 1183       1.026602897890e-10 
 1184       1.025201600527e-10 
 1185       1.023928645245e-10 
 1186       1.022782776260e-10 
 1187       1.021762725888e-10 
 1188       1.020867214516e-10 
 1189       1.020094950573e-10 
 1190       1.019444630504e-10 
 1191       1.018914938743e-10 
 1192       1.018504547683e-10 
 1193       1.018212117652e-10 
 1194       1.018036296883e-10 
 1195       1.017975721487e-10 
 1196       1.018029015424e-10 
 1197       1.018194790480e-10 
 1198       1.018471646233e-10 
 1199       1.018858170031e-10 
 1200       1.019352936962e-10 
 1201       1.019954509827e-10 
 1202       1.020661439112e-10 
 1203       1.021472262960e-10 
 1204       1.022385507146e-10 
 1205       1.023399685045e-10 
 1206       1.024513297609e-10 
 1207       1.025724696661e-10 
 1208       1.027031673029e-10 
 1209       1.028431863369e-10 
 1210       1.029922886350e-10 
 1211       1.031502342619e-10 
 1212       1.033167814756e-10 
 1213       1.034916867240e-10 
 1214       1.036747046410e-10 
 1215       1.038655880422e-10 
 1216       1.040640879215e-10 
 1217       1.042699534471e-10 
 1218       1.044829319574e-10 
 1219       1.047027689574e-10 
 1220       1.049292081145e-10 
 1221       1.051619912551e-10 
 1222       1.054008583603e-10 
 1223       1.056455475621e-10 
 1224       1.058957951397e-10 
 1225       1.061513355154e-10 
 1226       1.064119012509e-10 
 1227       1.066772230434e-10 
 1228       1.069470297215e-10 
 1229       1.072210482417e-10 
 1230       1.074990036840e-10 
 1231       1.077806192488e-10 
 1232       1.080656162521e-10 
 1233       1.083537141223e-10 
 1234       1.086446303961e-10 
 1235       1.089380807145e-10 
 1236       1.092337788192e-10 
 1237       1.095314365485e-10 
 1238       1.098307638333e-10 
 1239       1.101314686937e-10 
 1240       1.104332572346e-10 
 1241       1.107358336422e-10 
 1242       1.110389001799e-10 
 1243       1.113421571844e-10 
 1244       1.116453030621e-10 
 1245       1.119480342848e-10 
 1246       1.122500653896e-10 
 1247       1.125511892419e-10 
 1248       1.128512174716e-10 
 1249       1.131499605312e-10 
 1250       1.134472276941e-10 
 1251       1.137428270516e-10 
 1252       1.140365655112e-10 
 1253       1.143282487936e-10 
 1254       1.146176814309e-10 
 1255       1.149046667640e-10 
 1256       1.151890069404e-10 
 1257       1.154705029118e-10 
 1258       1.157489544317e-10 
 1259       1.160241600532e-10 
 1260       1.162959171265e-10 
 1261       1.165640217969e-10 
 1262       1.168282690019e-10 
 1263       1.170884524695e-10 
 1264       1.173443647154e-10 
 1265       1.175957970408e-10 
 1266       1.178425395304e-10 
 1267       1.180843810493e-10 
 1268       1.183211092415e-10 
 1269       1.185525105270e-10 
 1270       1.187783700998e-10 
 1271       1.189984719253e-10 
 1272       1.192125987382e-10 
 1273       1.194205320401e-10 
 1274       1.196220520968e-10 
 1275       1.198169379368e-10 
 1276       1.200049673480e-10 
 1277       1.201859168762e-10 
 1278       1.203595618221e-10 
 1279       1.205256762394e-10 
 1280       1.206840329324e-10 
 1281       1.208344034533e-10 
 1282       1.209765581005e-10 
 1283       1.211102659158e-10 
 1284       1.212352946820e-10 
 1285       1.213514460574e-10 
 1286       1.214586614192e-10 
 1287       1.215569172197e-10 
 1288       1.216461899587e-10 
 1289       1.217264561846e-10 
 1290       1.217976924937e-10 
 1291       1.218598755312e-10 
 1292       1.219129819909e-10 
 1293       1.219569886157e-10 
 1294       1.219918721975e-10 
 1295       1.220176095779e-10 
 1296       1.220341776481e-10 
 1297       1.220415533491e-10 
 1298       1.220397136719e-10 
 1299       1.220286356580e-10 
 1300       1.220082963992e-10 
 1301       1.219786730384e-10 
 1302       1.219397427691e-10 
 1303       1.218914828360e-10 
 1304       1.218338705355e-10 
 1305       1.217668832153e-10 
 1306       1.216904982749e-10 
 1307       1.216046931663e-10 
 1308       1.215094453931e-10 
 1309       1.214047325120e-10 
 1310       1.212905321319e-10 
 1311       1.211668219150e-10 
 1312       1.210335795764e-10 
 1313       1.208907828846e-10 
 1314       1.207384096617e-10 
 1315       1.205764377837e-10 
 1316       1.204048451803e-10 
 1317       1.202236098357e-10 
 1318       1.200327097884e-10 
 1319       1.198321231317e-10 
 1320       1.196218280136e-10 
 1321       1.194018026373e-10 
 1322       1.191720252612e-10 
 1323       1.189324741994e-10 
 1324       1.186831528667e-10 
 1325       1.184241652168e-10 
 1326       1.181556411377e-10 
 1327       1.178777114845e-10 
 1328       1.175905080805e-10 
 1329       1.172941637200e-10 
 1330       1.169888121698e-10 
 1331       1.166745881710e-10 
 1332       1.163516274414e-10 
 1333       1.160200666771e-10 
 1334       1.156800435543e-10 
 1335       1.153316967316e-10 
 1336       1.149751658518e-10 
 1337       1.146105915435e-10 
 1338       1.142381154237e-10 
 1339       1.138578800991e-10 
 1340       1.134700291683e-10 
 1341       1.130747072237e-10 
 1342       1.126720598535e-10 
 1343       1.122622336436e-10 
 1344       1.118453761793e-10 
 1345       1.114216360477e-10 
 1346       1.109911628392e-10 
 1347       1.105541071495e-10 
 1348       1.101106205819e-10 
 1349       1.096608557487e-10 
 1350       1.092049662736e-10 
 1351       1.087431067931e-10 
 1352       1.082754329591e-10 
 1353       1.078021014402e-10 
 1354       1.073232699240e-10 
 1355       1.068390971191e-10 
 1356       1.063497427566e-10 
 1357       1.058553675925e-10 
 1358       1.053561334093e-10 
 1359       1.048522030182e-10 
 1360       1.043437402607e-10 
 1361       1.038309100109e-10 
 1362       1.033138781771e-10 
 1363       1.027928123872e-10 
 1364       1.022678840484e-10 
 1365       1.017392663129e-10 
 1366       1.012071333994e-10 
 1367       1.006716605947e-10 
 1368       1.001330242559e-10 
 1369       9.959140181199e-11 
 1370       9.904697176614e-11 
 1371       9.849991369763e-11 
 1372       9.795040826377e-11 
 1373       9.739863720188e-11 
 1374       9.684478333130e-11 
 1375       9.628903055533e-11 
 1376       9.573156386321e-11 
 1377       9.517256933212e-11 
 1378       9.461223412912e-11 
 1379       9.405074651316e-11 
 1380       9.348829583703e-11 
 1381       9.292507254933e-11 
 1382       9.236126819647e-11 
 1383       9.179707542463e-11 
 1384       9.123268798175e-11 
 1385       9.066830071946e-11 
 1386       9.010410959512e-11 
 1387       8.954031167374e-11 
 1388       8.897710512999e-11 
 1389       8.841468925014e-11 
 1390       8.785326443409e-11 
 1391       8.729303219727e-11 
 1392       8.673419517270e-11 
 1393       8.617695711290e-11 
 1394       8.562152289187e-11 
 1395       8.506809850710e-11 
 1396       8.451689108153e-11 
 1397       8.396810886551e-11 
 1398       8.342196123879e-11 
 1399       8.287865871249e-11 
 1400       8.233841293106e-11 
 1401       8.180143667430e-11 
 1402       8.126792417578e-11 
 1403       8.073799184970e-11 
 1404       8.021173694971e-11 
 1405       7.968925719711e-11 
 1406       7.917065078161e-11 
 1407       7.865601636210e-11 
 1408       7.814545306743e-11 
 1409       7.763906049720e-11 
 1410       7.713693872249e-11 
 1411       7.663918828670e-11 
 1412       7.614591020626e-11 
 1413       7.565720597144e-11 
 1414       7.517317754711e-11 
 1415       7.469392737353e-11 
 1416       7.421955836710e-11 
 1417       7.375017392116e-11 
 1418       7.328587790674e-11 
 1419       7.282677467335e-11 
 1420       7.237296904976e-11 
 1421       7.192456634474e-11 
 1422       7.148167234789e-11 
 1423       7.104439333035e-11 
 1424       7.061283604562e-11 
 1425       7.018710773033e-11 
 1426       6.976731610498e-11 
 1427       6.935356937477e-11 
 1428       6.894597623030e-11 
 1429       6.854464584844e-11 
 1430       6.814968789300e-11 
 1431       6.776121251558e-11 
 1432       6.737933035632e-11 
 1433       6.700415254466e-11 
 1434       6.663579070013e-11 
 1435       6.627435693314e-11 
 1436       6.591996384571e-11 
 1437       6.557272453228e-11 
 1438       6.523275258047e-11 
 1439       6.490016207186e-11 
 1440       6.457506758276e-11 
 1441       6.425756032877e-11 
 1442       6.394763633201e-11 
 1443       6.364526752639e-11 
 1444       6.335042554708e-11 
 1445       6.306308172986e-11 
 1446       6.278320711056e-11 
 1447       6.251077242445e-11 
 1448       6.224574810562e-11 
 1449       6.198810428638e-11 
 1450       6.173781079668e-11 
 1451       6.149483716346e-11 
 1452       6.125915261010e-11 
 1453       6.103072605578e-11 
 1454       6.080952611490e-11 
 1455       6.059552109644e-11 
 1456       6.038867900339e-11 
 1457       6.018896753215e-11 
 1458       5.999635407189e-11 
 1459       5.981080570400e-11 
 1460       5.963228920142e-11 
 1461       5.946077102809e-11 
 1462       5.929621733833e-11 
 1463       5.913859397624e-11 
 1464       5.898786647506e-11 
 1465       5.884400005665e-11 
 1466       5.870695963078e-11 
 1467       5.857670979461e-11 
 1468       5.845321483205e-11 
 1469       5.833643871317e-11 
 1470       5.822634509358e-11 
 1471       5.812289731384e-11 
 1472       5.802605839885e-11 
 1473       5.793579105725e-11 
 1474       5.785205768081e-11 
 1475       5.777482034384e-11 
 1476       5.770404080257e-11 
 1477       5.763968049457e-11 
 1478       5.758170053810e-11 
 1479       5.753006173156e-11 
 1480       5.748471265140e-11 
 1481       5.744555381841e-11 
 1482       5.741247317614e-11 
 1483       5.738535795890e-11 
 1484       5.736409469056e-11 
 1485       5.734856918328e-11 
 1486       5.733866653622e-11 
 1487       5.733427113435e-11 
 1488       5.733526664716e-11 
 1489       5.734153602738e-11 
 1490       5.735296150976e-11 
 1491       5.736942460983e-11 
 1492       5.739080612258e-11 
 1493       5.741698612128e-11 
 1494       5.744784395616e-11 
 1495       5.748325825320e-11 
 1496       5.752310691286e-11 
 1497       5.756726710883e-11 
 1498       5.761561528674e-11 
 1499       5.766802716297e-11 
 1500       5.772437772333e-11 
 1501       5.778454122186e-11 
 1502       5.784839117951e-11 
 1503       5.791580038296e-11 
 1504       5.798664088331e-11 
 1505       5.806078399485e-11 
 1506       5.813810029378e-11 
 1507       5.821845961700e-11 
 1508       5.830173106080e-11 
 1509       5.838778297964e-11 
 1510       5.847648298490e-11 
 1511       5.856769794359e-11 
 1512       5.866129397713e-11 
 1513       5.875713646007e-11 
 1514       5.885509001887e-11 
 1515       5.895501853059e-11 
 1516       5.905678512169e-11 
 1517       5.916025216672e-11 
 1518       5.926528128713e-11 
 1519       5.937173863555e-11 
 1520       5.947951080709e-11 
 1521       5.958848907875e-11 
 1522       5.969856413682e-11 
 1523       5.980962607583e-11 
 1524       5.992156439763e-11 
 1525       6.003426801036e-11 
 1526       6.014762522750e-11 
 1527       6.026152376688e-11 
 1528       6.037585074969e-11 
 1529       6.049049269953e-11 
 1530       6.060533554137e-11 
 1531       6.072026460066e-11 
 1532       6.083516460226e-11 
 1533       6.094991966950e-11 
 1534       6.106441332321e-11 
 1535       6.117852848072e-11 
 1536       6.129214745488e-11 
 1537       6.140515195310e-11 
 1538       6.151742307634e-11 
 1539       6.162884131816e-11 
 1540       6.173928656369e-11 
 1541       6.184863808873e-11 
 1542       6.195677455869e-11 
 1543       6.206357402764e-11 
 1544       6.216891393737e-11 
 1545       6.227267111632e-11 
 1546       6.237472177868e-11 
 1547       6.247494152338e-11 
 1548       6.257320533311e-11 
 1549       6.266938757333e-11 
 1550       6.276336199130e-11 
 1551       6.285500171510e-11 
 1552       6.294417925266e-11 
 1553       6.303076649075e-11 
 1554       6.311463469403e-11 
 1555       6.319565450404e-11 
 1556       6.327369593826e-11 
 1557       6.334862838908e-11 
 1558       6.342033661335e-11 
 1559       6.348876886708e-11 
 1560       6.355388922071e-11 
 1561       6.361566160943e-11 
 1562       6.367404983304e-11 
 1563       6.372901755568e-11 
 1564       6.378052830573e-11 
 1565       6.382854547555e-11 
 1566       6.387303232132e-11 
 1567       6.391395196283e-11 
 1568       6.395126738332e-11 
 1569       6.398494142928e-11 
 1570       6.401493681022e-11 
 1571       6.404121609854e-11 
 1572       6.406374172929e-11 
 1573       6.408247600004e-11 
 1574       6.409738107059e-11 
 1575       6.410841896289e-11 
 1576       6.411555156078e-11 
 1577       6.411874060981e-11 
 1578       6.411794771707e-11 
 1579       6.411313435099e-11 
 1580       6.410426184115e-11 
 1581       6.409129137806e-11 
 1582       6.407418401303e-11 
 1583       6.405290065793e-11 
 1584       6.402740208501e-11 
 1585       6.399764892672e-11 
 1586       6.396360167552e-11 
 1587       6.392522068368e-11 
 1588       6.388246616310e-11 
 1589       6.383529818509e-11 
 1590       6.378367668022e-11 
 1591       6.372756143813e-11 
 1592       6.366691210728e-11 
 1593       6.360168819483e-11 
 1594       6.353184906641e-11 
 1595       6.345735394595e-11 
 1596       6.337816191547e-11 
 1597       6.329424638326e-11 
 1598       6.320563863370e-11 
 1599       6.311238467600e-11 
 1600       6.301453081253e-11 
 1601       6.291212363929e-11 
 1602       6.280521004642e-11 
 1603       6.269383721871e-11 
 1604       6.257805263603e-11 
 1605       6.245790407387e-11 
 1606       6.233343960383e-11 
 1607       6.220470759407e-11 
 1608       6.207175670983e-11 
 1609       6.193463591394e-11 
 1610       6.179339446726e-11 
 1611       6.164808192919e-11 
 1612       6.149874815819e-11 
 1613       6.134544331222e-11 
 1614       6.118821784927e-11 
 1615       6.102712252782e-11 
 1616       6.086220840735e-11 
 1617       6.069352684883e-11 
 1618       6.052112951520e-11 
 1619       6.034506837186e-11 
 1620       6.016539568716e-11 
 1621       5.998216403290e-11 
 1622       5.979542628481e-11 
 1623       5.960523562305e-11 
 1624       5.941164553268e-11 
 1625       5.921470980417e-11 
 1626       5.901448253388e-11 
 1627       5.881101812456e-11 
 1628       5.860437128581e-11 
 1629       5.839459703461e-11 
 1630       5.818175069580e-11 
 1631       5.796588790254e-11 
 1632       5.774706459684e-11 
 1633       5.752533703001e-11 
 1634       5.730076176320e-11 
 1635       5.707339566783e-11 
 1636       5.684330000765e-11 
 1637       5.661055272374e-11 
 1638       5.637523626029e-11 
 1639       5.613743349379e-11 
 1640       5.589722773365e-11 
 1641       5.565470272291e-11 
 1642       5.540994263889e-11 
 1643       5.516303209386e-11 
 1644       5.491405613573e-11 
 1645       5.466310024871e-11 
 1646       5.441025035400e-11 
 1647       5.415559281043e-11 
 1648       5.389921441517e-11 
 1649       5.364120240437e-11 
 1650       5.338164445385e-11 
 1651       5.312062867979e-11 
 1652       5.285824363936e-11 
 1653       5.259457833142e-11 
 1654       5.232972219720e-11 
 1655       5.206376512095e-11 
 1656       5.179679743064e-11 
 1657       5.152890989859e-11 
 1658       5.126019374220e-11 
 1659       5.099074062458e-11 
 1660       5.072064265522e-11 
 1661       5.044999239069e-11 
 1662       5.017888283532e-11 
 1663       4.990740744183e-11 
 1664       4.963566011202e-11 
 1665       4.936373519747e-11 
 1666       4.909172750019e-11 
 1667       4.881973227327e-11 
 1668       4.854784522160e-11 
 1669       4.827616250251e-11 
 1670       4.800478072647e-11 
 1671       4.773379695771e-11 
 1672       4.746330871497e-11 
 1673       4.719341397209e-11 
 1674       4.692421115876e-11 
 1675       4.665579231754e-11 
 1676       4.638822250841e-11 
 1677       4.612156022568e-11 
 1678       4.585586422565e-11 
 1679       4.559119352698e-11 
 1680       4.532760741106e-11 
 1681       4.506516542241e-11 
 1682       4.480392736904e-11 
 1683       4.454395332285e-11 
 1684       4.428530362000e-11 
 1685       4.402803886129e-11 
 1686       4.377221991254e-11 
 1687       4.351790790498e-11 
 1688       4.326516423561e-11 
 1689       4.301405056760e-11 
 1690       4.276462883066e-11 
 1691       4.251696122141e-11 
 1692       4.227111020381e-11 
 1693       4.202713850945e-11 
 1694       4.178510913803e-11 
 1695       4.154508535767e-11 
 1696       4.130713070531e-11 
 1697       4.107130898711e-11 
 1698       4.083768427881e-11 
 1699       4.060632092610e-11 
 1700       4.037728354502e-11 
 1701       4.015063702235e-11 
 1702       3.992644651596e-11 
 1703       3.970477745521e-11 
 1704       3.948569554131e-11 
 1705       3.926926674775e-11 
 1706       3.905555732060e-11 
 1707       3.884463377898e-11 
 1708       3.863656291536e-11 
 1709       3.843141179600e-11 
 1710       3.822924776130e-11 
 1711       3.803013842618e-11 
 1712       3.783415168047e-11 
 1713       3.764135568929e-11 
 1714       3.745180765250e-11 
 1715       3.726551997742e-11 
 1716       3.708249381807e-11 
 1717       3.690273028986e-11 
 1718       3.672623046949e-11 
 1719       3.655299539486e-11 
 1720       3.638302606501e-11 
 1721       3.621632344001e-11 
 1722       3.605288844095e-11 
 1723       3.589272194976e-11 
 1724       3.573582480922e-11 
 1725       3.558219782284e-11 
 1726       3.543184175479e-11 
 1727       3.528475732981e-11 
 1728       3.514094523316e-11 
 1729       3.500040611051e-11 
 1730       3.486314056787e-11 
 1731       3.472914917153e-11 
 1732       3.459843244796e-11 
 1733       3.447099088372e-11 
 1734       3.434682492544e-11 
 1735       3.422593497965e-11 
 1736       3.410832141280e-11 
 1737       3.399398455111e-11 
 1738       3.388292468050e-11 
 1739       3.377514204655e-11 
 1740       3.367063685440e-11 
 1741       3.356940926864e-11 
 1742       3.347145941329e-11 
 1743       3.337678737168e-11 
 1744       3.328539318636e-11 
 1745       3.319727685909e-11 
 1746       3.311243835068e-11 
 1747       3.303087758095e-11 
 1748       3.295259442865e-11 
 1749       3.287758873140e-11 
 1750       3.280586028556e-11 
 1751       3.273740884620e-11 
 1752       3.267223412699e-11 
 1753       3.261032819984e-11 
 1754       3.255165262448e-11 
 1755       3.249616112783e-11 
 1756       3.244380718656e-11 
 1757       3.239454402677e-11 
 1758       3.234832462354e-11 
 1759       3.230510170063e-11 
 1760       3.226482773008e-11 
 1761       3.222745493179e-11 
 1762       3.219293527321e-11 
 1763       3.216122046894e-11 
 1764       3.213226198033e-11 
 1765       3.210601101515e-11 
 1766       3.208241852717e-11 
 1767       3.206143521582e-11 
 1768       3.204301152580e-11 
 1769       3.202709764668e-11 
 1770       3.201364351258e-11 
 1771       3.200259880176e-11 
 1772       3.199391293624e-11 
 1773       3.198753508143e-11 
 1774       3.198341414577e-11 
 1775       3.198149878033e-11 
 1776       3.198173737846e-11 
 1777       3.198407807540e-11 
 1778       3.198846874790e-11 
 1779       3.199485701386e-11 
 1780       3.200319023194e-11 
 1781       3.201341550120e-11 
 1782       3.202547966070e-11 
 1783       3.203932928915e-11 
 1784       3.205491070454e-11 
 1785       3.207216996372e-11 
 1786       3.209105286207e-11 
 1787       3.211150493312e-11 
 1788       3.213347144815e-11 
 1789       3.215689741583e-11 
 1790       3.218172758185e-11 
 1791       3.220790642852e-11 
 1792       3.223537837086e-11 
 1793       3.226408834716e-11 
 1794       3.229398123249e-11 
 1795       3.232500164232e-11 
 1796       3.235709393216e-11 
 1797       3.239020219719e-11 
 1798       3.242427027190e-11 
 1799       3.245924172971e-11 
 1800       3.249505988260e-11 
 1801       3.253166778078e-11 
 1802       3.256900821226e-11 
 1803       3.260702370254e-11 
 1804       3.264565651420e-11 
 1805       3.268484864654e-11 
 1806       3.272454183525e-11 
 1807       3.276467755199e-11 
 1808       3.280519700405e-11 
 1809       3.284604113398e-11 
 1810       3.288715061921e-11 
 1811       3.292846587171e-11 
 1812       3.296992703757e-11 
 1813       3.301147399669e-11 
 1814       3.305304636238e-11 
 1815       3.309458348101e-11 
 1816       3.313602443160e-11 
 1817       3.317730802552e-11 
 1818       3.321837280606e-11 
 1819       3.325915704809e-11 
 1820       3.329959875770e-11 
 1821       3.333963567181e-11 
 1822       3.337920525781e-11 
 1823       3.341824471322e-11 
 1824       3.345669096526e-11 
 1825       3.349448067054e-11 
 1826       3.353155021467e-11 
 1827       3.356783571190e-11 
 1828       3.360327300473e-11 
 1829       3.363779766356e-11 
 1830       3.367134498632e-11 
 1831       3.370385636256e-11 
 1832       3.373529842202e-11 
 1833       3.376564403835e-11 
 1834       3.379486597845e-11 
 1835       3.382293690226e-11 
 1836       3.384982936269e-11 
 1837       3.387551580544e-11 
 1838       3.389996856887e-11 
 1839       3.392315988387e-11 
 1840       3.394506187370e-11 
 1841       3.396564655384e-11 
 1842       3.398488583191e-11 
 1843       3.400275150746e-11 
 1844       3.401921527186e-11 
 1845       3.403424870817e-11 
 1846       3.404782329098e-11 
 1847       3.405991038627e-11 
 1848       3.407048125129e-11 
 1849       3.407950703441e-11 
 1850       3.408695877495e-11 
 1851       3.409280740309e-11 
 1852       3.409702373970e-11 
 1853       3.409957849622e-11 
 1854       3.410044227447e-11 
 1855       3.409958556657e-11 
 1856       3.409697875477e-11 
 1857       3.409259211133e-11 
 1858       3.408639579832e-11 
 1859       3.407835986758e-11 
 1860       3.406845426047e-11 
 1861       3.405664880783e-11 
 1862       3.404291322977e-11 
 1863       3.402721713554e-11 
 1864       3.400953002342e-11 
 1865       3.398982128057e-11 
 1866       3.396806018286e-11 
 1867       3.394421589476e-11 
 1868       3.391825746920e-11 
 1869       3.389015384741e-11 
 1870       3.385988116842e-11 
 1871       3.382744476035e-11 
 1872       3.379285732092e-11 
 1873       3.375613162361e-11 
 1874       3.371728051771e-11 
 1875       3.367631692846e-11 
 1876       3.363325385718e-11 
 1877       3.358810438134e-11 
 1878       3.354088165470e-11 
 1879       3.349159890740e-11 
 1880       3.344026944608e-11 
 1881       3.338690665400e-11 
 1882       3.333152399115e-11 
 1883       3.327413499432e-11 
 1884       3.321475327726e-11 
 1885       3.315339253079e-11 
 1886       3.309006652287e-11 
 1887       3.302478909873e-11 
 1888       3.295757418100e-11 
 1889       3.288843576979e-11 
 1890       3.281738794283e-11 
 1891       3.274444485555e-11 
 1892       3.266962074121e-11 
 1893       3.259292991100e-11 
 1894       3.251438675418e-11 
 1895       3.243400573814e-11 
 1896       3.235180140855e-11 
 1897       3.226778838944e-11 
 1898       3.218198138335e-11 
 1899       3.209439517142e-11 
 1900       3.200504461346e-11 
 1901       3.191394464815e-11 
 1902       3.182111029307e-11 
 1903       3.172655664485e-11 
 1904       3.163029887925e-11 
 1905       3.153235225131e-11 
 1906       3.143273209545e-11 
 1907       3.133145382555e-11 
 1908       3.122853293509e-11 
 1909       3.112398846714e-11 
 1910       3.101785345317e-11 
 1911       3.091016455451e-11 
 1912       3.080095859990e-11 
 1913       3.069027258577e-11 
 1914       3.057814367642e-11 
 1915       3.046460920428e-11 
 1916       3.034970667011e-11 
 1917       3.023347374323e-11 
 1918       3.011594826175e-11 
 1919       2.999716823281e-11 
 1920       2.987717183276e-11 
 1921       2.975599740742e-11 
 1922       2.963368347232e-11 
 1923       2.951026871285e-11 
 1924       2.938579198459e-11 
 1925       2.926029231345e-11 
 1926       2.913380889593e-11 
 1927       2.900638109934e-11 
 1928       2.887804846203e-11 
 1929       2.874885069359e-11 
 1930       2.861882767512e-11 
 1931       2.848801945940e-11 
 1932       2.835646627116e-11 
 1933       2.822420850729e-11 
 1934       2.809128673705e-11 
 1935       2.795774170231e-11 
 1936       2.782361431778e-11 
 1937       2.768894567120e-11 
 1938       2.755377702362e-11 
 1939       2.741814980957e-11 
 1940       2.728210563733e-11 
 1941       2.714568628912e-11 
 1942       2.700893372135e-11 
 1943       2.687189006482e-11 
 1944       2.673459762496e-11 
 1945       2.659709888206e-11 
 1946       2.645943649148e-11 
 1947       2.632165328389e-11 
 1948       2.618379048692e-11 
 1949       2.604588237511e-11 
 1950       2.590796158023e-11 
 1951       2.577006086634e-11 
 1952       2.563221312997e-11 
 1953       2.549445140026e-11 
 1954       2.535680883920e-11 
 1955       2.521931874169e-11 
 1956       2.508201453583e-11 
 1957       2.494492978297e-11 
 1958       2.480809817797e-11 
 1959       2.467155354933e-11 
 1960       2.453532985934e-11 
 1961       2.439946120430e-11 
 1962       2.426398181465e-11 
 1963       2.412892605513e-11 
 1964       2.399432842497e-11 
 1965       2.386022355809e-11 
 1966       2.372664622318e-11 
 1967       2.359363132394e-11 
 1968       2.346121389926e-11 
 1969       2.332942912331e-11 
 1970       2.319831230578e-11 
 1971       2.306789889202e-11 
 1972       2.293822446323e-11 
 1973       2.280932473657e-11 
 1974       2.268123556541e-11 
 1975       2.255399293943e-11 
 1976       2.242763298484e-11 
 1977       2.230219196451e-11 
 1978       2.217770627815e-11 
 1979       2.205421246249e-11 
 1980       2.193174719144e-11 
 1981       2.181034727625e-11 
 1982       2.169004966569e-11 
 1983       2.157089144623e-11 
 1984       2.145290984216e-11 
 1985       2.133614221582e-11 
 1986       2.122062606774e-11 
 1987       2.110639418978e-11 
 1988       2.099346008526e-11 
 1989       2.088183244180e-11 
 1990       2.077151996856e-11 
 1991       2.066253139633e-11 
 1992       2.055487547746e-11 
 1993       2.044856098597e-11 
 1994       2.034359671752e-11 
 1995       2.023999148945e-11 
 1996       2.013775414079e-11 
 1997       2.003689353227e-11 
 1998       1.993741854640e-11 
 1999       1.983933808740e-11 
 2000       1.974266108130e-11 
 2001       1.964739647592e-11 
 2002       1.955355324091e-11 
 2003       1.946114036776e-11 
 2004       1.937016686982e-11 
 2005       1.928064178232e-11 
 2006       1.919257416241e-11 
 2007       1.910597308916e-11 
 2008       1.902084766359e-11 
 2009       1.893720700870e-11 
 2010       1.885506026946e-11 
 2011       1.877441661287e-11 
 2012       1.869528522796e-11 
 2013       1.861767532581e-11 
 2014       1.854159613958e-11 
 2015       1.846705692452e-11 
 2016       1.839406695801e-11 
 2017       1.832263553956e-11 
 2018       1.825277199084e-11 
 2019       1.818448565571e-11 
 2020       1.811778590022e-11 
 2021       1.805268211266e-11 
 2022       1.798918370354e-11 
 2023       1.792730010567e-11 
 2024       1.786704077412e-11 
 2025       1.780841518628e-11 
 2026       1.775142860127e-11 
 2027       1.769606930476e-11 
 2028       1.764232127202e-11 
 2029       1.759016840009e-11 
 2030       1.753959450766e-11 
 2031       1.749058333495e-11 
 2032       1.744311854364e-11 
 2033       1.739718371674e-11 
 2034       1.735276235851e-11 
 2035       1.730983789433e-11 
 2036       1.726839367062e-11 
 2037       1.722841295473e-11 
 2038       1.718987893483e-11 
 2039       1.715277471983e-11 
 2040       1.711708333924e-11 
 2041       1.708278774311e-11 
 2042       1.704987080189e-11 
 2043       1.701831530634e-11 
 2044       1.698810396744e-11 
 2045       1.695921941627e-11 
 2046       1.693164420394e-11 
 2047       1.690536080142e-11 
 2048       1.688035159950e-11 
 2049       1.685659890868e-11 
 2050       1.683408495903e-11 
 2051       1.681279190013e-11 
 2052       1.679270180092e-11 
 2053       1.677379664966e-11 
 2054       1.675605835378e-11 
 2055       1.673946873976e-11 
 2056       1.672400955311e-11 
 2057       1.670966245817e-11 
 2058       1.669640903808e-11 
 2059       1.668423079463e-11 
 2060       1.667310914818e-11 
 2061       1.666302543756e-11 
 2062       1.665396091996e-11 
 2063       1.664589677081e-11 
 2064       1.663881408373e-11 
 2065       1.663269277766e-11 
 2066       1.662750831032e-11 
 2067       1.662323494126e-11 
 2068       1.661984682235e-11 
 2069       1.661731799763e-11 
 2070       1.661562240315e-11 
 2071       1.661473386690e-11 
 2072       1.661462610861e-11 
 2073       1.661527273964e-11 
 2074       1.661664726288e-11 
 2075       1.661872307256e-11 
 2076       1.662147345415e-11 
 2077       1.662487158422e-11 
 2078       1.662889053033e-11 
 2079       1.663350325083e-11 
 2080       1.663868259480e-11 
 2081       1.664440130189e-11 
 2082       1.665063200216e-11 
 2083       1.665734721598e-11 
 2084       1.666451935390e-11 
 2085       1.667212071647e-11 
 2086       1.668012349417e-11 
 2087       1.668849976723e-11 
 2088       1.669722150552e-11 
 2089       1.670626056839e-11 
 2090       1.671558870458e-11 
 2091       1.672517755205e-11 
 2092       1.673499863784e-11 
 2093       1.674502337799e-11 
 2094       1.675522307734e-11 
 2095       1.676556892944e-11 
 2096       1.677603201641e-11 
 2097       1.678658330878e-11 
 2098       1.679719366540e-11 
 2099       1.680783383327e-11 
 2100       1.681847444743e-11 
 2101       1.682908603079e-11 
 2102       1.683963899406e-11 
 2103       1.685010363555e-11 
 2104       1.686045224293e-11 
 2105       1.687066541457e-11 
 2106       1.688072578192e-11 
 2107       1.689061591154e-11 
 2108       1.690031830503e-11 
 2109       1.690981539899e-11 
 2110       1.691908956489e-11 
 2111       1.692812310903e-11 
 2112       1.693689827246e-11 
 2113       1.694539723088e-11 
 2114       1.695360209460e-11 
 2115       1.696149490843e-11 
 2116       1.696905765161e-11 
 2117       1.697627223777e-11 
 2118       1.698312051478e-11 
 2119       1.698958426476e-11 
 2120       1.699564520394e-11 
 2121       1.700128498260e-11 
 2122       1.700648518500e-11 
 2123       1.701122732931e-11 
 2124       1.701549286752e-11 
 2125       1.701926318537e-11 
 2126       1.702251960226e-11 
 2127       1.702524337119e-11 
 2128       1.702741567870e-11 
 2129       1.702901764473e-11 
 2130       1.703003032262e-11 
 2131       1.703043469899e-11 
 2132       1.703021169367e-11 
 2133       1.702934215961e-11 
 2134       1.702780688285e-11 
 2135       1.702558658238e-11 
 2136       1.702266191013e-11 
 2137       1.701901345082e-11 
 2138       1.701462172196e-11 
 2139       1.700946717371e-11 
 2140       1.700353018885e-11 
 2141       1.699679108267e-11 
 2142       1.698923010290e-11 
 2143       1.698083076459e-11 
 2144       1.697158987972e-11 
 2145       1.696150759592e-11 
 2146       1.695058406781e-11 
 2147       1.693881945695e-11 
 2148       1.692621393189e-11 
 2149       1.691276766817e-11 
 2150       1.689848084835e-11 
 2151       1.688335366198e-11 
 2152       1.686738630565e-11 
 2153       1.685057898296e-11 
 2154       1.683293190458e-11 
 2155       1.681444528822e-11 
 2156       1.679511935866e-11 
 2157       1.677495434776e-11 
 2158       1.675395049447e-11 
 2159       1.673210804481e-11 
 2160       1.670942725194e-11 
 2161       1.668590837612e-11 
 2162       1.666155168474e-11 
 2163       1.663635745235e-11 
 2164       1.661032596061e-11 
 2165       1.658345749838e-11 
 2166       1.655575236167e-11 
 2167       1.652721085367e-11 
 2168       1.649783328478e-11 
 2169       1.646761997257e-11 
 2170       1.643657124186e-11 
 2171       1.640468742467e-11 
 2172       1.637196886026e-11 
 2173       1.633841589514e-11 
 2174       1.630402888307e-11 
 2175       1.626880818507e-11 
 2176       1.623275416946e-11 
 2177       1.619586721181e-11 
 2178       1.615814769502e-11 
 2179       1.611959600928e-11 
 2180       1.608021255210e-11 
 2181       1.603999772834e-11 
 2182       1.599895417808e-11 
 2183       1.595709347676e-11 
 2184       1.591442948005e-11 
 2185       1.587097610005e-11 
 2186       1.582674730541e-11 
 2187       1.578175712139e-11 
 2188       1.573601962986e-11 
 2189       1.568954896947e-11 
 2190       1.564235933562e-11 
 2191       1.559446498060e-11 
 2192       1.554588021361e-11 
 2193       1.549661940086e-11 
 2194       1.544669696560e-11 
 2195       1.539612738821e-11 
 2196       1.534492520629e-11 
 2197       1.529310501466e-11 
 2198       1.524068146549e-11 
 2199       1.518766926834e-11 
 2200       1.513408319024e-11 
 2201       1.507993805572e-11 
 2202       1.502524874693e-11 
 2203       1.497003020367e-11 
 2204       1.491429742347e-11 
 2205       1.485806546164e-11 
 2206       1.480134943137e-11 
 2207       1.474416450376e-11 
 2208       1.468652590791e-11 
 2209       1.462844893099e-11 
 2210       1.456994891828e-11 
 2211       1.451104127326e-11 
 2212       1.445174145769e-11 
 2213       1.439206499161e-11 
 2214       1.433202745351e-11 
 2215       1.427164448029e-11 
 2216       1.421093176741e-11 
 2217       1.414990506891e-11 
 2218       1.408858019750e-11 
 2219       1.402697302461e-11 
 2220       1.396509948045e-11 
 2221       1.390297552088e-11 
 2222       1.384061702744e-11 
 2223       1.377803990677e-11 
 2224       1.371526012385e-11 
 2225       1.365229370209e-11 
 2226       1.358915672333e-11 
 2227       1.352586532798e-11 
 2228       1.346243571505e-11 
 2229       1.339888414220e-11 
 2230       1.333522692585e-11 
 2231       1.327148044122e-11 
 2232       1.320766112238e-11 
 2233       1.314378546234e-11 
 2234       1.307987001313e-11 
 2235       1.301593138581e-11 
 2236       1.295198625060e-11 
 2237       1.288805133691e-11 
 2238       1.282414343341e-11 
 2239       1.276027938809e-11 
 2240       1.269647610834e-11 
 2241       1.263275056104e-11 
 2242       1.256911977254e-11 
 2243       1.250560082883e-11 
 2244       1.244221087553e-11 
 2245       1.237896711801e-11 
 2246       1.231588682141e-11 
 2247       1.225298731072e-11 
 2248       1.219028597087e-11 
 2249       1.212780024677e-11 
 2250       1.206554764338e-11 
 2251       1.200354572579e-11 
 2252       1.194181211926e-11 
 2253       1.188036450931e-11 
 2254       1.181922064178e-11 
 2255       1.175839832288e-11 
 2256       1.169791541928e-11 
 2257       1.163778985817e-11 
 2258       1.157803962730e-11 
 2259       1.151868277508e-11 
 2260       1.145973562204e-11 
 2261       1.140120738250e-11 
 2262       1.134310550818e-11 
 2263       1.128543747366e-11 
 2264       1.122821077644e-11 
 2265       1.117143293688e-11 
 2266       1.111511149832e-11 
 2267       1.105925402703e-11 
 2268       1.100386811229e-11 
 2269       1.094896136635e-11 
 2270       1.089454142452e-11 
 2271       1.084061594515e-11 
 2272       1.078719260968e-11 
 2273       1.073427912264e-11 
 2274       1.068188321168e-11 
 2275       1.063001262762e-11 
 2276       1.057867514445e-11 
 2277       1.052787855933e-11 
 2278       1.047763069268e-11 
 2279       1.042793938813e-11 
 2280       1.037881251261e-11 
 2281       1.033025795632e-11 
 2282       1.028228363279e-11 
 2283       1.023489747889e-11 
 2284       1.018810745483e-11 
 2285       1.014192154425e-11 
 2286       1.009634775417e-11 
 2287       1.005139411505e-11 
 2288       1.000706868084e-11 
 2289       9.963379528920e-12 
 2290       9.920334760227e-12 
 2291       9.877942499205e-12 
 2292       9.836210893857e-12 
 2293       9.795148115768e-12 
 2294       9.754762360125e-12 
 2295       9.715061845741e-12 
 2296       9.676054815080e-12 
 2297       9.637749534282e-12 
 2298       9.600154293184e-12 
 2299       9.563275347659e-12 
 2300       9.527110732257e-12 
 2301       9.491656408208e-12 
 2302       9.456908317509e-12 
 2303       9.422862382901e-12 
 2304       9.389514507847e-12 
 2305       9.356860576507e-12 
 2306       9.324896453718e-12 
 2307       9.293617984968e-12 
 2308       9.263020996377e-12 
 2309       9.233101294672e-12 
 2310       9.203854667162e-12 
 2311       9.175276881719e-12 
 2312       9.147363686754e-12 
 2313       9.120110811192e-12 
 2314       9.093513964454e-12 
 2315       9.067568836429e-12 
 2316       9.042271097452e-12 
 2317       9.017616398285e-12 
 2318       8.993600370090e-12 
 2319       8.970218624410e-12 
 2320       8.947466753140e-12 
 2321       8.925340328513e-12 
 2322       8.903834903067e-12 
 2323       8.882946009632e-12 
 2324       8.862669161300e-12 
 2325       8.842999851406e-12 
 2326       8.823933553504e-12 
 2327       8.805465721342e-12 
 2328       8.787591788845e-12 
 2329       8.770307170086e-12 
 2330       8.753607259265e-12 
 2331       8.737487430688e-12 
 2332       8.721943038744e-12 
 2333       8.706969417880e-12 
 2334       8.692561882578e-12 
 2335       8.678715727337e-12 
 2336       8.665426226642e-12 
 2337       8.652688634949e-12 
 2338       8.640497206043e-12 
 2339       8.628842244449e-12 
 2340       8.617713035513e-12 
 2341       8.607098824296e-12 
 2342       8.596988815524e-12 
 2343       8.587372173553e-12 
 2344       8.578238022317e-12 
 2345       8.569575445289e-12 
 2346       8.561373485430e-12 
 2347       8.553621145154e-12 
 2348       8.546307386276e-12 
 2349       8.539421129968e-12 
 2350       8.532951256721e-12 
 2351       8.526886606294e-12 
 2352       8.521215977672e-12 
 2353       8.515928129023e-12 
 2354       8.511011777651e-12 
 2355       8.506455599954e-12 
 2356       8.502248231379e-12 
 2357       8.498378266376e-12 
 2358       8.494834258356e-12 
 2359       8.491604719646e-12 
 2360       8.488678121443e-12 
 2361       8.486042893772e-12 
 2362       8.483687425440e-12 
 2363       8.481600063994e-12 
 2364       8.479769115672e-12 
 2365       8.478182845363e-12 
 2366       8.476829476562e-12 
 2367       8.475697191323e-12 
 2368       8.474774130219e-12 
 2369       8.474048392293e-12 
 2370       8.473508035017e-12 
 2371       8.473141074246e-12 
 2372       8.472935484173e-12 
 2373       8.472879197288e-12 
 2374       8.472960104331e-12 
 2375       8.473166054245e-12 
 2376       8.473484854140e-12 
 2377       8.473904771244e-12 
 2378       8.474416042262e-12 
 2379       8.475009373230e-12 
 2380       8.475675438322e-12 
 2381       8.476404879811e-12 
 2382       8.477188308043e-12 
 2383       8.478016301398e-12 
 2384       8.478879406258e-12 
 2385       8.479768136971e-12 
 2386       8.480672975822e-12 
 2387       8.481584372997e-12 
 2388       8.482492746545e-12 
 2389       8.483388482353e-12 
 2390       8.484261934105e-12 
 2391       8.485103423251e-12 
 2392       8.485903238974e-12 
 2393       8.486651638154e-12 
 2394       8.487338845339e-12 
 2395       8.487955052704e-12 
 2396       8.488490420024e-12 
 2397       8.488935074637e-12 
 2398       8.489279111411e-12 
 2399       8.489512592712e-12 
 2400       8.489625548365e-12 
 2401       8.489607975628e-12 
 2402       8.489449839152e-12 
 2403       8.489141070948e-12 
 2404       8.488671570360e-12 
 2405       8.488031204021e-12 
 2406       8.487209805827e-12 
 2407       8.486197176900e-12 
 2408       8.484983085557e-12 
 2409       8.483557267271e-12 
 2410       8.481909424644e-12 
 2411       8.480029227368e-12 
 2412       8.477906312195e-12 
 2413       8.475530282899e-12 
 2414       8.472890710248e-12 
 2415       8.469977131965e-12 
 2416       8.466780380397e-12 
 2417       8.463296574367e-12 
 2418       8.459523151445e-12 
 2419       8.455457542440e-12 
 2420       8.451097171393e-12 
 2421       8.446439455572e-12 
 2422       8.441481805464e-12 
 2423       8.436221624769e-12 
 2424       8.430656310394e-12 
 2425       8.424783252447e-12 
 2426       8.418599834228e-12 
 2427       8.412103432226e-12 
 2428       8.405291416112e-12 
 2429       8.398161148730e-12 
 2430       8.390709986094e-12 
 2431       8.382935277378e-12 
 2432       8.374834364913e-12 
 2433       8.366404584178e-12 
 2434       8.357643263796e-12 
 2435       8.348547725526e-12 
 2436       8.339115284256e-12 
 2437       8.329343247997e-12 
 2438       8.319228917879e-12 
 2439       8.308769588142e-12 
 2440       8.297962546129e-12 
 2441       8.286805072283e-12 
 2442       8.275294440136e-12 
 2443       8.263427916307e-12 
 2444       8.251202760492e-12 
 2445       8.238616225461e-12 
 2446       8.225665557049e-12 
 2447       8.212347994149e-12 
 2448       8.198660768709e-12 
 2449       8.184601105723e-12 
 2450       8.170166223224e-12 
 2451       8.155353332281e-12 
 2452       8.140159636989e-12 
 2453       8.124582334463e-12 
 2454       8.108618614834e-12 
 2455       8.092266928217e-12 
 2456       8.075530793895e-12 
 2457       8.058415013838e-12 
 2458       8.040924407816e-12 
 2459       8.023063813411e-12 
 2460       8.004838086040e-12 
 2461       7.986252098973e-12 
 2462       7.967310743349e-12 
 2463       7.948018928201e-12 
 2464       7.928381580466e-12 
 2465       7.908403645014e-12 
 2466       7.888090084656e-12 
 2467       7.867445880172e-12 
 2468       7.846476030326e-12 
 2469       7.825185551883e-12 
 2470       7.803579479632e-12 
 2471       7.781662866401e-12 
 2472       7.759440783077e-12 
 2473       7.736918318626e-12 
 2474       7.714100580112e-12 
 2475       7.690992692713e-12 
 2476       7.667599799742e-12 
 2477       7.643927062666e-12 
 2478       7.619979661124e-12 
 2479       7.595762792946e-12 
 2480       7.571281674170e-12 
 2481       7.546541539067e-12 
 2482       7.521547640150e-12 
 2483       7.496305248203e-12 
 2484       7.470819652292e-12 
 2485       7.445096159789e-12 
 2486       7.419140096385e-12 
 2487       7.392956806118e-12 
 2488       7.366551651381e-12 
 2489       7.339930012950e-12 
 2490       7.313097289996e-12 
 2491       7.286058900108e-12 
 2492       7.258820279311e-12 
 2493       7.231386882084e-12 
 2494       7.203760713089e-12 
 2495       7.175929900075e-12 
 2496       7.147879059793e-12 
 2497       7.119592760680e-12 
 2498       7.091055522808e-12 
 2499       7.062251817838e-12 
 2500       7.033166068971e-12 
