# dimensionless total [l(l+1)/2pi] C_l's
# for l=2 to 2500, i.e. number of multipoles equal to 2499
#
# -> if you prefer output in CAMB/HealPix/LensPix units/order, set 'format' to 'camb' in input file
# -> if you don't want to see such a header, set 'headers' to 'no' in input file
#
# 1:l     2:TT                 
    2       2.495539389734e-10 
    3       2.180143099935e-10 
    4       1.945227875645e-10 
    5       1.776765195072e-10 
    6       1.655887747220e-10 
    7       1.569139775183e-10 
    8       1.506492470357e-10 
    9       1.461239050611e-10 
   10       1.429144297819e-10 
   11       1.406473548034e-10 
   12       1.391552666922e-10 
   13       1.382371098247e-10 
   14       1.378112920141e-10 
   15       1.377965312753e-10 
   16       1.380889377214e-10 
   17       1.386952927394e-10 
   18       1.395252579677e-10 
   19       1.405832118301e-10 
   20       1.418365093865e-10 
   21       1.432832576053e-10 
   22       1.448837420800e-10 
   23       1.466146840679e-10 
   24       1.484352881485e-10 
   25       1.503729432993e-10 
   26       1.524500542841e-10 
   27       1.546416539213e-10 
   28       1.568982607815e-10 
   29       1.592287875017e-10 
   30       1.616471691271e-10 
   31       1.641533233216e-10 
   32       1.667468939350e-10 
   33       1.694151673766e-10 
   34       1.721367696128e-10 
   35       1.749136596529e-10 
   36       1.777482045616e-10 
   37       1.806373027452e-10 
   38       1.835846122522e-10 
   39       1.865909824417e-10 
   40       1.896502756855e-10 
   41       1.927535643667e-10 
   42       1.959050646395e-10 
   43       1.991101996602e-10 
   44       2.023707801550e-10 
   45       2.056861833652e-10 
   46       2.090581832074e-10 
   47       2.124869339515e-10 
   48       2.159692722247e-10 
   49       2.194984357712e-10 
   50       2.230668983328e-10 
   51       2.266764339309e-10 
   52       2.303302982783e-10 
   53       2.340302200161e-10 
   54       2.377762661141e-10 
   55       2.415678278688e-10 
   56       2.454071740875e-10 
   57       2.492965448298e-10 
   58       2.532370191848e-10 
   59       2.572284243314e-10 
   60       2.612692445985e-10 
   61       2.653575909557e-10 
   62       2.694945695141e-10 
   63       2.736815111881e-10 
   64       2.779189218254e-10 
   65       2.822064249131e-10 
   66       2.865427042851e-10 
   67       2.909254468283e-10 
   68       2.953523281353e-10 
   69       2.998243294466e-10 
   70       3.043429929723e-10 
   71       3.089094083424e-10 
   72       3.135241819882e-10 
   73       3.181874065220e-10 
   74       3.228986301181e-10 
   75       3.276568258931e-10 
   76       3.324608551557e-10 
   77       3.373110223657e-10 
   78       3.422077494174e-10 
   79       3.471510867646e-10 
   80       3.521406929289e-10 
   81       3.571758140065e-10 
   82       3.622552631770e-10 
   83       3.673774002102e-10 
   84       3.725406003456e-10 
   85       3.777447951271e-10 
   86       3.829901506222e-10 
   87       3.882765886751e-10 
   88       3.936037746390e-10 
   89       3.989711051089e-10 
   90       4.043776956535e-10 
   91       4.098223685480e-10 
   92       4.153036405067e-10 
   93       4.208200256472e-10 
   94       4.263710231536e-10 
   95       4.319562561676e-10 
   96       4.375751619581e-10 
   97       4.432269839808e-10 
   98       4.489107639376e-10 
   99       4.546253338361e-10 
  100       4.603693080493e-10 
  101       4.661410753752e-10 
  102       4.719387910965e-10 
  103       4.777603690398e-10 
  104       4.836037769230e-10 
  105       4.894679849370e-10 
  106       4.953521310970e-10 
  107       5.012552248452e-10 
  108       5.071761424435e-10 
  109       5.131136223660e-10 
  110       5.190662606909e-10 
  111       5.250325064936e-10 
  112       5.310106572385e-10 
  113       5.369988541717e-10 
  114       5.429950777132e-10 
  115       5.489971428498e-10 
  116       5.550029050282e-10 
  117       5.610109160867e-10 
  118       5.670198397915e-10 
  119       5.730282457547e-10 
  120       5.790346066874e-10 
  121       5.850372956540e-10 
  122       5.910345833254e-10 
  123       5.970246352324e-10 
  124       6.030055090197e-10 
  125       6.089751516995e-10 
  126       6.149313969047e-10 
  127       6.208719621428e-10 
  128       6.267944460495e-10 
  129       6.326965099293e-10 
  130       6.385764507275e-10 
  131       6.444326860163e-10 
  132       6.502635739288e-10 
  133       6.560674117306e-10 
  134       6.618424343930e-10 
  135       6.675868131643e-10 
  136       6.732986541431e-10 
  137       6.789759968496e-10 
  138       6.846168127988e-10 
  139       6.902190040719e-10 
  140       6.957804018895e-10 
  141       7.012987651831e-10 
  142       7.067717791679e-10 
  143       7.121970539150e-10 
  144       7.175722790047e-10 
  145       7.228957076858e-10 
  146       7.281657179564e-10 
  147       7.333806602424e-10 
  148       7.385388568671e-10 
  149       7.436386015201e-10 
  150       7.486781587271e-10 
  151       7.536557633189e-10 
  152       7.585696199008e-10 
  153       7.634179023217e-10 
  154       7.681987531439e-10 
  155       7.729102831119e-10 
  156       7.775505706220e-10 
  157       7.821176611915e-10 
  158       7.866095669280e-10 
  159       7.910242659988e-10 
  160       7.953597021001e-10 
  161       7.996139105099e-10 
  162       8.037854098865e-10 
  163       8.078728442649e-10 
  164       8.118748596409e-10 
  165       8.157901040224e-10 
  166       8.196172274816e-10 
  167       8.233548822064e-10 
  168       8.270017225522e-10 
  169       8.305564050935e-10 
  170       8.340175886759e-10 
  171       8.373839344675e-10 
  172       8.406541060106e-10 
  173       8.438267692737e-10 
  174       8.469005927028e-10 
  175       8.498742472735e-10 
  176       8.527464065424e-10 
  177       8.555157466990e-10 
  178       8.581809466172e-10 
  179       8.607406879073e-10 
  180       8.631937426084e-10 
  181       8.655392439541e-10 
  182       8.677764372790e-10 
  183       8.699045946835e-10 
  184       8.719230154086e-10 
  185       8.738310262100e-10 
  186       8.756279817331e-10 
  187       8.773132648870e-10 
  188       8.788862872196e-10 
  189       8.803464892914e-10 
  190       8.816933410506e-10 
  191       8.829263422072e-10 
  192       8.840450226077e-10 
  193       8.850489426099e-10 
  194       8.859376934566e-10 
  195       8.867108976510e-10 
  196       8.873682093306e-10 
  197       8.879093146419e-10 
  198       8.883339321152e-10 
  199       8.886418130384e-10 
  200       8.888327418322e-10 
  201       8.889065703341e-10 
  202       8.888633226015e-10 
  203       8.887030983257e-10 
  204       8.884260400668e-10 
  205       8.880323337283e-10 
  206       8.875222090318e-10 
  207       8.868959399921e-10 
  208       8.861538453913e-10 
  209       8.852962892541e-10 
  210       8.843236813222e-10 
  211       8.832364775290e-10 
  212       8.820351804746e-10 
  213       8.807203399005e-10 
  214       8.792925531638e-10 
  215       8.777524657128e-10 
  216       8.761007715608e-10 
  217       8.743382137617e-10 
  218       8.724655848841e-10 
  219       8.704837274862e-10 
  220       8.683935345906e-10 
  221       8.661959501592e-10 
  222       8.638919695673e-10 
  223       8.614826400793e-10 
  224       8.589690270133e-10 
  225       8.563521088393e-10 
  226       8.536328762549e-10 
  227       8.508123662788e-10 
  228       8.478916626440e-10 
  229       8.448718961906e-10 
  230       8.417542452592e-10 
  231       8.385399360836e-10 
  232       8.352302431841e-10 
  233       8.318264897601e-10 
  234       8.283300480839e-10 
  235       8.247423398929e-10 
  236       8.210648367833e-10 
  237       8.172990606028e-10 
  238       8.134465838434e-10 
  239       8.095090300353e-10 
  240       8.054880741390e-10 
  241       8.013854429389e-10 
  242       7.972029154359e-10 
  243       7.929423232412e-10 
  244       7.886055509683e-10 
  245       7.841945366269e-10 
  246       7.797112720157e-10 
  247       7.751578031151e-10 
  248       7.705362304806e-10 
  249       7.658487096360e-10 
  250       7.610973421253e-10 
  251       7.562838408879e-10 
  252       7.514098463316e-10 
  253       7.464770341186e-10 
  254       7.414871153489e-10 
  255       7.364418367447e-10 
  256       7.313429808341e-10 
  257       7.261923661350e-10 
  258       7.209918473391e-10 
  259       7.157433154962e-10 
  260       7.104486981973e-10 
  261       7.051099597595e-10 
  262       6.997291014093e-10 
  263       6.943081614668e-10 
  264       6.888492155294e-10 
  265       6.833543766562e-10 
  266       6.778257955515e-10 
  267       6.722656607489e-10 
  268       6.666761987955e-10 
  269       6.610596744352e-10 
  270       6.554183907933e-10 
  271       6.497546895601e-10 
  272       6.440709511750e-10 
  273       6.383695950103e-10 
  274       6.326530795552e-10 
  275       6.269239025997e-10 
  276       6.211846014188e-10 
  277       6.154377529560e-10 
  278       6.096859740076e-10 
  279       6.039317521381e-10 
  280       5.981769283524e-10 
  281       5.924231879795e-10 
  282       5.866722274519e-10 
  283       5.809257542287e-10 
  284       5.751854867198e-10 
  285       5.694531542102e-10 
  286       5.637304967834e-10 
  287       5.580192652456e-10 
  288       5.523212210496e-10 
  289       5.466381362185e-10 
  290       5.409717932702e-10 
  291       5.353239851408e-10 
  292       5.296965151085e-10 
  293       5.240911967180e-10 
  294       5.185098537040e-10 
  295       5.129543199155e-10 
  296       5.074264392391e-10 
  297       5.019280655238e-10 
  298       4.964610625042e-10 
  299       4.910273037248e-10 
  300       4.856286724638e-10 
  301       4.802670616570e-10 
  302       4.749443738219e-10 
  303       4.696625209815e-10 
  304       4.644234245883e-10 
  305       4.592290154480e-10 
  306       4.540812336438e-10 
  307       4.489820284600e-10 
  308       4.439333583063e-10 
  309       4.389371906412e-10 
  310       4.339955018963e-10 
  311       4.291102774004e-10 
  312       4.242833468393e-10 
  313       4.195158823544e-10 
  314       4.148088770080e-10 
  315       4.101633068696e-10 
  316       4.055801307384e-10 
  317       4.010602898650e-10 
  318       3.966047076728e-10 
  319       3.922142894806e-10 
  320       3.878899222238e-10 
  321       3.836324741763e-10 
  322       3.794427946727e-10 
  323       3.753217138299e-10 
  324       3.712700422689e-10 
  325       3.672885708367e-10 
  326       3.633780703282e-10 
  327       3.595392912079e-10 
  328       3.557729633319e-10 
  329       3.520797956694e-10 
  330       3.484604760250e-10 
  331       3.449156707603e-10 
  332       3.414460245156e-10 
  333       3.380521599321e-10 
  334       3.347346773733e-10 
  335       3.314941546472e-10 
  336       3.283311467280e-10 
  337       3.252461854777e-10 
  338       3.222397793685e-10 
  339       3.193124132041e-10 
  340       3.164645478418e-10 
  341       3.136966199142e-10 
  342       3.110090415512e-10 
  343       3.084022001017e-10 
  344       3.058764578555e-10 
  345       3.034321517651e-10 
  346       3.010695931675e-10 
  347       2.987890675062e-10 
  348       2.965908340529e-10 
  349       2.944750797210e-10 
  350       2.924417789583e-10 
  351       2.904908274898e-10 
  352       2.886220873789e-10 
  353       2.868353867043e-10 
  354       2.851305192362e-10 
  355       2.835072441138e-10 
  356       2.819652855216e-10 
  357       2.805043323659e-10 
  358       2.791240379520e-10 
  359       2.778240196609e-10 
  360       2.766038586256e-10 
  361       2.754630994083e-10 
  362       2.744012496769e-10 
  363       2.734177798819e-10 
  364       2.725121229329e-10 
  365       2.716836738755e-10 
  366       2.709317895680e-10 
  367       2.702557883583e-10 
  368       2.696549497602e-10 
  369       2.691285141306e-10 
  370       2.686756823460e-10 
  371       2.682956154793e-10 
  372       2.679874344764e-10 
  373       2.677502198333e-10 
  374       2.675830112724e-10 
  375       2.674848074195e-10 
  376       2.674545654805e-10 
  377       2.674912009178e-10 
  378       2.675935871279e-10 
  379       2.677605551170e-10 
  380       2.679908931786e-10 
  381       2.682833465700e-10 
  382       2.686366171889e-10 
  383       2.690493632500e-10 
  384       2.695201989623e-10 
  385       2.700476942054e-10 
  386       2.706303742060e-10 
  387       2.712667192155e-10 
  388       2.719552952566e-10 
  389       2.726951524184e-10 
  390       2.734854408259e-10 
  391       2.743252806959e-10 
  392       2.752137621182e-10 
  393       2.761499448364e-10 
  394       2.771328580290e-10 
  395       2.781615000899e-10 
  396       2.792348384101e-10 
  397       2.803518091580e-10 
  398       2.815113170606e-10 
  399       2.827122351843e-10 
  400       2.839534047162e-10 
  401       2.852336347446e-10 
  402       2.865517020402e-10 
  403       2.879063508370e-10 
  404       2.892962926132e-10 
  405       2.907202058724e-10 
  406       2.921767359240e-10 
  407       2.936644946646e-10 
  408       2.951820603590e-10 
  409       2.967279774207e-10 
  410       2.983007561932e-10 
  411       2.998988727309e-10 
  412       3.015207685800e-10 
  413       3.031648505594e-10 
  414       3.048294905417e-10 
  415       3.065130252340e-10 
  416       3.082137559594e-10 
  417       3.099299484370e-10 
  418       3.116598325637e-10 
  419       3.134016021947e-10 
  420       3.151534149246e-10 
  421       3.169133918683e-10 
  422       3.186796174419e-10 
  423       3.204501391437e-10 
  424       3.222229673354e-10 
  425       3.239960750223e-10 
  426       3.257673976351e-10 
  427       3.275350651917e-10 
  428       3.292981079304e-10 
  429       3.310557742529e-10 
  430       3.328073004458e-10 
  431       3.345519106143e-10 
  432       3.362888166154e-10 
  433       3.380172179918e-10 
  434       3.397363019052e-10 
  435       3.414452430699e-10 
  436       3.431432036863e-10 
  437       3.448293333743e-10 
  438       3.465027691073e-10 
  439       3.481626351450e-10 
  440       3.498080429676e-10 
  441       3.514380912091e-10 
  442       3.530518655906e-10 
  443       3.546484388540e-10 
  444       3.562268706959e-10 
  445       3.577862077003e-10 
  446       3.593254832730e-10 
  447       3.608437175746e-10 
  448       3.623399174540e-10 
  449       3.638130763825e-10 
  450       3.652621743864e-10 
  451       3.666861779816e-10 
  452       3.680840401062e-10 
  453       3.694547000546e-10 
  454       3.707970834108e-10 
  455       3.721101019820e-10 
  456       3.733926537321e-10 
  457       3.746436227152e-10 
  458       3.758618790092e-10 
  459       3.770462786494e-10 
  460       3.781956635617e-10 
  461       3.793088614967e-10 
  462       3.803846859624e-10 
  463       3.814219361587e-10 
  464       3.824193969101e-10 
  465       3.833758385999e-10 
  466       3.842902178162e-10 
  467       3.851622863167e-10 
  468       3.859920009325e-10 
  469       3.867793246165e-10 
  470       3.875242264879e-10 
  471       3.882266818759e-10 
  472       3.888866723641e-10 
  473       3.895041858352e-10 
  474       3.900792165143e-10 
  475       3.906117650140e-10 
  476       3.911018383779e-10 
  477       3.915494501253e-10 
  478       3.919546202950e-10 
  479       3.923173754900e-10 
  480       3.926377489212e-10 
  481       3.929157804520e-10 
  482       3.931515166421e-10 
  483       3.933450107921e-10 
  484       3.934963229876e-10 
  485       3.936055201432e-10 
  486       3.936726760469e-10 
  487       3.936978714044e-10 
  488       3.936811938831e-10 
  489       3.936227381562e-10 
  490       3.935226059473e-10 
  491       3.933809060744e-10 
  492       3.931977544939e-10 
  493       3.929732743452e-10 
  494       3.927075959945e-10 
  495       3.924008570794e-10 
  496       3.920532025529e-10 
  497       3.916647847276e-10 
  498       3.912357633198e-10 
  499       3.907663054941e-10 
  500       3.902565859070e-10 
  501       3.897067867518e-10 
  502       3.891170978022e-10 
  503       3.884877164570e-10 
  504       3.878188477838e-10 
  505       3.871107674434e-10 
  506       3.863640123653e-10 
  507       3.855791956525e-10 
  508       3.847569442717e-10 
  509       3.838978991276e-10 
  510       3.830027151359e-10 
  511       3.820720612978e-10 
  512       3.811066207730e-10 
  513       3.801070909540e-10 
  514       3.790741835398e-10 
  515       3.780086246090e-10 
  516       3.769111546946e-10 
  517       3.757825288566e-10 
  518       3.746235167565e-10 
  519       3.734349027310e-10 
  520       3.722174858652e-10 
  521       3.709720800669e-10 
  522       3.696995141400e-10 
  523       3.684006318585e-10 
  524       3.670762920399e-10 
  525       3.657273686193e-10 
  526       3.643547507227e-10 
  527       3.629593427414e-10 
  528       3.615420644048e-10 
  529       3.601038508552e-10 
  530       3.586456527206e-10 
  531       3.571684361891e-10 
  532       3.556731830821e-10 
  533       3.541608909285e-10 
  534       3.526325730382e-10 
  535       3.510892585758e-10 
  536       3.495319926345e-10 
  537       3.479618363097e-10 
  538       3.463798667728e-10 
  539       3.447871773449e-10 
  540       3.431848775705e-10 
  541       3.415740932914e-10 
  542       3.399559667201e-10 
  543       3.383316565140e-10 
  544       3.367022558434e-10 
  545       3.350685440372e-10 
  546       3.334312284368e-10 
  547       3.317910258413e-10 
  548       3.301486625474e-10 
  549       3.285048743905e-10 
  550       3.268604067847e-10 
  551       3.252160147640e-10 
  552       3.235724630221e-10 
  553       3.219305259535e-10 
  554       3.202909876939e-10 
  555       3.186546421605e-10 
  556       3.170222930931e-10 
  557       3.153947540939e-10 
  558       3.137728486687e-10 
  559       3.121574102671e-10 
  560       3.105492823230e-10 
  561       3.089493182954e-10 
  562       3.073583817089e-10 
  563       3.057773461939e-10 
  564       3.042070955276e-10 
  565       3.026485236742e-10 
  566       3.011025348257e-10 
  567       2.995700434423e-10 
  568       2.980519742929e-10 
  569       2.965492624957e-10 
  570       2.950628535589e-10 
  571       2.935937034210e-10 
  572       2.921427784914e-10 
  573       2.907110556911e-10 
  574       2.892995224931e-10 
  575       2.879091769628e-10 
  576       2.865410277991e-10 
  577       2.851960943741e-10 
  578       2.838754067744e-10 
  579       2.825800058413e-10 
  580       2.813109432113e-10 
  581       2.800692813570e-10 
  582       2.788560936269e-10 
  583       2.776723203045e-10 
  584       2.765183327490e-10 
  585       2.753943584458e-10 
  586       2.743006239934e-10 
  587       2.732373550931e-10 
  588       2.722047765388e-10 
  589       2.712031122068e-10 
  590       2.702325850457e-10 
  591       2.692934170662e-10 
  592       2.683858293304e-10 
  593       2.675100419426e-10 
  594       2.666662740380e-10 
  595       2.658547437733e-10 
  596       2.650756683160e-10 
  597       2.643292638346e-10 
  598       2.636157454881e-10 
  599       2.629353274159e-10 
  600       2.622882227274e-10 
  601       2.616746434924e-10 
  602       2.610948007300e-10 
  603       2.605489043993e-10 
  604       2.600371633884e-10 
  605       2.595597855049e-10 
  606       2.591169774651e-10 
  607       2.587089448843e-10 
  608       2.583358922661e-10 
  609       2.579980229927e-10 
  610       2.576955393143e-10 
  611       2.574286423391e-10 
  612       2.571975320230e-10 
  613       2.570024071595e-10 
  614       2.568434653695e-10 
  615       2.567209030908e-10 
  616       2.566349155685e-10 
  617       2.565856968440e-10 
  618       2.565734397456e-10 
  619       2.565983358777e-10 
  620       2.566605756109e-10 
  621       2.567603480717e-10 
  622       2.568977454668e-10 
  623       2.570724736157e-10 
  624       2.572841346170e-10 
  625       2.575323218604e-10 
  626       2.578166199870e-10 
  627       2.581366048491e-10 
  628       2.584918434706e-10 
  629       2.588818940074e-10 
  630       2.593063057071e-10 
  631       2.597646188696e-10 
  632       2.602563648069e-10 
  633       2.607810658036e-10 
  634       2.613382350769e-10 
  635       2.619273767367e-10 
  636       2.625479857461e-10 
  637       2.631995478810e-10 
  638       2.638815396909e-10 
  639       2.645934284586e-10 
  640       2.653346721608e-10 
  641       2.661047194277e-10 
  642       2.669030095039e-10 
  643       2.677289722077e-10 
  644       2.685820278921e-10 
  645       2.694615874045e-10 
  646       2.703670520470e-10 
  647       2.712978135365e-10 
  648       2.722532539651e-10 
  649       2.732327457599e-10 
  650       2.742356516434e-10 
  651       2.752613245938e-10 
  652       2.763091078049e-10 
  653       2.773783346463e-10 
  654       2.784683286240e-10 
  655       2.795784033398e-10 
  656       2.807078624521e-10 
  657       2.818559996360e-10 
  658       2.830220985432e-10 
  659       2.842054327623e-10 
  660       2.854052657790e-10 
  661       2.866208654825e-10 
  662       2.878515481158e-10 
  663       2.890966352156e-10 
  664       2.903554391183e-10 
  665       2.916272629244e-10 
  666       2.929114004619e-10 
  667       2.942071362513e-10 
  668       2.955137454692e-10 
  669       2.968304939128e-10 
  670       2.981566379639e-10 
  671       2.994914245531e-10 
  672       3.008340911237e-10 
  673       3.021838655965e-10 
  674       3.035399663333e-10 
  675       3.049016021014e-10 
  676       3.062679720376e-10 
  677       3.076382656127e-10 
  678       3.090116625952e-10 
  679       3.103873330156e-10 
  680       3.117644371309e-10 
  681       3.131421253882e-10 
  682       3.145195383894e-10 
  683       3.158958068549e-10 
  684       3.172700515882e-10 
  685       3.186413834396e-10 
  686       3.200089032707e-10 
  687       3.213717019185e-10 
  688       3.227288601594e-10 
  689       3.240794486737e-10 
  690       3.254225280093e-10 
  691       3.267571485461e-10 
  692       3.280823504605e-10 
  693       3.293971636887e-10 
  694       3.307006078917e-10 
  695       3.319916924192e-10 
  696       3.332694162736e-10 
  697       3.345327680741e-10 
  698       3.357807260212e-10 
  699       3.370122578608e-10 
  700       3.382264238117e-10 
  701       3.394226877750e-10 
  702       3.406006125365e-10 
  703       3.417597573797e-10 
  704       3.428996780748e-10 
  705       3.440199268684e-10 
  706       3.451200524725e-10 
  707       3.461996000543e-10 
  708       3.472581112249e-10 
  709       3.482951240291e-10 
  710       3.493101729349e-10 
  711       3.503027888222e-10 
  712       3.512724989727e-10 
  713       3.522188270591e-10 
  714       3.531412931342e-10 
  715       3.540394136207e-10 
  716       3.549127013000e-10 
  717       3.557606653019e-10 
  718       3.565828110940e-10 
  719       3.573786404708e-10 
  720       3.581476515431e-10 
  721       3.588893387274e-10 
  722       3.596031927352e-10 
  723       3.602887005623e-10 
  724       3.609453454785e-10 
  725       3.615726070162e-10 
  726       3.621699609604e-10 
  727       3.627368793379e-10 
  728       3.632728304064e-10 
  729       3.637772786441e-10 
  730       3.642496847389e-10 
  731       3.646895055777e-10 
  732       3.650961942360e-10 
  733       3.654691999670e-10 
  734       3.658079681908e-10 
  735       3.661119404842e-10 
  736       3.663805545696e-10 
  737       3.666132443047e-10 
  738       3.668094396715e-10 
  739       3.669686794160e-10 
  740       3.670909514261e-10 
  741       3.671763590507e-10 
  742       3.672250090721e-10 
  743       3.672370117197e-10 
  744       3.672124806847e-10 
  745       3.671515331337e-10 
  746       3.670542897229e-10 
  747       3.669208746119e-10 
  748       3.667514154785e-10 
  749       3.665460435318e-10 
  750       3.663048935270e-10 
  751       3.660281037791e-10 
  752       3.657158161770e-10 
  753       3.653681761976e-10 
  754       3.649853329199e-10 
  755       3.645674390391e-10 
  756       3.641146508805e-10 
  757       3.636271284136e-10 
  758       3.631050352662e-10 
  759       3.625485387385e-10 
  760       3.619578098173e-10 
  761       3.613330231895e-10 
  762       3.606743572568e-10 
  763       3.599819941494e-10 
  764       3.592561197403e-10 
  765       3.584969236591e-10 
  766       3.577045993061e-10 
  767       3.568793438666e-10 
  768       3.560213583247e-10 
  769       3.551308474775e-10 
  770       3.542080199491e-10 
  771       3.532530882047e-10 
  772       3.522662685645e-10 
  773       3.512477812182e-10 
  774       3.501978502384e-10 
  775       3.491167035953e-10 
  776       3.480045731702e-10 
  777       3.468616947701e-10 
  778       3.456883541695e-10 
  779       3.444850261553e-10 
  780       3.432522381176e-10 
  781       3.419905242805e-10 
  782       3.407004257256e-10 
  783       3.393824904150e-10 
  784       3.380372732146e-10 
  785       3.366653359171e-10 
  786       3.352672472654e-10 
  787       3.338435829756e-10 
  788       3.323949257601e-10 
  789       3.309218653512e-10 
  790       3.294249985236e-10 
  791       3.279049291181e-10 
  792       3.263622680649e-10 
  793       3.247976334059e-10 
  794       3.232116503190e-10 
  795       3.216049511405e-10 
  796       3.199781753886e-10 
  797       3.183319697862e-10 
  798       3.166669882848e-10 
  799       3.149838920869e-10 
  800       3.132833496696e-10 
  801       3.115660368077e-10 
  802       3.098326365969e-10 
  803       3.080838394768e-10 
  804       3.063203432542e-10 
  805       3.045428531264e-10 
  806       3.027520817041e-10 
  807       3.009487490349e-10 
  808       2.991335826260e-10 
  809       2.973073174678e-10 
  810       2.954706960571e-10 
  811       2.936244684199e-10 
  812       2.917693921349e-10 
  813       2.899062323564e-10 
  814       2.880357618378e-10 
  815       2.861587609545e-10 
  816       2.842760177272e-10 
  817       2.823882855557e-10 
  818       2.804961555460e-10 
  819       2.786001819486e-10 
  820       2.767009242568e-10 
  821       2.747989472223e-10 
  822       2.728948208705e-10 
  823       2.709891205167e-10 
  824       2.690824267809e-10 
  825       2.671753256040e-10 
  826       2.652684082632e-10 
  827       2.633622713872e-10 
  828       2.614575169726e-10 
  829       2.595547523986e-10 
  830       2.576545904431e-10 
  831       2.557576492982e-10 
  832       2.538645525857e-10 
  833       2.519759293727e-10 
  834       2.500924141871e-10 
  835       2.482146470334e-10 
  836       2.463432734081e-10 
  837       2.444789443154e-10 
  838       2.426223162827e-10 
  839       2.407740513759e-10 
  840       2.389348172158e-10 
  841       2.371052869926e-10 
  842       2.352861394824e-10 
  843       2.334780590623e-10 
  844       2.316817357261e-10 
  845       2.298978650998e-10 
  846       2.281271484572e-10 
  847       2.263702927359e-10 
  848       2.246280105519e-10 
  849       2.229010202164e-10 
  850       2.211900457503e-10 
  851       2.194958169005e-10 
  852       2.178190691552e-10 
  853       2.161605437593e-10 
  854       2.145209877306e-10 
  855       2.129011538745e-10 
  856       2.113017084953e-10 
  857       2.097229527701e-10 
  858       2.081650966546e-10 
  859       2.066283507576e-10 
  860       2.051129263416e-10 
  861       2.036190353232e-10 
  862       2.021468902740e-10 
  863       2.006967044206e-10 
  864       1.992686916453e-10 
  865       1.978630664864e-10 
  866       1.964800441390e-10 
  867       1.951198404553e-10 
  868       1.937826719450e-10 
  869       1.924687557758e-10 
  870       1.911783097740e-10 
  871       1.899115524251e-10 
  872       1.886687028739e-10 
  873       1.874499809252e-10 
  874       1.862556070443e-10 
  875       1.850858023575e-10 
  876       1.839407886525e-10 
  877       1.828207883787e-10 
  878       1.817260246483e-10 
  879       1.806567212360e-10 
  880       1.796131025800e-10 
  881       1.785953937824e-10 
  882       1.776038206095e-10 
  883       1.766386094924e-10 
  884       1.756999875275e-10 
  885       1.747881824769e-10 
  886       1.739034227691e-10 
  887       1.730459374991e-10 
  888       1.722159564292e-10 
  889       1.714137099893e-10 
  890       1.706394292777e-10 
  891       1.698933460609e-10 
  892       1.691756927750e-10 
  893       1.684867025254e-10 
  894       1.678266090876e-10 
  895       1.671955714700e-10 
  896       1.665934462523e-10 
  897       1.660200115342e-10 
  898       1.654750420258e-10 
  899       1.649583090368e-10 
  900       1.644695804656e-10 
  901       1.640086207886e-10 
  902       1.635751910492e-10 
  903       1.631690488474e-10 
  904       1.627899483284e-10 
  905       1.624376401725e-10 
  906       1.621118715835e-10 
  907       1.618123862785e-10 
  908       1.615389244771e-10 
  909       1.612912228899e-10 
  910       1.610690147086e-10 
  911       1.608720295946e-10 
  912       1.606999936684e-10 
  913       1.605526294987e-10 
  914       1.604296560917e-10 
  915       1.603307888802e-10 
  916       1.602557397129e-10 
  917       1.602042168435e-10 
  918       1.601759249197e-10 
  919       1.601705649730e-10 
  920       1.601878344071e-10 
  921       1.602274269879e-10 
  922       1.602890328319e-10 
  923       1.603723383959e-10 
  924       1.604770264663e-10 
  925       1.606027761477e-10 
  926       1.607492628527e-10 
  927       1.609161582906e-10 
  928       1.611031304572e-10 
  929       1.613098436233e-10 
  930       1.615359583243e-10 
  931       1.617811313495e-10 
  932       1.620450157307e-10 
  933       1.623272607323e-10 
  934       1.626274989224e-10 
  935       1.629453071899e-10 
  936       1.632802450966e-10 
  937       1.636318677271e-10 
  938       1.639997256760e-10 
  939       1.643833650349e-10 
  940       1.647823273806e-10 
  941       1.651961497619e-10 
  942       1.656243646873e-10 
  943       1.660665001123e-10 
  944       1.665220794268e-10 
  945       1.669906214427e-10 
  946       1.674716403812e-10 
  947       1.679646458601e-10 
  948       1.684691428814e-10 
  949       1.689846318186e-10 
  950       1.695106084043e-10 
  951       1.700465637173e-10 
  952       1.705919841703e-10 
  953       1.711463514972e-10 
  954       1.717091427405e-10 
  955       1.722798302388e-10 
  956       1.728578816140e-10 
  957       1.734427597592e-10 
  958       1.740339228256e-10 
  959       1.746308242100e-10 
  960       1.752329125426e-10 
  961       1.758396316740e-10 
  962       1.764504206627e-10 
  963       1.770647137628e-10 
  964       1.776819404110e-10 
  965       1.783015252143e-10 
  966       1.789228879374e-10 
  967       1.795454434899e-10 
  968       1.801686019141e-10 
  969       1.807917683719e-10 
  970       1.814143431327e-10 
  971       1.820357215605e-10 
  972       1.826552941017e-10 
  973       1.832724946205e-10 
  974       1.838869462276e-10 
  975       1.844983176155e-10 
  976       1.851062749025e-10 
  977       1.857104816258e-10 
  978       1.863105987352e-10 
  979       1.869062845867e-10 
  980       1.874971949357e-10 
  981       1.880829829313e-10 
  982       1.886632991088e-10 
  983       1.892377913841e-10 
  984       1.898061050469e-10 
  985       1.903678827541e-10 
  986       1.909227645237e-10 
  987       1.914703877281e-10 
  988       1.920103870875e-10 
  989       1.925423946638e-10 
  990       1.930660398538e-10 
  991       1.935809493832e-10 
  992       1.940867472994e-10 
  993       1.945830549658e-10 
  994       1.950694910549e-10 
  995       1.955456715419e-10 
  996       1.960112096985e-10 
  997       1.964657160859e-10 
  998       1.969087985490e-10 
  999       1.973400622093e-10 
 1000       1.977591094590e-10 
 1001       1.981655399541e-10 
 1002       1.985589506084e-10 
 1003       1.989389355863e-10 
 1004       1.993050862973e-10 
 1005       1.996569913887e-10 
 1006       1.999942367396e-10 
 1007       2.003164054544e-10 
 1008       2.006230778561e-10 
 1009       2.009138314801e-10 
 1010       2.011882410677e-10 
 1011       2.014458785593e-10 
 1012       2.016863821641e-10 
 1013       2.019096646723e-10 
 1014       2.021157081363e-10 
 1015       2.023044950700e-10 
 1016       2.024760084500e-10 
 1017       2.026302317172e-10 
 1018       2.027671487787e-10 
 1019       2.028867440091e-10 
 1020       2.029890022524e-10 
 1021       2.030739088236e-10 
 1022       2.031414495100e-10 
 1023       2.031916105732e-10 
 1024       2.032243787507e-10 
 1025       2.032397412571e-10 
 1026       2.032376857865e-10 
 1027       2.032182005131e-10 
 1028       2.031812740940e-10 
 1029       2.031268956696e-10 
 1030       2.030550548664e-10 
 1031       2.029657417976e-10 
 1032       2.028589470655e-10 
 1033       2.027346617627e-10 
 1034       2.025928774738e-10 
 1035       2.024335862771e-10 
 1036       2.022567807462e-10 
 1037       2.020624539515e-10 
 1038       2.018505994622e-10 
 1039       2.016212113473e-10 
 1040       2.013742841780e-10 
 1041       2.011098130284e-10 
 1042       2.008277934782e-10 
 1043       2.005282216133e-10 
 1044       2.002110940282e-10 
 1045       1.998764078270e-10 
 1046       1.995241606256e-10 
 1047       1.991543505530e-10 
 1048       1.987669762529e-10 
 1049       1.983620368855e-10 
 1050       1.979395321289e-10 
 1051       1.974995042674e-10 
 1052       1.970421650920e-10 
 1053       1.965677707672e-10 
 1054       1.960765799105e-10 
 1055       1.955688535984e-10 
 1056       1.950448553732e-10 
 1057       1.945048512485e-10 
 1058       1.939491097159e-10 
 1059       1.933779017508e-10 
 1060       1.927915008190e-10 
 1061       1.921901828827e-10 
 1062       1.915742264064e-10 
 1063       1.909439123637e-10 
 1064       1.902995242431e-10 
 1065       1.896413480540e-10 
 1066       1.889696723334e-10 
 1067       1.882847881519e-10 
 1068       1.875869891196e-10 
 1069       1.868765713927e-10 
 1070       1.861538336794e-10 
 1071       1.854190772464e-10 
 1072       1.846726059246e-10 
 1073       1.839147261160e-10 
 1074       1.831457467991e-10 
 1075       1.823659795358e-10 
 1076       1.815757384771e-10 
 1077       1.807753403694e-10 
 1078       1.799651045609e-10 
 1079       1.791453530077e-10 
 1080       1.783164102798e-10 
 1081       1.774786035675e-10 
 1082       1.766322626876e-10 
 1083       1.757777200894e-10 
 1084       1.749153108610e-10 
 1085       1.740453727357e-10 
 1086       1.731682460979e-10 
 1087       1.722842739893e-10 
 1088       1.713938021152e-10 
 1089       1.704971788509e-10 
 1090       1.695947483810e-10 
 1091       1.686868300060e-10 
 1092       1.677737385708e-10 
 1093       1.668557913115e-10 
 1094       1.659333078610e-10 
 1095       1.650066102542e-10 
 1096       1.640760229341e-10 
 1097       1.631418727564e-10 
 1098       1.622044889958e-10 
 1099       1.612642033512e-10 
 1100       1.603213499511e-10 
 1101       1.593762653593e-10 
 1102       1.584292885803e-10 
 1103       1.574807610646e-10 
 1104       1.565310267147e-10 
 1105       1.555804318901e-10 
 1106       1.546293254130e-10 
 1107       1.536780585740e-10 
 1108       1.527269851372e-10 
 1109       1.517764613459e-10 
 1110       1.508268459281e-10 
 1111       1.498785001023e-10 
 1112       1.489317875822e-10 
 1113       1.479870745831e-10 
 1114       1.470447298268e-10 
 1115       1.461051245474e-10 
 1116       1.451686324965e-10 
 1117       1.442356299492e-10 
 1118       1.433064957091e-10 
 1119       1.423816111139e-10 
 1120       1.414613600412e-10 
 1121       1.405461289138e-10 
 1122       1.396363067051e-10 
 1123       1.387322849446e-10 
 1124       1.378344577237e-10 
 1125       1.369432217009e-10 
 1126       1.360589761073e-10 
 1127       1.351821227523e-10 
 1128       1.343130660291e-10 
 1129       1.334521700183e-10 
 1130       1.325996291813e-10 
 1131       1.317555960041e-10 
 1132       1.309202237490e-10 
 1133       1.300936664558e-10 
 1134       1.292760789430e-10 
 1135       1.284676168099e-10 
 1136       1.276684364377e-10 
 1137       1.268786949906e-10 
 1138       1.260985504182e-10 
 1139       1.253281614560e-10 
 1140       1.245676876273e-10 
 1141       1.238172892450e-10 
 1142       1.230771274122e-10 
 1143       1.223473640246e-10 
 1144       1.216281617713e-10 
 1145       1.209196841366e-10 
 1146       1.202220954011e-10 
 1147       1.195355606439e-10 
 1148       1.188602457432e-10 
 1149       1.181963173782e-10 
 1150       1.175439430308e-10 
 1151       1.169032909864e-10 
 1152       1.162745303360e-10 
 1153       1.156578309774e-10 
 1154       1.150533636165e-10 
 1155       1.144612997692e-10 
 1156       1.138818117623e-10 
 1157       1.133150727355e-10 
 1158       1.127612566426e-10 
 1159       1.122205382529e-10 
 1160       1.116930931529e-10 
 1161       1.111790977474e-10 
 1162       1.106787292615e-10 
 1163       1.101921657415e-10 
 1164       1.097195860567e-10 
 1165       1.092611699008e-10 
 1166       1.088170977934e-10 
 1167       1.083875510813e-10 
 1168       1.079726673254e-10 
 1169       1.075724058465e-10 
 1170       1.071866804999e-10 
 1171       1.068154041354e-10 
 1172       1.064584885941e-10 
 1173       1.061158447066e-10 
 1174       1.057873822903e-10 
 1175       1.054730101470e-10 
 1176       1.051726360604e-10 
 1177       1.048861667936e-10 
 1178       1.046135080867e-10 
 1179       1.043545646544e-10 
 1180       1.041092401835e-10 
 1181       1.038774373304e-10 
 1182       1.036590577186e-10 
 1183       1.034540019363e-10 
 1184       1.032621695342e-10 
 1185       1.030834590226e-10 
 1186       1.029177678690e-10 
 1187       1.027649924962e-10 
 1188       1.026250282790e-10 
 1189       1.024977695425e-10 
 1190       1.023831095592e-10 
 1191       1.022809405465e-10 
 1192       1.021911536647e-10 
 1193       1.021136390140e-10 
 1194       1.020482856324e-10 
 1195       1.019949814932e-10 
 1196       1.019536135022e-10 
 1197       1.019240674960e-10 
 1198       1.019062282385e-10 
 1199       1.018999794195e-10 
 1200       1.019052036514e-10 
 1201       1.019217824673e-10 
 1202       1.019495963182e-10 
 1203       1.019885245708e-10 
 1204       1.020384455048e-10 
 1205       1.020992363107e-10 
 1206       1.021707730872e-10 
 1207       1.022529138342e-10 
 1208       1.023454472123e-10 
 1209       1.024481431581e-10 
 1210       1.025607698283e-10 
 1211       1.026830935961e-10 
 1212       1.028148790471e-10 
 1213       1.029558889753e-10 
 1214       1.031058843798e-10 
 1215       1.032646244605e-10 
 1216       1.034318666142e-10 
 1217       1.036073664312e-10 
 1218       1.037908776909e-10 
 1219       1.039821523583e-10 
 1220       1.041809405799e-10 
 1221       1.043869906802e-10 
 1222       1.046000491575e-10 
 1223       1.048198606800e-10 
 1224       1.050461680824e-10 
 1225       1.052787123615e-10 
 1226       1.055172326728e-10 
 1227       1.057614663264e-10 
 1228       1.060111487829e-10 
 1229       1.062660136502e-10 
 1230       1.065257926792e-10 
 1231       1.067902157597e-10 
 1232       1.070590109173e-10 
 1233       1.073319043087e-10 
 1234       1.076086202186e-10 
 1235       1.078888810552e-10 
 1236       1.081724073468e-10 
 1237       1.084589177377e-10 
 1238       1.087481289845e-10 
 1239       1.090397559520e-10 
 1240       1.093335116097e-10 
 1241       1.096291070277e-10 
 1242       1.099262513727e-10 
 1243       1.102246519046e-10 
 1244       1.105240139722e-10 
 1245       1.108240410097e-10 
 1246       1.111244515939e-10 
 1247       1.114250308440e-10 
 1248       1.117255796171e-10 
 1249       1.120258974996e-10 
 1250       1.123257828038e-10 
 1251       1.126250325663e-10 
 1252       1.129234425445e-10 
 1253       1.132208072150e-10 
 1254       1.135169197703e-10 
 1255       1.138115721168e-10 
 1256       1.141045548719e-10 
 1257       1.143956573616e-10 
 1258       1.146846676180e-10 
 1259       1.149713723768e-10 
 1260       1.152555570744e-10 
 1261       1.155370058460e-10 
 1262       1.158155015225e-10 
 1263       1.160908256282e-10 
 1264       1.163627583782e-10 
 1265       1.166310786759e-10 
 1266       1.168955641106e-10 
 1267       1.171559909547e-10 
 1268       1.174121341611e-10 
 1269       1.176637673610e-10 
 1270       1.179106628614e-10 
 1271       1.181525916420e-10 
 1272       1.183893233531e-10 
 1273       1.186206263133e-10 
 1274       1.188462675061e-10 
 1275       1.190660125784e-10 
 1276       1.192796258372e-10 
 1277       1.194868702474e-10 
 1278       1.196875074292e-10 
 1279       1.198812976555e-10 
 1280       1.200679998494e-10 
 1281       1.202473715818e-10 
 1282       1.204191690685e-10 
 1283       1.205831471682e-10 
 1284       1.207390593794e-10 
 1285       1.208866923122e-10 
 1286       1.210259695364e-10 
 1287       1.211568489099e-10 
 1288       1.212792882117e-10 
 1289       1.213932451418e-10 
 1290       1.214986773213e-10 
 1291       1.215955422925e-10 
 1292       1.216837975185e-10 
 1293       1.217634003836e-10 
 1294       1.218343081928e-10 
 1295       1.218964781723e-10 
 1296       1.219498674687e-10 
 1297       1.219944331500e-10 
 1298       1.220301322045e-10 
 1299       1.220569215416e-10 
 1300       1.220747579913e-10 
 1301       1.220835983042e-10 
 1302       1.220833991518e-10 
 1303       1.220741171259e-10 
 1304       1.220557087392e-10 
 1305       1.220281304247e-10 
 1306       1.219913385361e-10 
 1307       1.219452893475e-10 
 1308       1.218899390535e-10 
 1309       1.218252437689e-10 
 1310       1.217511595291e-10 
 1311       1.216676422898e-10 
 1312       1.215746479271e-10 
 1313       1.214721322370e-10 
 1314       1.213600509362e-10 
 1315       1.212383596612e-10 
 1316       1.211070139690e-10 
 1317       1.209659693365e-10 
 1318       1.208151811609e-10 
 1319       1.206546047591e-10 
 1320       1.204841953684e-10 
 1321       1.203039081459e-10 
 1322       1.201136981686e-10 
 1323       1.199135204337e-10 
 1324       1.197033566231e-10 
 1325       1.194832957224e-10 
 1326       1.192534542924e-10 
 1327       1.190139497867e-10 
 1328       1.187649005531e-10 
 1329       1.185064258360e-10 
 1330       1.182386457777e-10 
 1331       1.179616814202e-10 
 1332       1.176756547075e-10 
 1333       1.173806884867e-10 
 1334       1.170769065104e-10 
 1335       1.167644334382e-10 
 1336       1.164433948384e-10 
 1337       1.161139171900e-10 
 1338       1.157761278845e-10 
 1339       1.154301552276e-10 
 1340       1.150761284409e-10 
 1341       1.147141776640e-10 
 1342       1.143444339559e-10 
 1343       1.139670292972e-10 
 1344       1.135820965916e-10 
 1345       1.131897696678e-10 
 1346       1.127901832813e-10 
 1347       1.123834731163e-10 
 1348       1.119697757872e-10 
 1349       1.115492288407e-10 
 1350       1.111219707574e-10 
 1351       1.106881409538e-10 
 1352       1.102478797838e-10 
 1353       1.098013285407e-10 
 1354       1.093486294591e-10 
 1355       1.088899257164e-10 
 1356       1.084253614348e-10 
 1357       1.079550816831e-10 
 1358       1.074792324783e-10 
 1359       1.069979607877e-10 
 1360       1.065114145305e-10 
 1361       1.060197425795e-10 
 1362       1.055230947631e-10 
 1363       1.050216253166e-10 
 1364       1.045155032726e-10 
 1365       1.040049021857e-10 
 1366       1.034899966950e-10 
 1367       1.029709625259e-10 
 1368       1.024479764927e-10 
 1369       1.019212164998e-10 
 1370       1.013908615447e-10 
 1371       1.008570917189e-10 
 1372       1.003200882110e-10 
 1373       9.978003330797e-11 
 1374       9.923711039748e-11 
 1375       9.869150396986e-11 
 1376       9.814339962013e-11 
 1377       9.759298404998e-11 
 1378       9.704044506985e-11 
 1379       9.648597160090e-11 
 1380       9.592975367702e-11 
 1381       9.537198244689e-11 
 1382       9.481285017600e-11 
 1383       9.425255024861e-11 
 1384       9.369127716983e-11 
 1385       9.312922656759e-11 
 1386       9.256659519470e-11 
 1387       9.200358093086e-11 
 1388       9.144038278465e-11 
 1389       9.087720089556e-11 
 1390       9.031423653604e-11 
 1391       8.975169211348e-11 
 1392       8.918977117224e-11 
 1393       8.862867839567e-11 
 1394       8.806861960814e-11 
 1395       8.750980177703e-11 
 1396       8.695243301478e-11 
 1397       8.639672258087e-11 
 1398       8.584288088390e-11 
 1399       8.529111948353e-11 
 1400       8.474165109257e-11 
 1401       8.419468957894e-11 
 1402       8.365043204670e-11 
 1403       8.310900487038e-11 
 1404       8.257051710177e-11 
 1405       8.203507834075e-11 
 1406       8.150279873626e-11 
 1407       8.097378898722e-11 
 1408       8.044816034343e-11 
 1409       7.992602460651e-11 
 1410       7.940749413083e-11 
 1411       7.889268182443e-11 
 1412       7.838170114995e-11 
 1413       7.787466612554e-11 
 1414       7.737169132580e-11 
 1415       7.687289188269e-11 
 1416       7.637838348649e-11 
 1417       7.588828238667e-11 
 1418       7.540270539287e-11 
 1419       7.492176987578e-11 
 1420       7.444559376809e-11 
 1421       7.397429556543e-11 
 1422       7.350799432725e-11 
 1423       7.304680967778e-11 
 1424       7.259086180694e-11 
 1425       7.214027147128e-11 
 1426       7.169515999489e-11 
 1427       7.125564927032e-11 
 1428       7.082186175954e-11 
 1429       7.039392049480e-11 
 1430       6.997194907964e-11 
 1431       6.955607168974e-11 
 1432       6.914641307389e-11 
 1433       6.874309855488e-11 
 1434       6.834625403048e-11 
 1435       6.795600597429e-11 
 1436       6.757248143674e-11 
 1437       6.719580804595e-11 
 1438       6.682611400871e-11 
 1439       6.646352811137e-11 
 1440       6.610817972076e-11 
 1441       6.576017475933e-11 
 1442       6.541952336179e-11 
 1443       6.508621148606e-11 
 1444       6.476022487199e-11 
 1445       6.444154904095e-11 
 1446       6.413016929530e-11 
 1447       6.382607071797e-11 
 1448       6.352923817201e-11 
 1449       6.323965630006e-11 
 1450       6.295730952396e-11 
 1451       6.268218204428e-11 
 1452       6.241425783979e-11 
 1453       6.215352066708e-11 
 1454       6.189995406005e-11 
 1455       6.165354132947e-11 
 1456       6.141426556249e-11 
 1457       6.118210962222e-11 
 1458       6.095705614721e-11 
 1459       6.073908755104e-11 
 1460       6.052818602185e-11 
 1461       6.032433352184e-11 
 1462       6.012751178685e-11 
 1463       5.993770232586e-11 
 1464       5.975488642058e-11 
 1465       5.957904512492e-11 
 1466       5.941015926458e-11 
 1467       5.924820943659e-11 
 1468       5.909317600878e-11 
 1469       5.894503911941e-11 
 1470       5.880377867663e-11 
 1471       5.866937435809e-11 
 1472       5.854180561038e-11 
 1473       5.842105164869e-11 
 1474       5.830709145623e-11 
 1475       5.819990378384e-11 
 1476       5.809946714953e-11 
 1477       5.800575983795e-11 
 1478       5.791875990002e-11 
 1479       5.783844515237e-11 
 1480       5.776477950203e-11 
 1481       5.769767177318e-11 
 1482       5.763701647254e-11 
 1483       5.758270742619e-11 
 1484       5.753463777834e-11 
 1485       5.749269999014e-11 
 1486       5.745678583843e-11 
 1487       5.742678641458e-11 
 1488       5.740259212326e-11 
 1489       5.738409268120e-11 
 1490       5.737117711601e-11 
 1491       5.736373376497e-11 
 1492       5.736165027380e-11 
 1493       5.736481359547e-11 
 1494       5.737310998896e-11 
 1495       5.738642501809e-11 
 1496       5.740464355026e-11 
 1497       5.742764975528e-11 
 1498       5.745532710414e-11 
 1499       5.748755836780e-11 
 1500       5.752422561597e-11 
 1501       5.756521021594e-11 
 1502       5.761039283130e-11 
 1503       5.765965342080e-11 
 1504       5.771287123709e-11 
 1505       5.776992482552e-11 
 1506       5.783069202294e-11 
 1507       5.789504995648e-11 
 1508       5.796287504235e-11 
 1509       5.803404298462e-11 
 1510       5.810842877399e-11 
 1511       5.818590668662e-11 
 1512       5.826635028288e-11 
 1513       5.834963240616e-11 
 1514       5.843562518167e-11 
 1515       5.852420001519e-11 
 1516       5.861522759190e-11 
 1517       5.870857787513e-11 
 1518       5.880412010520e-11 
 1519       5.890172615072e-11 
 1520       5.900128060046e-11 
 1521       5.910267076627e-11 
 1522       5.920578333830e-11 
 1523       5.931050438397e-11 
 1524       5.941671934690e-11 
 1525       5.952431304594e-11 
 1526       5.963316967406e-11 
 1527       5.974317279735e-11 
 1528       5.985420535399e-11 
 1529       5.996614965319e-11 
 1530       6.007888737417e-11 
 1531       6.019229956511e-11 
 1532       6.030626664213e-11 
 1533       6.042066838823e-11 
 1534       6.053538395228e-11 
 1535       6.065029184796e-11 
 1536       6.076526995275e-11 
 1537       6.088019550684e-11 
 1538       6.099494511217e-11 
 1539       6.110939473132e-11 
 1540       6.122341968653e-11 
 1541       6.133689465861e-11 
 1542       6.144969368596e-11 
 1543       6.156169016349e-11 
 1544       6.167275684160e-11 
 1545       6.178276582512e-11 
 1546       6.189158857234e-11 
 1547       6.199909589387e-11 
 1548       6.210515795172e-11 
 1549       6.220964425814e-11 
 1550       6.231242367469e-11 
 1551       6.241336441116e-11 
 1552       6.251233402449e-11 
 1553       6.260919941782e-11 
 1554       6.270382683939e-11 
 1555       6.279608188151e-11 
 1556       6.288582947956e-11 
 1557       6.297293391091e-11 
 1558       6.305727390273e-11 
 1559       6.313878811259e-11 
 1560       6.321743007283e-11 
 1561       6.329315312015e-11 
 1562       6.336591039538e-11 
 1563       6.343565484313e-11 
 1564       6.350233921155e-11 
 1565       6.356591605200e-11 
 1566       6.362633771878e-11 
 1567       6.368355636884e-11 
 1568       6.373752396149e-11 
 1569       6.378819225809e-11 
 1570       6.383551282179e-11 
 1571       6.387943701720e-11 
 1572       6.391991601015e-11 
 1573       6.395690076737e-11 
 1574       6.399034205618e-11 
 1575       6.402019044424e-11 
 1576       6.404639629924e-11 
 1577       6.406890978861e-11 
 1578       6.408768087923e-11 
 1579       6.410265933713e-11 
 1580       6.411379472723e-11 
 1581       6.412103641302e-11 
 1582       6.412433355627e-11 
 1583       6.412363511675e-11 
 1584       6.411888985195e-11 
 1585       6.411004631678e-11 
 1586       6.409705286325e-11 
 1587       6.407985764022e-11 
 1588       6.405840859312e-11 
 1589       6.403265346360e-11 
 1590       6.400253978929e-11 
 1591       6.396801490349e-11 
 1592       6.392902593490e-11 
 1593       6.388551980729e-11 
 1594       6.383744323925e-11 
 1595       6.378474274387e-11 
 1596       6.372736462848e-11 
 1597       6.366527010861e-11 
 1598       6.359848080209e-11 
 1599       6.352703365109e-11 
 1600       6.345096584616e-11 
 1601       6.337031482659e-11 
 1602       6.328511828084e-11 
 1603       6.319541414696e-11 
 1604       6.310124061305e-11 
 1605       6.300263611762e-11 
 1606       6.289963935004e-11 
 1607       6.279228925096e-11 
 1608       6.268062501273e-11 
 1609       6.256468607981e-11 
 1610       6.244451214921e-11 
 1611       6.232014317090e-11 
 1612       6.219161934821e-11 
 1613       6.205898113829e-11 
 1614       6.192226925250e-11 
 1615       6.178152465683e-11 
 1616       6.163678857234e-11 
 1617       6.148810247558e-11 
 1618       6.133550809898e-11 
 1619       6.117904743130e-11 
 1620       6.101876271804e-11 
 1621       6.085469646186e-11 
 1622       6.068689142301e-11 
 1623       6.051539061971e-11 
 1624       6.034023732865e-11 
 1625       6.016147508532e-11 
 1626       5.997914768450e-11 
 1627       5.979329918063e-11 
 1628       5.960397388826e-11 
 1629       5.941121638248e-11 
 1630       5.921507149929e-11 
 1631       5.901558433609e-11 
 1632       5.881280025203e-11 
 1633       5.860676486848e-11 
 1634       5.839752406943e-11 
 1635       5.818512400192e-11 
 1636       5.796961663796e-11 
 1637       5.775107651383e-11 
 1638       5.752958414130e-11 
 1639       5.730522046042e-11 
 1640       5.707806684012e-11 
 1641       5.684820507894e-11 
 1642       5.661571740567e-11 
 1643       5.638068648001e-11 
 1644       5.614319539329e-11 
 1645       5.590332766907e-11 
 1646       5.566116726385e-11 
 1647       5.541679856775e-11 
 1648       5.517030640514e-11 
 1649       5.492177603535e-11 
 1650       5.467129315332e-11 
 1651       5.441894389025e-11 
 1652       5.416481481432e-11 
 1653       5.390899293130e-11 
 1654       5.365156568528e-11 
 1655       5.339262095927e-11 
 1656       5.313224707595e-11 
 1657       5.287053279826e-11 
 1658       5.260756733014e-11 
 1659       5.234344031714e-11 
 1660       5.207824184712e-11 
 1661       5.181206245093e-11 
 1662       5.154499310305e-11 
 1663       5.127712522228e-11 
 1664       5.100855067240e-11 
 1665       5.073936176285e-11 
 1666       5.046965124937e-11 
 1667       5.019951233472e-11 
 1668       4.992903866931e-11 
 1669       4.965832435187e-11 
 1670       4.938746393015e-11 
 1671       4.911655240154e-11 
 1672       4.884568521381e-11 
 1673       4.857495826570e-11 
 1674       4.830446790765e-11 
 1675       4.803430534642e-11 
 1676       4.776453980434e-11 
 1677       4.749523521428e-11 
 1678       4.722645580277e-11 
 1679       4.695826609046e-11 
 1680       4.669073089247e-11 
 1681       4.642391531892e-11 
 1682       4.615788477525e-11 
 1683       4.589270496276e-11 
 1684       4.562844187897e-11 
 1685       4.536516181805e-11 
 1686       4.510293137129e-11 
 1687       4.484181742751e-11 
 1688       4.458188717348e-11 
 1689       4.432320809436e-11 
 1690       4.406584797415e-11 
 1691       4.380987489606e-11 
 1692       4.355535724302e-11 
 1693       4.330236369804e-11 
 1694       4.305096324470e-11 
 1695       4.280122516753e-11 
 1696       4.255321905247e-11 
 1697       4.230701478728e-11 
 1698       4.206268256200e-11 
 1699       4.182029286935e-11 
 1700       4.157991650517e-11 
 1701       4.134162456886e-11 
 1702       4.110548846380e-11 
 1703       4.087157989778e-11 
 1704       4.063997088344e-11 
 1705       4.041073373868e-11 
 1706       4.018394108712e-11 
 1707       3.995966585850e-11 
 1708       3.973798128913e-11 
 1709       3.951896092232e-11 
 1710       3.930267860879e-11 
 1711       3.908920850713e-11 
 1712       3.887862508420e-11 
 1713       3.867100311558e-11 
 1714       3.846640667065e-11 
 1715       3.826485596406e-11 
 1716       3.806636022215e-11 
 1717       3.787092867258e-11 
 1718       3.767857054432e-11 
 1719       3.748929506760e-11 
 1720       3.730311147395e-11 
 1721       3.712002899613e-11 
 1722       3.694005686813e-11 
 1723       3.676320432514e-11 
 1724       3.658948060356e-11 
 1725       3.641889494095e-11 
 1726       3.625145657599e-11 
 1727       3.608717474854e-11 
 1728       3.592605869954e-11 
 1729       3.576811767102e-11 
 1730       3.561336090611e-11 
 1731       3.546179764895e-11 
 1732       3.531343714474e-11 
 1733       3.516828863970e-11 
 1734       3.502636138103e-11 
 1735       3.488766461690e-11 
 1736       3.475220759645e-11 
 1737       3.461999956974e-11 
 1738       3.449104978777e-11 
 1739       3.436536750240e-11 
 1740       3.424296196641e-11 
 1741       3.412384243340e-11 
 1742       3.400801815783e-11 
 1743       3.389549839497e-11 
 1744       3.378629240091e-11 
 1745       3.368040943248e-11 
 1746       3.357785874731e-11 
 1747       3.347864960375e-11 
 1748       3.338279126088e-11 
 1749       3.329029297847e-11 
 1750       3.320116401699e-11 
 1751       3.311541363756e-11 
 1752       3.303305110195e-11 
 1753       3.295407731271e-11 
 1754       3.287845965729e-11 
 1755       3.280615695393e-11 
 1756       3.273712779206e-11 
 1757       3.267133053196e-11 
 1758       3.260872330442e-11 
 1759       3.254926401041e-11 
 1760       3.249291032072e-11 
 1761       3.243961967559e-11 
 1762       3.238934928442e-11 
 1763       3.234205612538e-11 
 1764       3.229769694506e-11 
 1765       3.225622825818e-11 
 1766       3.221760634717e-11 
 1767       3.218178726187e-11 
 1768       3.214872681919e-11 
 1769       3.211838060273e-11 
 1770       3.209070396246e-11 
 1771       3.206565201436e-11 
 1772       3.204317964010e-11 
 1773       3.202324148666e-11 
 1774       3.200579196600e-11 
 1775       3.199078525472e-11 
 1776       3.197817529370e-11 
 1777       3.196791578778e-11 
 1778       3.195996020538e-11 
 1779       3.195426177818e-11 
 1780       3.195077350077e-11 
 1781       3.194944813028e-11 
 1782       3.195023818607e-11 
 1783       3.195309594938e-11 
 1784       3.195797346295e-11 
 1785       3.196482253070e-11 
 1786       3.197359471740e-11 
 1787       3.198424134828e-11 
 1788       3.199671350873e-11 
 1789       3.201096204394e-11 
 1790       3.202693755851e-11 
 1791       3.204459041619e-11 
 1792       3.206386981697e-11 
 1793       3.208472102117e-11 
 1794       3.210708810200e-11 
 1795       3.213091486563e-11 
 1796       3.215614485084e-11 
 1797       3.218272132860e-11 
 1798       3.221058730169e-11 
 1799       3.223968550434e-11 
 1800       3.226995840186e-11 
 1801       3.230134819020e-11 
 1802       3.233379679566e-11 
 1803       3.236724587442e-11 
 1804       3.240163681222e-11 
 1805       3.243691072396e-11 
 1806       3.247300845333e-11 
 1807       3.250987057240e-11 
 1808       3.254743738127e-11 
 1809       3.258564890769e-11 
 1810       3.262444490664e-11 
 1811       3.266376486002e-11 
 1812       3.270354797620e-11 
 1813       3.274373318968e-11 
 1814       3.278425916070e-11 
 1815       3.282506427486e-11 
 1816       3.286608664273e-11 
 1817       3.290726409949e-11 
 1818       3.294853420452e-11 
 1819       3.298983424107e-11 
 1820       3.303110121583e-11 
 1821       3.307227185855e-11 
 1822       3.311328262172e-11 
 1823       3.315406968010e-11 
 1824       3.319456893042e-11 
 1825       3.323471599096e-11 
 1826       3.327444620118e-11 
 1827       3.331369462133e-11 
 1828       3.335239603208e-11 
 1829       3.339048493413e-11 
 1830       3.342789554784e-11 
 1831       3.346456749709e-11 
 1832       3.350046291120e-11 
 1833       3.353554945895e-11 
 1834       3.356979467653e-11 
 1835       3.360316596740e-11 
 1836       3.363563060209e-11 
 1837       3.366715571804e-11 
 1838       3.369770831942e-11 
 1839       3.372725527694e-11 
 1840       3.375576332768e-11 
 1841       3.378319907494e-11 
 1842       3.380952898800e-11 
 1843       3.383471940202e-11 
 1844       3.385873651780e-11 
 1845       3.388154640164e-11 
 1846       3.390311498514e-11 
 1847       3.392340806506e-11 
 1848       3.394239130308e-11 
 1849       3.396003022570e-11 
 1850       3.397629022400e-11 
 1851       3.399113655349e-11 
 1852       3.400453433395e-11 
 1853       3.401644854920e-11 
 1854       3.402684404698e-11 
 1855       3.403568553875e-11 
 1856       3.404293759951e-11 
 1857       3.404856466762e-11 
 1858       3.405253104464e-11 
 1859       3.405480089513e-11 
 1860       3.405533824651e-11 
 1861       3.405410698882e-11 
 1862       3.405107087463e-11 
 1863       3.404619351878e-11 
 1864       3.403943839824e-11 
 1865       3.403076885196e-11 
 1866       3.402014808064e-11 
 1867       3.400753914658e-11 
 1868       3.399290497351e-11 
 1869       3.397620834641e-11 
 1870       3.395741933596e-11 
 1871       3.393653763594e-11 
 1872       3.391357040028e-11 
 1873       3.388852483442e-11 
 1874       3.386140819531e-11 
 1875       3.383222779157e-11 
 1876       3.380099098349e-11 
 1877       3.376770518318e-11 
 1878       3.373237785458e-11 
 1879       3.369501651359e-11 
 1880       3.365562872813e-11 
 1881       3.361422211820e-11 
 1882       3.357080435598e-11 
 1883       3.352538316592e-11 
 1884       3.347796632477e-11 
 1885       3.342856166170e-11 
 1886       3.337717705837e-11 
 1887       3.332382044900e-11 
 1888       3.326849982045e-11 
 1889       3.321122321229e-11 
 1890       3.315199871691e-11 
 1891       3.309083447955e-11 
 1892       3.302773869840e-11 
 1893       3.296271962471e-11 
 1894       3.289578556280e-11 
 1895       3.282694487020e-11 
 1896       3.275620595771e-11 
 1897       3.268357728944e-11 
 1898       3.260906738294e-11 
 1899       3.253268480926e-11 
 1900       3.245443819301e-11 
 1901       3.237433621246e-11 
 1902       3.229238759963e-11 
 1903       3.220860114030e-11 
 1904       3.212298567419e-11 
 1905       3.203555009494e-11 
 1906       3.194630335026e-11 
 1907       3.185525444197e-11 
 1908       3.176241242608e-11 
 1909       3.166779058459e-11 
 1910       3.157141897563e-11 
 1911       3.147333197970e-11 
 1912       3.137356413686e-11 
 1913       3.127215014702e-11 
 1914       3.116912487008e-11 
 1915       3.106452332620e-11 
 1916       3.095838069599e-11 
 1917       3.085073232073e-11 
 1918       3.074161370257e-11 
 1919       3.063106050478e-11 
 1920       3.051910855195e-11 
 1921       3.040579383017e-11 
 1922       3.029115248731e-11 
 1923       3.017522083317e-11 
 1924       3.005803533976e-11 
 1925       2.993963264145e-11 
 1926       2.982004953523e-11 
 1927       2.969932298090e-11 
 1928       2.957749010131e-11 
 1929       2.945458818257e-11 
 1930       2.933065467422e-11 
 1931       2.920572718951e-11 
 1932       2.907984350560e-11 
 1933       2.895304156371e-11 
 1934       2.882535946945e-11 
 1935       2.869683549292e-11 
 1936       2.856750806900e-11 
 1937       2.843741579755e-11 
 1938       2.830659744361e-11 
 1939       2.817509193761e-11 
 1940       2.804293837561e-11 
 1941       2.791017601950e-11 
 1942       2.777684429723e-11 
 1943       2.764298280299e-11 
 1944       2.750863129746e-11 
 1945       2.737382970801e-11 
 1946       2.723861812894e-11 
 1947       2.710303682163e-11 
 1948       2.696712518748e-11 
 1949       2.683091867755e-11 
 1950       2.669445186011e-11 
 1951       2.655775944602e-11 
 1952       2.642087628899e-11 
 1953       2.628383738569e-11 
 1954       2.614667787596e-11 
 1955       2.600943304302e-11 
 1956       2.587213831359e-11 
 1957       2.573482925814e-11 
 1958       2.559754159104e-11 
 1959       2.546031117072e-11 
 1960       2.532317399990e-11 
 1961       2.518616622575e-11 
 1962       2.504932414006e-11 
 1963       2.491268417944e-11 
 1964       2.477628292551e-11 
 1965       2.464015710506e-11 
 1966       2.450434359023e-11 
 1967       2.436887939874e-11 
 1968       2.423380169401e-11 
 1969       2.409914778538e-11 
 1970       2.396495512828e-11 
 1971       2.383126132443e-11 
 1972       2.369810412200e-11 
 1973       2.356552141580e-11 
 1974       2.343355124746e-11 
 1975       2.330223180563e-11 
 1976       2.317160142615e-11 
 1977       2.304169859222e-11 
 1978       2.291256193460e-11 
 1979       2.278423023180e-11 
 1980       2.265674241023e-11 
 1981       2.253013754441e-11 
 1982       2.240445485715e-11 
 1983       2.227973371974e-11 
 1984       2.215601365209e-11 
 1985       2.203333432298e-11 
 1986       2.191173555017e-11 
 1987       2.179125275905e-11 
 1988       2.167190332142e-11 
 1989       2.155370011640e-11 
 1990       2.143665606297e-11 
 1991       2.132078411999e-11 
 1992       2.120609728625e-11 
 1993       2.109260860052e-11 
 1994       2.098033114159e-11 
 1995       2.086927802831e-11 
 1996       2.075946241965e-11 
 1997       2.065089751474e-11 
 1998       2.054359655288e-11 
 1999       2.043757281365e-11 
 2000       2.033283961690e-11 
 2001       2.022941032281e-11 
 2002       2.012729833196e-11 
 2003       2.002651708533e-11 
 2004       1.992708006438e-11 
 2005       1.982900079107e-11 
 2006       1.973229282794e-11 
 2007       1.963696977812e-11 
 2008       1.954304528537e-11 
 2009       1.945053303416e-11 
 2010       1.935944674970e-11 
 2011       1.926980019798e-11 
 2012       1.918160718578e-11 
 2013       1.909488156081e-11 
 2014       1.900963721164e-11 
 2015       1.892588806782e-11 
 2016       1.884364809993e-11 
 2017       1.876293131955e-11 
 2018       1.868375177939e-11 
 2019       1.860612357328e-11 
 2020       1.853006083624e-11 
 2021       1.845557774452e-11 
 2022       1.838268851563e-11 
 2023       1.831140740841e-11 
 2024       1.824174872306e-11 
 2025       1.817372680117e-11 
 2026       1.810735152913e-11 
 2027       1.804261481259e-11 
 2028       1.797950400435e-11 
 2029       1.791800639208e-11 
 2030       1.785810919822e-11 
 2031       1.779979957993e-11 
 2032       1.774306462893e-11 
 2033       1.768789137150e-11 
 2034       1.763426676834e-11 
 2035       1.758217771447e-11 
 2036       1.753161103921e-11 
 2037       1.748255350602e-11 
 2038       1.743499181246e-11 
 2039       1.738891259009e-11 
 2040       1.734430240437e-11 
 2041       1.730114775459e-11 
 2042       1.725943507379e-11 
 2043       1.721915072864e-11 
 2044       1.718028101939e-11 
 2045       1.714281217977e-11 
 2046       1.710673037689e-11 
 2047       1.707202171118e-11 
 2048       1.703867221627e-11 
 2049       1.700666785893e-11 
 2050       1.697599453898e-11 
 2051       1.694663808920e-11 
 2052       1.691858427521e-11 
 2053       1.689181879546e-11 
 2054       1.686632728107e-11 
 2055       1.684209529577e-11 
 2056       1.681910833583e-11 
 2057       1.679735182994e-11 
 2058       1.677681113916e-11 
 2059       1.675747155680e-11 
 2060       1.673931830835e-11 
 2061       1.672233655140e-11 
 2062       1.670651137552e-11 
 2063       1.669182780222e-11 
 2064       1.667827078484e-11 
 2065       1.666582355858e-11 
 2066       1.665446267800e-11 
 2067       1.664416294419e-11 
 2068       1.663489905131e-11 
 2069       1.662664558644e-11 
 2070       1.661937702948e-11 
 2071       1.661306775298e-11 
 2072       1.660769202204e-11 
 2073       1.660322399416e-11 
 2074       1.659963771910e-11 
 2075       1.659690713878e-11 
 2076       1.659500608708e-11 
 2077       1.659390828980e-11 
 2078       1.659358736444e-11 
 2079       1.659401682012e-11 
 2080       1.659517005744e-11 
 2081       1.659702036831e-11 
 2082       1.659954093586e-11 
 2083       1.660270483430e-11 
 2084       1.660648502876e-11 
 2085       1.661085437519e-11 
 2086       1.661578562021e-11 
 2087       1.662125140096e-11 
 2088       1.662722424502e-11 
 2089       1.663367657021e-11 
 2090       1.664058068450e-11 
 2091       1.664790878588e-11 
 2092       1.665563296220e-11 
 2093       1.666372519105e-11 
 2094       1.667215733962e-11 
 2095       1.668090116460e-11 
 2096       1.668992831199e-11 
 2097       1.669921031701e-11 
 2098       1.670871860397e-11 
 2099       1.671842448609e-11 
 2100       1.672829916543e-11 
 2101       1.673831373269e-11 
 2102       1.674843916716e-11 
 2103       1.675864633649e-11 
 2104       1.676890765000e-11 
 2105       1.677920203119e-11 
 2106       1.678950997954e-11 
 2107       1.679981192017e-11 
 2108       1.681008820380e-11 
 2109       1.682031910660e-11 
 2110       1.683048483016e-11 
 2111       1.684056550135e-11 
 2112       1.685054117229e-11 
 2113       1.686039182019e-11 
 2114       1.687009734732e-11 
 2115       1.687963758092e-11 
 2116       1.688899227305e-11 
 2117       1.689814110059e-11 
 2118       1.690706366508e-11 
 2119       1.691573949265e-11 
 2120       1.692414803398e-11 
 2121       1.693226866414e-11 
 2122       1.694008068253e-11 
 2123       1.694756331282e-11 
 2124       1.695469570281e-11 
 2125       1.696145692440e-11 
 2126       1.696782597343e-11 
 2127       1.697378176968e-11 
 2128       1.697930315668e-11 
 2129       1.698436890173e-11 
 2130       1.698895769572e-11 
 2131       1.699304815308e-11 
 2132       1.699661881171e-11 
 2133       1.699964813286e-11 
 2134       1.700211450105e-11 
 2135       1.700399622400e-11 
 2136       1.700527153251e-11 
 2137       1.700591858040e-11 
 2138       1.700591544441e-11 
 2139       1.700524012411e-11 
 2140       1.700387054180e-11 
 2141       1.700178454245e-11 
 2142       1.699895989361e-11 
 2143       1.699537753904e-11 
 2144       1.699103138417e-11 
 2145       1.698591857734e-11 
 2146       1.698003626210e-11 
 2147       1.697338157719e-11 
 2148       1.696595165659e-11 
 2149       1.695774362945e-11 
 2150       1.694875462014e-11 
 2151       1.693898174821e-11 
 2152       1.692842212840e-11 
 2153       1.691707287066e-11 
 2154       1.690493108011e-11 
 2155       1.689199385705e-11 
 2156       1.687825829695e-11 
 2157       1.686372149049e-11 
 2158       1.684838052348e-11 
 2159       1.683223247692e-11 
 2160       1.681527442699e-11 
 2161       1.679750344499e-11 
 2162       1.677891659741e-11 
 2163       1.675951094590e-11 
 2164       1.673928354723e-11 
 2165       1.671823145335e-11 
 2166       1.669635171134e-11 
 2167       1.667364136342e-11 
 2168       1.665009744696e-11 
 2169       1.662571699446e-11 
 2170       1.660049703353e-11 
 2171       1.657443458695e-11 
 2172       1.654752667260e-11 
 2173       1.651977030347e-11 
 2174       1.649116248769e-11 
 2175       1.646170022849e-11 
 2176       1.643138052424e-11 
 2177       1.640020036838e-11 
 2178       1.636815674948e-11 
 2179       1.633524665119e-11 
 2180       1.630146705229e-11 
 2181       1.626681492663e-11 
 2182       1.623128974813e-11 
 2183       1.619490102403e-11 
 2184       1.615766081220e-11 
 2185       1.611958122074e-11 
 2186       1.608067440813e-11 
 2187       1.604095258320e-11 
 2188       1.600042800527e-11 
 2189       1.595911298416e-11 
 2190       1.591701988025e-11 
 2191       1.587416110458e-11 
 2192       1.583054911886e-11 
 2193       1.578619643556e-11 
 2194       1.574111561796e-11 
 2195       1.569531928023e-11 
 2196       1.564882008745e-11 
 2197       1.560163075570e-11 
 2198       1.555376405211e-11 
 2199       1.550523279492e-11 
 2200       1.545604985355e-11 
 2201       1.540622814863e-11 
 2202       1.535578065212e-11 
 2203       1.530472038728e-11 
 2204       1.525306042882e-11 
 2205       1.520081390290e-11 
 2206       1.514799398721e-11 
 2207       1.509461391105e-11 
 2208       1.504068695533e-11 
 2209       1.498622645271e-11 
 2210       1.493124578759e-11 
 2211       1.487575839622e-11 
 2212       1.481977776671e-11 
 2213       1.476331743916e-11 
 2214       1.470639100563e-11 
 2215       1.464901211028e-11 
 2216       1.459119444938e-11 
 2217       1.453295177141e-11 
 2218       1.447429787707e-11 
 2219       1.441524661938e-11 
 2220       1.435581190373e-11 
 2221       1.429600805544e-11 
 2222       1.423585092509e-11 
 2223       1.417535679062e-11 
 2224       1.411454199049e-11 
 2225       1.405342292384e-11 
 2226       1.399201605048e-11 
 2227       1.393033789098e-11 
 2228       1.386840502677e-11 
 2229       1.380623410017e-11 
 2230       1.374384181448e-11 
 2231       1.368124493402e-11 
 2232       1.361846028425e-11 
 2233       1.355550475179e-11 
 2234       1.349239528451e-11 
 2235       1.342914889161e-11 
 2236       1.336578264367e-11 
 2237       1.330231367270e-11 
 2238       1.323875917226e-11 
 2239       1.317513639750e-11 
 2240       1.311146266522e-11 
 2241       1.304775535394e-11 
 2242       1.298403190400e-11 
 2243       1.292030981760e-11 
 2244       1.285660665885e-11 
 2245       1.279294005390e-11 
 2246       1.272932769095e-11 
 2247       1.266578732035e-11 
 2248       1.260233675465e-11 
 2249       1.253899386868e-11 
 2250       1.247577659963e-11 
 2251       1.241270294709e-11 
 2252       1.234979097315e-11 
 2253       1.228705880243e-11 
 2254       1.222452462220e-11 
 2255       1.216220668239e-11 
 2256       1.210012329572e-11 
 2257       1.203829283771e-11 
 2258       1.197673374680e-11 
 2259       1.191546452439e-11 
 2260       1.185450218102e-11 
 2261       1.179385756387e-11 
 2262       1.173353999914e-11 
 2263       1.167355884322e-11 
 2264       1.161392348272e-11 
 2265       1.155464333449e-11 
 2266       1.149572784568e-11 
 2267       1.143718649374e-11 
 2268       1.137902878648e-11 
 2269       1.132126426207e-11 
 2270       1.126390248912e-11 
 2271       1.120695306666e-11 
 2272       1.115042562421e-11 
 2273       1.109432982178e-11 
 2274       1.103867534996e-11 
 2275       1.098347192986e-11 
 2276       1.092872931324e-11 
 2277       1.087445728247e-11 
 2278       1.082066565061e-11 
 2279       1.076736426140e-11 
 2280       1.071456298933e-11 
 2281       1.066227173964e-11 
 2282       1.061050044839e-11 
 2283       1.055925908246e-11 
 2284       1.050855763959e-11 
 2285       1.045840614842e-11 
 2286       1.040881466850e-11 
 2287       1.035979329037e-11 
 2288       1.031135213554e-11 
 2289       1.026350135655e-11 
 2290       1.021625113698e-11 
 2291       1.016961169154e-11 
 2292       1.012359326602e-11 
 2293       1.007820613737e-11 
 2294       1.003346061374e-11 
 2295       9.989367034479e-12 
 2296       9.945935770204e-12 
 2297       9.903177222800e-12 
 2298       9.861101825470e-12 
 2299       9.819717946377e-12 
 2300       9.779025584947e-12 
 2301       9.739022635484e-12 
 2302       9.699706979904e-12 
 2303       9.661076487710e-12 
 2304       9.623129015981e-12 
 2305       9.585862409357e-12 
 2306       9.549274500024e-12 
 2307       9.513363107694e-12 
 2308       9.478126039597e-12 
 2309       9.443561090458e-12 
 2310       9.409666042488e-12 
 2311       9.376438665364e-12 
 2312       9.343876716218e-12 
 2313       9.311977939616e-12 
 2314       9.280740067549e-12 
 2315       9.250160819413e-12 
 2316       9.220237901994e-12 
 2317       9.190969009456e-12 
 2318       9.162351823322e-12 
 2319       9.134384012460e-12 
 2320       9.107063233067e-12 
 2321       9.080387128657e-12 
 2322       9.054353330041e-12 
 2323       9.028959455312e-12 
 2324       9.004203109833e-12 
 2325       8.980081886221e-12 
 2326       8.956593364328e-12 
 2327       8.933735111228e-12 
 2328       8.911504681205e-12 
 2329       8.889899615731e-12 
 2330       8.868917443454e-12 
 2331       8.848555680185e-12 
 2332       8.828811828879e-12 
 2333       8.809683379619e-12 
 2334       8.791167809606e-12 
 2335       8.773262583137e-12 
 2336       8.755965151595e-12 
 2337       8.739272953430e-12 
 2338       8.723182196259e-12 
 2339       8.707684194851e-12 
 2340       8.692769010182e-12 
 2341       8.678426665190e-12 
 2342       8.664647144739e-12 
 2343       8.651420395574e-12 
 2344       8.638736326280e-12 
 2345       8.626584807238e-12 
 2346       8.614955670587e-12 
 2347       8.603838710177e-12 
 2348       8.593223681529e-12 
 2349       8.583100301796e-12 
 2350       8.573458249714e-12 
 2351       8.564287165566e-12 
 2352       8.555576651140e-12 
 2353       8.547316269680e-12 
 2354       8.539495545852e-12 
 2355       8.532103965697e-12 
 2356       8.525130976592e-12 
 2357       8.518565987205e-12 
 2358       8.512398367455e-12 
 2359       8.506617448468e-12 
 2360       8.501212522538e-12 
 2361       8.496172843081e-12 
 2362       8.491487624597e-12 
 2363       8.487146042623e-12 
 2364       8.483137233696e-12 
 2365       8.479450295308e-12 
 2366       8.476074285864e-12 
 2367       8.472998224642e-12 
 2368       8.470211091748e-12 
 2369       8.467701828075e-12 
 2370       8.465459335261e-12 
 2371       8.463472475648e-12 
 2372       8.461730072240e-12 
 2373       8.460220908658e-12 
 2374       8.458933729099e-12 
 2375       8.457857238297e-12 
 2376       8.456980101478e-12 
 2377       8.456291182881e-12 
 2378       8.455780263017e-12 
 2379       8.455437325744e-12 
 2380       8.455252320068e-12 
 2381       8.455215160109e-12 
 2382       8.455315725059e-12 
 2383       8.455543859151e-12 
 2384       8.455889371616e-12 
 2385       8.456342036650e-12 
 2386       8.456891593374e-12 
 2387       8.457527745800e-12 
 2388       8.458240162793e-12 
 2389       8.459018478032e-12 
 2390       8.459852289975e-12 
 2391       8.460731161822e-12 
 2392       8.461644621478e-12 
 2393       8.462582161513e-12 
 2394       8.463533239129e-12 
 2395       8.464487276123e-12 
 2396       8.465433658845e-12 
 2397       8.466361738166e-12 
 2398       8.467260829440e-12 
 2399       8.468120212464e-12 
 2400       8.468929131446e-12 
 2401       8.469676794964e-12 
 2402       8.470352375928e-12 
 2403       8.470945011549e-12 
 2404       8.471443803295e-12 
 2405       8.471837816859e-12 
 2406       8.472116082120e-12 
 2407       8.472267593103e-12 
 2408       8.472281307950e-12 
 2409       8.472146148873e-12 
 2410       8.471851002126e-12 
 2411       8.471384717962e-12 
 2412       8.470736110597e-12 
 2413       8.469893958176e-12 
 2414       8.468847002732e-12 
 2415       8.467583950151e-12 
 2416       8.466094706115e-12 
 2417       8.464374092176e-12 
 2418       8.462418152131e-12 
 2419       8.460222918068e-12 
 2420       8.457784410365e-12 
 2421       8.455098637669e-12 
 2422       8.452161596889e-12 
 2423       8.448969273185e-12 
 2424       8.445517639953e-12 
 2425       8.441802658816e-12 
 2426       8.437820279612e-12 
 2427       8.433566440382e-12 
 2428       8.429037067359e-12 
 2429       8.424228074954e-12 
 2430       8.419135365749e-12 
 2431       8.413754830480e-12 
 2432       8.408082348029e-12 
 2433       8.402113785411e-12 
 2434       8.395844997762e-12 
 2435       8.389271828331e-12 
 2436       8.382390108462e-12 
 2437       8.375195657586e-12 
 2438       8.367684283212e-12 
 2439       8.359851780911e-12 
 2440       8.351693934303e-12 
 2441       8.343206515054e-12 
 2442       8.334385282854e-12 
 2443       8.325225985411e-12 
 2444       8.315724358440e-12 
 2445       8.305876125648e-12 
 2446       8.295676998726e-12 
 2447       8.285122677333e-12 
 2448       8.274208849089e-12 
 2449       8.262931189559e-12 
 2450       8.251285362247e-12 
 2451       8.239267018578e-12 
 2452       8.226871797891e-12 
 2453       8.214095327424e-12 
 2454       8.200933222306e-12 
 2455       8.187382408850e-12 
 2456       8.173445103088e-12 
 2457       8.159124855945e-12 
 2458       8.144425232095e-12 
 2459       8.129349809983e-12 
 2460       8.113902181834e-12 
 2461       8.098085953671e-12 
 2462       8.081904745327e-12 
 2463       8.065362190462e-12 
 2464       8.048461936577e-12 
 2465       8.031207645029e-12 
 2466       8.013602991045e-12 
 2467       7.995651663736e-12 
 2468       7.977357366115e-12 
 2469       7.958723815108e-12 
 2470       7.939754741570e-12 
 2471       7.920453890300e-12 
 2472       7.900825020057e-12 
 2473       7.880871903570e-12 
 2474       7.860598327561e-12 
 2475       7.840008092749e-12 
 2476       7.819105013876e-12 
 2477       7.797892919711e-12 
 2478       7.776375653074e-12 
 2479       7.754557070844e-12 
 2480       7.732441043977e-12 
 2481       7.710031457520e-12 
 2482       7.687332210627e-12 
 2483       7.664347216569e-12 
 2484       7.641080402755e-12 
 2485       7.617535710744e-12 
 2486       7.593717096257e-12 
 2487       7.569628529196e-12 
 2488       7.545273993658e-12 
 2489       7.520657487945e-12 
 2490       7.495783024586e-12 
 2491       7.470654630346e-12 
 2492       7.445276346243e-12 
 2493       7.419652227564e-12 
 2494       7.393783631537e-12 
 2495       7.367661062927e-12 
 2496       7.341272280597e-12 
 2497       7.314605005459e-12 
 2498       7.287646920440e-12 
 2499       7.260385670441e-12 
 2500       7.232808862302e-12 
