# dimensionless total [l(l+1)/2pi] C_l's
# for l=2 to 2500, i.e. number of multipoles equal to 2499
#
# -> if you prefer output in CAMB/HealPix/LensPix units/order, set 'format' to 'camb' in input file
# -> if you don't want to see such a header, set 'headers' to 'no' in input file
#
# 1:l     2:TT                 
    2       2.502827552991e-10 
    3       2.188653699187e-10 
    4       1.954519601994e-10 
    5       1.786772020389e-10 
    6       1.666524050864e-10 
    7       1.580030451778e-10 
    8       1.517544541234e-10 
    9       1.471968591316e-10 
   10       1.438995213702e-10 
   11       1.415586433666e-10 
   12       1.399433598334e-10 
   13       1.389015762928e-10 
   14       1.383310597672e-10 
   15       1.380948631726e-10 
   16       1.381657821320e-10 
   17       1.385648072111e-10 
   18       1.391699499401e-10 
   19       1.399720061102e-10 
   20       1.409318424523e-10 
   21       1.420516375713e-10 
   22       1.433035545768e-10 
   23       1.446900620751e-10 
   24       1.461914095321e-10 
   25       1.477940664862e-10 
   26       1.494695644790e-10 
   27       1.512310111755e-10 
   28       1.530843150673e-10 
   29       1.550162308866e-10 
   30       1.570297488002e-10 
   31       1.591178391830e-10 
   32       1.612613765183e-10 
   33       1.634625762913e-10 
   34       1.657208736726e-10 
   35       1.680282552192e-10 
   36       1.703883251071e-10 
   37       1.728019201699e-10 
   38       1.752608394764e-10 
   39       1.777533644938e-10 
   40       1.802854095855e-10 
   41       1.828649827935e-10 
   42       1.854958751698e-10 
   43       1.881786921911e-10 
   44       1.909154369969e-10 
   45       1.937055702026e-10 
   46       1.965442761480e-10 
   47       1.994220919436e-10 
   48       2.023286836059e-10 
   49       2.052662987294e-10 
   50       2.082394686191e-10 
   51       2.112510368459e-10 
   52       2.143019998797e-10 
   53       2.173925059508e-10 
   54       2.205255200229e-10 
   55       2.237038234874e-10 
   56       2.269288301162e-10 
   57       2.302004752570e-10 
   58       2.335171050296e-10 
   59       2.368765290449e-10 
   60       2.402797157019e-10 
   61       2.437277607428e-10 
   62       2.472207292787e-10 
   63       2.507575844265e-10 
   64       2.543361159460e-10 
   65       2.579540219666e-10 
   66       2.616125807267e-10 
   67       2.653136311756e-10 
   68       2.690584501225e-10 
   69       2.728477131278e-10 
   70       2.766814553952e-10 
   71       2.805590326629e-10 
   72       2.844796371700e-10 
   73       2.884440471225e-10 
   74       2.924531439254e-10 
   75       2.965073608766e-10 
   76       3.006066567312e-10 
   77       3.047504892660e-10 
   78       3.089377888438e-10 
   79       3.131669319781e-10 
   80       3.174363139364e-10 
   81       3.217462392280e-10 
   82       3.260973127084e-10 
   83       3.304898545954e-10 
   84       3.349238851271e-10 
   85       3.393991092196e-10 
   86       3.439149011247e-10 
   87       3.484702890878e-10 
   88       3.530639400056e-10 
   89       3.576945252744e-10 
   90       3.623619175478e-10 
   91       3.670661543178e-10 
   92       3.718070639399e-10 
   93       3.765842560015e-10 
   94       3.813971116903e-10 
   95       3.862447741629e-10 
   96       3.911261389134e-10 
   97       3.960398441415e-10 
   98       4.009842611216e-10 
   99       4.059577820495e-10 
  100       4.109597509233e-10 
  101       4.159896472351e-10 
  102       4.210467943053e-10 
  103       4.261303532575e-10 
  104       4.312393169919e-10 
  105       4.363725041608e-10 
  106       4.415285531417e-10 
  107       4.467059160125e-10 
  108       4.519028525255e-10 
  109       4.571174240815e-10 
  110       4.623477430240e-10 
  111       4.675927697098e-10 
  112       4.728516066439e-10 
  113       4.781232488024e-10 
  114       4.834065801161e-10 
  115       4.887003699542e-10 
  116       4.940032696076e-10 
  117       4.993138087728e-10 
  118       5.046303920354e-10 
  119       5.099512953537e-10 
  120       5.152746625420e-10 
  121       5.205985017548e-10 
  122       5.259206819699e-10 
  123       5.312391248094e-10 
  124       5.365524124461e-10 
  125       5.418592432327e-10 
  126       5.471582406607e-10 
  127       5.524479513809e-10 
  128       5.577268432234e-10 
  129       5.629933032187e-10 
  130       5.682456356178e-10 
  131       5.734820599127e-10 
  132       5.787007088571e-10 
  133       5.838996264865e-10 
  134       5.890767661390e-10 
  135       5.942299884756e-10 
  136       5.993570595007e-10 
  137       6.044558136639e-10 
  138       6.095246664036e-10 
  139       6.145621511349e-10 
  140       6.195667580036e-10 
  141       6.245369329546e-10 
  142       6.294710768006e-10 
  143       6.343675442897e-10 
  144       6.392246431741e-10 
  145       6.440406332785e-10 
  146       6.488137255678e-10 
  147       6.535420812159e-10 
  148       6.582238106739e-10 
  149       6.628569727382e-10 
  150       6.674395736188e-10 
  151       6.719695660077e-10 
  152       6.764448481469e-10 
  153       6.808634006006e-10 
  154       6.852237128328e-10 
  155       6.895243946826e-10 
  156       6.937640419953e-10 
  157       6.979412363918e-10 
  158       7.020545450385e-10 
  159       7.061025204166e-10 
  160       7.100837000920e-10 
  161       7.139966064846e-10 
  162       7.178397466380e-10 
  163       7.216116119891e-10 
  164       7.253106781377e-10 
  165       7.289354046161e-10 
  166       7.324842346586e-10 
  167       7.359555949712e-10 
  168       7.393478955012e-10 
  169       7.426595292066e-10 
  170       7.458888718258e-10 
  171       7.490343865188e-10 
  172       7.520949480634e-10 
  173       7.550695453747e-10 
  174       7.579571792636e-10 
  175       7.607568626335e-10 
  176       7.634676206785e-10 
  177       7.660884910800e-10 
  178       7.686185242049e-10 
  179       7.710567833030e-10 
  180       7.734023447038e-10 
  181       7.756542980147e-10 
  182       7.778117463181e-10 
  183       7.798738063690e-10 
  184       7.818396087924e-10 
  185       7.837082982807e-10 
  186       7.854790337912e-10 
  187       7.871509887437e-10 
  188       7.887233512177e-10 
  189       7.901953241501e-10 
  190       7.915661255326e-10 
  191       7.928350493132e-10 
  192       7.940016527910e-10 
  193       7.950655836899e-10 
  194       7.960265211122e-10 
  195       7.968841759343e-10 
  196       7.976382912031e-10 
  197       7.982886425318e-10 
  198       7.988350384963e-10 
  199       7.992773210313e-10 
  200       7.996153658261e-10 
  201       7.998490827210e-10 
  202       7.999784161033e-10 
  203       8.000033453032e-10 
  204       7.999238849904e-10 
  205       7.997400855695e-10 
  206       7.994520335769e-10 
  207       7.990598520762e-10 
  208       7.985637010547e-10 
  209       7.979637778194e-10 
  210       7.972603173930e-10 
  211       7.964535929101e-10 
  212       7.955439160134e-10 
  213       7.945316425410e-10 
  214       7.934171891935e-10 
  215       7.922010187588e-10 
  216       7.908836353286e-10 
  217       7.894655847094e-10 
  218       7.879474548317e-10 
  219       7.863298761607e-10 
  220       7.846135221056e-10 
  221       7.827991094305e-10 
  222       7.808873986637e-10 
  223       7.788791945080e-10 
  224       7.767753462509e-10 
  225       7.745767481742e-10 
  226       7.722843399647e-10 
  227       7.698991071235e-10 
  228       7.674220813763e-10 
  229       7.648543410839e-10 
  230       7.621970116513e-10 
  231       7.594512659386e-10 
  232       7.566183246706e-10 
  233       7.536994568469e-10 
  234       7.506959801518e-10 
  235       7.476092613647e-10 
  236       7.444407167697e-10 
  237       7.411918125660e-10 
  238       7.378640003146e-10 
  239       7.344585180921e-10 
  240       7.309765780854e-10 
  241       7.274194307431e-10 
  242       7.237883650477e-10 
  243       7.200847087894e-10 
  244       7.163098288386e-10 
  245       7.124651314191e-10 
  246       7.085520623810e-10 
  247       7.045721074735e-10 
  248       7.005267926184e-10 
  249       6.964176841824e-10 
  250       6.922463892507e-10 
  251       6.880145558997e-10 
  252       6.837238734697e-10 
  253       6.793760728385e-10 
  254       6.749729266940e-10 
  255       6.705162498071e-10 
  256       6.660078993050e-10 
  257       6.614497749440e-10 
  258       6.568438193822e-10 
  259       6.521920184532e-10 
  260       6.474964014384e-10 
  261       6.427590413402e-10 
  262       6.379820551552e-10 
  263       6.331676041469e-10 
  264       6.283178941188e-10 
  265       6.234351756873e-10 
  266       6.185216128642e-10 
  267       6.135788803371e-10 
  268       6.086085448510e-10 
  269       6.036121949809e-10 
  270       5.985914411818e-10 
  271       5.935479158395e-10 
  272       5.884832733206e-10 
  273       5.833991900236e-10 
  274       5.782973644289e-10 
  275       5.731795171494e-10 
  276       5.680473909811e-10 
  277       5.629027509534e-10 
  278       5.577473843797e-10 
  279       5.525831009079e-10 
  280       5.474117325707e-10 
  281       5.422351338362e-10 
  282       5.370551816585e-10 
  283       5.318737755278e-10 
  284       5.266928375212e-10 
  285       5.215143123532e-10 
  286       5.163401674260e-10 
  287       5.111723928800e-10 
  288       5.060130016443e-10 
  289       5.008640294872e-10 
  290       4.957275350668e-10 
  291       4.906055999811e-10 
  292       4.855003288190e-10 
  293       4.804138492101e-10 
  294       4.753483118761e-10 
  295       4.703058906802e-10 
  296       4.652887826785e-10 
  297       4.602990467699e-10 
  298       4.553381108521e-10 
  299       4.504072407570e-10 
  300       4.455076993198e-10 
  301       4.406407462107e-10 
  302       4.358076377661e-10 
  303       4.310096268208e-10 
  304       4.262479625392e-10 
  305       4.215238902472e-10 
  306       4.168386512638e-10 
  307       4.121934827328e-10 
  308       4.075896174540e-10 
  309       4.030282837156e-10 
  310       3.985107051252e-10 
  311       3.940381004418e-10 
  312       3.896116834073e-10 
  313       3.852326625781e-10 
  314       3.809022411569e-10 
  315       3.766216168242e-10 
  316       3.723919815700e-10 
  317       3.682145215255e-10 
  318       3.640904167946e-10 
  319       3.600208412857e-10 
  320       3.560069625433e-10 
  321       3.520499415794e-10 
  322       3.481509327056e-10 
  323       3.443110833644e-10 
  324       3.405315339610e-10 
  325       3.368134176947e-10 
  326       3.331578603910e-10 
  327       3.295659803328e-10 
  328       3.260388880922e-10 
  329       3.225776863622e-10 
  330       3.191834697883e-10 
  331       3.158573248002e-10 
  332       3.126002221773e-10 
  333       3.094126899128e-10 
  334       3.062951257445e-10 
  335       3.032479028498e-10 
  336       3.002713695604e-10 
  337       2.973658490780e-10 
  338       2.945316391892e-10 
  339       2.917690119809e-10 
  340       2.890782135555e-10 
  341       2.864594637459e-10 
  342       2.839129558309e-10 
  343       2.814388562504e-10 
  344       2.790373043208e-10 
  345       2.767084119496e-10 
  346       2.744522633514e-10 
  347       2.722689147626e-10 
  348       2.701583941566e-10 
  349       2.681207009595e-10 
  350       2.661558057647e-10 
  351       2.642636500485e-10 
  352       2.624441458852e-10 
  353       2.606971756624e-10 
  354       2.590225917959e-10 
  355       2.574202164454e-10 
  356       2.558898412293e-10 
  357       2.544312269403e-10 
  358       2.530441032601e-10 
  359       2.517281684751e-10 
  360       2.504830891914e-10 
  361       2.493085000500e-10 
  362       2.482040034420e-10 
  363       2.471691692240e-10 
  364       2.462035344330e-10 
  365       2.453066030020e-10 
  366       2.444778454747e-10 
  367       2.437166987214e-10 
  368       2.430225656536e-10 
  369       2.423948149394e-10 
  370       2.418327807189e-10 
  371       2.413358027823e-10 
  372       2.409033494201e-10 
  373       2.405348988179e-10 
  374       2.402298987785e-10 
  375       2.399877664722e-10 
  376       2.398078881872e-10 
  377       2.396896190799e-10 
  378       2.396322829255e-10 
  379       2.396351718683e-10 
  380       2.396975461720e-10 
  381       2.398186339701e-10 
  382       2.399976310165e-10 
  383       2.402337004357e-10 
  384       2.405259724733e-10 
  385       2.408735442465e-10 
  386       2.412754794939e-10 
  387       2.417308083269e-10 
  388       2.422385269792e-10 
  389       2.427975975576e-10 
  390       2.434069477924e-10 
  391       2.440654707878e-10 
  392       2.447720247720e-10 
  393       2.455254328481e-10 
  394       2.463244827440e-10 
  395       2.471679265633e-10 
  396       2.480544805350e-10 
  397       2.489828247647e-10 
  398       2.499516029845e-10 
  399       2.509594223033e-10 
  400       2.520048529577e-10 
  401       2.530864280620e-10 
  402       2.542026433585e-10 
  403       2.553519569685e-10 
  404       2.565327891418e-10 
  405       2.577435220080e-10 
  406       2.589824993262e-10 
  407       2.602480262359e-10 
  408       2.615383690069e-10 
  409       2.628517547903e-10 
  410       2.641865489177e-10 
  411       2.655417942294e-10 
  412       2.669166903579e-10 
  413       2.683104177819e-10 
  414       2.697221377026e-10 
  415       2.711509919207e-10 
  416       2.725961027133e-10 
  417       2.740565727107e-10 
  418       2.755314847732e-10 
  419       2.770199018680e-10 
  420       2.785208669457e-10 
  421       2.800334028178e-10 
  422       2.815565120328e-10 
  423       2.830891767537e-10 
  424       2.846303586344e-10 
  425       2.861789986964e-10 
  426       2.877340172062e-10 
  427       2.892943135517e-10 
  428       2.908587661192e-10 
  429       2.924262321700e-10 
  430       2.939955477176e-10 
  431       2.955655274043e-10 
  432       2.971349643781e-10 
  433       2.987026301694e-10 
  434       3.002672745681e-10 
  435       3.018276255002e-10 
  436       3.033823889047e-10 
  437       3.049302486105e-10 
  438       3.064698662131e-10 
  439       3.079998809517e-10 
  440       3.095189095856e-10 
  441       3.110255462715e-10 
  442       3.125183624400e-10 
  443       3.139959066725e-10 
  444       3.154567045783e-10 
  445       3.168992586709e-10 
  446       3.183220482454e-10 
  447       3.197235292550e-10 
  448       3.211021341879e-10 
  449       3.224564795338e-10 
  450       3.237859958261e-10 
  451       3.250903177517e-10 
  452       3.263690784047e-10 
  453       3.276219092865e-10 
  454       3.288484403057e-10 
  455       3.300482997787e-10 
  456       3.312211144292e-10 
  457       3.323665093889e-10 
  458       3.334841081975e-10 
  459       3.345735328024e-10 
  460       3.356344035594e-10 
  461       3.366663392324e-10 
  462       3.376689569938e-10 
  463       3.386418724245e-10 
  464       3.395846995139e-10 
  465       3.404970506603e-10 
  466       3.413785366708e-10 
  467       3.422287667616e-10 
  468       3.430473485579e-10 
  469       3.438338880942e-10 
  470       3.445879898145e-10 
  471       3.453092565721e-10 
  472       3.459972896300e-10 
  473       3.466516886610e-10 
  474       3.472720517476e-10 
  475       3.478579753825e-10 
  476       3.484090544685e-10 
  477       3.489248823184e-10 
  478       3.494050506555e-10 
  479       3.498491496138e-10 
  480       3.502567677376e-10 
  481       3.506274919820e-10 
  482       3.509609077130e-10 
  483       3.512565987077e-10 
  484       3.515141471541e-10 
  485       3.517331336516e-10 
  486       3.519131372107e-10 
  487       3.520537352536e-10 
  488       3.521546248723e-10 
  489       3.522159905793e-10 
  490       3.522381475175e-10 
  491       3.522214212544e-10 
  492       3.521661478431e-10 
  493       3.520726738829e-10 
  494       3.519413565811e-10 
  495       3.517725638137e-10 
  496       3.515666741864e-10 
  497       3.513240770961e-10 
  498       3.510451727917e-10 
  499       3.507303724352e-10 
  500       3.503800981630e-10 
  501       3.499947831468e-10 
  502       3.495748716549e-10 
  503       3.491208191129e-10 
  504       3.486330921654e-10 
  505       3.481121687365e-10 
  506       3.475585380915e-10 
  507       3.469727008973e-10 
  508       3.463551692842e-10 
  509       3.457064669065e-10 
  510       3.450271290038e-10 
  511       3.443177024621e-10 
  512       3.435787458750e-10 
  513       3.428108296044e-10 
  514       3.420145358422e-10 
  515       3.411904586708e-10 
  516       3.403392041247e-10 
  517       3.394613902512e-10 
  518       3.385576471718e-10 
  519       3.376286171431e-10 
  520       3.366749546182e-10 
  521       3.356973263072e-10 
  522       3.346964112389e-10 
  523       3.336729008218e-10 
  524       3.326274989049e-10 
  525       3.315609218390e-10 
  526       3.304738985378e-10 
  527       3.293671533767e-10 
  528       3.282413542461e-10 
  529       3.270971631840e-10 
  530       3.259352534622e-10 
  531       3.247563096399e-10 
  532       3.235610276173e-10 
  533       3.223501146899e-10 
  534       3.211242896013e-10 
  535       3.198842825975e-10 
  536       3.186308354806e-10 
  537       3.173647016620e-10 
  538       3.160866462169e-10 
  539       3.147974459370e-10 
  540       3.134978893852e-10 
  541       3.121887769487e-10 
  542       3.108709208927e-10 
  543       3.095451454145e-10 
  544       3.082122866966e-10 
  545       3.068731929610e-10 
  546       3.055287245225e-10 
  547       3.041797538427e-10 
  548       3.028271655834e-10 
  549       3.014718566603e-10 
  550       3.001147362971e-10 
  551       2.987567260787e-10 
  552       2.973987600054e-10 
  553       2.960417845459e-10 
  554       2.946867586919e-10 
  555       2.933346540111e-10 
  556       2.919864547010e-10 
  557       2.906431576428e-10 
  558       2.893057724553e-10 
  559       2.879753215478e-10 
  560       2.866528401748e-10 
  561       2.853393764889e-10 
  562       2.840359915950e-10 
  563       2.827437596038e-10 
  564       2.814637676852e-10 
  565       2.801971161229e-10 
  566       2.789448034082e-10 
  567       2.777073781688e-10 
  568       2.764852783920e-10 
  569       2.752789455834e-10 
  570       2.740888247785e-10 
  571       2.729153645525e-10 
  572       2.717590170316e-10 
  573       2.706202379034e-10 
  574       2.694994864280e-10 
  575       2.683972254481e-10 
  576       2.673139214004e-10 
  577       2.662500443258e-10 
  578       2.652060678803e-10 
  579       2.641824693458e-10 
  580       2.631797296407e-10 
  581       2.621983333305e-10 
  582       2.612387686389e-10 
  583       2.603015274580e-10 
  584       2.593871053594e-10 
  585       2.584960016048e-10 
  586       2.576287191568e-10 
  587       2.567857646892e-10 
  588       2.559676485983e-10 
  589       2.551748850134e-10 
  590       2.544079918071e-10 
  591       2.536674906067e-10 
  592       2.529539068045e-10 
  593       2.522677695685e-10 
  594       2.516096118533e-10 
  595       2.509799704107e-10 
  596       2.503793858003e-10 
  597       2.498084024007e-10 
  598       2.492675684194e-10 
  599       2.487574359043e-10 
  600       2.482785607539e-10 
  601       2.478315027284e-10 
  602       2.474168254601e-10 
  603       2.470350964641e-10 
  604       2.466868871493e-10 
  605       2.463726562909e-10 
  606       2.460923973448e-10 
  607       2.458459826621e-10 
  608       2.456332792310e-10 
  609       2.454541486493e-10 
  610       2.453084470969e-10 
  611       2.451960253089e-10 
  612       2.451167285473e-10 
  613       2.450703965743e-10 
  614       2.450568636247e-10 
  615       2.450759583781e-10 
  616       2.451275039321e-10 
  617       2.452113177742e-10 
  618       2.453272117548e-10 
  619       2.454749920598e-10 
  620       2.456544591828e-10 
  621       2.458654078981e-10 
  622       2.461076272330e-10 
  623       2.463809004403e-10 
  624       2.466850049712e-10 
  625       2.470197124477e-10 
  626       2.473847886350e-10 
  627       2.477799934142e-10 
  628       2.482050807550e-10 
  629       2.486597986881e-10 
  630       2.491438892780e-10 
  631       2.496570885951e-10 
  632       2.501991266887e-10 
  633       2.507697275594e-10 
  634       2.513686091319e-10 
  635       2.519954832272e-10 
  636       2.526500555352e-10 
  637       2.533320255877e-10 
  638       2.540410867306e-10 
  639       2.547769260964e-10 
  640       2.555392245771e-10 
  641       2.563276567966e-10 
  642       2.571418910830e-10 
  643       2.579815894418e-10 
  644       2.588463730752e-10 
  645       2.597357181414e-10 
  646       2.606490575822e-10 
  647       2.615858153250e-10 
  648       2.625454062453e-10 
  649       2.635272361291e-10 
  650       2.645307016360e-10 
  651       2.655551902614e-10 
  652       2.666000802993e-10 
  653       2.676647408050e-10 
  654       2.687485315572e-10 
  655       2.698508030215e-10 
  656       2.709708963122e-10 
  657       2.721081431554e-10 
  658       2.732618658514e-10 
  659       2.744313772373e-10 
  660       2.756159806500e-10 
  661       2.768149698881e-10 
  662       2.780276291752e-10 
  663       2.792532331222e-10 
  664       2.804910466898e-10 
  665       2.817403251515e-10 
  666       2.830003140559e-10 
  667       2.842702491894e-10 
  668       2.855493565388e-10 
  669       2.868368522540e-10 
  670       2.881319426105e-10 
  671       2.894338239721e-10 
  672       2.907416827535e-10 
  673       2.920546953830e-10 
  674       2.933720282649e-10 
  675       2.946928377422e-10 
  676       2.960162700593e-10 
  677       2.973414613248e-10 
  678       2.986675374736e-10 
  679       2.999936142298e-10 
  680       3.013187970696e-10 
  681       3.026421811834e-10 
  682       3.039628514387e-10 
  683       3.052799458788e-10 
  684       3.065928477813e-10 
  685       3.079009976255e-10 
  686       3.092038299059e-10 
  687       3.105007731119e-10 
  688       3.117912497059e-10 
  689       3.130746761030e-10 
  690       3.143504626494e-10 
  691       3.156180136018e-10 
  692       3.168767271059e-10 
  693       3.181259951754e-10 
  694       3.193652036714e-10 
  695       3.205937322807e-10 
  696       3.218109544952e-10 
  697       3.230162375906e-10 
  698       3.242089426054e-10 
  699       3.253884243198e-10 
  700       3.265540312349e-10 
  701       3.277051055510e-10 
  702       3.288409831474e-10 
  703       3.299609935607e-10 
  704       3.310644599637e-10 
  705       3.321506991450e-10 
  706       3.332190214872e-10 
  707       3.342687309461e-10 
  708       3.352991250299e-10 
  709       3.363094947778e-10 
  710       3.372991247389e-10 
  711       3.382672929516e-10 
  712       3.392132709219e-10 
  713       3.401363236028e-10 
  714       3.410357093731e-10 
  715       3.419106800163e-10 
  716       3.427604806996e-10 
  717       3.435843499527e-10 
  718       3.443815196470e-10 
  719       3.451512149742e-10 
  720       3.458926544256e-10 
  721       3.466050497706e-10 
  722       3.472877152075e-10 
  723       3.479403972753e-10 
  724       3.485629515639e-10 
  725       3.491552341504e-10 
  726       3.497171016031e-10 
  727       3.502484109856e-10 
  728       3.507490198605e-10 
  729       3.512187862939e-10 
  730       3.516575688593e-10 
  731       3.520652266413e-10 
  732       3.524416192401e-10 
  733       3.527866067752e-10 
  734       3.531000498897e-10 
  735       3.533818097540e-10 
  736       3.536317480702e-10 
  737       3.538497270759e-10 
  738       3.540356095482e-10 
  739       3.541892588079e-10 
  740       3.543105387235e-10 
  741       3.543993137151e-10 
  742       3.544554487586e-10 
  743       3.544788093897e-10 
  744       3.544692617076e-10 
  745       3.544266723798e-10 
  746       3.543509086452e-10 
  747       3.542418383188e-10 
  748       3.540993297956e-10 
  749       3.539232520544e-10 
  750       3.537134746620e-10 
  751       3.534698677774e-10 
  752       3.531923021554e-10 
  753       3.528806491511e-10 
  754       3.525347807236e-10 
  755       3.521545694402e-10 
  756       3.517398884804e-10 
  757       3.512906116398e-10 
  758       3.508066133345e-10 
  759       3.502877686048e-10 
  760       3.497339531191e-10 
  761       3.491451202979e-10 
  762       3.485215342980e-10 
  763       3.478635415020e-10 
  764       3.471714938238e-10 
  765       3.464457487284e-10 
  766       3.456866692519e-10 
  767       3.448946240214e-10 
  768       3.440699872750e-10 
  769       3.432131388822e-10 
  770       3.423244643632e-10 
  771       3.414043549095e-10 
  772       3.404532074034e-10 
  773       3.394714244385e-10 
  774       3.384594143393e-10 
  775       3.374175911813e-10 
  776       3.363463748110e-10 
  777       3.352461908660e-10 
  778       3.341174707949e-10 
  779       3.329606518772e-10 
  780       3.317761772434e-10 
  781       3.305644958950e-10 
  782       3.293260627245e-10 
  783       3.280613385353e-10 
  784       3.267707900618e-10 
  785       3.254548899892e-10 
  786       3.241141169740e-10 
  787       3.227489556632e-10 
  788       3.213598967150e-10 
  789       3.199474368183e-10 
  790       3.185120787131e-10 
  791       3.170543312103e-10 
  792       3.155747092116e-10 
  793       3.140737337294e-10 
  794       3.125519319074e-10 
  795       3.110098370399e-10 
  796       3.094479885920e-10 
  797       3.078669322198e-10 
  798       3.062672197901e-10 
  799       3.046494094008e-10 
  800       3.030140629894e-10 
  801       3.013617390718e-10 
  802       2.996929999110e-10 
  803       2.980084139356e-10 
  804       2.963085557590e-10 
  805       2.945940061994e-10 
  806       2.928653522991e-10 
  807       2.911231873439e-10 
  808       2.893681108832e-10 
  809       2.876007287486e-10 
  810       2.858216530746e-10 
  811       2.840315023171e-10 
  812       2.822309012735e-10 
  813       2.804204811022e-10 
  814       2.786008793420e-10 
  815       2.767727399317e-10 
  816       2.749367132296e-10 
  817       2.730934560331e-10 
  818       2.712436315983e-10 
  819       2.693879096594e-10 
  820       2.675269664483e-10 
  821       2.656614847142e-10 
  822       2.637921537430e-10 
  823       2.619196693769e-10 
  824       2.600447340342e-10 
  825       2.581680567283e-10 
  826       2.562903530877e-10 
  827       2.544123453754e-10 
  828       2.525347625085e-10 
  829       2.506583400774e-10 
  830       2.487838203660e-10 
  831       2.469119523704e-10 
  832       2.450434918193e-10 
  833       2.431792011930e-10 
  834       2.413198497429e-10 
  835       2.394662135115e-10 
  836       2.376190753514e-10 
  837       2.357792249453e-10 
  838       2.339474588251e-10 
  839       2.321245095297e-10 
  840       2.303108316855e-10 
  841       2.285068122431e-10 
  842       2.267128410096e-10 
  843       2.249293106562e-10 
  844       2.231566167259e-10 
  845       2.213951576404e-10 
  846       2.196453347080e-10 
  847       2.179075521311e-10 
  848       2.161822170134e-10 
  849       2.144697393677e-10 
  850       2.127705321230e-10 
  851       2.110850111324e-10 
  852       2.094135951801e-10 
  853       2.077567059894e-10 
  854       2.061147682298e-10 
  855       2.044882095244e-10 
  856       2.028774604579e-10 
  857       2.012829545834e-10 
  858       1.997051284305e-10 
  859       1.981444215122e-10 
  860       1.966012763328e-10 
  861       1.950761383953e-10 
  862       1.935694562087e-10 
  863       1.920816812956e-10 
  864       1.906132681997e-10 
  865       1.891646744931e-10 
  866       1.877363607840e-10 
  867       1.863287907242e-10 
  868       1.849424310161e-10 
  869       1.835777514210e-10 
  870       1.822352247658e-10 
  871       1.809153269508e-10 
  872       1.796185369572e-10 
  873       1.783453368546e-10 
  874       1.770962118082e-10 
  875       1.758716500868e-10 
  876       1.746721430696e-10 
  877       1.734981852543e-10 
  878       1.723501887375e-10 
  879       1.712282250836e-10 
  880       1.701322791790e-10 
  881       1.690623343638e-10 
  882       1.680183724261e-10 
  883       1.670003735962e-10 
  884       1.660083165405e-10 
  885       1.650421783562e-10 
  886       1.641019345651e-10 
  887       1.631875591077e-10 
  888       1.622990243376e-10 
  889       1.614363010158e-10 
  890       1.605993583043e-10 
  891       1.597881637610e-10 
  892       1.590026833334e-10 
  893       1.582428813528e-10 
  894       1.575087205289e-10 
  895       1.568001619434e-10 
  896       1.561171650444e-10 
  897       1.554596876409e-10 
  898       1.548276858964e-10 
  899       1.542211143235e-10 
  900       1.536399257781e-10 
  901       1.530840714531e-10 
  902       1.525535008732e-10 
  903       1.520481618885e-10 
  904       1.515680006693e-10 
  905       1.511129616995e-10 
  906       1.506829877717e-10 
  907       1.502780199804e-10 
  908       1.498979977169e-10 
  909       1.495428586634e-10 
  910       1.492125387867e-10 
  911       1.489069723328e-10 
  912       1.486260918211e-10 
  913       1.483698280383e-10 
  914       1.481381100327e-10 
  915       1.479308651084e-10 
  916       1.477480188197e-10 
  917       1.475894515032e-10 
  918       1.474548671294e-10 
  919       1.473439223513e-10 
  920       1.472562697653e-10 
  921       1.471915578986e-10 
  922       1.471494311973e-10 
  923       1.471295300147e-10 
  924       1.471314905988e-10 
  925       1.471549450807e-10 
  926       1.471995214625e-10 
  927       1.472648436049e-10 
  928       1.473505312158e-10 
  929       1.474561998376e-10 
  930       1.475814608360e-10 
  931       1.477259213870e-10 
  932       1.478891844658e-10 
  933       1.480708488343e-10 
  934       1.482705090289e-10 
  935       1.484877553492e-10 
  936       1.487221738450e-10 
  937       1.489733463053e-10 
  938       1.492408502455e-10 
  939       1.495242588956e-10 
  940       1.498231411886e-10 
  941       1.501370617477e-10 
  942       1.504655808751e-10 
  943       1.508082545392e-10 
  944       1.511646343634e-10 
  945       1.515342676134e-10 
  946       1.519166971854e-10 
  947       1.523114615942e-10 
  948       1.527180949611e-10 
  949       1.531361270019e-10 
  950       1.535650830148e-10 
  951       1.540044838685e-10 
  952       1.544538459901e-10 
  953       1.549126813530e-10 
  954       1.553804974651e-10 
  955       1.558567973568e-10 
  956       1.563410990012e-10 
  957       1.568329939261e-10 
  958       1.573320894738e-10 
  959       1.578379894400e-10 
  960       1.583502940647e-10 
  961       1.588686000224e-10 
  962       1.593925004127e-10 
  963       1.599215847511e-10 
  964       1.604554389590e-10 
  965       1.609936453548e-10 
  966       1.615357826440e-10 
  967       1.620814259101e-10 
  968       1.626301466046e-10 
  969       1.631815125382e-10 
  970       1.637350878708e-10 
  971       1.642904331023e-10 
  972       1.648471050629e-10 
  973       1.654046569039e-10 
  974       1.659626380883e-10 
  975       1.665205943806e-10 
  976       1.670780678385e-10 
  977       1.676345968023e-10 
  978       1.681897158863e-10 
  979       1.687429559686e-10 
  980       1.692938441823e-10 
  981       1.698419039055e-10 
  982       1.703866547522e-10 
  983       1.709276125626e-10 
  984       1.714642893937e-10 
  985       1.719961935099e-10 
  986       1.725228293734e-10 
  987       1.730436976349e-10 
  988       1.735582951238e-10 
  989       1.740661148393e-10 
  990       1.745666459402e-10 
  991       1.750593737361e-10 
  992       1.755437796777e-10 
  993       1.760193413469e-10 
  994       1.764855324481e-10 
  995       1.769418829291e-10 
  996       1.773881603318e-10 
  997       1.778241910851e-10 
  998       1.782498006130e-10 
  999       1.786648133328e-10 
 1000       1.790690526524e-10 
 1001       1.794623409683e-10 
 1002       1.798444996637e-10 
 1003       1.802153491058e-10 
 1004       1.805747086441e-10 
 1005       1.809223966079e-10 
 1006       1.812582303041e-10 
 1007       1.815820260152e-10 
 1008       1.818935989971e-10 
 1009       1.821927634767e-10 
 1010       1.824793326499e-10 
 1011       1.827531186795e-10 
 1012       1.830139326925e-10 
 1013       1.832615847786e-10 
 1014       1.834958839876e-10 
 1015       1.837166383273e-10 
 1016       1.839236547613e-10 
 1017       1.841167392067e-10 
 1018       1.842956965323e-10 
 1019       1.844603305559e-10 
 1020       1.846104440425e-10 
 1021       1.847458387018e-10 
 1022       1.848663151865e-10 
 1023       1.849716730894e-10 
 1024       1.850617109418e-10 
 1025       1.851362262112e-10 
 1026       1.851950152988e-10 
 1027       1.852378735376e-10 
 1028       1.852645951903e-10 
 1029       1.852749734468e-10 
 1030       1.852688004222e-10 
 1031       1.852458671545e-10 
 1032       1.852059636026e-10 
 1033       1.851488786440e-10 
 1034       1.850744560480e-10 
 1035       1.849827632659e-10 
 1036       1.848739250212e-10 
 1037       1.847480675547e-10 
 1038       1.846053186281e-10 
 1039       1.844458075285e-10 
 1040       1.842696650725e-10 
 1041       1.840770236100e-10 
 1042       1.838680170285e-10 
 1043       1.836427807570e-10 
 1044       1.834014517703e-10 
 1045       1.831441685931e-10 
 1046       1.828710713039e-10 
 1047       1.825823015392e-10 
 1048       1.822780024974e-10 
 1049       1.819583189434e-10 
 1050       1.816233972119e-10 
 1051       1.812733852124e-10 
 1052       1.809084324325e-10 
 1053       1.805286899423e-10 
 1054       1.801343103986e-10 
 1055       1.797254480489e-10 
 1056       1.793022587354e-10 
 1057       1.788648998992e-10 
 1058       1.784135305842e-10 
 1059       1.779483114415e-10 
 1060       1.774694047332e-10 
 1061       1.769769743367e-10 
 1062       1.764711857487e-10 
 1063       1.759522060891e-10 
 1064       1.754202041054e-10 
 1065       1.748753501767e-10 
 1066       1.743178163176e-10 
 1067       1.737477761826e-10 
 1068       1.731654050698e-10 
 1069       1.725708799254e-10 
 1070       1.719643793476e-10 
 1071       1.713460835904e-10 
 1072       1.707161745683e-10 
 1073       1.700748526876e-10 
 1074       1.694223875853e-10 
 1075       1.687590680892e-10 
 1076       1.680851854591e-10 
 1077       1.674010333922e-10 
 1078       1.667069080293e-10 
 1079       1.660031079603e-10 
 1080       1.652899342302e-10 
 1081       1.645676903453e-10 
 1082       1.638366822781e-10 
 1083       1.630972184743e-10 
 1084       1.623496098577e-10 
 1085       1.615941698366e-10 
 1086       1.608312143093e-10 
 1087       1.600610616703e-10 
 1088       1.592840328156e-10 
 1089       1.585004511493e-10 
 1090       1.577106425886e-10 
 1091       1.569149355703e-10 
 1092       1.561136610562e-10 
 1093       1.553071525394e-10 
 1094       1.544957460497e-10 
 1095       1.536797801594e-10 
 1096       1.528595959898e-10 
 1097       1.520355372162e-10 
 1098       1.512079500744e-10 
 1099       1.503771833660e-10 
 1100       1.495435884647e-10 
 1101       1.487075193219e-10 
 1102       1.478693324725e-10 
 1103       1.470293870411e-10 
 1104       1.461880447472e-10 
 1105       1.453456699117e-10 
 1106       1.445026294621e-10 
 1107       1.436592929392e-10 
 1108       1.428160325019e-10 
 1109       1.419732229339e-10 
 1110       1.411312416491e-10 
 1111       1.402904686975e-10 
 1112       1.394512608264e-10 
 1113       1.386138732783e-10 
 1114       1.377785369768e-10 
 1115       1.369454843819e-10 
 1116       1.361149494925e-10 
 1117       1.352871678506e-10 
 1118       1.344623765440e-10 
 1119       1.336408142100e-10 
 1120       1.328227210385e-10 
 1121       1.320083387754e-10 
 1122       1.311979107261e-10 
 1123       1.303916817584e-10 
 1124       1.295898983063e-10 
 1125       1.287928083730e-10 
 1126       1.280006615343e-10 
 1127       1.272137089420e-10 
 1128       1.264322033273e-10 
 1129       1.256563990037e-10 
 1130       1.248865518710e-10 
 1131       1.241229194179e-10 
 1132       1.233657607259e-10 
 1133       1.226153364723e-10 
 1134       1.218719089338e-10 
 1135       1.211357419894e-10 
 1136       1.204071011241e-10 
 1137       1.196862534320e-10 
 1138       1.189734676199e-10 
 1139       1.182690140104e-10 
 1140       1.175731645451e-10 
 1141       1.168861927883e-10 
 1142       1.162083739299e-10 
 1143       1.155399847892e-10 
 1144       1.148813038179e-10 
 1145       1.142326111032e-10 
 1146       1.135941883719e-10 
 1147       1.129663189928e-10 
 1148       1.123492879808e-10 
 1149       1.117433819996e-10 
 1150       1.111488893656e-10 
 1151       1.105660557810e-10 
 1152       1.099949509131e-10 
 1153       1.094356001279e-10 
 1154       1.088880286050e-10 
 1155       1.083522613376e-10 
 1156       1.078283231313e-10 
 1157       1.073162386034e-10 
 1158       1.068160321828e-10 
 1159       1.063277281087e-10 
 1160       1.058513504300e-10 
 1161       1.053869230050e-10 
 1162       1.049344695004e-10 
 1163       1.044940133906e-10 
 1164       1.040655779571e-10 
 1165       1.036491862881e-10 
 1166       1.032448612771e-10 
 1167       1.028526256230e-10 
 1168       1.024725018290e-10 
 1169       1.021045122019e-10 
 1170       1.017486788517e-10 
 1171       1.014050236905e-10 
 1172       1.010735684322e-10 
 1173       1.007543345917e-10 
 1174       1.004473434840e-10 
 1175       1.001526162239e-10 
 1176       9.987017372505e-11 
 1177       9.960003669930e-11 
 1178       9.934222565611e-11 
 1179       9.909676090178e-11 
 1180       9.886366253884e-11 
 1181       9.864295046529e-11 
 1182       9.843464437399e-11 
 1183       9.823876375192e-11 
 1184       9.805532787955e-11 
 1185       9.788435583012e-11 
 1186       9.772586646895e-11 
 1187       9.757987845282e-11 
 1188       9.744641022921e-11 
 1189       9.732548003567e-11 
 1190       9.721707546645e-11 
 1191       9.712106176466e-11 
 1192       9.703727240236e-11 
 1193       9.696553940779e-11 
 1194       9.690569336211e-11 
 1195       9.685756339613e-11 
 1196       9.682097718709e-11 
 1197       9.679576095536e-11 
 1198       9.678173946121e-11 
 1199       9.677873600151e-11 
 1200       9.678657240653e-11 
 1201       9.680506903664e-11 
 1202       9.683404477906e-11 
 1203       9.687331704460e-11 
 1204       9.692270176441e-11 
 1205       9.698201338671e-11 
 1206       9.705106487353e-11 
 1207       9.712966769749e-11 
 1208       9.721763183846e-11 
 1209       9.731476578039e-11 
 1210       9.742087650798e-11 
 1211       9.753576950348e-11 
 1212       9.765924874339e-11 
 1213       9.779111669521e-11 
 1214       9.793117431418e-11 
 1215       9.807922104006e-11 
 1216       9.823505479379e-11 
 1217       9.839847197432e-11 
 1218       9.856926745529e-11 
 1219       9.874723458178e-11 
 1220       9.893216516710e-11 
 1221       9.912384948945e-11 
 1222       9.932207628874e-11 
 1223       9.952663276327e-11 
 1224       9.973730456651e-11 
 1225       9.995387580383e-11 
 1226       1.001761290292e-10 
 1227       1.004038452421e-10 
 1228       1.006368038839e-10 
 1229       1.008747839345e-10 
 1230       1.011175672210e-10 
 1231       1.013649351417e-10 
 1232       1.016166675671e-10 
 1233       1.018725428367e-10 
 1234       1.021323377556e-10 
 1235       1.023958275918e-10 
 1236       1.026627860725e-10 
 1237       1.029329853814e-10 
 1238       1.032061961553e-10 
 1239       1.034821874808e-10 
 1240       1.037607268913e-10 
 1241       1.040415803639e-10 
 1242       1.043245123162e-10 
 1243       1.046092856027e-10 
 1244       1.048956615125e-10 
 1245       1.051833997652e-10 
 1246       1.054722585082e-10 
 1247       1.057619943138e-10 
 1248       1.060523621753e-10 
 1249       1.063431155044e-10 
 1250       1.066340061278e-10 
 1251       1.069247842843e-10 
 1252       1.072151986212e-10 
 1253       1.075049961913e-10 
 1254       1.077939224499e-10 
 1255       1.080817212515e-10 
 1256       1.083681348465e-10 
 1257       1.086529038784e-10 
 1258       1.089357673802e-10 
 1259       1.092164627713e-10 
 1260       1.094947258547e-10 
 1261       1.097702908134e-10 
 1262       1.100428902076e-10 
 1263       1.103122549710e-10 
 1264       1.105781144082e-10 
 1265       1.108401961913e-10 
 1266       1.110982263565e-10 
 1267       1.113519293014e-10 
 1268       1.116010546050e-10 
 1269       1.118454578333e-10 
 1270       1.120850206596e-10 
 1271       1.123196241234e-10 
 1272       1.125491486301e-10 
 1273       1.127734739491e-10 
 1274       1.129924792130e-10 
 1275       1.132060429165e-10 
 1276       1.134140429151e-10 
 1277       1.136163564237e-10 
 1278       1.138128600159e-10 
 1279       1.140034296224e-10 
 1280       1.141879405303e-10 
 1281       1.143662673813e-10 
 1282       1.145382841710e-10 
 1283       1.147038642477e-10 
 1284       1.148628803111e-10 
 1285       1.150152044110e-10 
 1286       1.151607079466e-10 
 1287       1.152992616646e-10 
 1288       1.154307356588e-10 
 1289       1.155549993684e-10 
 1290       1.156719215771e-10 
 1291       1.157813704117e-10 
 1292       1.158832133411e-10 
 1293       1.159773171753e-10 
 1294       1.160635480638e-10 
 1295       1.161417714946e-10 
 1296       1.162118522932e-10 
 1297       1.162736546214e-10 
 1298       1.163270419757e-10 
 1299       1.163718771869e-10 
 1300       1.164080224180e-10 
 1301       1.164353391641e-10 
 1302       1.164536882501e-10 
 1303       1.164629298304e-10 
 1304       1.164629233873e-10 
 1305       1.164535277299e-10 
 1306       1.164346009932e-10 
 1307       1.164060317422e-10 
 1308       1.163678326701e-10 
 1309       1.163200479459e-10 
 1310       1.162627222052e-10 
 1311       1.161959005512e-10 
 1312       1.161196285552e-10 
 1313       1.160339522582e-10 
 1314       1.159389181716e-10 
 1315       1.158345732781e-10 
 1316       1.157209650332e-10 
 1317       1.155981413656e-10 
 1318       1.154661506786e-10 
 1319       1.153250418512e-10 
 1320       1.151748642387e-10 
 1321       1.150156676741e-10 
 1322       1.148475024688e-10 
 1323       1.146704194139e-10 
 1324       1.144844697811e-10 
 1325       1.142897053235e-10 
 1326       1.140861782771e-10 
 1327       1.138739413614e-10 
 1328       1.136530477803e-10 
 1329       1.134235512237e-10 
 1330       1.131855058679e-10 
 1331       1.129389663771e-10 
 1332       1.126839879039e-10 
 1333       1.124206260909e-10 
 1334       1.121489370711e-10 
 1335       1.118689774694e-10 
 1336       1.115808044035e-10 
 1337       1.112844754846e-10 
 1338       1.109800488189e-10 
 1339       1.106675830082e-10 
 1340       1.103471371511e-10 
 1341       1.100187708441e-10 
 1342       1.096825441824e-10 
 1343       1.093385177610e-10 
 1344       1.089867526759e-10 
 1345       1.086273105247e-10 
 1346       1.082602682311e-10 
 1347       1.078857626913e-10 
 1348       1.075039466145e-10 
 1349       1.071149737457e-10 
 1350       1.067189988679e-10 
 1351       1.063161778038e-10 
 1352       1.059066674181e-10 
 1353       1.054906256192e-10 
 1354       1.050682113616e-10 
 1355       1.046395846472e-10 
 1356       1.042049065281e-10 
 1357       1.037643391081e-10 
 1358       1.033180455448e-10 
 1359       1.028661900516e-10 
 1360       1.024089378998e-10 
 1361       1.019464554203e-10 
 1362       1.014789100059e-10 
 1363       1.010064701133e-10 
 1364       1.005293052647e-10 
 1365       1.000475860502e-10 
 1366       9.956148412984e-11 
 1367       9.907117223511e-11 
 1368       9.857682417143e-11 
 1369       9.807861481990e-11 
 1370       9.757672013937e-11 
 1371       9.707131716841e-11 
 1372       9.656258402732e-11 
 1373       9.605069992009e-11 
 1374       9.553584513644e-11 
 1375       9.501820105377e-11 
 1376       9.449795013920e-11 
 1377       9.397527595152e-11 
 1378       9.345036314318e-11 
 1379       9.292339746234e-11 
 1380       9.239456575481e-11 
 1381       9.186405596605e-11 
 1382       9.133205714319e-11 
 1383       9.079875943700e-11 
 1384       9.026435410388e-11 
 1385       8.972902531819e-11 
 1386       8.919292551055e-11 
 1387       8.865619977309e-11 
 1388       8.811899402703e-11 
 1389       8.758145502410e-11 
 1390       8.704373034809e-11 
 1391       8.650596841630e-11 
 1392       8.596831848101e-11 
 1393       8.543093063097e-11 
 1394       8.489395579290e-11 
 1395       8.435754573293e-11 
 1396       8.382185305814e-11 
 1397       8.328703121799e-11 
 1398       8.275323450582e-11 
 1399       8.222061806033e-11 
 1400       8.168933786706e-11 
 1401       8.115955075990e-11 
 1402       8.063141442251e-11 
 1403       8.010508738986e-11 
 1404       7.958072904968e-11 
 1405       7.905849964395e-11 
 1406       7.853856027038e-11 
 1407       7.802107288389e-11 
 1408       7.750620029810e-11 
 1409       7.699410618682e-11 
 1410       7.648495508548e-11 
 1411       7.597891239267e-11 
 1412       7.547614437160e-11 
 1413       7.497681815158e-11 
 1414       7.448110172949e-11 
 1415       7.398916397130e-11 
 1416       7.350117461349e-11 
 1417       7.301730426460e-11 
 1418       7.253772440665e-11 
 1419       7.206260739667e-11 
 1420       7.159212646815e-11 
 1421       7.112645573252e-11 
 1422       7.066577018067e-11 
 1423       7.021024568439e-11 
 1424       6.976003723181e-11 
 1425       6.931521338614e-11 
 1426       6.887582115677e-11 
 1427       6.844190770445e-11 
 1428       6.801352034147e-11 
 1429       6.759070653185e-11 
 1430       6.717351389154e-11 
 1431       6.676199018865e-11 
 1432       6.635618334357e-11 
 1433       6.595614142923e-11 
 1434       6.556191267127e-11 
 1435       6.517354544823e-11 
 1436       6.479108829175e-11 
 1437       6.441458988675e-11 
 1438       6.404409907166e-11 
 1439       6.367966483857e-11 
 1440       6.332133633346e-11 
 1441       6.296916285638e-11 
 1442       6.262319386164e-11 
 1443       6.228347895799e-11 
 1444       6.195006790887e-11 
 1445       6.162301063253e-11 
 1446       6.130235720229e-11 
 1447       6.098815784669e-11 
 1448       6.068046294968e-11 
 1449       6.037932305088e-11 
 1450       6.008478884570e-11 
 1451       5.979691118554e-11 
 1452       5.951574107806e-11 
 1453       5.924132968727e-11 
 1454       5.897372833380e-11 
 1455       5.871298849507e-11 
 1456       5.845916180547e-11 
 1457       5.821230005657e-11 
 1458       5.797245519732e-11 
 1459       5.773967933423e-11 
 1460       5.751402473157e-11 
 1461       5.729554381156e-11 
 1462       5.708428915457e-11 
 1463       5.688029418658e-11 
 1464       5.668351502984e-11 
 1465       5.649388807129e-11 
 1466       5.631134922162e-11 
 1467       5.613583391444e-11 
 1468       5.596727710530e-11 
 1469       5.580561327092e-11 
 1470       5.565077640819e-11 
 1471       5.550270003337e-11 
 1472       5.536131718114e-11 
 1473       5.522656040376e-11 
 1474       5.509836177014e-11 
 1475       5.497665286498e-11 
 1476       5.486136478788e-11 
 1477       5.475242815243e-11 
 1478       5.464977308536e-11 
 1479       5.455332922562e-11 
 1480       5.446302572350e-11 
 1481       5.437879123974e-11 
 1482       5.430055394467e-11 
 1483       5.422824151728e-11 
 1484       5.416178114435e-11 
 1485       5.410109951957e-11 
 1486       5.404612284266e-11 
 1487       5.399677681844e-11 
 1488       5.395298665599e-11 
 1489       5.391467706774e-11 
 1490       5.388177226857e-11 
 1491       5.385419597497e-11 
 1492       5.383187140408e-11 
 1493       5.381472127286e-11 
 1494       5.380266779719e-11 
 1495       5.379563269097e-11 
 1496       5.379353716523e-11 
 1497       5.379630192725e-11 
 1498       5.380384717969e-11 
 1499       5.381609261967e-11 
 1500       5.383295743790e-11 
 1501       5.385436031778e-11 
 1502       5.388021445066e-11 
 1503       5.391041253017e-11 
 1504       5.394484160998e-11 
 1505       5.398338807329e-11 
 1506       5.402593763162e-11 
 1507       5.407237532371e-11 
 1508       5.412258551433e-11 
 1509       5.417645189315e-11 
 1510       5.423385747360e-11 
 1511       5.429468459166e-11 
 1512       5.435881490478e-11 
 1513       5.442612939068e-11 
 1514       5.449650834620e-11 
 1515       5.456983138618e-11 
 1516       5.464597744226e-11 
 1517       5.472482476177e-11 
 1518       5.480625090655e-11 
 1519       5.489013275181e-11 
 1520       5.497634648497e-11 
 1521       5.506476760451e-11 
 1522       5.515527091882e-11 
 1523       5.524773054506e-11 
 1524       5.534201990797e-11 
 1525       5.543801173874e-11 
 1526       5.553557807388e-11 
 1527       5.563459025402e-11 
 1528       5.573491892280e-11 
 1529       5.583643402568e-11 
 1530       5.593900480883e-11 
 1531       5.604249981793e-11 
 1532       5.614678689705e-11 
 1533       5.625173318750e-11 
 1534       5.635720512665e-11 
 1535       5.646306844678e-11 
 1536       5.656918817398e-11 
 1537       5.667542862692e-11 
 1538       5.678165341575e-11 
 1539       5.688772544093e-11 
 1540       5.699350689207e-11 
 1541       5.709886897458e-11 
 1542       5.720372119284e-11 
 1543       5.730798234269e-11 
 1544       5.741157080822e-11 
 1545       5.751440456108e-11 
 1546       5.761640115986e-11 
 1547       5.771747774940e-11 
 1548       5.781755106013e-11 
 1549       5.791653740743e-11 
 1550       5.801435269094e-11 
 1551       5.811091239392e-11 
 1552       5.820613158258e-11 
 1553       5.829992490540e-11 
 1554       5.839220659252e-11 
 1555       5.848289045503e-11 
 1556       5.857188988431e-11 
 1557       5.865911785141e-11 
 1558       5.874448690634e-11 
 1559       5.882790917744e-11 
 1560       5.890929637071e-11 
 1561       5.898855976915e-11 
 1562       5.906561023208e-11 
 1563       5.914035819450e-11 
 1564       5.921271366643e-11 
 1565       5.928258623225e-11 
 1566       5.934988505000e-11 
 1567       5.941451885077e-11 
 1568       5.947639593802e-11 
 1569       5.953542418689e-11 
 1570       5.959151104360e-11 
 1571       5.964456352472e-11 
 1572       5.969448821655e-11 
 1573       5.974119127446e-11 
 1574       5.978457842222e-11 
 1575       5.982455495131e-11 
 1576       5.986102572030e-11 
 1577       5.989389515419e-11 
 1578       5.992306724370e-11 
 1579       5.994844554467e-11 
 1580       5.996994876453e-11 
 1581       5.998755768104e-11 
 1582       6.000126865667e-11 
 1583       6.001107809089e-11 
 1584       6.001698242031e-11 
 1585       6.001897811873e-11 
 1586       6.001706169725e-11 
 1587       6.001122970433e-11 
 1588       6.000147872590e-11 
 1589       5.998780538545e-11 
 1590       5.997020634409e-11 
 1591       5.994867830069e-11 
 1592       5.992321799188e-11 
 1593       5.989382219224e-11 
 1594       5.986048771432e-11 
 1595       5.982321140873e-11 
 1596       5.978199016425e-11 
 1597       5.973682090794e-11 
 1598       5.968770060515e-11 
 1599       5.963462625968e-11 
 1600       5.957759491383e-11 
 1601       5.951660364852e-11 
 1602       5.945164958333e-11 
 1603       5.938272987663e-11 
 1604       5.930984172565e-11 
 1605       5.923298236654e-11 
 1606       5.915214907453e-11 
 1607       5.906733916395e-11 
 1608       5.897854998833e-11 
 1609       5.888577894052e-11 
 1610       5.878902345272e-11 
 1611       5.868828099665e-11 
 1612       5.858354908355e-11 
 1613       5.847482526431e-11 
 1614       5.836210712959e-11 
 1615       5.824539230981e-11 
 1616       5.812467847536e-11 
 1617       5.799996333658e-11 
 1618       5.787124464392e-11 
 1619       5.773853066329e-11 
 1620       5.760187170567e-11 
 1621       5.746132888257e-11 
 1622       5.731696365719e-11 
 1623       5.716883784496e-11 
 1624       5.701701361414e-11 
 1625       5.686155348634e-11 
 1626       5.670252033713e-11 
 1627       5.653997739657e-11 
 1628       5.637398824980e-11 
 1629       5.620461683762e-11 
 1630       5.603192745700e-11 
 1631       5.585598476171e-11 
 1632       5.567685376285e-11 
 1633       5.549459982944e-11 
 1634       5.530928868895e-11 
 1635       5.512098642792e-11 
 1636       5.492975949247e-11 
 1637       5.473567468891e-11 
 1638       5.453879918427e-11 
 1639       5.433920050692e-11 
 1640       5.413694654706e-11 
 1641       5.393210555736e-11 
 1642       5.372474615350e-11 
 1643       5.351493731470e-11 
 1644       5.330274838436e-11 
 1645       5.308824907055e-11 
 1646       5.287150944663e-11 
 1647       5.265259995180e-11 
 1648       5.243159139166e-11 
 1649       5.220855493879e-11 
 1650       5.198356213330e-11 
 1651       5.175668488341e-11 
 1652       5.152799546600e-11 
 1653       5.129756652721e-11 
 1654       5.106547108296e-11 
 1655       5.083178251957e-11 
 1656       5.059657459428e-11 
 1657       5.035992143584e-11 
 1658       5.012189732195e-11 
 1659       4.988257600840e-11 
 1660       4.964203139516e-11 
 1661       4.940033774946e-11 
 1662       4.915756970644e-11 
 1663       4.891380226959e-11 
 1664       4.866911081143e-11 
 1665       4.842357107396e-11 
 1666       4.817725916928e-11 
 1667       4.793025158015e-11 
 1668       4.768262516048e-11 
 1669       4.743445713597e-11 
 1670       4.718582510462e-11 
 1671       4.693680703729e-11 
 1672       4.668748127828e-11 
 1673       4.643792654586e-11 
 1674       4.618822193283e-11 
 1675       4.593844690709e-11 
 1676       4.568868131221e-11 
 1677       4.543900536793e-11 
 1678       4.518949967079e-11 
 1679       4.494024519464e-11 
 1680       4.469132329120e-11 
 1681       4.444281569063e-11 
 1682       4.419480450209e-11 
 1683       4.394737221428e-11 
 1684       4.370060169601e-11 
 1685       4.345457619675e-11 
 1686       4.320937934719e-11 
 1687       4.296509515981e-11 
 1688       4.272180802940e-11 
 1689       4.247960273365e-11 
 1690       4.223856443371e-11 
 1691       4.199877867471e-11 
 1692       4.176033138636e-11 
 1693       4.152330888348e-11 
 1694       4.128779786657e-11 
 1695       4.105388542234e-11 
 1696       4.082165902432e-11 
 1697       4.059119787301e-11 
 1698       4.036254683372e-11 
 1699       4.013574227517e-11 
 1700       3.991082070961e-11 
 1701       3.968781879304e-11 
 1702       3.946677332543e-11 
 1703       3.924772125085e-11 
 1704       3.903069965773e-11 
 1705       3.881574577903e-11 
 1706       3.860289699242e-11 
 1707       3.839219082052e-11 
 1708       3.818366493104e-11 
 1709       3.797735713704e-11 
 1710       3.777330539707e-11 
 1711       3.757154781539e-11 
 1712       3.737212264217e-11 
 1713       3.717506827368e-11 
 1714       3.698042325249e-11 
 1715       3.678822626765e-11 
 1716       3.659851615492e-11 
 1717       3.641133189693e-11 
 1718       3.622671262340e-11 
 1719       3.604469761132e-11 
 1720       3.586532628517e-11 
 1721       3.568863821707e-11 
 1722       3.551467312705e-11 
 1723       3.534347088317e-11 
 1724       3.517507150175e-11 
 1725       3.500951514759e-11 
 1726       3.484684213411e-11 
 1727       3.468709292360e-11 
 1728       3.453030812739e-11 
 1729       3.437652850604e-11 
 1730       3.422579496955e-11 
 1731       3.407814857757e-11 
 1732       3.393363053955e-11 
 1733       3.379228221498e-11 
 1734       3.365414511357e-11 
 1735       3.351926089545e-11 
 1736       3.338766144232e-11 
 1737       3.325933897905e-11 
 1738       3.313427570066e-11 
 1739       3.301245367826e-11 
 1740       3.289385485890e-11 
 1741       3.277846106531e-11 
 1742       3.266625399576e-11 
 1743       3.255721522385e-11 
 1744       3.245132619827e-11 
 1745       3.234856824265e-11 
 1746       3.224892255533e-11 
 1747       3.215237020917e-11 
 1748       3.205889215136e-11 
 1749       3.196846920322e-11 
 1750       3.188108205997e-11 
 1751       3.179671129059e-11 
 1752       3.171533733756e-11 
 1753       3.163694051669e-11 
 1754       3.156150101693e-11 
 1755       3.148899890017e-11 
 1756       3.141941410099e-11 
 1757       3.135272642656e-11 
 1758       3.128891555633e-11 
 1759       3.122796104192e-11 
 1760       3.116984230687e-11 
 1761       3.111453864646e-11 
 1762       3.106202922750e-11 
 1763       3.101229308814e-11 
 1764       3.096530913770e-11 
 1765       3.092105615639e-11 
 1766       3.087951279520e-11 
 1767       3.084065757565e-11 
 1768       3.080446888960e-11 
 1769       3.077092499906e-11 
 1770       3.074000403599e-11 
 1771       3.071168400209e-11 
 1772       3.068594276861e-11 
 1773       3.066275807614e-11 
 1774       3.064210753444e-11 
 1775       3.062396399751e-11 
 1776       3.060828164756e-11 
 1777       3.059500979595e-11 
 1778       3.058409749706e-11 
 1779       3.057549354798e-11 
 1780       3.056914648806e-11 
 1781       3.056500459858e-11 
 1782       3.056301590237e-11 
 1783       3.056312816342e-11 
 1784       3.056528888654e-11 
 1785       3.056944531694e-11 
 1786       3.057554443987e-11 
 1787       3.058353298028e-11 
 1788       3.059335740237e-11 
 1789       3.060496390931e-11 
 1790       3.061829844278e-11 
 1791       3.063330668265e-11 
 1792       3.064993404657e-11 
 1793       3.066812568963e-11 
 1794       3.068782650395e-11 
 1795       3.070898111833e-11 
 1796       3.073153389786e-11 
 1797       3.075542894355e-11 
 1798       3.078061009196e-11 
 1799       3.080702091482e-11 
 1800       3.083460471865e-11 
 1801       3.086330454441e-11 
 1802       3.089306316707e-11 
 1803       3.092382309531e-11 
 1804       3.095552657109e-11 
 1805       3.098811556927e-11 
 1806       3.102153179730e-11 
 1807       3.105571669475e-11 
 1808       3.109061143303e-11 
 1809       3.112615691495e-11 
 1810       3.116229377436e-11 
 1811       3.119896237580e-11 
 1812       3.123610281409e-11 
 1813       3.127365491398e-11 
 1814       3.131156085432e-11 
 1815       3.134977306453e-11 
 1816       3.138824639112e-11 
 1817       3.142693547856e-11 
 1818       3.146579476908e-11 
 1819       3.150477850233e-11 
 1820       3.154384071514e-11 
 1821       3.158293524121e-11 
 1822       3.162201571087e-11 
 1823       3.166103555077e-11 
 1824       3.169994798358e-11 
 1825       3.173870602777e-11 
 1826       3.177726249730e-11 
 1827       3.181557000132e-11 
 1828       3.185358094392e-11 
 1829       3.189124752385e-11 
 1830       3.192852173421e-11 
 1831       3.196535536221e-11 
 1832       3.200169998888e-11 
 1833       3.203750698876e-11 
 1834       3.207272752966e-11 
 1835       3.210731257237e-11 
 1836       3.214121287036e-11 
 1837       3.217437896953e-11 
 1838       3.220676120791e-11 
 1839       3.223830971539e-11 
 1840       3.226897441344e-11 
 1841       3.229870501483e-11 
 1842       3.232745102335e-11 
 1843       3.235516173352e-11 
 1844       3.238178623034e-11 
 1845       3.240727338897e-11 
 1846       3.243157187450e-11 
 1847       3.245463014161e-11 
 1848       3.247639643436e-11 
 1849       3.249681878585e-11 
 1850       3.251584501797e-11 
 1851       3.253342274111e-11 
 1852       3.254949935391e-11 
 1853       3.256402887838e-11 
 1854       3.257699252503e-11 
 1855       3.258837828961e-11 
 1856       3.259817413239e-11 
 1857       3.260636797812e-11 
 1858       3.261294771594e-11 
 1859       3.261790119941e-11 
 1860       3.262121624643e-11 
 1861       3.262288063920e-11 
 1862       3.262288212418e-11 
 1863       3.262120841206e-11 
 1864       3.261784717773e-11 
 1865       3.261278606020e-11 
 1866       3.260601266259e-11 
 1867       3.259751455210e-11 
 1868       3.258727925991e-11 
 1869       3.257529428124e-11 
 1870       3.256154707519e-11 
 1871       3.254602506480e-11 
 1872       3.252871563697e-11 
 1873       3.250960614239e-11 
 1874       3.248868389555e-11 
 1875       3.246593617469e-11 
 1876       3.244135022171e-11 
 1877       3.241491324219e-11 
 1878       3.238661240534e-11 
 1879       3.235643484391e-11 
 1880       3.232436765422e-11 
 1881       3.229039789607e-11 
 1882       3.225451259270e-11 
 1883       3.221669873079e-11 
 1884       3.217694326037e-11 
 1885       3.213523309482e-11 
 1886       3.209155511079e-11 
 1887       3.204589614821e-11 
 1888       3.199824301019e-11 
 1889       3.194858246304e-11 
 1890       3.189690123618e-11 
 1891       3.184318602211e-11 
 1892       3.178742942993e-11 
 1893       3.172964789618e-11 
 1894       3.166986391244e-11 
 1895       3.160810008454e-11 
 1896       3.154437913270e-11 
 1897       3.147872389172e-11 
 1898       3.141115731112e-11 
 1899       3.134170245530e-11 
 1900       3.127038250371e-11 
 1901       3.119722075099e-11 
 1902       3.112224060713e-11 
 1903       3.104546559766e-11 
 1904       3.096691936377e-11 
 1905       3.088662566250e-11 
 1906       3.080460836687e-11 
 1907       3.072089146607e-11 
 1908       3.063549906558e-11 
 1909       3.054845538737e-11 
 1910       3.045978477002e-11 
 1911       3.036951166894e-11 
 1912       3.027766065644e-11 
 1913       3.018425642197e-11 
 1914       3.008932377222e-11 
 1915       2.999288763133e-11 
 1916       2.989497304101e-11 
 1917       2.979560516072e-11 
 1918       2.969480926780e-11 
 1919       2.959261075769e-11 
 1920       2.948903514400e-11 
 1921       2.938410805876e-11 
 1922       2.927785525253e-11 
 1923       2.917030259453e-11 
 1924       2.906147607289e-11 
 1925       2.895140179471e-11 
 1926       2.884010598628e-11 
 1927       2.872761499323e-11 
 1928       2.861395528066e-11 
 1929       2.849915343333e-11 
 1930       2.838323615582e-11 
 1931       2.826623177903e-11 
 1932       2.814817479200e-11 
 1933       2.802910134474e-11 
 1934       2.790904774526e-11 
 1935       2.778805045971e-11 
 1936       2.766614611261e-11 
 1937       2.754337148707e-11 
 1938       2.741976352497e-11 
 1939       2.729535932720e-11 
 1940       2.717019615385e-11 
 1941       2.704431142440e-11 
 1942       2.691774271797e-11 
 1943       2.679052777349e-11 
 1944       2.666270448991e-11 
 1945       2.653431092644e-11 
 1946       2.640538530272e-11 
 1947       2.627596599904e-11 
 1948       2.614609155657e-11 
 1949       2.601580067752e-11 
 1950       2.588513222540e-11 
 1951       2.575412522518e-11 
 1952       2.562281886353e-11 
 1953       2.549125248901e-11 
 1954       2.535946561230e-11 
 1955       2.522749790638e-11 
 1956       2.509538920674e-11 
 1957       2.496317951161e-11 
 1958       2.483090898214e-11 
 1959       2.469861794264e-11 
 1960       2.456634688076e-11 
 1961       2.443413644768e-11 
 1962       2.430202745838e-11 
 1963       2.417006089180e-11 
 1964       2.403827789105e-11 
 1965       2.390671976361e-11 
 1966       2.377542798159e-11 
 1967       2.364444418187e-11 
 1968       2.351381016635e-11 
 1969       2.338356790213e-11 
 1970       2.325375654319e-11 
 1971       2.312440347064e-11 
 1972       2.299553318629e-11 
 1973       2.286717028533e-11 
 1974       2.273933945635e-11 
 1975       2.261206548155e-11 
 1976       2.248537323681e-11 
 1977       2.235928769179e-11 
 1978       2.223383391011e-11 
 1979       2.210903704937e-11 
 1980       2.198492236135e-11 
 1981       2.186151519210e-11 
 1982       2.173884098202e-11 
 1983       2.161692526603e-11 
 1984       2.149579367364e-11 
 1985       2.137547192909e-11 
 1986       2.125598585147e-11 
 1987       2.113736135481e-11 
 1988       2.101962444822e-11 
 1989       2.090280123599e-11 
 1990       2.078691791771e-11 
 1991       2.067200078839e-11 
 1992       2.055807623858e-11 
 1993       2.044517075445e-11 
 1994       2.033331091796e-11 
 1995       2.022252340694e-11 
 1996       2.011283499519e-11 
 1997       2.000427255265e-11 
 1998       1.989686304548e-11 
 1999       1.979063353614e-11 
 2000       1.968561118360e-11 
 2001       1.958182324336e-11 
 2002       1.947929706761e-11 
 2003       1.937806010535e-11 
 2004       1.927813990250e-11 
 2005       1.917956410199e-11 
 2006       1.908236044390e-11 
 2007       1.898655676560e-11 
 2008       1.889218100179e-11 
 2009       1.879925645611e-11 
 2010       1.870778757772e-11 
 2011       1.861777408131e-11 
 2012       1.852921566621e-11 
 2013       1.844211201640e-11 
 2014       1.835646280047e-11 
 2015       1.827226767159e-11 
 2016       1.818952626752e-11 
 2017       1.810823821051e-11 
 2018       1.802840310737e-11 
 2019       1.795002054935e-11 
 2020       1.787309011221e-11 
 2021       1.779761135610e-11 
 2022       1.772358382561e-11 
 2023       1.765100704971e-11 
 2024       1.757988054173e-11 
 2025       1.751020379932e-11 
 2026       1.744197630445e-11 
 2027       1.737519752340e-11 
 2028       1.730986690666e-11 
 2029       1.724598388900e-11 
 2030       1.718354788937e-11 
 2031       1.712255831092e-11 
 2032       1.706301454094e-11 
 2033       1.700491595088e-11 
 2034       1.694826189627e-11 
 2035       1.689305171675e-11 
 2036       1.683928473599e-11 
 2037       1.678696026173e-11 
 2038       1.673607758567e-11 
 2039       1.668663598352e-11 
 2040       1.663863471496e-11 
 2041       1.659207302356e-11 
 2042       1.654695013685e-11 
 2043       1.650326526619e-11 
 2044       1.646101760683e-11 
 2045       1.642020633783e-11 
 2046       1.638083062208e-11 
 2047       1.634288960622e-11 
 2048       1.630637925950e-11 
 2049       1.627128286550e-11 
 2050       1.623758046236e-11 
 2051       1.620525199772e-11 
 2052       1.617427732854e-11 
 2053       1.614463622101e-11 
 2054       1.611630835046e-11 
 2055       1.608927330119e-11 
 2056       1.606351056641e-11 
 2057       1.603899954808e-11 
 2058       1.601571955684e-11 
 2059       1.599364981183e-11 
 2060       1.597276944066e-11 
 2061       1.595305747919e-11 
 2062       1.593449287153e-11 
 2063       1.591705446982e-11 
 2064       1.590072103418e-11 
 2065       1.588547123258e-11 
 2066       1.587128364071e-11 
 2067       1.585813674187e-11 
 2068       1.584600892687e-11 
 2069       1.583487849388e-11 
 2070       1.582472364836e-11 
 2071       1.581552250292e-11 
 2072       1.580725307718e-11 
 2073       1.579989329770e-11 
 2074       1.579342099785e-11 
 2075       1.578781391767e-11 
 2076       1.578304970378e-11 
 2077       1.577910590926e-11 
 2078       1.577595999354e-11 
 2079       1.577358932225e-11 
 2080       1.577197116716e-11 
 2081       1.577108270601e-11 
 2082       1.577090102244e-11 
 2083       1.577140310583e-11 
 2084       1.577256585123e-11 
 2085       1.577436605922e-11 
 2086       1.577678043578e-11 
 2087       1.577978564221e-11 
 2088       1.578335844537e-11 
 2089       1.578747556828e-11 
 2090       1.579211364004e-11 
 2091       1.579724919576e-11 
 2092       1.580285867639e-11 
 2093       1.580891842870e-11 
 2094       1.581540470507e-11 
 2095       1.582229366341e-11 
 2096       1.582956136709e-11 
 2097       1.583718378475e-11 
 2098       1.584513679024e-11 
 2099       1.585339616247e-11 
 2100       1.586193758534e-11 
 2101       1.587073664758e-11 
 2102       1.587976884267e-11 
 2103       1.588900956869e-11 
 2104       1.589843412824e-11 
 2105       1.590801772833e-11 
 2106       1.591773548021e-11 
 2107       1.592756239933e-11 
 2108       1.593747340516e-11 
 2109       1.594744332113e-11 
 2110       1.595744687449e-11 
 2111       1.596745869617e-11 
 2112       1.597745332073e-11 
 2113       1.598740518618e-11 
 2114       1.599728863391e-11 
 2115       1.600707790855e-11 
 2116       1.601674715788e-11 
 2117       1.602627043270e-11 
 2118       1.603562168670e-11 
 2119       1.604477477637e-11 
 2120       1.605370346090e-11 
 2121       1.606238140202e-11 
 2122       1.607078216392e-11 
 2123       1.607887921313e-11 
 2124       1.608664591840e-11 
 2125       1.609405555058e-11 
 2126       1.610108386707e-11 
 2127       1.610771688478e-11 
 2128       1.611394316047e-11 
 2129       1.611975121097e-11 
 2130       1.612512951320e-11 
 2131       1.613006650406e-11 
 2132       1.613455058041e-11 
 2133       1.613857009907e-11 
 2134       1.614211337668e-11 
 2135       1.614516868973e-11 
 2136       1.614772427451e-11 
 2137       1.614976832699e-11 
 2138       1.615128900289e-11 
 2139       1.615227441754e-11 
 2140       1.615271264586e-11 
 2141       1.615259172236e-11 
 2142       1.615189964101e-11 
 2143       1.615062435528e-11 
 2144       1.614875377803e-11 
 2145       1.614627578151e-11 
 2146       1.614317819726e-11 
 2147       1.613944881615e-11 
 2148       1.613507538823e-11 
 2149       1.613004562277e-11 
 2150       1.612434718817e-11 
 2151       1.611796771194e-11 
 2152       1.611089478061e-11 
 2153       1.610311593973e-11 
 2154       1.609461869383e-11 
 2155       1.608539050632e-11 
 2156       1.607541879950e-11 
 2157       1.606469095448e-11 
 2158       1.605319431114e-11 
 2159       1.604091616811e-11 
 2160       1.602784378270e-11 
 2161       1.601396437085e-11 
 2162       1.599926510709e-11 
 2163       1.598373312451e-11 
 2164       1.596735551470e-11 
 2165       1.595012232321e-11 
 2166       1.593203555813e-11 
 2167       1.591310024234e-11 
 2168       1.589332142356e-11 
 2169       1.587270417439e-11 
 2170       1.585125359230e-11 
 2171       1.582897479973e-11 
 2172       1.580587294406e-11 
 2173       1.578195319768e-11 
 2174       1.575722075800e-11 
 2175       1.573168084748e-11 
 2176       1.570533871367e-11 
 2177       1.567819962926e-11 
 2178       1.565026889206e-11 
 2179       1.562155182508e-11 
 2180       1.559205377653e-11 
 2181       1.556178011988e-11 
 2182       1.553073625385e-11 
 2183       1.549892760249e-11 
 2184       1.546635961517e-11 
 2185       1.543303776664e-11 
 2186       1.539896755703e-11 
 2187       1.536415451191e-11 
 2188       1.532860418231e-11 
 2189       1.529232214475e-11 
 2190       1.525531400128e-11 
 2191       1.521758537949e-11 
 2192       1.517914193255e-11 
 2193       1.513998933927e-11 
 2194       1.510013330409e-11 
 2195       1.505957955711e-11 
 2196       1.501833385418e-11 
 2197       1.497640197685e-11 
 2198       1.493378973246e-11 
 2199       1.489050295415e-11 
 2200       1.484654750088e-11 
 2201       1.480192925749e-11 
 2202       1.475665413470e-11 
 2203       1.471072806917e-11 
 2204       1.466415848476e-11 
 2205       1.461695868699e-11 
 2206       1.456914349783e-11 
 2207       1.452072779719e-11 
 2208       1.447172652295e-11 
 2209       1.442215467107e-11 
 2210       1.437202729563e-11 
 2211       1.432135950889e-11 
 2212       1.427016648139e-11 
 2213       1.421846344197e-11 
 2214       1.416626567789e-11 
 2215       1.411358853485e-11 
 2216       1.406044741710e-11 
 2217       1.400685778746e-11 
 2218       1.395283516742e-11 
 2219       1.389839513721e-11 
 2220       1.384355333585e-11 
 2221       1.378832546122e-11 
 2222       1.373272727012e-11 
 2223       1.367677457838e-11 
 2224       1.362048326086e-11 
 2225       1.356386925157e-11 
 2226       1.350694854371e-11 
 2227       1.344973718975e-11 
 2228       1.339225130150e-11 
 2229       1.333450705015e-11 
 2230       1.327652066637e-11 
 2231       1.321830844038e-11 
 2232       1.315988672196e-11 
 2233       1.310127192060e-11 
 2234       1.304248050551e-11 
 2235       1.298352900568e-11 
 2236       1.292443401001e-11 
 2237       1.286521216731e-11 
 2238       1.280588018640e-11 
 2239       1.274645483617e-11 
 2240       1.268695294564e-11 
 2241       1.262739140406e-11 
 2242       1.256778716093e-11 
 2243       1.250815657224e-11 
 2244       1.244851343435e-11 
 2245       1.238887093741e-11 
 2246       1.232924231809e-11 
 2247       1.226964085965e-11 
 2248       1.221007989197e-11 
 2249       1.215057279161e-11 
 2250       1.209113298186e-11 
 2251       1.203177393281e-11 
 2252       1.197250916136e-11 
 2253       1.191335223132e-11 
 2254       1.185431675343e-11 
 2255       1.179541638542e-11 
 2256       1.173666483206e-11 
 2257       1.167807584520e-11 
 2258       1.161966322386e-11 
 2259       1.156144081424e-11 
 2260       1.150342250978e-11 
 2261       1.144562225125e-11 
 2262       1.138805402674e-11 
 2263       1.133073187174e-11 
 2264       1.127366986922e-11 
 2265       1.121688214963e-11 
 2266       1.116038289099e-11 
 2267       1.110418631892e-11 
 2268       1.104830670670e-11 
 2269       1.099275837534e-11 
 2270       1.093755569357e-11 
 2271       1.088271307798e-11 
 2272       1.082824499299e-11 
 2273       1.077416595097e-11 
 2274       1.072049051222e-11 
 2275       1.066723328509e-11 
 2276       1.061440892599e-11 
 2277       1.056203213945e-11 
 2278       1.051011767818e-11 
 2279       1.045868034311e-11 
 2280       1.040773498346e-11 
 2281       1.035729649676e-11 
 2282       1.030737792256e-11 
 2283       1.025798470994e-11 
 2284       1.020912041333e-11 
 2285       1.016078859550e-11 
 2286       1.011299282763e-11 
 2287       1.006573668929e-11 
 2288       1.001902376843e-11 
 2289       9.972857661419e-12 
 2290       9.927241973024e-12 
 2291       9.882180316443e-12 
 2292       9.837676313298e-12 
 2293       9.793733593646e-12 
 2294       9.750355795986e-12 
 2295       9.707546567268e-12 
 2296       9.665309562898e-12 
 2297       9.623648446748e-12 
 2298       9.582566891164e-12 
 2299       9.542068576972e-12 
 2300       9.502157193484e-12 
 2301       9.462836438509e-12 
 2302       9.424110018361e-12 
 2303       9.385981647862e-12 
 2304       9.348455050353e-12 
 2305       9.311533957702e-12 
 2306       9.275222110310e-12 
 2307       9.239523257119e-12 
 2308       9.204441155619e-12 
 2309       9.169979571858e-12 
 2310       9.136142280446e-12 
 2311       9.102933064567e-12 
 2312       9.070355715982e-12 
 2313       9.038414035038e-12 
 2314       9.007111830679e-12 
 2315       8.976452920449e-12 
 2316       8.946441130501e-12 
 2317       8.917080295606e-12 
 2318       8.888374259160e-12 
 2319       8.860326873190e-12 
 2320       8.832941998364e-12 
 2321       8.806221782212e-12 
 2322       8.780161481918e-12 
 2323       8.754754608883e-12 
 2324       8.729994647520e-12 
 2325       8.705875055219e-12 
 2326       8.682389262318e-12 
 2327       8.659530672069e-12 
 2328       8.637292660611e-12 
 2329       8.615668576940e-12 
 2330       8.594651742874e-12 
 2331       8.574235453024e-12 
 2332       8.554412974766e-12 
 2333       8.535177548206e-12 
 2334       8.516522386151e-12 
 2335       8.498440674082e-12 
 2336       8.480925570114e-12 
 2337       8.463970204976e-12 
 2338       8.447567681973e-12 
 2339       8.431711076957e-12 
 2340       8.416393438299e-12 
 2341       8.401607786853e-12 
 2342       8.387347115931e-12 
 2343       8.373604391268e-12 
 2344       8.360372550992e-12 
 2345       8.347644505596e-12 
 2346       8.335413137904e-12 
 2347       8.323671303041e-12 
 2348       8.312411828405e-12 
 2349       8.301627513631e-12 
 2350       8.291311130566e-12 
 2351       8.281455423233e-12 
 2352       8.272053107805e-12 
 2353       8.263096872571e-12 
 2354       8.254579377905e-12 
 2355       8.246493256239e-12 
 2356       8.238831112029e-12 
 2357       8.231585521722e-12 
 2358       8.224749033734e-12 
 2359       8.218314168408e-12 
 2360       8.212272952651e-12 
 2361       8.206615520718e-12 
 2362       8.201331504686e-12 
 2363       8.196410498959e-12 
 2364       8.191842060235e-12 
 2365       8.187615707458e-12 
 2366       8.183720921782e-12 
 2367       8.180147146529e-12 
 2368       8.176883787149e-12 
 2369       8.173920211177e-12 
 2370       8.171245748193e-12 
 2371       8.168849689782e-12 
 2372       8.166721289495e-12 
 2373       8.164849762805e-12 
 2374       8.163224287066e-12 
 2375       8.161834001475e-12 
 2376       8.160668007030e-12 
 2377       8.159715366489e-12 
 2378       8.158965104330e-12 
 2379       8.158406206708e-12 
 2380       8.158027621417e-12 
 2381       8.157818257848e-12 
 2382       8.157766986948e-12 
 2383       8.157862641179e-12 
 2384       8.158094014479e-12 
 2385       8.158449862219e-12 
 2386       8.158918901164e-12 
 2387       8.159489809430e-12 
 2388       8.160151226447e-12 
 2389       8.160891752914e-12 
 2390       8.161699950760e-12 
 2391       8.162564343104e-12 
 2392       8.163473414214e-12 
 2393       8.164415609466e-12 
 2394       8.165379335302e-12 
 2395       8.166352959190e-12 
 2396       8.167324809585e-12 
 2397       8.168283175886e-12 
 2398       8.169216308396e-12 
 2399       8.170113156523e-12 
 2400       8.170965588393e-12 
 2401       8.171766184703e-12 
 2402       8.172507501684e-12 
 2403       8.173182071073e-12 
 2404       8.173782400091e-12 
 2405       8.174300971417e-12 
 2406       8.174730243162e-12 
 2407       8.175062648841e-12 
 2408       8.175290597353e-12 
 2409       8.175406472950e-12 
 2410       8.175402635218e-12 
 2411       8.175271419045e-12 
 2412       8.175005134600e-12 
 2413       8.174596067305e-12 
 2414       8.174036477811e-12 
 2415       8.173318601975e-12 
 2416       8.172434650828e-12 
 2417       8.171376810556e-12 
 2418       8.170137242474e-12 
 2419       8.168708082995e-12 
 2420       8.167081443611e-12 
 2421       8.165249410864e-12 
 2422       8.163204046323e-12 
 2423       8.160937386557e-12 
 2424       8.158441443110e-12 
 2425       8.155708202474e-12 
 2426       8.152729626067e-12 
 2427       8.149497650206e-12 
 2428       8.146004186081e-12 
 2429       8.142241119729e-12 
 2430       8.138200312010e-12 
 2431       8.133873598584e-12 
 2432       8.129252789879e-12 
 2433       8.124329671073e-12 
 2434       8.119096002062e-12 
 2435       8.113543517439e-12 
 2436       8.107663926469e-12 
 2437       8.101448913061e-12 
 2438       8.094891671330e-12 
 2439       8.087991522416e-12 
 2440       8.080749325344e-12 
 2441       8.073165943959e-12 
 2442       8.065242246930e-12 
 2443       8.056979107760e-12 
 2444       8.048377404784e-12 
 2445       8.039438021185e-12 
 2446       8.030161844989e-12 
 2447       8.020549769079e-12 
 2448       8.010602691195e-12 
 2449       8.000321513943e-12 
 2450       7.989707144800e-12 
 2451       7.978760496116e-12 
 2452       7.967482485126e-12 
 2453       7.955874033951e-12 
 2454       7.943936069603e-12 
 2455       7.931669523995e-12 
 2456       7.919075333943e-12 
 2457       7.906154441172e-12 
 2458       7.892907792324e-12 
 2459       7.879336338958e-12 
 2460       7.865441037565e-12 
 2461       7.851222849563e-12 
 2462       7.836682741310e-12 
 2463       7.821821684107e-12 
 2464       7.806640654205e-12 
 2465       7.791140632806e-12 
 2466       7.775322606076e-12 
 2467       7.759187565144e-12 
 2468       7.742736506112e-12 
 2469       7.725970430057e-12 
 2470       7.708890343040e-12 
 2471       7.691497256109e-12 
 2472       7.673792185308e-12 
 2473       7.655776151677e-12 
 2474       7.637450181264e-12 
 2475       7.618815305124e-12 
 2476       7.599872559332e-12 
 2477       7.580622520116e-12 
 2478       7.561063906271e-12 
 2479       7.541194968493e-12 
 2480       7.521013953501e-12 
 2481       7.500519104023e-12 
 2482       7.479708658802e-12 
 2483       7.458580852585e-12 
 2484       7.437133916124e-12 
 2485       7.415366076170e-12 
 2486       7.393275555472e-12 
 2487       7.370860572772e-12 
 2488       7.348119342800e-12 
 2489       7.325050076273e-12 
 2490       7.301650979893e-12 
 2491       7.277920256337e-12 
 2492       7.253856104261e-12 
 2493       7.229456718293e-12 
 2494       7.204720289027e-12 
 2495       7.179645003025e-12 
 2496       7.154229042811e-12 
 2497       7.128470586865e-12 
 2498       7.102367809624e-12 
 2499       7.075918881475e-12 
 2500       7.049121968754e-12 
