# dimensionless total [l(l+1)/2pi] C_l's
# for l=2 to 2500, i.e. number of multipoles equal to 2499
#
# -> if you prefer output in CAMB/HealPix/LensPix units/order, set 'format' to 'camb' in input file
# -> if you don't want to see such a header, set 'headers' to 'no' in input file
#
# 1:l     2:TT                 
    2       2.819678317072e-10 
    3       2.553268739462e-10 
    4       2.347949748617e-10 
    5       2.197049774435e-10 
    6       2.086674908240e-10 
    7       2.004977802583e-10 
    8       1.943464960627e-10 
    9       1.896306167953e-10 
   10       1.859270558011e-10 
   11       1.830388308664e-10 
   12       1.807993549635e-10 
   13       1.790538368386e-10 
   14       1.776297390470e-10 
   15       1.764843926753e-10 
   16       1.756034637052e-10 
   17       1.750334915129e-10 
   18       1.746224836920e-10 
   19       1.743739736728e-10 
   20       1.742619279486e-10 
   21       1.743139285997e-10 
   22       1.745125293192e-10 
   23       1.748415248902e-10 
   24       1.752489950543e-10 
   25       1.757502619680e-10 
   26       1.763555923124e-10 
   27       1.770801068787e-10 
   28       1.779077621131e-10 
   29       1.787966456922e-10 
   30       1.797588844230e-10 
   31       1.808060263359e-10 
   32       1.819321889971e-10 
   33       1.831372084420e-10 
   34       1.844077851295e-10 
   35       1.857210077030e-10 
   36       1.870853013381e-10 
   37       1.885110290193e-10 
   38       1.899981575000e-10 
   39       1.915408253050e-10 
   40       1.931457561236e-10 
   41       1.948181723583e-10 
   42       1.965558833441e-10 
   43       1.983524593320e-10 
   44       2.002096767253e-10 
   45       2.021277147852e-10 
   46       2.041011117517e-10 
   47       2.061182782509e-10 
   48       2.081665950781e-10 
   49       2.102505411936e-10 
   50       2.123778397656e-10 
   51       2.145541232371e-10 
   52       2.167827316500e-10 
   53       2.190653488530e-10 
   54       2.214045674223e-10 
   55       2.238016317999e-10 
   56       2.262554953453e-10 
   57       2.287626537919e-10 
   58       2.313169787017e-10 
   59       2.339121081155e-10 
   60       2.365496450677e-10 
   61       2.392325720506e-10 
   62       2.419627829956e-10 
   63       2.447410034133e-10 
   64       2.475667105336e-10 
   65       2.504389635607e-10 
   66       2.533592781858e-10 
   67       2.563292198881e-10 
   68       2.593494941526e-10 
   69       2.624198920679e-10 
   70       2.655392359238e-10 
   71       2.687053248099e-10 
   72       2.719158811095e-10 
   73       2.751717212095e-10 
   74       2.784740979288e-10 
   75       2.818237225340e-10 
   76       2.852207331888e-10 
   77       2.886646634037e-10 
   78       2.921544104849e-10 
   79       2.956882039845e-10 
   80       2.992642816318e-10 
   81       3.028831217286e-10 
   82       3.065455426644e-10 
   83       3.102520117036e-10 
   84       3.140026265368e-10 
   85       3.177970968318e-10 
   86       3.216347257842e-10 
   87       3.255143916687e-10 
   88       3.294345293901e-10 
   89       3.333935850490e-10 
   90       3.373915015739e-10 
   91       3.414284332299e-10 
   92       3.455042821464e-10 
   93       3.496186869538e-10 
   94       3.537710114215e-10 
   95       3.579603330947e-10 
   96       3.621854319321e-10 
   97       3.664447789431e-10 
   98       3.707365248250e-10 
   99       3.750588741516e-10 
  100       3.794112929726e-10 
  101       3.837934519478e-10 
  102       3.882048494504e-10 
  103       3.926448048784e-10 
  104       3.971124519646e-10 
  105       4.016067320878e-10 
  106       4.061263875835e-10 
  107       4.106699550542e-10 
  108       4.152357586803e-10 
  109       4.198219035308e-10 
  110       4.244265476299e-10 
  111       4.290487720812e-10 
  112       4.336878102997e-10 
  113       4.383427753064e-10 
  114       4.430126557780e-10 
  115       4.476963120977e-10 
  116       4.523924724053e-10 
  117       4.570997286473e-10 
  118       4.618165326276e-10 
  119       4.665411920576e-10 
  120       4.712718666065e-10 
  121       4.760065639515e-10 
  122       4.807431358284e-10 
  123       4.854795036037e-10 
  124       4.902143727486e-10 
  125       4.949465933839e-10 
  126       4.996749359877e-10 
  127       5.043980892519e-10 
  128       5.091146579380e-10 
  129       5.138231607334e-10 
  130       5.185220281077e-10 
  131       5.232096001683e-10 
  132       5.278841245173e-10 
  133       5.325437541069e-10 
  134       5.371865450961e-10 
  135       5.418104547065e-10 
  136       5.464133390787e-10 
  137       5.509931251121e-10 
  138       5.555483505915e-10 
  139       5.600776761481e-10 
  140       5.645797152602e-10 
  141       5.690530332138e-10 
  142       5.734961460631e-10 
  143       5.779075195912e-10 
  144       5.822855682700e-10 
  145       5.866286542211e-10 
  146       5.909350861761e-10 
  147       5.952031184370e-10 
  148       5.994309498367e-10 
  149       6.036167226996e-10 
  150       6.077585218018e-10 
  151       6.118543733315e-10 
  152       6.159022438499e-10 
  153       6.199001853148e-10 
  154       6.238467875065e-10 
  155       6.277407658632e-10 
  156       6.315808189025e-10 
  157       6.353656279266e-10 
  158       6.390938567261e-10 
  159       6.427641512843e-10 
  160       6.463751394819e-10 
  161       6.499254308010e-10 
  162       6.534136160298e-10 
  163       6.568382669665e-10 
  164       6.601979361242e-10 
  165       6.634911564346e-10 
  166       6.667164409529e-10 
  167       6.698722825619e-10 
  168       6.729571536762e-10 
  169       6.759695059470e-10 
  170       6.789077699660e-10 
  171       6.817704637635e-10 
  172       6.845565290736e-10 
  173       6.872650226713e-10 
  174       6.898950102496e-10 
  175       6.924455665677e-10 
  176       6.949157755994e-10 
  177       6.973047306810e-10 
  178       6.996115346599e-10 
  179       7.018353000427e-10 
  180       7.039751491432e-10 
  181       7.060302142308e-10 
  182       7.079996376788e-10 
  183       7.098825721124e-10 
  184       7.116781805571e-10 
  185       7.133856365869e-10 
  186       7.150041244725e-10 
  187       7.165328393293e-10 
  188       7.179709872660e-10 
  189       7.193177855326e-10 
  190       7.205724626687e-10 
  191       7.217343212955e-10 
  192       7.228029314438e-10 
  193       7.237779520458e-10 
  194       7.246590699461e-10 
  195       7.254460002551e-10 
  196       7.261384867016e-10 
  197       7.267363019869e-10 
  198       7.272392481372e-10 
  199       7.276471568572e-10 
  200       7.279598898834e-10 
  201       7.281773393368e-10 
  202       7.282994280767e-10 
  203       7.283261100537e-10 
  204       7.282573706626e-10 
  205       7.280932270963e-10 
  206       7.278337286980e-10 
  207       7.274789573155e-10 
  208       7.270290276536e-10 
  209       7.264840876276e-10 
  210       7.258443187167e-10 
  211       7.251099363167e-10 
  212       7.242811900938e-10 
  213       7.233583745770e-10 
  214       7.223418610001e-10 
  215       7.212320682935e-10 
  216       7.200294534160e-10 
  217       7.187345117346e-10 
  218       7.173477774051e-10 
  219       7.158698237518e-10 
  220       7.143012636478e-10 
  221       7.126427498955e-10 
  222       7.108949756063e-10 
  223       7.090586745810e-10 
  224       7.071346216900e-10 
  225       7.051236332534e-10 
  226       7.030265674209e-10 
  227       7.008443245525e-10 
  228       6.985778475983e-10 
  229       6.962281224787e-10 
  230       6.937961784646e-10 
  231       6.912830885577e-10 
  232       6.886899698703e-10 
  233       6.860179840058e-10 
  234       6.832683374390e-10 
  235       6.804422818956e-10 
  236       6.775411147330e-10 
  237       6.745661793204e-10 
  238       6.715188062864e-10 
  239       6.684001325277e-10 
  240       6.652112719731e-10 
  241       6.619533739828e-10 
  242       6.586276236047e-10 
  243       6.552352418292e-10 
  244       6.517774858447e-10 
  245       6.482556492933e-10 
  246       6.446710625258e-10 
  247       6.410250928575e-10 
  248       6.373191448235e-10 
  249       6.335546604339e-10 
  250       6.297331194296e-10 
  251       6.258560395373e-10 
  252       6.219249767253e-10 
  253       6.179415254586e-10 
  254       6.139073189547e-10 
  255       6.098240294384e-10 
  256       6.056933683979e-10 
  257       6.015170868398e-10 
  258       5.972969755446e-10 
  259       5.930348653221e-10 
  260       5.887326272671e-10 
  261       5.843921730143e-10 
  262       5.800154549940e-10 
  263       5.756044666877e-10 
  264       5.711612428833e-10 
  265       5.666878599302e-10 
  266       5.621863145010e-10 
  267       5.576581520546e-10 
  268       5.531048186942e-10 
  269       5.485277808954e-10 
  270       5.439285255562e-10 
  271       5.393085600472e-10 
  272       5.346694122615e-10 
  273       5.300126306654e-10 
  274       5.253397843477e-10 
  275       5.206524630709e-10 
  276       5.159522773201e-10 
  277       5.112408583543e-10 
  278       5.065198582557e-10 
  279       5.017909499804e-10 
  280       4.970558274081e-10 
  281       4.923162053926e-10 
  282       4.875738198116e-10 
  283       4.828304276171e-10 
  284       4.780878068854e-10 
  285       4.733477568675e-10 
  286       4.686120980387e-10 
  287       4.638826721491e-10 
  288       4.591613422740e-10 
  289       4.544499928635e-10 
  290       4.497505297927e-10 
  291       4.450648804124e-10 
  292       4.403949935985e-10 
  293       4.357428398027e-10 
  294       4.311104111024e-10 
  295       4.264997212506e-10 
  296       4.219128057266e-10 
  297       4.173515709180e-10 
  298       4.128173334401e-10 
  299       4.083112584742e-10 
  300       4.038345084591e-10 
  301       3.993882429365e-10 
  302       3.949736183970e-10 
  303       3.905917881253e-10 
  304       3.862439020461e-10 
  305       3.819311065693e-10 
  306       3.776545444361e-10 
  307       3.734153545640e-10 
  308       3.692146718929e-10 
  309       3.650536272303e-10 
  310       3.609333470973e-10 
  311       3.568549535736e-10 
  312       3.528195641436e-10 
  313       3.488282915419e-10 
  314       3.448822435986e-10 
  315       3.409825230852e-10 
  316       3.371302275600e-10 
  317       3.333264492138e-10 
  318       3.295722747152e-10 
  319       3.258687850568e-10 
  320       3.222170554002e-10 
  321       3.186181549216e-10 
  322       3.150731466578e-10 
  323       3.115830873516e-10 
  324       3.081490272971e-10 
  325       3.047720101856e-10 
  326       3.014530729513e-10 
  327       2.981932456165e-10 
  328       2.949935511373e-10 
  329       2.918550052495e-10 
  330       2.887786163137e-10 
  331       2.857653851614e-10 
  332       2.828162047815e-10 
  333       2.799315548645e-10 
  334       2.771117936266e-10 
  335       2.743572565043e-10 
  336       2.716682558909e-10 
  337       2.690450808733e-10 
  338       2.664879969693e-10 
  339       2.639972458641e-10 
  340       2.615730451472e-10 
  341       2.592155880495e-10 
  342       2.569250431800e-10 
  343       2.547015542626e-10 
  344       2.525452398731e-10 
  345       2.504561931760e-10 
  346       2.484344816616e-10 
  347       2.464801468824e-10 
  348       2.445932041905e-10 
  349       2.427736424740e-10 
  350       2.410214238942e-10 
  351       2.393364836223e-10 
  352       2.377187295765e-10 
  353       2.361680421583e-10 
  354       2.346842739903e-10 
  355       2.332672496521e-10 
  356       2.319167654179e-10 
  357       2.306325889928e-10 
  358       2.294144592503e-10 
  359       2.282620859684e-10 
  360       2.271751495672e-10 
  361       2.261533008455e-10 
  362       2.251961607173e-10 
  363       2.243033199494e-10 
  364       2.234743388976e-10 
  365       2.227087472438e-10 
  366       2.220060437332e-10 
  367       2.213656959107e-10 
  368       2.207871398579e-10 
  369       2.202697799302e-10 
  370       2.198129884932e-10 
  371       2.194161435751e-10 
  372       2.190787439828e-10 
  373       2.188002981704e-10 
  374       2.185802865020e-10 
  375       2.184181610208e-10 
  376       2.183133452193e-10 
  377       2.182652338090e-10 
  378       2.182731924904e-10 
  379       2.183365577228e-10 
  380       2.184546364940e-10 
  381       2.186267060901e-10 
  382       2.188520138656e-10 
  383       2.191297770131e-10 
  384       2.194591823331e-10 
  385       2.198393860037e-10 
  386       2.202695133510e-10 
  387       2.207486586180e-10 
  388       2.212758847354e-10 
  389       2.218502230910e-10 
  390       2.224706732991e-10 
  391       2.231362029714e-10 
  392       2.238457474858e-10 
  393       2.245982097568e-10 
  394       2.253924600051e-10 
  395       2.262273355278e-10 
  396       2.271016404676e-10 
  397       2.280141455834e-10 
  398       2.289635880194e-10 
  399       2.299486710754e-10 
  400       2.309680639766e-10 
  401       2.320204016433e-10 
  402       2.331042844608e-10 
  403       2.342182780491e-10 
  404       2.353609130332e-10 
  405       2.365306848122e-10 
  406       2.377260533298e-10 
  407       2.389454428439e-10 
  408       2.401872416962e-10 
  409       2.414498020823e-10 
  410       2.427316054483e-10 
  411       2.440317656034e-10 
  412       2.453495429742e-10 
  413       2.466841804763e-10 
  414       2.480349034018e-10 
  415       2.494009193070e-10 
  416       2.507814179003e-10 
  417       2.521755709302e-10 
  418       2.535825320726e-10 
  419       2.550014368190e-10 
  420       2.564314023642e-10 
  421       2.578715274938e-10 
  422       2.593208924725e-10 
  423       2.607785589313e-10 
  424       2.622435697558e-10 
  425       2.637149489735e-10 
  426       2.651917016422e-10 
  427       2.666728137371e-10 
  428       2.681572520390e-10 
  429       2.696439640222e-10 
  430       2.711318777416e-10 
  431       2.726199017215e-10 
  432       2.741069248424e-10 
  433       2.755918162296e-10 
  434       2.770734251402e-10 
  435       2.785505808518e-10 
  436       2.800220925492e-10 
  437       2.814867492132e-10 
  438       2.829433195078e-10 
  439       2.843905516680e-10 
  440       2.858271733880e-10 
  441       2.872518917084e-10 
  442       2.886633929044e-10 
  443       2.900603423735e-10 
  444       2.914413845232e-10 
  445       2.928051426588e-10 
  446       2.941502188712e-10 
  447       2.954751939249e-10 
  448       2.967786271453e-10 
  449       2.980592487263e-10 
  450       2.993165437330e-10 
  451       3.005501867820e-10 
  452       3.017598513326e-10 
  453       3.029452096893e-10 
  454       3.041059330029e-10 
  455       3.052416912737e-10 
  456       3.063521533527e-10 
  457       3.074369869439e-10 
  458       3.084958586068e-10 
  459       3.095284337577e-10 
  460       3.105343766724e-10 
  461       3.115133504879e-10 
  462       3.124650172048e-10 
  463       3.133890376890e-10 
  464       3.142850716738e-10 
  465       3.151527777624e-10 
  466       3.159918134294e-10 
  467       3.168018350232e-10 
  468       3.175824977679e-10 
  469       3.183334557656e-10 
  470       3.190543619982e-10 
  471       3.197448683295e-10 
  472       3.204046255075e-10 
  473       3.210332831662e-10 
  474       3.216304898277e-10 
  475       3.221958929044e-10 
  476       3.227291387011e-10 
  477       3.232298724166e-10 
  478       3.236977381466e-10 
  479       3.241323788849e-10 
  480       3.245334365259e-10 
  481       3.249005518669e-10 
  482       3.252333646094e-10 
  483       3.255315133620e-10 
  484       3.257946356420e-10 
  485       3.260223678775e-10 
  486       3.262143454095e-10 
  487       3.263702024943e-10 
  488       3.264896825694e-10 
  489       3.265729726659e-10 
  490       3.266203789675e-10 
  491       3.266322175041e-10 
  492       3.266088142103e-10 
  493       3.265505049819e-10 
  494       3.264576357339e-10 
  495       3.263305624580e-10 
  496       3.261696512800e-10 
  497       3.259752785172e-10 
  498       3.257478307364e-10 
  499       3.254877048109e-10 
  500       3.251953079781e-10 
  501       3.248710578972e-10 
  502       3.245153827066e-10 
  503       3.241287210816e-10 
  504       3.237115222913e-10 
  505       3.232642462571e-10 
  506       3.227873636092e-10 
  507       3.222813557449e-10 
  508       3.217467148856e-10 
  509       3.211839441346e-10 
  510       3.205935575344e-10 
  511       3.199760801245e-10 
  512       3.193320479987e-10 
  513       3.186620083624e-10 
  514       3.179665195908e-10 
  515       3.172461512856e-10 
  516       3.165014843330e-10 
  517       3.157331109613e-10 
  518       3.149416347978e-10 
  519       3.141276709271e-10 
  520       3.132918459482e-10 
  521       3.124347980317e-10 
  522       3.115571769782e-10 
  523       3.106596442748e-10 
  524       3.097428731533e-10 
  525       3.088075486475e-10 
  526       3.078543676507e-10 
  527       3.068840199069e-10 
  528       3.058971302907e-10 
  529       3.048943150467e-10 
  530       3.038762007611e-10 
  531       3.028434244107e-10 
  532       3.017966334126e-10 
  533       3.007364856731e-10 
  534       2.996636496370e-10 
  535       2.985788043371e-10 
  536       2.974826394434e-10 
  537       2.963758553125e-10 
  538       2.952591630367e-10 
  539       2.941332844932e-10 
  540       2.929989523938e-10 
  541       2.918569103338e-10 
  542       2.907079128415e-10 
  543       2.895527254275e-10 
  544       2.883921246338e-10 
  545       2.872268980832e-10 
  546       2.860578445287e-10 
  547       2.848857739026e-10 
  548       2.837115073659e-10 
  549       2.825358773576e-10 
  550       2.813597276439e-10 
  551       2.801839133677e-10 
  552       2.790093010975e-10 
  553       2.778367688770e-10 
  554       2.766672062745e-10 
  555       2.755015144317e-10 
  556       2.743406061136e-10 
  557       2.731854057573e-10 
  558       2.720368495216e-10 
  559       2.708958853359e-10 
  560       2.697634729501e-10 
  561       2.686405839833e-10 
  562       2.675282019735e-10 
  563       2.664273224266e-10 
  564       2.653389528658e-10 
  565       2.642641128811e-10 
  566       2.632037251645e-10 
  567       2.621582854365e-10 
  568       2.611281841259e-10 
  569       2.601138146226e-10 
  570       2.591155732873e-10 
  571       2.581338594592e-10 
  572       2.571690754647e-10 
  573       2.562216266263e-10 
  574       2.552919212707e-10 
  575       2.543803707374e-10 
  576       2.534873893874e-10 
  577       2.526133946117e-10 
  578       2.517588068397e-10 
  579       2.509240495476e-10 
  580       2.501095492674e-10 
  581       2.493157355951e-10 
  582       2.485430411991e-10 
  583       2.477919018289e-10 
  584       2.470627563239e-10 
  585       2.463560466213e-10 
  586       2.456722177653e-10 
  587       2.450117179149e-10 
  588       2.443749983533e-10 
  589       2.437625134956e-10 
  590       2.431747208979e-10 
  591       2.426120812654e-10 
  592       2.420750584614e-10 
  593       2.415641195154e-10 
  594       2.410797346317e-10 
  595       2.406223771983e-10 
  596       2.401925237949e-10 
  597       2.397906542018e-10 
  598       2.394172514082e-10 
  599       2.390728016210e-10 
  600       2.387577942730e-10 
  601       2.384727220317e-10 
  602       2.382180808076e-10 
  603       2.379943697628e-10 
  604       2.378020913197e-10 
  605       2.376416433213e-10 
  606       2.375129926429e-10 
  607       2.374159937382e-10 
  608       2.373504957492e-10 
  609       2.373163424793e-10 
  610       2.373133723668e-10 
  611       2.373414184579e-10 
  612       2.374003083801e-10 
  613       2.374898643153e-10 
  614       2.376099029731e-10 
  615       2.377602355640e-10 
  616       2.379406677726e-10 
  617       2.381509997309e-10 
  618       2.383910259913e-10 
  619       2.386605355004e-10 
  620       2.389593115716e-10 
  621       2.392871318584e-10 
  622       2.396437683282e-10 
  623       2.400289872348e-10 
  624       2.404425490921e-10 
  625       2.408842086471e-10 
  626       2.413537148533e-10 
  627       2.418508108438e-10 
  628       2.423752339046e-10 
  629       2.429267154476e-10 
  630       2.435049809843e-10 
  631       2.441097500986e-10 
  632       2.447407364201e-10 
  633       2.453976475977e-10 
  634       2.460801852721e-10 
  635       2.467880450498e-10 
  636       2.475209164759e-10 
  637       2.482784830073e-10 
  638       2.490604219863e-10 
  639       2.498664046132e-10 
  640       2.506960959202e-10 
  641       2.515491547443e-10 
  642       2.524252337004e-10 
  643       2.533239791547e-10 
  644       2.542450021428e-10 
  645       2.551877904544e-10 
  646       2.561517945062e-10 
  647       2.571364561815e-10 
  648       2.581412087954e-10 
  649       2.591654770594e-10 
  650       2.602086770463e-10 
  651       2.612702161553e-10 
  652       2.623494930763e-10 
  653       2.634458977551e-10 
  654       2.645588113584e-10 
  655       2.656876062381e-10 
  656       2.668316458965e-10 
  657       2.679902849511e-10 
  658       2.691628690996e-10 
  659       2.703487350841e-10 
  660       2.715472106568e-10 
  661       2.727576145441e-10 
  662       2.739792564119e-10 
  663       2.752114368302e-10 
  664       2.764534472380e-10 
  665       2.777045699082e-10 
  666       2.789640779122e-10 
  667       2.802312350852e-10 
  668       2.815052959905e-10 
  669       2.827855058846e-10 
  670       2.840711006821e-10 
  671       2.853613069204e-10 
  672       2.866553417246e-10 
  673       2.879524127721e-10 
  674       2.892517182580e-10 
  675       2.905524468594e-10 
  676       2.918537777003e-10 
  677       2.931548803166e-10 
  678       2.944549146211e-10 
  679       2.957530308679e-10 
  680       2.970483696173e-10 
  681       2.983400617013e-10 
  682       2.996272281873e-10 
  683       3.009090434593e-10 
  684       3.021849260068e-10 
  685       3.034543516386e-10 
  686       3.047167907170e-10 
  687       3.059717081393e-10 
  688       3.072185633182e-10 
  689       3.084568101635e-10 
  690       3.096858970628e-10 
  691       3.109052668625e-10 
  692       3.121143568492e-10 
  693       3.133125987302e-10 
  694       3.144994186151e-10 
  695       3.156742369965e-10 
  696       3.168364687310e-10 
  697       3.179855230207e-10 
  698       3.191208033936e-10 
  699       3.202417076852e-10 
  700       3.213476280193e-10 
  701       3.224379507890e-10 
  702       3.235120566379e-10 
  703       3.245693204409e-10 
  704       3.256091112856e-10 
  705       3.266307924530e-10 
  706       3.276337213989e-10 
  707       3.286172497346e-10 
  708       3.295807232080e-10 
  709       3.305234816850e-10 
  710       3.314448591301e-10 
  711       3.323441835877e-10 
  712       3.332207771629e-10 
  713       3.340739560032e-10 
  714       3.349030302784e-10 
  715       3.357073041629e-10 
  716       3.364860758159e-10 
  717       3.372386373627e-10 
  718       3.379642748758e-10 
  719       3.386622683559e-10 
  720       3.393318917130e-10 
  721       3.399724127472e-10 
  722       3.405831967532e-10 
  723       3.411640196665e-10 
  724       3.417147612049e-10 
  725       3.422353018229e-10 
  726       3.427255227169e-10 
  727       3.431853058299e-10 
  728       3.436145338563e-10 
  729       3.440130902470e-10 
  730       3.443808592141e-10 
  731       3.447177257357e-10 
  732       3.450235755610e-10 
  733       3.452982952149e-10 
  734       3.455417720031e-10 
  735       3.457538940168e-10 
  736       3.459345501377e-10 
  737       3.460836300428e-10 
  738       3.462010242091e-10 
  739       3.462866239188e-10 
  740       3.463403212640e-10 
  741       3.463620091516e-10 
  742       3.463515813079e-10 
  743       3.463089322839e-10 
  744       3.462339574601e-10 
  745       3.461265530509e-10 
  746       3.459866161101e-10 
  747       3.458140445353e-10 
  748       3.456087370729e-10 
  749       3.453705933233e-10 
  750       3.450995137451e-10 
  751       3.447953996606e-10 
  752       3.444581532602e-10 
  753       3.440876776078e-10 
  754       3.436838766449e-10 
  755       3.432466551964e-10 
  756       3.427759189745e-10 
  757       3.422715745843e-10 
  758       3.417335295285e-10 
  759       3.411616922120e-10 
  760       3.405559719469e-10 
  761       3.399163502666e-10 
  762       3.392430963565e-10 
  763       3.385365557622e-10 
  764       3.377970794750e-10 
  765       3.370250239504e-10 
  766       3.362207511288e-10 
  767       3.353846284544e-10 
  768       3.345170288952e-10 
  769       3.336183309625e-10 
  770       3.326889187303e-10 
  771       3.317291818554e-10 
  772       3.307395155968e-10 
  773       3.297203208349e-10 
  774       3.286720040921e-10 
  775       3.275949775513e-10 
  776       3.264896590764e-10 
  777       3.253564722315e-10 
  778       3.241958463005e-10 
  779       3.230082163070e-10 
  780       3.217940230337e-10 
  781       3.205537130421e-10 
  782       3.192877386921e-10 
  783       3.179965581614e-10 
  784       3.166806354658e-10 
  785       3.153404404781e-10 
  786       3.139764489480e-10 
  787       3.125891425218e-10 
  788       3.111790087619e-10 
  789       3.097465411665e-10 
  790       3.082922391892e-10 
  791       3.068166082587e-10 
  792       3.053201597981e-10 
  793       3.038034112450e-10 
  794       3.022668860709e-10 
  795       3.007111138006e-10 
  796       2.991366300322e-10 
  797       2.975439764566e-10 
  798       2.959337008771e-10 
  799       2.943063572288e-10 
  800       2.926625006924e-10 
  801       2.910026728971e-10 
  802       2.893274164866e-10 
  803       2.876372800193e-10 
  804       2.859328179872e-10 
  805       2.842145908347e-10 
  806       2.824831649769e-10 
  807       2.807391128189e-10 
  808       2.789830127739e-10 
  809       2.772154492823e-10 
  810       2.754370128302e-10 
  811       2.736482999684e-10 
  812       2.718499133306e-10 
  813       2.700424616526e-10 
  814       2.682265597908e-10 
  815       2.664028287409e-10 
  816       2.645718956564e-10 
  817       2.627343938679e-10 
  818       2.608909629011e-10 
  819       2.590422484960e-10 
  820       2.571889026254e-10 
  821       2.553315835136e-10 
  822       2.534709556552e-10 
  823       2.516076898337e-10 
  824       2.497424631403e-10 
  825       2.478759589926e-10 
  826       2.460088671531e-10 
  827       2.441418837483e-10 
  828       2.422757112869e-10 
  829       2.404110586790e-10 
  830       2.385486412546e-10 
  831       2.366891807821e-10 
  832       2.348334054873e-10 
  833       2.329820500721e-10 
  834       2.311358557330e-10 
  835       2.292955701798e-10 
  836       2.274619476546e-10 
  837       2.256357489503e-10 
  838       2.238177414293e-10 
  839       2.220086297198e-10 
  840       2.202088464459e-10 
  841       2.184187578943e-10 
  842       2.166387330133e-10 
  843       2.148691434201e-10 
  844       2.131103634074e-10 
  845       2.113627699507e-10 
  846       2.096267427145e-10 
  847       2.079026640600e-10 
  848       2.061909190515e-10 
  849       2.044918954635e-10 
  850       2.028059837873e-10 
  851       2.011335772384e-10 
  852       1.994750717631e-10 
  853       1.978308660454e-10 
  854       1.962013615138e-10 
  855       1.945869623486e-10 
  856       1.929880754884e-10 
  857       1.914051106371e-10 
  858       1.898384802711e-10 
  859       1.882885996456e-10 
  860       1.867558868021e-10 
  861       1.852407625749e-10 
  862       1.837436505983e-10 
  863       1.822649773133e-10 
  864       1.808051719744e-10 
  865       1.793646666570e-10 
  866       1.779438962636e-10 
  867       1.765432985313e-10 
  868       1.751633140384e-10 
  869       1.738043862113e-10 
  870       1.724669613315e-10 
  871       1.711514885425e-10 
  872       1.698584198566e-10 
  873       1.685882101621e-10 
  874       1.673413172296e-10 
  875       1.661182017195e-10 
  876       1.649193271887e-10 
  877       1.637451600974e-10 
  878       1.625960886353e-10 
  879       1.614721777068e-10 
  880       1.603734098858e-10 
  881       1.592997662211e-10 
  882       1.582512262311e-10 
  883       1.572277678981e-10 
  884       1.562293676621e-10 
  885       1.552560004157e-10 
  886       1.543076394979e-10 
  887       1.533842566886e-10 
  888       1.524858222028e-10 
  889       1.516123046850e-10 
  890       1.507636712033e-10 
  891       1.499398872437e-10 
  892       1.491409167046e-10 
  893       1.483667218910e-10 
  894       1.476172635085e-10 
  895       1.468925006577e-10 
  896       1.461923908290e-10 
  897       1.455168898960e-10 
  898       1.448659521105e-10 
  899       1.442395300962e-10 
  900       1.436375748437e-10 
  901       1.430600357039e-10 
  902       1.425068603831e-10 
  903       1.419779949368e-10 
  904       1.414733837640e-10 
  905       1.409929696017e-10 
  906       1.405366935189e-10 
  907       1.401044949111e-10 
  908       1.396963114947e-10 
  909       1.393120793008e-10 
  910       1.389517326699e-10 
  911       1.386152042461e-10 
  912       1.383024249711e-10 
  913       1.380133240790e-10 
  914       1.377478290900e-10 
  915       1.375058658053e-10 
  916       1.372873583007e-10 
  917       1.370921884050e-10 
  918       1.369200734382e-10 
  919       1.367706865150e-10 
  920       1.366436968732e-10 
  921       1.365387698626e-10 
  922       1.364555669326e-10 
  923       1.363937456217e-10 
  924       1.363529595454e-10 
  925       1.363328583849e-10 
  926       1.363330878756e-10 
  927       1.363532897956e-10 
  928       1.363931019540e-10 
  929       1.364521581798e-10 
  930       1.365300883101e-10 
  931       1.366265181788e-10 
  932       1.367410696047e-10 
  933       1.368733603807e-10 
  934       1.370230042615e-10 
  935       1.371896109529e-10 
  936       1.373727860995e-10 
  937       1.375721312739e-10 
  938       1.377872439649e-10 
  939       1.380177175658e-10 
  940       1.382631413633e-10 
  941       1.385231005259e-10 
  942       1.387971760921e-10 
  943       1.390849449593e-10 
  944       1.393859798720e-10 
  945       1.396998494105e-10 
  946       1.400261179794e-10 
  947       1.403643457960e-10 
  948       1.407140888788e-10 
  949       1.410748990361e-10 
  950       1.414463238544e-10 
  951       1.418279066870e-10 
  952       1.422191866424e-10 
  953       1.426196985729e-10 
  954       1.430289730632e-10 
  955       1.434465364185e-10 
  956       1.438719302498e-10 
  957       1.443047705793e-10 
  958       1.447446896150e-10 
  959       1.451913162272e-10 
  960       1.456442759393e-10 
  961       1.461031909196e-10 
  962       1.465676799714e-10 
  963       1.470373585252e-10 
  964       1.475118386285e-10 
  965       1.479907289381e-10 
  966       1.484736347103e-10 
  967       1.489601577923e-10 
  968       1.494498966134e-10 
  969       1.499424461758e-10 
  970       1.504373980458e-10 
  971       1.509343403450e-10 
  972       1.514328577412e-10 
  973       1.519325314395e-10 
  974       1.524329391734e-10 
  975       1.529336551958e-10 
  976       1.534342502703e-10 
  977       1.539342916621e-10 
  978       1.544333431289e-10 
  979       1.549309649123e-10 
  980       1.554267137289e-10 
  981       1.559201427609e-10 
  982       1.564108016477e-10 
  983       1.568982364767e-10 
  984       1.573819897744e-10 
  985       1.578616004975e-10 
  986       1.583366040241e-10 
  987       1.588065321446e-10 
  988       1.592709130527e-10 
  989       1.597292713367e-10 
  990       1.601811279706e-10 
  991       1.606260003048e-10 
  992       1.610634020576e-10 
  993       1.614928433060e-10 
  994       1.619138304770e-10 
  995       1.623259235482e-10 
  996       1.627289085889e-10 
  997       1.631226277344e-10 
  998       1.635069222037e-10 
  999       1.638816322974e-10 
 1000       1.642465973960e-10 
 1001       1.646016559577e-10 
 1002       1.649466455165e-10 
 1003       1.652814026799e-10 
 1004       1.656057631274e-10 
 1005       1.659195616082e-10 
 1006       1.662226319390e-10 
 1007       1.665148070026e-10 
 1008       1.667959187453e-10 
 1009       1.670657981752e-10 
 1010       1.673242753602e-10 
 1011       1.675711794259e-10 
 1012       1.678063385537e-10 
 1013       1.680295799786e-10 
 1014       1.682407299874e-10 
 1015       1.684396139169e-10 
 1016       1.686260561512e-10 
 1017       1.687998801206e-10 
 1018       1.689609082989e-10 
 1019       1.691089622017e-10 
 1020       1.692438623843e-10 
 1021       1.693654284398e-10 
 1022       1.694734789972e-10 
 1023       1.695678317189e-10 
 1024       1.696483032996e-10 
 1025       1.697147094631e-10 
 1026       1.697668649615e-10 
 1027       1.698045835725e-10 
 1028       1.698276780973e-10 
 1029       1.698359603593e-10 
 1030       1.698292412013e-10 
 1031       1.698073304840e-10 
 1032       1.697700370840e-10 
 1033       1.697171688914e-10 
 1034       1.696485848805e-10 
 1035       1.695643521300e-10 
 1036       1.694645910171e-10 
 1037       1.693494233502e-10 
 1038       1.692189723727e-10 
 1039       1.690733627671e-10 
 1040       1.689127206584e-10 
 1041       1.687371736184e-10 
 1042       1.685468506690e-10 
 1043       1.683418822869e-10 
 1044       1.681224004063e-10 
 1045       1.678885384237e-10 
 1046       1.676404312013e-10 
 1047       1.673782150710e-10 
 1048       1.671020278380e-10 
 1049       1.668120087848e-10 
 1050       1.665082986753e-10 
 1051       1.661910397581e-10 
 1052       1.658603757707e-10 
 1053       1.655164519432e-10 
 1054       1.651594150024e-10 
 1055       1.647894131753e-10 
 1056       1.644065961930e-10 
 1057       1.640111152947e-10 
 1058       1.636031232316e-10 
 1059       1.631827742703e-10 
 1060       1.627502241972e-10 
 1061       1.623056303218e-10 
 1062       1.618491514812e-10 
 1063       1.613809480432e-10 
 1064       1.609011819107e-10 
 1065       1.604100165252e-10 
 1066       1.599076168709e-10 
 1067       1.593941494783e-10 
 1068       1.588697824283e-10 
 1069       1.583346853558e-10 
 1070       1.577890294535e-10 
 1071       1.572329874762e-10 
 1072       1.566667337439e-10 
 1073       1.560904588802e-10 
 1074       1.555044142359e-10 
 1075       1.549088680777e-10 
 1076       1.543040909144e-10 
 1077       1.536903555026e-10 
 1078       1.530679368516e-10 
 1079       1.524371122293e-10 
 1080       1.517981611671e-10 
 1081       1.511513654655e-10 
 1082       1.504970091998e-10 
 1083       1.498353787246e-10 
 1084       1.491667626802e-10 
 1085       1.484914519971e-10 
 1086       1.478097399021e-10 
 1087       1.471219219232e-10 
 1088       1.464282958949e-10 
 1089       1.457291619641e-10 
 1090       1.450248225951e-10 
 1091       1.443155825747e-10 
 1092       1.436017490184e-10 
 1093       1.428836313750e-10 
 1094       1.421615414322e-10 
 1095       1.414357933221e-10 
 1096       1.407067035266e-10 
 1097       1.399745908825e-10 
 1098       1.392397765873e-10 
 1099       1.385025842040e-10 
 1100       1.377633396669e-10 
 1101       1.370223712871e-10 
 1102       1.362800097574e-10 
 1103       1.355365881580e-10 
 1104       1.347924419617e-10 
 1105       1.340479090394e-10 
 1106       1.333033296657e-10 
 1107       1.325590465235e-10 
 1108       1.318154047104e-10 
 1109       1.310727517433e-10 
 1110       1.303314375640e-10 
 1111       1.295918145447e-10 
 1112       1.288542121974e-10 
 1113       1.281188609268e-10 
 1114       1.273859672863e-10 
 1115       1.266557391856e-10 
 1116       1.259283858940e-10 
 1117       1.252041180428e-10 
 1118       1.244831476287e-10 
 1119       1.237656880165e-10 
 1120       1.230519539421e-10 
 1121       1.223421615153e-10 
 1122       1.216365282229e-10 
 1123       1.209352729315e-10 
 1124       1.202386158904e-10 
 1125       1.195467787346e-10 
 1126       1.188599844877e-10 
 1127       1.181784575649e-10 
 1128       1.175024237755e-10 
 1129       1.168321103267e-10 
 1130       1.161677458254e-10 
 1131       1.155095602821e-10 
 1132       1.148577851134e-10 
 1133       1.142126531446e-10 
 1134       1.135743986134e-10 
 1135       1.129432571720e-10 
 1136       1.123194658907e-10 
 1137       1.117032632603e-10 
 1138       1.110948891954e-10 
 1139       1.104945850372e-10 
 1140       1.099025935562e-10 
 1141       1.093191589555e-10 
 1142       1.087445268734e-10 
 1143       1.081789443865e-10 
 1144       1.076226600125e-10 
 1145       1.070759237135e-10 
 1146       1.065389868982e-10 
 1147       1.060121024255e-10 
 1148       1.054955246070e-10 
 1149       1.049895092103e-10 
 1150       1.044943134616e-10 
 1151       1.040101546539e-10 
 1152       1.035370853916e-10 
 1153       1.030751167675e-10 
 1154       1.026242596133e-10 
 1155       1.021845244990e-10 
 1156       1.017559217316e-10 
 1157       1.013384613546e-10 
 1158       1.009321531470e-10 
 1159       1.005370066226e-10 
 1160       1.001530310290e-10 
 1161       9.978023534710e-11 
 1162       9.941862828995e-11 
 1163       9.906821830205e-11 
 1164       9.872901355853e-11 
 1165       9.840102196433e-11 
 1166       9.808425115336e-11 
 1167       9.777870848766e-11 
 1168       9.748440105660e-11 
 1169       9.720133567605e-11 
 1170       9.692951888755e-11 
 1171       9.666895695749e-11 
 1172       9.641965587628e-11 
 1173       9.618162135752e-11 
 1174       9.595485883719e-11 
 1175       9.573937347282e-11 
 1176       9.553517014265e-11 
 1177       9.534225344483e-11 
 1178       9.516062769657e-11 
 1179       9.499029693335e-11 
 1180       9.483126490803e-11 
 1181       9.468353509012e-11 
 1182       9.454711066485e-11 
 1183       9.442199453245e-11 
 1184       9.430818930723e-11 
 1185       9.420569731682e-11 
 1186       9.411452060131e-11 
 1187       9.403466091244e-11 
 1188       9.396611971279e-11 
 1189       9.390889817492e-11 
 1190       9.386296985624e-11 
 1191       9.382819835776e-11 
 1192       9.380441865236e-11 
 1193       9.379146431421e-11 
 1194       9.378916751564e-11 
 1195       9.379735902399e-11 
 1196       9.381586819852e-11 
 1197       9.384452298720e-11 
 1198       9.388314992363e-11 
 1199       9.393157412389e-11 
 1200       9.398961928336e-11 
 1201       9.405710767364e-11 
 1202       9.413386013938e-11 
 1203       9.421969609513e-11 
 1204       9.431443352225e-11 
 1205       9.441788896570e-11 
 1206       9.452987753097e-11 
 1207       9.465021288091e-11 
 1208       9.477870723258e-11 
 1209       9.491517135413e-11 
 1210       9.505941456167e-11 
 1211       9.521124471610e-11 
 1212       9.537046822002e-11 
 1213       9.553689001451e-11 
 1214       9.571031357610e-11 
 1215       9.589054091354e-11 
 1216       9.607737256471e-11 
 1217       9.627060759347e-11 
 1218       9.647004358649e-11 
 1219       9.667547665019e-11 
 1220       9.688670140752e-11 
 1221       9.710351099485e-11 
 1222       9.732569705886e-11 
 1223       9.755304975336e-11 
 1224       9.778535773618e-11 
 1225       9.802240816599e-11 
 1226       9.826398669924e-11 
 1227       9.850987748694e-11 
 1228       9.875986317157e-11 
 1229       9.901372764730e-11 
 1230       9.927126438311e-11 
 1231       9.953226819243e-11 
 1232       9.979653247583e-11 
 1233       1.000638492181e-10 
 1234       1.003340089853e-10 
 1235       1.006068009219e-10 
 1236       1.008820127479e-10 
 1237       1.011594307557e-10 
 1238       1.014388398073e-10 
 1239       1.017200233317e-10 
 1240       1.020027633213e-10 
 1241       1.022868403295e-10 
 1242       1.025720334679e-10 
 1243       1.028581204027e-10 
 1244       1.031448773525e-10 
 1245       1.034320790849e-10 
 1246       1.037194989140e-10 
 1247       1.040069086971e-10 
 1248       1.042940788319e-10 
 1249       1.045807782537e-10 
 1250       1.048667744323e-10 
 1251       1.051518333693e-10 
 1252       1.054357195949e-10 
 1253       1.057181961653e-10 
 1254       1.059990246594e-10 
 1255       1.062779651763e-10 
 1256       1.065547763322e-10 
 1257       1.068292152572e-10 
 1258       1.071010375930e-10 
 1259       1.073699974892e-10 
 1260       1.076358476011e-10 
 1261       1.078983390865e-10 
 1262       1.081572216026e-10 
 1263       1.084122433033e-10 
 1264       1.086631508363e-10 
 1265       1.089096893399e-10 
 1266       1.091516024406e-10 
 1267       1.093886322497e-10 
 1268       1.096205456508e-10 
 1269       1.098472135008e-10 
 1270       1.100685323362e-10 
 1271       1.102843981647e-10 
 1272       1.104947064643e-10 
 1273       1.106993521826e-10 
 1274       1.108982297354e-10 
 1275       1.110912330058e-10 
 1276       1.112782553436e-10 
 1277       1.114591895639e-10 
 1278       1.116339279467e-10 
 1279       1.118023622351e-10 
 1280       1.119643836352e-10 
 1281       1.121198828147e-10 
 1282       1.122687499019e-10 
 1283       1.124108744850e-10 
 1284       1.125461456109e-10 
 1285       1.126744517843e-10 
 1286       1.127956809671e-10 
 1287       1.129097205766e-10 
 1288       1.130164574855e-10 
 1289       1.131157780204e-10 
 1290       1.132075679608e-10 
 1291       1.132917125385e-10 
 1292       1.133680964362e-10 
 1293       1.134366037870e-10 
 1294       1.134971181732e-10 
 1295       1.135495226251e-10 
 1296       1.135936996205e-10 
 1297       1.136295310836e-10 
 1298       1.136568983839e-10 
 1299       1.136756823352e-10 
 1300       1.136857631950e-10 
 1301       1.136870206631e-10 
 1302       1.136793338810e-10 
 1303       1.136625814307e-10 
 1304       1.136366413339e-10 
 1305       1.136013910509e-10 
 1306       1.135567074797e-10 
 1307       1.135024961517e-10 
 1308       1.134387791777e-10 
 1309       1.133656082840e-10 
 1310       1.132830357056e-10 
 1311       1.131911141877e-10 
 1312       1.130898969867e-10 
 1313       1.129794378713e-10 
 1314       1.128597911235e-10 
 1315       1.127310115398e-10 
 1316       1.125931544323e-10 
 1317       1.124462756296e-10 
 1318       1.122904314781e-10 
 1319       1.121256788432e-10 
 1320       1.119520751098e-10 
 1321       1.117696781843e-10 
 1322       1.115785464947e-10 
 1323       1.113787389926e-10 
 1324       1.111703151537e-10 
 1325       1.109533349790e-10 
 1326       1.107278589961e-10 
 1327       1.104939482600e-10 
 1328       1.102516643544e-10 
 1329       1.100010693929e-10 
 1330       1.097422260196e-10 
 1331       1.094751974108e-10 
 1332       1.092000472757e-10 
 1333       1.089168398575e-10 
 1334       1.086256399348e-10 
 1335       1.083265128222e-10 
 1336       1.080195243718e-10 
 1337       1.077047409743e-10 
 1338       1.073822295598e-10 
 1339       1.070520575991e-10 
 1340       1.067142931045e-10 
 1341       1.063690046315e-10 
 1342       1.060162612793e-10 
 1343       1.056561326921e-10 
 1344       1.052886890603e-10 
 1345       1.049140011213e-10 
 1346       1.045321531303e-10 
 1347       1.041432819224e-10 
 1348       1.037475382773e-10 
 1349       1.033450739896e-10 
 1350       1.029360418710e-10 
 1351       1.025205957527e-10 
 1352       1.020988904868e-10 
 1353       1.016710819483e-10 
 1354       1.012373270375e-10 
 1355       1.007977836815e-10 
 1356       1.003526108362e-10 
 1357       9.990196848857e-11 
 1358       9.944601765813e-11 
 1359       9.898492039930e-11 
 1360       9.851883980316e-11 
 1361       9.804793999941e-11 
 1362       9.757238615837e-11 
 1363       9.709234449287e-11 
 1364       9.660798226026e-11 
 1365       9.611946776431e-11 
 1366       9.562697035719e-11 
 1367       9.513066044140e-11 
 1368       9.463070947172e-11 
 1369       9.412728995719e-11 
 1370       9.362057546302e-11 
 1371       9.311074061256e-11 
 1372       9.259796108925e-11 
 1373       9.208241363854e-11 
 1374       9.156427606990e-11 
 1375       9.104372725872e-11 
 1376       9.052094714824e-11 
 1377       8.999611675159e-11 
 1378       8.946941815363e-11 
 1379       8.894103451298e-11 
 1380       8.841115006393e-11 
 1381       8.787995011840e-11 
 1382       8.734762106788e-11 
 1383       8.681435038540e-11 
 1384       8.628032662747e-11 
 1385       8.574573047928e-11 
 1386       8.521070778296e-11 
 1387       8.467539622845e-11 
 1388       8.413993428576e-11 
 1389       8.360446120635e-11 
 1390       8.306911702456e-11 
 1391       8.253404255896e-11 
 1392       8.199937941376e-11 
 1393       8.146526998019e-11 
 1394       8.093185743790e-11 
 1395       8.039928575632e-11 
 1396       7.986769969611e-11 
 1397       7.933724481048e-11 
 1398       7.880806744663e-11 
 1399       7.828031474711e-11 
 1400       7.775413465121e-11 
 1401       7.722967589639e-11 
 1402       7.670708801961e-11 
 1403       7.618652135877e-11 
 1404       7.566812705405e-11 
 1405       7.515205704935e-11 
 1406       7.463846409365e-11 
 1407       7.412750174241e-11 
 1408       7.361932435894e-11 
 1409       7.311408711583e-11 
 1410       7.261194599630e-11 
 1411       7.211305779559e-11 
 1412       7.161758012238e-11 
 1413       7.112567140017e-11 
 1414       7.063749086864e-11 
 1415       7.015319858508e-11 
 1416       6.967295542575e-11 
 1417       6.919692308729e-11 
 1418       6.872526408809e-11 
 1419       6.825814176968e-11 
 1420       6.779572029817e-11 
 1421       6.733816466554e-11 
 1422       6.688564069113e-11 
 1423       6.643831502298e-11 
 1424       6.599633393893e-11 
 1425       6.555975950903e-11 
 1426       6.512863278026e-11 
 1427       6.470299491752e-11 
 1428       6.428288720375e-11 
 1429       6.386835104002e-11 
 1430       6.345942794573e-11 
 1431       6.305615955870e-11 
 1432       6.265858763532e-11 
 1433       6.226675405071e-11 
 1434       6.188070079882e-11 
 1435       6.150046999257e-11 
 1436       6.112610386400e-11 
 1437       6.075764476440e-11 
 1438       6.039513516447e-11 
 1439       6.003861765440e-11 
 1440       5.968813494404e-11 
 1441       5.934372986306e-11 
 1442       5.900544536104e-11 
 1443       5.867332450762e-11 
 1444       5.834741049266e-11 
 1445       5.802774662633e-11 
 1446       5.771437633930e-11 
 1447       5.740734318283e-11 
 1448       5.710669082893e-11 
 1449       5.681246307049e-11 
 1450       5.652470382141e-11 
 1451       5.624345711675e-11 
 1452       5.596876711284e-11 
 1453       5.570067808745e-11 
 1454       5.543923443991e-11 
 1455       5.518448069122e-11 
 1456       5.493646148423e-11 
 1457       5.469522158375e-11 
 1458       5.446080587668e-11 
 1459       5.423325937219e-11 
 1460       5.401262720178e-11 
 1461       5.379895461948e-11 
 1462       5.359228700196e-11 
 1463       5.339265169984e-11 
 1464       5.320000339277e-11 
 1465       5.301427818833e-11 
 1466       5.283541172042e-11 
 1467       5.266333914835e-11 
 1468       5.249799515602e-11 
 1469       5.233931395095e-11 
 1470       5.218722926349e-11 
 1471       5.204167434587e-11 
 1472       5.190258197135e-11 
 1473       5.176988443335e-11 
 1474       5.164351354453e-11 
 1475       5.152340063595e-11 
 1476       5.140947655618e-11 
 1477       5.130167167038e-11 
 1478       5.119991585947e-11 
 1479       5.110413851923e-11 
 1480       5.101426855940e-11 
 1481       5.093023440284e-11 
 1482       5.085196398460e-11 
 1483       5.077938475109e-11 
 1484       5.071242365914e-11 
 1485       5.065100717519e-11 
 1486       5.059506127433e-11 
 1487       5.054451143950e-11 
 1488       5.049928266052e-11 
 1489       5.045929943331e-11 
 1490       5.042448575893e-11 
 1491       5.039476514270e-11 
 1492       5.037006059340e-11 
 1493       5.035029462228e-11 
 1494       5.033538924227e-11 
 1495       5.032526596704e-11 
 1496       5.031984581013e-11 
 1497       5.031904928411e-11 
 1498       5.032279639964e-11 
 1499       5.033100666464e-11 
 1500       5.034359908335e-11 
 1501       5.036049215551e-11 
 1502       5.038159976475e-11 
 1503       5.040681880178e-11 
 1504       5.043604141892e-11 
 1505       5.046915912877e-11 
 1506       5.050606280310e-11 
 1507       5.054664267177e-11 
 1508       5.059078832161e-11 
 1509       5.063838869532e-11 
 1510       5.068933209038e-11 
 1511       5.074350615797e-11 
 1512       5.080079790181e-11 
 1513       5.086109367714e-11 
 1514       5.092427918955e-11 
 1515       5.099023949393e-11 
 1516       5.105885899334e-11 
 1517       5.113002143791e-11 
 1518       5.120360992379e-11 
 1519       5.127950689196e-11 
 1520       5.135759412723e-11 
 1521       5.143775275706e-11 
 1522       5.151986325050e-11 
 1523       5.160380541709e-11 
 1524       5.168945840575e-11 
 1525       5.177670070369e-11 
 1526       5.186541013529e-11 
 1527       5.195546386104e-11 
 1528       5.204673837638e-11 
 1529       5.213910951066e-11 
 1530       5.223245242603e-11 
 1531       5.232664161628e-11 
 1532       5.242155090583e-11 
 1533       5.251705344857e-11 
 1534       5.261302172677e-11 
 1535       5.270932755001e-11 
 1536       5.280584205404e-11 
 1537       5.290243569971e-11 
 1538       5.299897827184e-11 
 1539       5.309533887817e-11 
 1540       5.319138594820e-11 
 1541       5.328699695484e-11 
 1542       5.338208768238e-11 
 1543       5.347658323411e-11 
 1544       5.357040833426e-11 
 1545       5.366348732739e-11 
 1546       5.375574417776e-11 
 1547       5.384710246873e-11 
 1548       5.393748540215e-11 
 1549       5.402681579778e-11 
 1550       5.411501609262e-11 
 1551       5.420200834036e-11 
 1552       5.428771421074e-11 
 1553       5.437205498896e-11 
 1554       5.445495157506e-11 
 1555       5.453632448329e-11 
 1556       5.461609384157e-11 
 1557       5.469417939078e-11 
 1558       5.477050048426e-11 
 1559       5.484497608711e-11 
 1560       5.491752477564e-11 
 1561       5.498806473673e-11 
 1562       5.505651376725e-11 
 1563       5.512278927342e-11 
 1564       5.518680827021e-11 
 1565       5.524848738076e-11 
 1566       5.530774283572e-11 
 1567       5.536449047270e-11 
 1568       5.541864573559e-11 
 1569       5.547012367405e-11 
 1570       5.551883894278e-11 
 1571       5.556470580103e-11 
 1572       5.560763811191e-11 
 1573       5.564754934180e-11 
 1574       5.568435255977e-11 
 1575       5.571796043694e-11 
 1576       5.574828524589e-11 
 1577       5.577523886004e-11 
 1578       5.579873275303e-11 
 1579       5.581867799815e-11 
 1580       5.583500007026e-11 
 1581       5.584768340272e-11 
 1582       5.585672724182e-11 
 1583       5.586213088173e-11 
 1584       5.586389366460e-11 
 1585       5.586201498066e-11 
 1586       5.585649426836e-11 
 1587       5.584733101442e-11 
 1588       5.583452475397e-11 
 1589       5.581807507065e-11 
 1590       5.579798159668e-11 
 1591       5.577424401301e-11 
 1592       5.574686204938e-11 
 1593       5.571583548444e-11 
 1594       5.568116414586e-11 
 1595       5.564284791043e-11 
 1596       5.560088670415e-11 
 1597       5.555528050235e-11 
 1598       5.550602932976e-11 
 1599       5.545313326066e-11 
 1600       5.539659241895e-11 
 1601       5.533640697825e-11 
 1602       5.527257716204e-11 
 1603       5.520510324369e-11 
 1604       5.513398554666e-11 
 1605       5.505922444452e-11 
 1606       5.498082036107e-11 
 1607       5.489877377050e-11 
 1608       5.481308519740e-11 
 1609       5.472375521694e-11 
 1610       5.463078445494e-11 
 1611       5.453417358796e-11 
 1612       5.443392334343e-11 
 1613       5.433003449974e-11 
 1614       5.422250788633e-11 
 1615       5.411134438383e-11 
 1616       5.399654492411e-11 
 1617       5.387811049044e-11 
 1618       5.375604211753e-11 
 1619       5.363035044003e-11 
 1620       5.350108443205e-11 
 1621       5.336830292750e-11 
 1622       5.323206509589e-11 
 1623       5.309243044283e-11 
 1624       5.294945881063e-11 
 1625       5.280321037875e-11 
 1626       5.265374566445e-11 
 1627       5.250112552322e-11 
 1628       5.234541114938e-11 
 1629       5.218666407664e-11 
 1630       5.202494617857e-11 
 1631       5.186031966920e-11 
 1632       5.169284710352e-11 
 1633       5.152259137806e-11 
 1634       5.134961573137e-11 
 1635       5.117398374462e-11 
 1636       5.099575934212e-11 
 1637       5.081500679184e-11 
 1638       5.063179070595e-11 
 1639       5.044617604141e-11 
 1640       5.025822810043e-11 
 1641       5.006801253108e-11 
 1642       4.987559532779e-11 
 1643       4.968104283190e-11 
 1644       4.948442173219e-11 
 1645       4.928579906545e-11 
 1646       4.908524221698e-11 
 1647       4.888281892114e-11 
 1648       4.867859726193e-11 
 1649       4.847264567346e-11 
 1650       4.826503294054e-11 
 1651       4.805582819921e-11 
 1652       4.784510093725e-11 
 1653       4.763292099479e-11 
 1654       4.741935856475e-11 
 1655       4.720448419346e-11 
 1656       4.698836878117e-11 
 1657       4.677108358258e-11 
 1658       4.655269950831e-11 
 1659       4.633328502140e-11 
 1660       4.611290822330e-11 
 1661       4.589163755180e-11 
 1662       4.566954178155e-11 
 1663       4.544669002453e-11 
 1664       4.522315173061e-11 
 1665       4.499899668799e-11 
 1666       4.477429502380e-11 
 1667       4.454911720453e-11 
 1668       4.432353403657e-11 
 1669       4.409761666672e-11 
 1670       4.387143658271e-11 
 1671       4.364506561367e-11 
 1672       4.341857593068e-11 
 1673       4.319204004725e-11 
 1674       4.296553081987e-11 
 1675       4.273912144845e-11 
 1676       4.251288547690e-11 
 1677       4.228689679360e-11 
 1678       4.206122963190e-11 
 1679       4.183595857067e-11 
 1680       4.161115853477e-11 
 1681       4.138690479559e-11 
 1682       4.116327297151e-11 
 1683       4.094033902847e-11 
 1684       4.071817928044e-11 
 1685       4.049687038994e-11 
 1686       4.027648936855e-11 
 1687       4.005711357741e-11 
 1688       3.983882072775e-11 
 1689       3.962168888135e-11 
 1690       3.940579645113e-11 
 1691       3.919122220158e-11 
 1692       3.897804524931e-11 
 1693       3.876634506354e-11 
 1694       3.855620146664e-11 
 1695       3.834769463460e-11 
 1696       3.814090509757e-11 
 1697       3.793590531583e-11 
 1698       3.773273432745e-11 
 1699       3.753142288305e-11 
 1700       3.733200185067e-11 
 1701       3.713450221590e-11 
 1702       3.693895508207e-11 
 1703       3.674539167036e-11 
 1704       3.655384331999e-11 
 1705       3.636434148839e-11 
 1706       3.617691775131e-11 
 1707       3.599160380303e-11 
 1708       3.580843145649e-11 
 1709       3.562743264346e-11 
 1710       3.544863941468e-11 
 1711       3.527208394004e-11 
 1712       3.509779850872e-11 
 1713       3.492581552937e-11 
 1714       3.475616753023e-11 
 1715       3.458888715934e-11 
 1716       3.442400718465e-11 
 1717       3.426156049420e-11 
 1718       3.410158009630e-11 
 1719       3.394409911963e-11 
 1720       3.378915081345e-11 
 1721       3.363676854775e-11 
 1722       3.348698581337e-11 
 1723       3.333983622222e-11 
 1724       3.319535350737e-11 
 1725       3.305357152327e-11 
 1726       3.291452424587e-11 
 1727       3.277824577279e-11 
 1728       3.264477032347e-11 
 1729       3.251413223935e-11 
 1730       3.238636598399e-11 
 1731       3.226150614327e-11 
 1732       3.213958742551e-11 
 1733       3.202064466168e-11 
 1734       3.190471280548e-11 
 1735       3.179182693358e-11 
 1736       3.168201302595e-11 
 1737       3.157526022179e-11 
 1738       3.147154833011e-11 
 1739       3.137085702802e-11 
 1740       3.127316586056e-11 
 1741       3.117845424048e-11 
 1742       3.108670144804e-11 
 1743       3.099788663076e-11 
 1744       3.091198880328e-11 
 1745       3.082898684709e-11 
 1746       3.074885951035e-11 
 1747       3.067158540767e-11 
 1748       3.059714301992e-11 
 1749       3.052551069400e-11 
 1750       3.045666664264e-11 
 1751       3.039058894419e-11 
 1752       3.032725554240e-11 
 1753       3.026664424625e-11 
 1754       3.020873272969e-11 
 1755       3.015349853145e-11 
 1756       3.010091905486e-11 
 1757       3.005097156760e-11 
 1758       3.000363320151e-11 
 1759       2.995888095238e-11 
 1760       2.991669167974e-11 
 1761       2.987704210666e-11 
 1762       2.983990881951e-11 
 1763       2.980526826780e-11 
 1764       2.977309676393e-11 
 1765       2.974337048299e-11 
 1766       2.971606546257e-11 
 1767       2.969115760254e-11 
 1768       2.966862266482e-11 
 1769       2.964843627320e-11 
 1770       2.963057391314e-11 
 1771       2.961501093151e-11 
 1772       2.960172253644e-11 
 1773       2.959068379706e-11 
 1774       2.958186964335e-11 
 1775       2.957525096496e-11 
 1776       2.957078287317e-11 
 1777       2.956841634179e-11 
 1778       2.956810209891e-11 
 1779       2.956979062654e-11 
 1780       2.957343216026e-11 
 1781       2.957897668886e-11 
 1782       2.958637395398e-11 
 1783       2.959557344978e-11 
 1784       2.960652442253e-11 
 1785       2.961917587029e-11 
 1786       2.963347654255e-11 
 1787       2.964937493986e-11 
 1788       2.966681931349e-11 
 1789       2.968575766504e-11 
 1790       2.970613774614e-11 
 1791       2.972790705803e-11 
 1792       2.975101285122e-11 
 1793       2.977540212518e-11 
 1794       2.980102162791e-11 
 1795       2.982781785564e-11 
 1796       2.985573705244e-11 
 1797       2.988472520987e-11 
 1798       2.991472806664e-11 
 1799       2.994569110823e-11 
 1800       2.997755956653e-11 
 1801       3.001027841951e-11 
 1802       3.004379239083e-11 
 1803       3.007804594953e-11 
 1804       3.011298330959e-11 
 1805       3.014854842968e-11 
 1806       3.018468501272e-11 
 1807       3.022133650553e-11 
 1808       3.025844609852e-11 
 1809       3.029595672530e-11 
 1810       3.033381106233e-11 
 1811       3.037195152853e-11 
 1812       3.041032028500e-11 
 1813       3.044885923458e-11 
 1814       3.048751294487e-11 
 1815       3.052623744364e-11 
 1816       3.056499149366e-11 
 1817       3.060373367554e-11 
 1818       3.064242238748e-11 
 1819       3.068101584505e-11 
 1820       3.071947208090e-11 
 1821       3.075774894451e-11 
 1822       3.079580410200e-11 
 1823       3.083359503578e-11 
 1824       3.087107904439e-11 
 1825       3.090821324221e-11 
 1826       3.094495455918e-11 
 1827       3.098125974062e-11 
 1828       3.101708534691e-11 
 1829       3.105238775329e-11 
 1830       3.108712314956e-11 
 1831       3.112124753990e-11 
 1832       3.115471674253e-11 
 1833       3.118748638953e-11 
 1834       3.121951192656e-11 
 1835       3.125074861263e-11 
 1836       3.128115151980e-11 
 1837       3.131067553298e-11 
 1838       3.133927534966e-11 
 1839       3.136690547967e-11 
 1840       3.139352024491e-11 
 1841       3.141907377909e-11 
 1842       3.144352002754e-11 
 1843       3.146681274688e-11 
 1844       3.148890550483e-11 
 1845       3.150975167992e-11 
 1846       3.152930446125e-11 
 1847       3.154751684827e-11 
 1848       3.156434165047e-11 
 1849       3.157973148720e-11 
 1850       3.159363878734e-11 
 1851       3.160601578912e-11 
 1852       3.161681453983e-11 
 1853       3.162599353694e-11 
 1854       3.163353770924e-11 
 1855       3.163943859305e-11 
 1856       3.164368770506e-11 
 1857       3.164627654242e-11 
 1858       3.164719658263e-11 
 1859       3.164643928359e-11 
 1860       3.164399608354e-11 
 1861       3.163985840106e-11 
 1862       3.163401763504e-11 
 1863       3.162646516467e-11 
 1864       3.161719234942e-11 
 1865       3.160619052901e-11 
 1866       3.159345102341e-11 
 1867       3.157896513280e-11 
 1868       3.156272413757e-11 
 1869       3.154471929830e-11 
 1870       3.152494185572e-11 
 1871       3.150338303071e-11 
 1872       3.148003402429e-11 
 1873       3.145488601757e-11 
 1874       3.142793017175e-11 
 1875       3.139915762812e-11 
 1876       3.136855950800e-11 
 1877       3.133612691275e-11 
 1878       3.130185092375e-11 
 1879       3.126572260237e-11 
 1880       3.122773298995e-11 
 1881       3.118787310780e-11 
 1882       3.114613395715e-11 
 1883       3.110250651918e-11 
 1884       3.105698175493e-11 
 1885       3.100955060536e-11 
 1886       3.096020399126e-11 
 1887       3.090893281330e-11 
 1888       3.085572795194e-11 
 1889       3.080058026748e-11 
 1890       3.074348059997e-11 
 1891       3.068441976926e-11 
 1892       3.062339404150e-11 
 1893       3.056042157507e-11 
 1894       3.049552610180e-11 
 1895       3.042873147220e-11 
 1896       3.036006165556e-11 
 1897       3.028954074013e-11 
 1898       3.021719293330e-11 
 1899       3.014304256176e-11 
 1900       3.006711407164e-11 
 1901       2.998943202870e-11 
 1902       2.991002111848e-11 
 1903       2.982890614650e-11 
 1904       2.974611203835e-11 
 1905       2.966166383994e-11 
 1906       2.957558671760e-11 
 1907       2.948790595827e-11 
 1908       2.939864696968e-11 
 1909       2.930783528048e-11 
 1910       2.921549654041e-11 
 1911       2.912165652052e-11 
 1912       2.902634111323e-11 
 1913       2.892957633261e-11 
 1914       2.883138831445e-11 
 1915       2.873180331648e-11 
 1916       2.863084771851e-11 
 1917       2.852854802260e-11 
 1918       2.842493085324e-11 
 1919       2.832002295748e-11 
 1920       2.821385120513e-11 
 1921       2.810644258890e-11 
 1922       2.799782422457e-11 
 1923       2.788802335117e-11 
 1924       2.777706733112e-11 
 1925       2.766498365041e-11 
 1926       2.755179991876e-11 
 1927       2.743754386979e-11 
 1928       2.732224336116e-11 
 1929       2.720592637477e-11 
 1930       2.708862101691e-11 
 1931       2.697035661023e-11 
 1932       2.685116697840e-11 
 1933       2.673108718670e-11 
 1934       2.661015245264e-11 
 1935       2.648839814615e-11 
 1936       2.636585978981e-11 
 1937       2.624257305901e-11 
 1938       2.611857378220e-11 
 1939       2.599389794103e-11 
 1940       2.586858167061e-11 
 1941       2.574266125966e-11 
 1942       2.561617315074e-11 
 1943       2.548915394042e-11 
 1944       2.536164037952e-11 
 1945       2.523366937328e-11 
 1946       2.510527798156e-11 
 1947       2.497650341906e-11 
 1948       2.484738305549e-11 
 1949       2.471795441579e-11 
 1950       2.458825518033e-11 
 1951       2.445832318510e-11 
 1952       2.432819642192e-11 
 1953       2.419791303863e-11 
 1954       2.406751133927e-11 
 1955       2.393702978435e-11 
 1956       2.380650699094e-11 
 1957       2.367598173299e-11 
 1958       2.354549294143e-11 
 1959       2.341507970443e-11 
 1960       2.328478126757e-11 
 1961       2.315463703404e-11 
 1962       2.302468656486e-11 
 1963       2.289496957907e-11 
 1964       2.276552595392e-11 
 1965       2.263639572508e-11 
 1966       2.250761908683e-11 
 1967       2.237923639226e-11 
 1968       2.225128815349e-11 
 1969       2.212381504185e-11 
 1970       2.199685477199e-11 
 1971       2.187043272855e-11 
 1972       2.174457127028e-11 
 1973       2.161929283987e-11 
 1974       2.149461996405e-11 
 1975       2.137057525374e-11 
 1976       2.124718140409e-11 
 1977       2.112446119463e-11 
 1978       2.100243748936e-11 
 1979       2.088113323685e-11 
 1980       2.076057147033e-11 
 1981       2.064077530781e-11 
 1982       2.052176795221e-11 
 1983       2.040357269139e-11 
 1984       2.028621289832e-11 
 1985       2.016971203116e-11 
 1986       2.005409363336e-11 
 1987       1.993938133375e-11 
 1988       1.982559884669e-11 
 1989       1.971276997211e-11 
 1990       1.960091859567e-11 
 1991       1.949006868882e-11 
 1992       1.938024430893e-11 
 1993       1.927146959938e-11 
 1994       1.916376878968e-11 
 1995       1.905716619555e-11 
 1996       1.895168621903e-11 
 1997       1.884735334859e-11 
 1998       1.874419215924e-11 
 1999       1.864222731261e-11 
 2000       1.854148355707e-11 
 2001       1.844198572784e-11 
 2002       1.834375874706e-11 
 2003       1.824682762394e-11 
 2004       1.815121745483e-11 
 2005       1.805695342332e-11 
 2006       1.796406080037e-11 
 2007       1.787256494440e-11 
 2008       1.778249130138e-11 
 2009       1.769386085632e-11 
 2010       1.760667645131e-11 
 2011       1.752093636800e-11 
 2012       1.743663886714e-11 
 2013       1.735378218855e-11 
 2014       1.727236455111e-11 
 2015       1.719238415271e-11 
 2016       1.711383917020e-11 
 2017       1.703672775939e-11 
 2018       1.696104805500e-11 
 2019       1.688679817064e-11 
 2020       1.681397619877e-11 
 2021       1.674258021065e-11 
 2022       1.667260825634e-11 
 2023       1.660405836466e-11 
 2024       1.653692854315e-11 
 2025       1.647121677803e-11 
 2026       1.640692103419e-11 
 2027       1.634403925514e-11 
 2028       1.628256936297e-11 
 2029       1.622250925837e-11 
 2030       1.616385682052e-11 
 2031       1.610660990712e-11 
 2032       1.605076635434e-11 
 2033       1.599632397675e-11 
 2034       1.594328056737e-11 
 2035       1.589163389756e-11 
 2036       1.584138171702e-11 
 2037       1.579252175376e-11 
 2038       1.574505171407e-11 
 2039       1.569896928247e-11 
 2040       1.565427212169e-11 
 2041       1.561095787264e-11 
 2042       1.556902415439e-11 
 2043       1.552846856410e-11 
 2044       1.548928867703e-11 
 2045       1.545148204647e-11 
 2046       1.541504620375e-11 
 2047       1.537997865817e-11 
 2048       1.534627402491e-11 
 2049       1.531391538632e-11 
 2050       1.528288286881e-11 
 2051       1.525315650924e-11 
 2052       1.522471625475e-11 
 2053       1.519754196271e-11 
 2054       1.517161340056e-11 
 2055       1.514691024571e-11 
 2056       1.512341208544e-11 
 2057       1.510109841677e-11 
 2058       1.507994864633e-11 
 2059       1.505994209028e-11 
 2060       1.504105797418e-11 
 2061       1.502327543287e-11 
 2062       1.500657351036e-11 
 2063       1.499093115974e-11 
 2064       1.497632724302e-11 
 2065       1.496274053103e-11 
 2066       1.495014970335e-11 
 2067       1.493853334813e-11 
 2068       1.492786996203e-11 
 2069       1.491813795006e-11 
 2070       1.490931562551e-11 
 2071       1.490138120979e-11 
 2072       1.489431283236e-11 
 2073       1.488808853060e-11 
 2074       1.488268624967e-11 
 2075       1.487808384243e-11 
 2076       1.487425906932e-11 
 2077       1.487118959823e-11 
 2078       1.486885300439e-11 
 2079       1.486722677028e-11 
 2080       1.486628828547e-11 
 2081       1.486601484655e-11 
 2082       1.486638365701e-11 
 2083       1.486737182708e-11 
 2084       1.486895637369e-11 
 2085       1.487111422028e-11 
 2086       1.487382219674e-11 
 2087       1.487705728788e-11 
 2088       1.488079738104e-11 
 2089       1.488502052349e-11 
 2090       1.488970467421e-11 
 2091       1.489482770377e-11 
 2092       1.490036739424e-11 
 2093       1.490630143904e-11 
 2094       1.491260744291e-11 
 2095       1.491926292170e-11 
 2096       1.492624530236e-11 
 2097       1.493353192279e-11 
 2098       1.494110003170e-11 
 2099       1.494892678857e-11 
 2100       1.495698926350e-11 
 2101       1.496526443711e-11 
 2102       1.497372920042e-11 
 2103       1.498236035478e-11 
 2104       1.499113461174e-11 
 2105       1.500002859291e-11 
 2106       1.500901882993e-11 
 2107       1.501808176428e-11 
 2108       1.502719374724e-11 
 2109       1.503633103973e-11 
 2110       1.504546981223e-11 
 2111       1.505458614468e-11 
 2112       1.506365602636e-11 
 2113       1.507265535576e-11 
 2114       1.508155994054e-11 
 2115       1.509034549734e-11 
 2116       1.509898765172e-11 
 2117       1.510746193806e-11 
 2118       1.511574379942e-11 
 2119       1.512380858746e-11 
 2120       1.513163156233e-11 
 2121       1.513918789253e-11 
 2122       1.514645265484e-11 
 2123       1.515340083422e-11 
 2124       1.516000732366e-11 
 2125       1.516624692409e-11 
 2126       1.517209691057e-11 
 2127       1.517754475023e-11 
 2128       1.518258043722e-11 
 2129       1.518719393128e-11 
 2130       1.519137515762e-11 
 2131       1.519511400695e-11 
 2132       1.519840033541e-11 
 2133       1.520122396452e-11 
 2134       1.520357468118e-11 
 2135       1.520544223759e-11 
 2136       1.520681635122e-11 
 2137       1.520768670481e-11 
 2138       1.520804294626e-11 
 2139       1.520787468866e-11 
 2140       1.520717151020e-11 
 2141       1.520592295417e-11 
 2142       1.520411852888e-11 
 2143       1.520174770766e-11 
 2144       1.519879992879e-11 
 2145       1.519526459550e-11 
 2146       1.519113107587e-11 
 2147       1.518638870286e-11 
 2148       1.518102677420e-11 
 2149       1.517503455242e-11 
 2150       1.516840126476e-11 
 2151       1.516111610316e-11 
 2152       1.515316822420e-11 
 2153       1.514454674908e-11 
 2154       1.513524076356e-11 
 2155       1.512523931793e-11 
 2156       1.511453142700e-11 
 2157       1.510310607000e-11 
 2158       1.509095219059e-11 
 2159       1.507805869681e-11 
 2160       1.506441446102e-11 
 2161       1.505000831990e-11 
 2162       1.503482907436e-11 
 2163       1.501886548954e-11 
 2164       1.500210629478e-11 
 2165       1.498454299665e-11 
 2166       1.496617833912e-11 
 2167       1.494701790055e-11 
 2168       1.492706728580e-11 
 2169       1.490633212623e-11 
 2170       1.488481807979e-11 
 2171       1.486253083099e-11 
 2172       1.483947609099e-11 
 2173       1.481565959759e-11 
 2174       1.479108711529e-11 
 2175       1.476576443529e-11 
 2176       1.473969737557e-11 
 2177       1.471289178089e-11 
 2178       1.468535352282e-11 
 2179       1.465708849979e-11 
 2180       1.462810263712e-11 
 2181       1.459840188703e-11 
 2182       1.456799222872e-11 
 2183       1.453687966834e-11 
 2184       1.450507023909e-11 
 2185       1.447257000120e-11 
 2186       1.443938504198e-11 
 2187       1.440552147586e-11 
 2188       1.437098544443e-11 
 2189       1.433578311643e-11 
 2190       1.429992068784e-11 
 2191       1.426340438188e-11 
 2192       1.422624044904e-11 
 2193       1.418843516713e-11 
 2194       1.414999484130e-11 
 2195       1.411092580407e-11 
 2196       1.407123441539e-11 
 2197       1.403092706264e-11 
 2198       1.399001016066e-11 
 2199       1.394849015183e-11 
 2200       1.390637350604e-11 
 2201       1.386366672077e-11 
 2202       1.382037632111e-11 
 2203       1.377650885977e-11 
 2204       1.373207217520e-11 
 2205       1.368707917491e-11 
 2206       1.364154407730e-11 
 2207       1.359548115599e-11 
 2208       1.354890473990e-11 
 2209       1.350182921326e-11 
 2210       1.345426901573e-11 
 2211       1.340623864241e-11 
 2212       1.335775264394e-11 
 2213       1.330882562657e-11 
 2214       1.325947225220e-11 
 2215       1.320970723845e-11 
 2216       1.315954535872e-11 
 2217       1.310900144227e-11 
 2218       1.305809037427e-11 
 2219       1.300682709588e-11 
 2220       1.295522660428e-11 
 2221       1.290330395277e-11 
 2222       1.285107425083e-11 
 2223       1.279855266414e-11 
 2224       1.274575441470e-11 
 2225       1.269269478088e-11 
 2226       1.263938909745e-11 
 2227       1.258585275569e-11 
 2228       1.253210120342e-11 
 2229       1.247814994508e-11 
 2230       1.242401454178e-11 
 2231       1.236971061140e-11 
 2232       1.231525382860e-11 
 2233       1.226065992493e-11 
 2234       1.220594468886e-11 
 2235       1.215112396587e-11 
 2236       1.209621365850e-11 
 2237       1.204122972642e-11 
 2238       1.198618818649e-11 
 2239       1.193110511280e-11 
 2240       1.187599663681e-11 
 2241       1.182087894731e-11 
 2242       1.176576829057e-11 
 2243       1.171068021982e-11 
 2244       1.165562733844e-11 
 2245       1.160062154215e-11 
 2246       1.154567476831e-11 
 2247       1.149079899594e-11 
 2248       1.143600624576e-11 
 2249       1.138130858025e-11 
 2250       1.132671810368e-11 
 2251       1.127224696217e-11 
 2252       1.121790734373e-11 
 2253       1.116371147830e-11 
 2254       1.110967163781e-11 
 2255       1.105580013623e-11 
 2256       1.100210932957e-11 
 2257       1.094861161600e-11 
 2258       1.089531943583e-11 
 2259       1.084224527158e-11 
 2260       1.078940164805e-11 
 2261       1.073680113232e-11 
 2262       1.068445633385e-11 
 2263       1.063237990445e-11 
 2264       1.058058453842e-11 
 2265       1.052908297251e-11 
 2266       1.047788798603e-11 
 2267       1.042701240086e-11 
 2268       1.037646908150e-11 
 2269       1.032627093513e-11 
 2270       1.027643091163e-11 
 2271       1.022696200368e-11 
 2272       1.017787724672e-11 
 2273       1.012918971909e-11 
 2274       1.008091254199e-11 
 2275       1.003305887962e-11 
 2276       9.985641939110e-12 
 2277       9.938674970678e-12 
 2278       9.892171267604e-12 
 2279       9.846144166304e-12 
 2280       9.800607046369e-12 
 2281       9.755573330615e-12 
 2282       9.711054638746e-12 
 2283       9.667055235325e-12 
 2284       9.623577546278e-12 
 2285       9.580624002040e-12 
 2286       9.538197037558e-12 
 2287       9.496299092298e-12 
 2288       9.454932610243e-12 
 2289       9.414100039903e-12 
 2290       9.373803834310e-12 
 2291       9.334046451029e-12 
 2292       9.294830352158e-12 
 2293       9.256158004332e-12 
 2294       9.218031878727e-12 
 2295       9.180454451059e-12 
 2296       9.143428201596e-12 
 2297       9.106955615153e-12 
 2298       9.071039181101e-12 
 2299       9.035681393367e-12 
 2300       9.000884750439e-12 
 2301       8.966651755368e-12 
 2302       8.932984915775e-12 
 2303       8.899886743850e-12 
 2304       8.867359756358e-12 
 2305       8.835406474641e-12 
 2306       8.804029424623e-12 
 2307       8.773231136811e-12 
 2308       8.743014146301e-12 
 2309       8.713380992781e-12 
 2310       8.684334220533e-12 
 2311       8.655876378436e-12 
 2312       8.628010019972e-12 
 2313       8.600737703227e-12 
 2314       8.574061990896e-12 
 2315       8.547985450285e-12 
 2316       8.522510653315e-12 
 2317       8.497640176528e-12 
 2318       8.473376601083e-12 
 2319       8.449722512769e-12 
 2320       8.426680502001e-12 
 2321       8.404251597432e-12 
 2322       8.382430555968e-12 
 2323       8.361210543050e-12 
 2324       8.340584696317e-12 
 2325       8.320546125575e-12 
 2326       8.301087912767e-12 
 2327       8.282203111943e-12 
 2328       8.263884749222e-12 
 2329       8.246125822769e-12 
 2330       8.228919302757e-12 
 2331       8.212258131339e-12 
 2332       8.196135222615e-12 
 2333       8.180543462600e-12 
 2334       8.165475709196e-12 
 2335       8.150924792156e-12 
 2336       8.136883513056e-12 
 2337       8.123344645259e-12 
 2338       8.110300933891e-12 
 2339       8.097745095803e-12 
 2340       8.085669819540e-12 
 2341       8.074067765313e-12 
 2342       8.062931564967e-12 
 2343       8.052253821945e-12 
 2344       8.042027111263e-12 
 2345       8.032243979472e-12 
 2346       8.022896944633e-12 
 2347       8.013978496280e-12 
 2348       8.005481095392e-12 
 2349       7.997397174360e-12 
 2350       7.989719136956e-12 
 2351       7.982439358301e-12 
 2352       7.975550184834e-12 
 2353       7.969043934282e-12 
 2354       7.962912895624e-12 
 2355       7.957149329066e-12 
 2356       7.951745466003e-12 
 2357       7.946693508993e-12 
 2358       7.941985631720e-12 
 2359       7.937613978970e-12 
 2360       7.933570347793e-12 
 2361       7.929845228921e-12 
 2362       7.926428759348e-12 
 2363       7.923311040541e-12 
 2364       7.920482138409e-12 
 2365       7.917932083263e-12 
 2366       7.915650869777e-12 
 2367       7.913628456948e-12 
 2368       7.911854768061e-12 
 2369       7.910319690648e-12 
 2370       7.909013076452e-12 
 2371       7.907924741386e-12 
 2372       7.907044465496e-12 
 2373       7.906361992923e-12 
 2374       7.905867031866e-12 
 2375       7.905549254538e-12 
 2376       7.905398297136e-12 
 2377       7.905403759796e-12 
 2378       7.905555206556e-12 
 2379       7.905842165322e-12 
 2380       7.906254127821e-12 
 2381       7.906780549574e-12 
 2382       7.907410849847e-12 
 2383       7.908134411619e-12 
 2384       7.908940581542e-12 
 2385       7.909818669902e-12 
 2386       7.910757950582e-12 
 2387       7.911747661022e-12 
 2388       7.912777002182e-12 
 2389       7.913835138502e-12 
 2390       7.914911197867e-12 
 2391       7.915994271566e-12 
 2392       7.917073414252e-12 
 2393       7.918137643908e-12 
 2394       7.919175941806e-12 
 2395       7.920177252469e-12 
 2396       7.921130483633e-12 
 2397       7.922024506207e-12 
 2398       7.922848154239e-12 
 2399       7.923591011294e-12 
 2400       7.924245774933e-12 
 2401       7.924805906589e-12 
 2402       7.925264846439e-12 
 2403       7.925616013374e-12 
 2404       7.925852804987e-12 
 2405       7.925968597542e-12 
 2406       7.925956745957e-12 
 2407       7.925810583782e-12 
 2408       7.925523423175e-12 
 2409       7.925088554882e-12 
 2410       7.924499248211e-12 
 2411       7.923748751018e-12 
 2412       7.922830289676e-12 
 2413       7.921737069059e-12 
 2414       7.920462272519e-12 
 2415       7.918999061862e-12 
 2416       7.917340577327e-12 
 2417       7.915479937566e-12 
 2418       7.913410239620e-12 
 2419       7.911124558897e-12 
 2420       7.908615949151e-12 
 2421       7.905877442459e-12 
 2422       7.902902049200e-12 
 2423       7.899682758033e-12 
 2424       7.896212535875e-12 
 2425       7.892484327879e-12 
 2426       7.888491057410e-12 
 2427       7.884225626027e-12 
 2428       7.879680913457e-12 
 2429       7.874849777578e-12 
 2430       7.869725054392e-12 
 2431       7.864299558004e-12 
 2432       7.858566080604e-12 
 2433       7.852517392439e-12 
 2434       7.846146241798e-12 
 2435       7.839445354983e-12 
 2436       7.832407436293e-12 
 2437       7.825025167997e-12 
 2438       7.817292707263e-12 
 2439       7.809210186799e-12 
 2440       7.800779241200e-12 
 2441       7.792001512455e-12 
 2442       7.782878649965e-12 
 2443       7.773412310545e-12 
 2444       7.763604158433e-12 
 2445       7.753455865300e-12 
 2446       7.742969110258e-12 
 2447       7.732145579867e-12 
 2448       7.720986968145e-12 
 2449       7.709494976575e-12 
 2450       7.697671314112e-12 
 2451       7.685517697194e-12 
 2452       7.673035849750e-12 
 2453       7.660227503205e-12 
 2454       7.647094396493e-12 
 2455       7.633638276060e-12 
 2456       7.619860895879e-12 
 2457       7.605764017450e-12 
 2458       7.591349409816e-12 
 2459       7.576618849565e-12 
 2460       7.561574120844e-12 
 2461       7.546217015363e-12 
 2462       7.530549332403e-12 
 2463       7.514572878829e-12 
 2464       7.498289469092e-12 
 2465       7.481700925244e-12 
 2466       7.464809076939e-12 
 2467       7.447615761448e-12 
 2468       7.430122823661e-12 
 2469       7.412332116101e-12 
 2470       7.394245498930e-12 
 2471       7.375864839954e-12 
 2472       7.357192014636e-12 
 2473       7.338228906104e-12 
 2474       7.318977405156e-12 
 2475       7.299439410269e-12 
 2476       7.279616827609e-12 
 2477       7.259510886162e-12 
 2478       7.239120078674e-12 
 2479       7.218442208554e-12 
 2480       7.197475073642e-12 
 2481       7.176216466204e-12 
 2482       7.154664172926e-12 
 2483       7.132815974910e-12 
 2484       7.110669647667e-12 
 2485       7.088222961115e-12 
 2486       7.065473679569e-12 
 2487       7.042419561741e-12 
 2488       7.019058360734e-12 
 2489       6.995387824031e-12 
 2490       6.971405693500e-12 
 2491       6.947109705379e-12 
 2492       6.922497590277e-12 
 2493       6.897567073167e-12 
 2494       6.872315873381e-12 
 2495       6.846741704605e-12 
 2496       6.820842274871e-12 
 2497       6.794615286559e-12 
 2498       6.768058436383e-12 
 2499       6.741169415394e-12 
 2500       6.713945908969e-12 
