# dimensionless total [l(l+1)/2pi] C_l's
# for l=2 to 2500, i.e. number of multipoles equal to 2499
#
# -> if you prefer output in CAMB/HealPix/LensPix units/order, set 'format' to 'camb' in input file
# -> if you don't want to see such a header, set 'headers' to 'no' in input file
#
# 1:l     2:TT                 
    2       2.704241034559e-10 
    3       2.398699551177e-10 
    4       2.160974389839e-10 
    5       1.984548744381e-10 
    6       1.853214180879e-10 
    7       1.753946704355e-10 
    8       1.678803761300e-10 
    9       1.621825623344e-10 
   10       1.578485579011e-10 
   11       1.545665703394e-10 
   12       1.520933365052e-10 
   13       1.503556036545e-10 
   14       1.491806336713e-10 
   15       1.485555211428e-10 
   16       1.483021110763e-10 
   17       1.483820166974e-10 
   18       1.488213866783e-10 
   19       1.496033763770e-10 
   20       1.506045093406e-10 
   21       1.518333997075e-10 
   22       1.532899621570e-10 
   23       1.549644274311e-10 
   24       1.568081376991e-10 
   25       1.588011711261e-10 
   26       1.609130253961e-10 
   27       1.631529906666e-10 
   28       1.655271001508e-10 
   29       1.680409474078e-10 
   30       1.706803142190e-10 
   31       1.734149055328e-10 
   32       1.762436146605e-10 
   33       1.791624820808e-10 
   34       1.821586671307e-10 
   35       1.852366865440e-10 
   36       1.883991486285e-10 
   37       1.916424729010e-10 
   38       1.949697020763e-10 
   39       1.983804080459e-10 
   40       2.018662622251e-10 
   41       2.054150916333e-10 
   42       2.090265141636e-10 
   43       2.127000774987e-10 
   44       2.164304198094e-10 
   45       2.202105546688e-10 
   46       2.240439553855e-10 
   47       2.279353193345e-10 
   48       2.318869194480e-10 
   49       2.358983700844e-10 
   50       2.399678335881e-10 
   51       2.440965692506e-10 
   52       2.482852144030e-10 
   53       2.525322892564e-10 
   54       2.568340305674e-10 
   55       2.611862092919e-10 
   56       2.655904933731e-10 
   57       2.700493742595e-10 
   58       2.745642343061e-10 
   59       2.791352577382e-10 
   60       2.837613416160e-10 
   61       2.884409397763e-10 
   62       2.931750174469e-10 
   63       2.979646048495e-10 
   64       3.028098644871e-10 
   65       3.077100317107e-10 
   66       3.126633552859e-10 
   67       3.176670379597e-10 
   68       3.227183029826e-10 
   69       3.278179774714e-10 
   70       3.329675316973e-10 
   71       3.381679872877e-10 
   72       3.434198865888e-10 
   73       3.487232620300e-10 
   74       3.540776054868e-10 
   75       3.594818376448e-10 
   76       3.649347549247e-10 
   77       3.704365320703e-10 
   78       3.759874391774e-10 
   79       3.815873679336e-10 
   80       3.872358107749e-10 
   81       3.929318400417e-10 
   82       3.986740871352e-10 
   83       4.044607216737e-10 
   84       4.102899156639e-10 
   85       4.161613700852e-10 
   86       4.220750043416e-10 
   87       4.280304812429e-10 
   88       4.340271943126e-10 
   89       4.400642550958e-10 
   90       4.461404804669e-10 
   91       4.522543799375e-10 
   92       4.584041429643e-10 
   93       4.645879756492e-10 
   94       4.708051963351e-10 
   95       4.770552820877e-10 
   96       4.833375261953e-10 
   97       4.896510302725e-10 
   98       4.959946963640e-10 
   99       5.023672190486e-10 
  100       5.087670775429e-10 
  101       5.151925278056e-10 
  102       5.216415946408e-10 
  103       5.281120638024e-10 
  104       5.346017634357e-10 
  105       5.411094687094e-10 
  106       5.476341052345e-10 
  107       5.541744659789e-10 
  108       5.607292065514e-10 
  109       5.672968404847e-10 
  110       5.738757345187e-10 
  111       5.804641038844e-10 
  112       5.870600075869e-10 
  113       5.936613436890e-10 
  114       6.002658445945e-10 
  115       6.068710723321e-10 
  116       6.134746329031e-10 
  117       6.200748589775e-10 
  118       6.266702017305e-10 
  119       6.332590164548e-10 
  120       6.398395597811e-10 
  121       6.464099868983e-10 
  122       6.529683487740e-10 
  123       6.595125893747e-10 
  124       6.660405428862e-10 
  125       6.725499309339e-10 
  126       6.790383598031e-10 
  127       6.855033176597e-10 
  128       6.919421717698e-10 
  129       6.983523582356e-10 
  130       7.047319806372e-10 
  131       7.110792721150e-10 
  132       7.173924073532e-10 
  133       7.236695011783e-10 
  134       7.299086071563e-10 
  135       7.361077161908e-10 
  136       7.422647551214e-10 
  137       7.483775853208e-10 
  138       7.544440012934e-10 
  139       7.604617292729e-10 
  140       7.664284258201e-10 
  141       7.723416764209e-10 
  142       7.781989940845e-10 
  143       7.839978179408e-10 
  144       7.897356715319e-10 
  145       7.954106582335e-10 
  146       8.010210122373e-10 
  147       8.065649427636e-10 
  148       8.120406335768e-10 
  149       8.174462425014e-10 
  150       8.227799009373e-10 
  151       8.280397133758e-10 
  152       8.332237569153e-10 
  153       8.383300807765e-10 
  154       8.433567058186e-10 
  155       8.483016240548e-10 
  156       8.531627981682e-10 
  157       8.579381610268e-10 
  158       8.626256152000e-10 
  159       8.672230324740e-10 
  160       8.717282533671e-10 
  161       8.761392190340e-10 
  162       8.804543811019e-10 
  163       8.846723273202e-10 
  164       8.887916525559e-10 
  165       8.928109589185e-10 
  166       8.967288558846e-10 
  167       9.005439604227e-10 
  168       9.042548971183e-10 
  169       9.078602982981e-10 
  170       9.113588041554e-10 
  171       9.147490628746e-10 
  172       9.180297307557e-10 
  173       9.211994723397e-10 
  174       9.242569605330e-10 
  175       9.272008767320e-10 
  176       9.300299109484e-10 
  177       9.327427619335e-10 
  178       9.353381373034e-10 
  179       9.378147536634e-10 
  180       9.401714226859e-10 
  181       9.424073167347e-10 
  182       9.445217246431e-10 
  183       9.465139680972e-10 
  184       9.483834020769e-10 
  185       9.501294152972e-10 
  186       9.517514306500e-10 
  187       9.532489056451e-10 
  188       9.546213328515e-10 
  189       9.558682403392e-10 
  190       9.569891921200e-10 
  191       9.579837885896e-10 
  192       9.588516669680e-10 
  193       9.595925017419e-10 
  194       9.602060051053e-10 
  195       9.606919274011e-10 
  196       9.610500575629e-10 
  197       9.612802235555e-10 
  198       9.613822928170e-10 
  199       9.613561726999e-10 
  200       9.612018109126e-10 
  201       9.609192239530e-10 
  202       9.605085837567e-10 
  203       9.599701380963e-10 
  204       9.593041836668e-10 
  205       9.585110666089e-10 
  206       9.575911830334e-10 
  207       9.565449795455e-10 
  208       9.553729537685e-10 
  209       9.540756548682e-10 
  210       9.526536840769e-10 
  211       9.511076952176e-10 
  212       9.494383952278e-10 
  213       9.476465446841e-10 
  214       9.457329583258e-10 
  215       9.436985055793e-10 
  216       9.415441110820e-10 
  217       9.392707552068e-10 
  218       9.368794745857e-10 
  219       9.343713626341e-10 
  220       9.317475700750e-10 
  221       9.290093054632e-10 
  222       9.261578357089e-10 
  223       9.231944866024e-10 
  224       9.201205965835e-10 
  225       9.169373736634e-10 
  226       9.136460303169e-10 
  227       9.102478298207e-10 
  228       9.067440866658e-10 
  229       9.031361669703e-10 
  230       8.994254888923e-10 
  231       8.956135230428e-10 
  232       8.917017928981e-10 
  233       8.876918752129e-10 
  234       8.835854004330e-10 
  235       8.793840531080e-10 
  236       8.750895723044e-10 
  237       8.707037520178e-10 
  238       8.662284415861e-10 
  239       8.616655461024e-10 
  240       8.570170268273e-10 
  241       8.522849016023e-10 
  242       8.474712452619e-10 
  243       8.425781900469e-10 
  244       8.376079260170e-10 
  245       8.325627014635e-10 
  246       8.274448233224e-10 
  247       8.222566575867e-10 
  248       8.170006297195e-10 
  249       8.116792250668e-10 
  250       8.062948611011e-10 
  251       8.008494951235e-10 
  252       7.953449947195e-10 
  253       7.897832640566e-10 
  254       7.841662440524e-10 
  255       7.784959125422e-10 
  256       7.727742844466e-10 
  257       7.670034119392e-10 
  258       7.611853846145e-10 
  259       7.553223296552e-10 
  260       7.494164120001e-10 
  261       7.434698345118e-10 
  262       7.374848381442e-10 
  263       7.314637021106e-10 
  264       7.254087440507e-10 
  265       7.193223201988e-10 
  266       7.132068255515e-10 
  267       7.070646940349e-10 
  268       7.008983986728e-10 
  269       6.947104517541e-10 
  270       6.885034050005e-10 
  271       6.822798497344e-10 
  272       6.760424170462e-10 
  273       6.697937779623e-10 
  274       6.635366436124e-10 
  275       6.572737653979e-10 
  276       6.510079351586e-10 
  277       6.447419853412e-10 
  278       6.384787891666e-10 
  279       6.322210730753e-10 
  280       6.259708429630e-10 
  281       6.197299285456e-10 
  282       6.135001682842e-10 
  283       6.072834092638e-10 
  284       6.010815070734e-10 
  285       5.948963256846e-10 
  286       5.887297373314e-10 
  287       5.825836223894e-10 
  288       5.764598692550e-10 
  289       5.703603742247e-10 
  290       5.642870413746e-10 
  291       5.582417824397e-10 
  292       5.522265166930e-10 
  293       5.462431708250e-10 
  294       5.402936788230e-10 
  295       5.343799818505e-10 
  296       5.285040281262e-10 
  297       5.226677728036e-10 
  298       5.168731778505e-10 
  299       5.111222119276e-10 
  300       5.054168502687e-10 
  301       4.997590745593e-10 
  302       4.941508728165e-10 
  303       4.885942392679e-10 
  304       4.830911742310e-10 
  305       4.776436839925e-10 
  306       4.722537806881e-10 
  307       4.669234821809e-10 
  308       4.616548119416e-10 
  309       4.564497989271e-10 
  310       4.513104774606e-10 
  311       4.462388871101e-10 
  312       4.412369011085e-10 
  313       4.363057030604e-10 
  314       4.314462857191e-10 
  315       4.266596199265e-10 
  316       4.219466542824e-10 
  317       4.173083148130e-10 
  318       4.127455046393e-10 
  319       4.082591036458e-10 
  320       4.038499681495e-10 
  321       3.995189305678e-10 
  322       3.952667990878e-10 
  323       3.910943573348e-10 
  324       3.870023640405e-10 
  325       3.829915527121e-10 
  326       3.790626313007e-10 
  327       3.752162818701e-10 
  328       3.714531602652e-10 
  329       3.677738957807e-10 
  330       3.641790908300e-10 
  331       3.606693206132e-10 
  332       3.572451327866e-10 
  333       3.539070471304e-10 
  334       3.506555552181e-10 
  335       3.474911200847e-10 
  336       3.444141758954e-10 
  337       3.414251276142e-10 
  338       3.385243506728e-10 
  339       3.357121906388e-10 
  340       3.329889628847e-10 
  341       3.303549522562e-10 
  342       3.278104127411e-10 
  343       3.253555671379e-10 
  344       3.229906067242e-10 
  345       3.207156909255e-10 
  346       3.185309469840e-10 
  347       3.164364696268e-10 
  348       3.144323207349e-10 
  349       3.125184985813e-10 
  350       3.106948448142e-10 
  351       3.089611329612e-10 
  352       3.073170981511e-10 
  353       3.057624367524e-10 
  354       3.042968060126e-10 
  355       3.029198236963e-10 
  356       3.016310677242e-10 
  357       3.004300758121e-10 
  358       2.993163451090e-10 
  359       2.982893318366e-10 
  360       2.973484509272e-10 
  361       2.964930756632e-10 
  362       2.957225373154e-10 
  363       2.950361247819e-10 
  364       2.944330842265e-10 
  365       2.939126187180e-10 
  366       2.934738878685e-10 
  367       2.931160074723e-10 
  368       2.928380491446e-10 
  369       2.926390399602e-10 
  370       2.925179620922e-10 
  371       2.924737524510e-10 
  372       2.925053023226e-10 
  373       2.926114570077e-10 
  374       2.927910154603e-10 
  375       2.930427299262e-10 
  376       2.933653055824e-10 
  377       2.937574001749e-10 
  378       2.942176236583e-10 
  379       2.947445378340e-10 
  380       2.953366559890e-10 
  381       2.959924425350e-10 
  382       2.967103126465e-10 
  383       2.974886319003e-10 
  384       2.983257159134e-10 
  385       2.992198299824e-10 
  386       3.001691887220e-10 
  387       3.011719557037e-10 
  388       3.022264071264e-10 
  389       3.033314303162e-10 
  390       3.044860431643e-10 
  391       3.056892315490e-10 
  392       3.069399491046e-10 
  393       3.082371169907e-10 
  394       3.095796236613e-10 
  395       3.109663246340e-10 
  396       3.123960422591e-10 
  397       3.138675654887e-10 
  398       3.153796496459e-10 
  399       3.169310161939e-10 
  400       3.185203525054e-10 
  401       3.201463116314e-10 
  402       3.218075120704e-10 
  403       3.235025375377e-10 
  404       3.252299367347e-10 
  405       3.269882231175e-10 
  406       3.287758746667e-10 
  407       3.305913336560e-10 
  408       3.324330064216e-10 
  409       3.342992631315e-10 
  410       3.361884375543e-10 
  411       3.380988268285e-10 
  412       3.400286912320e-10 
  413       3.419762539505e-10 
  414       3.439397008473e-10 
  415       3.459171802323e-10 
  416       3.479068026307e-10 
  417       3.499066405529e-10 
  418       3.519147282631e-10 
  419       3.539290615487e-10 
  420       3.559475974891e-10 
  421       3.579682542255e-10 
  422       3.599889107293e-10 
  423       3.620074065718e-10 
  424       3.640215416931e-10 
  425       3.660290761713e-10 
  426       3.680277299917e-10 
  427       3.700154459195e-10 
  428       3.719911884396e-10 
  429       3.739541715442e-10 
  430       3.759035980272e-10 
  431       3.778386594261e-10 
  432       3.797585359640e-10 
  433       3.816623964911e-10 
  434       3.835493984273e-10 
  435       3.854186877033e-10 
  436       3.872693987032e-10 
  437       3.891006542059e-10 
  438       3.909115653274e-10 
  439       3.927012314624e-10 
  440       3.944687402263e-10 
  441       3.962131673974e-10 
  442       3.979335768582e-10 
  443       3.996290205378e-10 
  444       4.012985383536e-10 
  445       4.029411581534e-10 
  446       4.045558956570e-10 
  447       4.061417543983e-10 
  448       4.076977256673e-10 
  449       4.092227884517e-10 
  450       4.107159093790e-10 
  451       4.121760426586e-10 
  452       4.136021300233e-10 
  453       4.149931006714e-10 
  454       4.163478712087e-10 
  455       4.176653455902e-10 
  456       4.189444150624e-10 
  457       4.201839581045e-10 
  458       4.213828403710e-10 
  459       4.225399146333e-10 
  460       4.236540207216e-10 
  461       4.247239854669e-10 
  462       4.257486226427e-10 
  463       4.267267329074e-10 
  464       4.276571037455e-10 
  465       4.285385094099e-10 
  466       4.293699231769e-10 
  467       4.301511615152e-10 
  468       4.308822598999e-10 
  469       4.315632623754e-10 
  470       4.321942216136e-10 
  471       4.327751989737e-10 
  472       4.333062645607e-10 
  473       4.337874972847e-10 
  474       4.342189849195e-10 
  475       4.346008241620e-10 
  476       4.349331206908e-10 
  477       4.352159892253e-10 
  478       4.354495535849e-10 
  479       4.356339467477e-10 
  480       4.357693109095e-10 
  481       4.358557975431e-10 
  482       4.358935674567e-10 
  483       4.358827908534e-10 
  484       4.358236473900e-10 
  485       4.357163262358e-10 
  486       4.355610261321e-10 
  487       4.353579554504e-10 
  488       4.351073322521e-10 
  489       4.348093843469e-10 
  490       4.344643493524e-10 
  491       4.340724747524e-10 
  492       4.336340179565e-10 
  493       4.331492463585e-10 
  494       4.326184373960e-10 
  495       4.320418786086e-10 
  496       4.314198676979e-10 
  497       4.307527125853e-10 
  498       4.300407314720e-10 
  499       4.292842528974e-10 
  500       4.284836157982e-10 
  501       4.276391695675e-10 
  502       4.267512741138e-10 
  503       4.258202999195e-10 
  504       4.248466281006e-10 
  505       4.238307018199e-10 
  506       4.227731820380e-10 
  507       4.216747963656e-10 
  508       4.205362881977e-10 
  509       4.193584167965e-10 
  510       4.181419573745e-10 
  511       4.168877011779e-10 
  512       4.155964555692e-10 
  513       4.142690441106e-10 
  514       4.129063066471e-10 
  515       4.115090993895e-10 
  516       4.100782949976e-10 
  517       4.086147826632e-10 
  518       4.071194681931e-10 
  519       4.055932740924e-10 
  520       4.040371396476e-10 
  521       4.024520210094e-10 
  522       4.008388912763e-10 
  523       3.991987405770e-10 
  524       3.975325761543e-10 
  525       3.958414224474e-10 
  526       3.941263211758e-10 
  527       3.923883314215e-10 
  528       3.906285297129e-10 
  529       3.888480101076e-10 
  530       3.870478842751e-10 
  531       3.852292815807e-10 
  532       3.833933491678e-10 
  533       3.815412520415e-10 
  534       3.796741731516e-10 
  535       3.777933134754e-10 
  536       3.758998921013e-10 
  537       3.739951463114e-10 
  538       3.720803316650e-10 
  539       3.701567220814e-10 
  540       3.682256099231e-10 
  541       3.662883060790e-10 
  542       3.643461400473e-10 
  543       3.624004600187e-10 
  544       3.604525287174e-10 
  545       3.585032076919e-10 
  546       3.565532647403e-10 
  547       3.546034774282e-10 
  548       3.526546331305e-10 
  549       3.507075290716e-10 
  550       3.487629723668e-10 
  551       3.468217800628e-10 
  552       3.448847791788e-10 
  553       3.429528067475e-10 
  554       3.410267098558e-10 
  555       3.391073456858e-10 
  556       3.371955815558e-10 
  557       3.352922949609e-10 
  558       3.333983736143e-10 
  559       3.315147154880e-10 
  560       3.296422288535e-10 
  561       3.277818323230e-10 
  562       3.259344548904e-10 
  563       3.241010359718e-10 
  564       3.222825254468e-10 
  565       3.204798836989e-10 
  566       3.186940816572e-10 
  567       3.169261008364e-10 
  568       3.151769333783e-10 
  569       3.134475820926e-10 
  570       3.117390604977e-10 
  571       3.100523928615e-10 
  572       3.083886142427e-10 
  573       3.067487705312e-10 
  574       3.051339184895e-10 
  575       3.035451257930e-10 
  576       3.019834710716e-10 
  577       3.004500439501e-10 
  578       2.989459450893e-10 
  579       2.974722862269e-10 
  580       2.960301902181e-10 
  581       2.946207910772e-10 
  582       2.932452340178e-10 
  583       2.919045145591e-10 
  584       2.905989913450e-10 
  585       2.893288612356e-10 
  586       2.880943191241e-10 
  587       2.868955579218e-10 
  588       2.857327685416e-10 
  589       2.846061398826e-10 
  590       2.835158588145e-10 
  591       2.824621101609e-10 
  592       2.814450766845e-10 
  593       2.804649390706e-10 
  594       2.795218759116e-10 
  595       2.786160636910e-10 
  596       2.777476767678e-10 
  597       2.769168873604e-10 
  598       2.761238655310e-10 
  599       2.753687791697e-10 
  600       2.746517939787e-10 
  601       2.739730734565e-10 
  602       2.733327788820e-10 
  603       2.727310692987e-10 
  604       2.721681014991e-10 
  605       2.716440300085e-10 
  606       2.711590070695e-10 
  607       2.707131826260e-10 
  608       2.703067043074e-10 
  609       2.699397174128e-10 
  610       2.696123648955e-10 
  611       2.693247873465e-10 
  612       2.690771229793e-10 
  613       2.688695076137e-10 
  614       2.687020746603e-10 
  615       2.685749551043e-10 
  616       2.684882774901e-10 
  617       2.684421679051e-10 
  618       2.684367499641e-10 
  619       2.684721447935e-10 
  620       2.685484710154e-10 
  621       2.686658447317e-10 
  622       2.688242835740e-10 
  623       2.690234164160e-10 
  624       2.692627668298e-10 
  625       2.695418483590e-10 
  626       2.698601644736e-10 
  627       2.702172085241e-10 
  628       2.706124636962e-10 
  629       2.710454029652e-10 
  630       2.715154890506e-10 
  631       2.720221743702e-10 
  632       2.725649009952e-10 
  633       2.731431006039e-10 
  634       2.737561944368e-10 
  635       2.744035932508e-10 
  636       2.750846972738e-10 
  637       2.757988961590e-10 
  638       2.765455689394e-10 
  639       2.773240839826e-10 
  640       2.781337989447e-10 
  641       2.789740607252e-10 
  642       2.798442054215e-10 
  643       2.807435582831e-10 
  644       2.816714336662e-10 
  645       2.826271349881e-10 
  646       2.836099546820e-10 
  647       2.846191741510e-10 
  648       2.856540637228e-10 
  649       2.867138826043e-10 
  650       2.877978788358e-10 
  651       2.889052892457e-10 
  652       2.900353394050e-10 
  653       2.911872435813e-10 
  654       2.923602046940e-10 
  655       2.935534142683e-10 
  656       2.947660523896e-10 
  657       2.959972876584e-10 
  658       2.972462771443e-10 
  659       2.985121663409e-10 
  660       2.997940891200e-10 
  661       3.010911950331e-10 
  662       3.024027319689e-10 
  663       3.037279652287e-10 
  664       3.050661503062e-10 
  665       3.064165328497e-10 
  666       3.077783486239e-10 
  667       3.091508234719e-10 
  668       3.105331732772e-10 
  669       3.119246039259e-10 
  670       3.133243112683e-10 
  671       3.147314810809e-10 
  672       3.161452890288e-10 
  673       3.175649006271e-10 
  674       3.189894712033e-10 
  675       3.204181458591e-10 
  676       3.218500594324e-10 
  677       3.232843364592e-10 
  678       3.247200911357e-10 
  679       3.261564272801e-10 
  680       3.275924382949e-10 
  681       3.290272071284e-10 
  682       3.304598062371e-10 
  683       3.318892975475e-10 
  684       3.333147324179e-10 
  685       3.347351516008e-10 
  686       3.361495852043e-10 
  687       3.375570526547e-10 
  688       3.389565626580e-10 
  689       3.403471131620e-10 
  690       3.417276913183e-10 
  691       3.430972734445e-10 
  692       3.444548249856e-10 
  693       3.457993004767e-10 
  694       3.471296435042e-10 
  695       3.484447866685e-10 
  696       3.497436515454e-10 
  697       3.510251486485e-10 
  698       3.522881773909e-10 
  699       3.535316260471e-10 
  700       3.547544898161e-10 
  701       3.559562277840e-10 
  702       3.571364133216e-10 
  703       3.582946166480e-10 
  704       3.594304048212e-10 
  705       3.605433417291e-10 
  706       3.616329880806e-10 
  707       3.626989013959e-10 
  708       3.637406359980e-10 
  709       3.647577430030e-10 
  710       3.657497703113e-10 
  711       3.667162625982e-10 
  712       3.676567613050e-10 
  713       3.685708046297e-10 
  714       3.694579275180e-10 
  715       3.703176616539e-10 
  716       3.711495354509e-10 
  717       3.719530740423e-10 
  718       3.727277992728e-10 
  719       3.734732296888e-10 
  720       3.741888805295e-10 
  721       3.748742637174e-10 
  722       3.755288878498e-10 
  723       3.761522581890e-10 
  724       3.767438766536e-10 
  725       3.773032418091e-10 
  726       3.778298488588e-10 
  727       3.783231896350e-10 
  728       3.787827525890e-10 
  729       3.792080227831e-10 
  730       3.795984818803e-10 
  731       3.799536081362e-10 
  732       3.802728763890e-10 
  733       3.805557580509e-10 
  734       3.808017210987e-10 
  735       3.810102300649e-10 
  736       3.811807460280e-10 
  737       3.813127266041e-10 
  738       3.814056259373e-10 
  739       3.814590132081e-10 
  740       3.814729307437e-10 
  741       3.814475429580e-10 
  742       3.813830184906e-10 
  743       3.812795302241e-10 
  744       3.811372553005e-10 
  745       3.809563751386e-10 
  746       3.807370754505e-10 
  747       3.804795462584e-10 
  748       3.801839819120e-10 
  749       3.798505811044e-10 
  750       3.794795468901e-10 
  751       3.790710867009e-10 
  752       3.786254123633e-10 
  753       3.781427401152e-10 
  754       3.776232906227e-10 
  755       3.770672889971e-10 
  756       3.764749648118e-10 
  757       3.758465521189e-10 
  758       3.751822894662e-10 
  759       3.744824199141e-10 
  760       3.737471910526e-10 
  761       3.729768550177e-10 
  762       3.721716685088e-10 
  763       3.713318928052e-10 
  764       3.704577937832e-10 
  765       3.695496419326e-10 
  766       3.686077123740e-10 
  767       3.676322848754e-10 
  768       3.666236438692e-10 
  769       3.655820784688e-10 
  770       3.645078824858e-10 
  771       3.634013544465e-10 
  772       3.622627976093e-10 
  773       3.610925199809e-10 
  774       3.598908343337e-10 
  775       3.586580582223e-10 
  776       3.573945140005e-10 
  777       3.561005288383e-10 
  778       3.547764748766e-10 
  779       3.534228904845e-10 
  780       3.520403613093e-10 
  781       3.506294803694e-10 
  782       3.491908480791e-10 
  783       3.477250722733e-10 
  784       3.462327682322e-10 
  785       3.447145587064e-10 
  786       3.431710739416e-10 
  787       3.416029517033e-10 
  788       3.400108373017e-10 
  789       3.383953836165e-10 
  790       3.367572511216e-10 
  791       3.350971079101e-10 
  792       3.334156297190e-10 
  793       3.317134999540e-10 
  794       3.299914097144e-10 
  795       3.282500578176e-10 
  796       3.264901508244e-10 
  797       3.247124030634e-10 
  798       3.229175366562e-10 
  799       3.211062815415e-10 
  800       3.192793755008e-10 
  801       3.174375641827e-10 
  802       3.155816011276e-10 
  803       3.137122477928e-10 
  804       3.118302735774e-10 
  805       3.099364558465e-10 
  806       3.080315799568e-10 
  807       3.061164392808e-10 
  808       3.041918352320e-10 
  809       3.022585772894e-10 
  810       3.003174830226e-10 
  811       2.983693781163e-10 
  812       2.964150963954e-10 
  813       2.944554798495e-10 
  814       2.924913786582e-10 
  815       2.905236512152e-10 
  816       2.885531641537e-10 
  817       2.865807382503e-10 
  818       2.846069850266e-10 
  819       2.826324672782e-10 
  820       2.806577529459e-10 
  821       2.786834151308e-10 
  822       2.767100321094e-10 
  823       2.747381873487e-10 
  824       2.727684695214e-10 
  825       2.708014725208e-10 
  826       2.688377954759e-10 
  827       2.668780427669e-10 
  828       2.649228240396e-10 
  829       2.629727542209e-10 
  830       2.610284535341e-10 
  831       2.590905475134e-10 
  832       2.571596670196e-10 
  833       2.552364482547e-10 
  834       2.533215327773e-10 
  835       2.514155675176e-10 
  836       2.495192047925e-10 
  837       2.476331023205e-10 
  838       2.457579232371e-10 
  839       2.438943361098e-10 
  840       2.420430149530e-10 
  841       2.402046392434e-10 
  842       2.383798939348e-10 
  843       2.365694694733e-10 
  844       2.347740618124e-10 
  845       2.329943724282e-10 
  846       2.312311083343e-10 
  847       2.294849820969e-10 
  848       2.277567118501e-10 
  849       2.260470213107e-10 
  850       2.243566397937e-10 
  851       2.226863022268e-10 
  852       2.210367491660e-10 
  853       2.194087268105e-10 
  854       2.178029870177e-10 
  855       2.162202873187e-10 
  856       2.146612905725e-10 
  857       2.131262620256e-10 
  858       2.116153671167e-10 
  859       2.101287713677e-10 
  860       2.086666403823e-10 
  861       2.072291398446e-10 
  862       2.058164355178e-10 
  863       2.044286932428e-10 
  864       2.030660789372e-10 
  865       2.017287585936e-10 
  866       2.004168982783e-10 
  867       1.991306641303e-10 
  868       1.978702223595e-10 
  869       1.966357392460e-10 
  870       1.954273811380e-10 
  871       1.942453144510e-10 
  872       1.930897056666e-10 
  873       1.919607213305e-10 
  874       1.908585280520e-10 
  875       1.897832925019e-10 
  876       1.887351814118e-10 
  877       1.877143615725e-10 
  878       1.867209998325e-10 
  879       1.857552630971e-10 
  880       1.848173183266e-10 
  881       1.839073325353e-10 
  882       1.830254727902e-10 
  883       1.821719062095e-10 
  884       1.813467999611e-10 
  885       1.805503212618e-10 
  886       1.797826373755e-10 
  887       1.790439156121e-10 
  888       1.783343233261e-10 
  889       1.776540279154e-10 
  890       1.770031968197e-10 
  891       1.763819975194e-10 
  892       1.757905975343e-10 
  893       1.752291644220e-10 
  894       1.746978657770e-10 
  895       1.741967948462e-10 
  896       1.737257460499e-10 
  897       1.732844357966e-10 
  898       1.728725765212e-10 
  899       1.724898766728e-10 
  900       1.721360407021e-10 
  901       1.718107690488e-10 
  902       1.715137581295e-10 
  903       1.712447003250e-10 
  904       1.710032839677e-10 
  905       1.707891933296e-10 
  906       1.706021086093e-10 
  907       1.704417059200e-10 
  908       1.703076572768e-10 
  909       1.701996305842e-10 
  910       1.701172896240e-10 
  911       1.700602940422e-10 
  912       1.700282993373e-10 
  913       1.700209568472e-10 
  914       1.700379137370e-10 
  915       1.700788129869e-10 
  916       1.701432933790e-10 
  917       1.702309894853e-10 
  918       1.703415316554e-10 
  919       1.704745460036e-10 
  920       1.706296543968e-10 
  921       1.708064744418e-10 
  922       1.710046194730e-10 
  923       1.712236985399e-10 
  924       1.714633163946e-10 
  925       1.717230734794e-10 
  926       1.720025659143e-10 
  927       1.723013854846e-10 
  928       1.726191196283e-10 
  929       1.729553514240e-10 
  930       1.733096595779e-10 
  931       1.736816184117e-10 
  932       1.740707978501e-10 
  933       1.744767634085e-10 
  934       1.748990718725e-10 
  935       1.753372582895e-10 
  936       1.757908487492e-10 
  937       1.762593646597e-10 
  938       1.767423227349e-10 
  939       1.772392349806e-10 
  940       1.777496086822e-10 
  941       1.782729463915e-10 
  942       1.788087459133e-10 
  943       1.793565002927e-10 
  944       1.799156978019e-10 
  945       1.804858219272e-10 
  946       1.810663513560e-10 
  947       1.816567599636e-10 
  948       1.822565168003e-10 
  949       1.828650860782e-10 
  950       1.834819271585e-10 
  951       1.841064945378e-10 
  952       1.847382378358e-10 
  953       1.853766017817e-10 
  954       1.860210262014e-10 
  955       1.866709460044e-10 
  956       1.873257911707e-10 
  957       1.879849867379e-10 
  958       1.886479527879e-10 
  959       1.893141044341e-10 
  960       1.899828518082e-10 
  961       1.906536000474e-10 
  962       1.913257492807e-10 
  963       1.919986946168e-10 
  964       1.926718261303e-10 
  965       1.933445288488e-10 
  966       1.940161827402e-10 
  967       1.946861626993e-10 
  968       1.953538385347e-10 
  969       1.960185749562e-10 
  970       1.966797315613e-10 
  971       1.973366628222e-10 
  972       1.979887180731e-10 
  973       1.986352991424e-10 
  974       1.992760342257e-10 
  975       1.999106065969e-10 
  976       2.005386971936e-10 
  977       2.011599846111e-10 
  978       2.017741450968e-10 
  979       2.023808525443e-10 
  980       2.029797784880e-10 
  981       2.035705920968e-10 
  982       2.041529601691e-10 
  983       2.047265471261e-10 
  984       2.052910150068e-10 
  985       2.058460234621e-10 
  986       2.063912297489e-10 
  987       2.069262887243e-10 
  988       2.074508528399e-10 
  989       2.079645721365e-10 
  990       2.084670942374e-10 
  991       2.089580643438e-10 
  992       2.094371252279e-10 
  993       2.099039172281e-10 
  994       2.103580782427e-10 
  995       2.107992437242e-10 
  996       2.112270466740e-10 
  997       2.116411176360e-10 
  998       2.120410846911e-10 
  999       2.124265734519e-10 
 1000       2.127972070561e-10 
 1001       2.131526061616e-10 
 1002       2.134923889400e-10 
 1003       2.138161710714e-10 
 1004       2.141235657386e-10 
 1005       2.144141836208e-10 
 1006       2.146876328886e-10 
 1007       2.149435191979e-10 
 1008       2.151814456839e-10 
 1009       2.154010129558e-10 
 1010       2.156018190908e-10 
 1011       2.157834596284e-10 
 1012       2.159456003143e-10 
 1013       2.160881964932e-10 
 1014       2.162112768713e-10 
 1015       2.163148710566e-10 
 1016       2.163990095618e-10 
 1017       2.164637238066e-10 
 1018       2.165090461211e-10 
 1019       2.165350097481e-10 
 1020       2.165416488462e-10 
 1021       2.165289984921e-10 
 1022       2.164970946840e-10 
 1023       2.164459743437e-10 
 1024       2.163756753198e-10 
 1025       2.162862363906e-10 
 1026       2.161776972662e-10 
 1027       2.160500985920e-10 
 1028       2.159034819510e-10 
 1029       2.157378898668e-10 
 1030       2.155533658061e-10 
 1031       2.153499541820e-10 
 1032       2.151277003560e-10 
 1033       2.148866506414e-10 
 1034       2.146268523059e-10 
 1035       2.143483535742e-10 
 1036       2.140512036308e-10 
 1037       2.137354526230e-10 
 1038       2.134011516635e-10 
 1039       2.130483528331e-10 
 1040       2.126771091835e-10 
 1041       2.122874747402e-10 
 1042       2.118795045050e-10 
 1043       2.114532544593e-10 
 1044       2.110087815660e-10 
 1045       2.105461437731e-10 
 1046       2.100654000161e-10 
 1047       2.095666102207e-10 
 1048       2.090498353058e-10 
 1049       2.085151371859e-10 
 1050       2.079625787743e-10 
 1051       2.073922624772e-10 
 1052       2.068044462573e-10 
 1053       2.061994291894e-10 
 1054       2.055775131214e-10 
 1055       2.049390026818e-10 
 1056       2.042842052864e-10 
 1057       2.036134311453e-10 
 1058       2.029269932698e-10 
 1059       2.022252074793e-10 
 1060       2.015083924083e-10 
 1061       2.007768695135e-10 
 1062       2.000309630804e-10 
 1063       1.992710002306e-10 
 1064       1.984973109285e-10 
 1065       1.977102279883e-10 
 1066       1.969100870811e-10 
 1067       1.960972267414e-10 
 1068       1.952719883747e-10 
 1069       1.944347162639e-10 
 1070       1.935857575766e-10 
 1071       1.927254623715e-10 
 1072       1.918541836063e-10 
 1073       1.909722771435e-10 
 1074       1.900801017583e-10 
 1075       1.891780191450e-10 
 1076       1.882663939241e-10 
 1077       1.873455936493e-10 
 1078       1.864159888143e-10 
 1079       1.854779528599e-10 
 1080       1.845318621808e-10 
 1081       1.835780961327e-10 
 1082       1.826170370390e-10 
 1083       1.816490701982e-10 
 1084       1.806745838901e-10 
 1085       1.796939693836e-10 
 1086       1.787076209431e-10 
 1087       1.777159358354e-10 
 1088       1.767193143370e-10 
 1089       1.757181597409e-10 
 1090       1.747128640710e-10 
 1091       1.737037650028e-10 
 1092       1.726911883793e-10 
 1093       1.716754624562e-10 
 1094       1.706569179075e-10 
 1095       1.696358878313e-10 
 1096       1.686127077546e-10 
 1097       1.675877156395e-10 
 1098       1.665612518885e-10 
 1099       1.655336593498e-10 
 1100       1.645052833229e-10 
 1101       1.634764715642e-10 
 1102       1.624475742925e-10 
 1103       1.614189441944e-10 
 1104       1.603909364296e-10 
 1105       1.593639086371e-10 
 1106       1.583382209399e-10 
 1107       1.573142359509e-10 
 1108       1.562923187784e-10 
 1109       1.552728370314e-10 
 1110       1.542561608256e-10 
 1111       1.532426627881e-10 
 1112       1.522327180637e-10 
 1113       1.512267043198e-10 
 1114       1.502250017523e-10 
 1115       1.492279930909e-10 
 1116       1.482360636046e-10 
 1117       1.472496011073e-10 
 1118       1.462689959634e-10 
 1119       1.452946410928e-10 
 1120       1.443269319771e-10 
 1121       1.433662666646e-10 
 1122       1.424130457759e-10 
 1123       1.414676725096e-10 
 1124       1.405305526476e-10 
 1125       1.396020945606e-10 
 1126       1.386827092137e-10 
 1127       1.377728101719e-10 
 1128       1.368728136055e-10 
 1129       1.359830897394e-10 
 1130       1.351038165014e-10 
 1131       1.342351239904e-10 
 1132       1.333771428619e-10 
 1133       1.325300043288e-10 
 1134       1.316938401625e-10 
 1135       1.308687826939e-10 
 1136       1.300549648141e-10 
 1137       1.292525199755e-10 
 1138       1.284615821926e-10 
 1139       1.276822860430e-10 
 1140       1.269147666684e-10 
 1141       1.261591597755e-10 
 1142       1.254156016370e-10 
 1143       1.246842290921e-10 
 1144       1.239651795482e-10 
 1145       1.232585909812e-10 
 1146       1.225646019366e-10 
 1147       1.218833515306e-10 
 1148       1.212149794509e-10 
 1149       1.205596259576e-10 
 1150       1.199174318842e-10 
 1151       1.192885386385e-10 
 1152       1.186730882036e-10 
 1153       1.180712231388e-10 
 1154       1.174830865803e-10 
 1155       1.169088222428e-10 
 1156       1.163485744194e-10 
 1157       1.158024879837e-10 
 1158       1.152707083897e-10 
 1159       1.147533816735e-10 
 1160       1.142506544537e-10 
 1161       1.137626739326e-10 
 1162       1.132895878972e-10 
 1163       1.128315447200e-10 
 1164       1.123886933598e-10 
 1165       1.119611833630e-10 
 1166       1.115491648641e-10 
 1167       1.111527885871e-10 
 1168       1.107721606684e-10 
 1169       1.104072065070e-10 
 1170       1.100578052127e-10 
 1171       1.097238346259e-10 
 1172       1.094051713151e-10 
 1173       1.091016905733e-10 
 1174       1.088132664154e-10 
 1175       1.085397715748e-10 
 1176       1.082810775008e-10 
 1177       1.080370543550e-10 
 1178       1.078075710088e-10 
 1179       1.075924950400e-10 
 1180       1.073916927298e-10 
 1181       1.072050290602e-10 
 1182       1.070323677103e-10 
 1183       1.068735710537e-10 
 1184       1.067285001552e-10 
 1185       1.065970147683e-10 
 1186       1.064789733313e-10 
 1187       1.063742329650e-10 
 1188       1.062826494693e-10 
 1189       1.062040773204e-10 
 1190       1.061383696675e-10 
 1191       1.060853783299e-10 
 1192       1.060449537940e-10 
 1193       1.060169452101e-10 
 1194       1.060012003897e-10 
 1195       1.059975658019e-10 
 1196       1.060058865711e-10 
 1197       1.060260064733e-10 
 1198       1.060577679333e-10 
 1199       1.061010120220e-10 
 1200       1.061555784527e-10 
 1201       1.062213055786e-10 
 1202       1.062980303897e-10 
 1203       1.063855885093e-10 
 1204       1.064838141916e-10 
 1205       1.065925403183e-10 
 1206       1.067115983956e-10 
 1207       1.068408056185e-10 
 1208       1.069799258975e-10 
 1209       1.071287083543e-10 
 1210       1.072869002066e-10 
 1211       1.074542467649e-10 
 1212       1.076304914282e-10 
 1213       1.078153756795e-10 
 1214       1.080086390821e-10 
 1215       1.082100192754e-10 
 1216       1.084192519709e-10 
 1217       1.086360709477e-10 
 1218       1.088602080488e-10 
 1219       1.090913931771e-10 
 1220       1.093293542907e-10 
 1221       1.095738173994e-10 
 1222       1.098245065604e-10 
 1223       1.100811438740e-10 
 1224       1.103434494799e-10 
 1225       1.106111415526e-10 
 1226       1.108839362977e-10 
 1227       1.111615479478e-10 
 1228       1.114436887581e-10 
 1229       1.117300690024e-10 
 1230       1.120203969694e-10 
 1231       1.123143789578e-10 
 1232       1.126117192730e-10 
 1233       1.129121202225e-10 
 1234       1.132152821121e-10 
 1235       1.135209032416e-10 
 1236       1.138286799006e-10 
 1237       1.141383063647e-10 
 1238       1.144494748913e-10 
 1239       1.147618757155e-10 
 1240       1.150751970456e-10 
 1241       1.153891250598e-10 
 1242       1.157033439013e-10 
 1243       1.160175356748e-10 
 1244       1.163313804420e-10 
 1245       1.166445562178e-10 
 1246       1.169567611485e-10 
 1247       1.172677803414e-10 
 1248       1.175774198113e-10 
 1249       1.178854843665e-10 
 1250       1.181917776068e-10 
 1251       1.184961019204e-10 
 1252       1.187982584823e-10 
 1253       1.190980472514e-10 
 1254       1.193952669681e-10 
 1255       1.196897151522e-10 
 1256       1.199811881006e-10 
 1257       1.202694808842e-10 
 1258       1.205543873464e-10 
 1259       1.208357001003e-10 
 1260       1.211132105260e-10 
 1261       1.213867087688e-10 
 1262       1.216559837366e-10 
 1263       1.219208230973e-10 
 1264       1.221810132766e-10 
 1265       1.224363394557e-10 
 1266       1.226865855686e-10 
 1267       1.229315343001e-10 
 1268       1.231709670831e-10 
 1269       1.234046640965e-10 
 1270       1.236324042624e-10 
 1271       1.238539652441e-10 
 1272       1.240691234436e-10 
 1273       1.242776539991e-10 
 1274       1.244793307827e-10 
 1275       1.246739263982e-10 
 1276       1.248612121781e-10 
 1277       1.250409581822e-10 
 1278       1.252129331940e-10 
 1279       1.253769047195e-10 
 1280       1.255326389840e-10 
 1281       1.256799009301e-10 
 1282       1.258184542149e-10 
 1283       1.259480612083e-10 
 1284       1.260684829900e-10 
 1285       1.261795163976e-10 
 1286       1.262811056356e-10 
 1287       1.263732319317e-10 
 1288       1.264558766015e-10 
 1289       1.265290210495e-10 
 1290       1.265926467686e-10 
 1291       1.266467353409e-10 
 1292       1.266912684382e-10 
 1293       1.267262278218e-10 
 1294       1.267515953428e-10 
 1295       1.267673529431e-10 
 1296       1.267734826548e-10 
 1297       1.267699666013e-10 
 1298       1.267567869968e-10 
 1299       1.267339261475e-10 
 1300       1.267013664510e-10 
 1301       1.266590903973e-10 
 1302       1.266070805689e-10 
 1303       1.265453196408e-10 
 1304       1.264737903811e-10 
 1305       1.263924756515e-10 
 1306       1.263013584070e-10 
 1307       1.262004216967e-10 
 1308       1.260896486641e-10 
 1309       1.259690225471e-10 
 1310       1.258385266784e-10 
 1311       1.256981444861e-10 
 1312       1.255478594934e-10 
 1313       1.253876553196e-10 
 1314       1.252175156799e-10 
 1315       1.250374243860e-10 
 1316       1.248473653462e-10 
 1317       1.246473225656e-10 
 1318       1.244372801470e-10 
 1319       1.242172222903e-10 
 1320       1.239871332937e-10 
 1321       1.237469975534e-10 
 1322       1.234967995640e-10 
 1323       1.232365239190e-10 
 1324       1.229661808240e-10 
 1325       1.226858829442e-10 
 1326       1.223957694058e-10 
 1327       1.220959803629e-10 
 1328       1.217866569985e-10 
 1329       1.214679415276e-10 
 1330       1.211399771983e-10 
 1331       1.208029082944e-10 
 1332       1.204568801375e-10 
 1333       1.201020390888e-10 
 1334       1.197385325510e-10 
 1335       1.193665089708e-10 
 1336       1.189861178407e-10 
 1337       1.185975097010e-10 
 1338       1.182008361419e-10 
 1339       1.177962498056e-10 
 1340       1.173839043883e-10 
 1341       1.169639546423e-10 
 1342       1.165365563779e-10 
 1343       1.161018664656e-10 
 1344       1.156600428381e-10 
 1345       1.152112444925e-10 
 1346       1.147556314918e-10 
 1347       1.142933649677e-10 
 1348       1.138246071222e-10 
 1349       1.133495212297e-10 
 1350       1.128682716391e-10 
 1351       1.123810237757e-10 
 1352       1.118879441437e-10 
 1353       1.113892003276e-10 
 1354       1.108849609947e-10 
 1355       1.103753958972e-10 
 1356       1.098606758737e-10 
 1357       1.093409728519e-10 
 1358       1.088164598502e-10 
 1359       1.082873109802e-10 
 1360       1.077537014481e-10 
 1361       1.072158075573e-10 
 1362       1.066738067103e-10 
 1363       1.061278772161e-10 
 1364       1.055781977071e-10 
 1365       1.050249477204e-10 
 1366       1.044683078931e-10 
 1367       1.039084599651e-10 
 1368       1.033455867805e-10 
 1369       1.027798722899e-10 
 1370       1.022115015526e-10 
 1371       1.016406607383e-10 
 1372       1.010675371293e-10 
 1373       1.004923191227e-10 
 1374       9.991519623201e-11 
 1375       9.933635908966e-11 
 1376       9.875599944870e-11 
 1377       9.817431018497e-11 
 1378       9.759148529912e-11 
 1379       9.700771991866e-11 
 1380       9.642321029994e-11 
 1381       9.583815383026e-11 
 1382       9.525274902982e-11 
 1383       9.466719555385e-11 
 1384       9.408169419457e-11 
 1385       9.349644688324e-11 
 1386       9.291165669224e-11 
 1387       9.232752783704e-11 
 1388       9.174426567829e-11 
 1389       9.116207672383e-11 
 1390       9.058116863070e-11 
 1391       9.000175020724e-11 
 1392       8.942403141507e-11 
 1393       8.884822337113e-11 
 1394       8.827453834975e-11 
 1395       8.770318978466e-11 
 1396       8.713439227102e-11 
 1397       8.656836156746e-11 
 1398       8.600531459813e-11 
 1399       8.544546945471e-11 
 1400       8.488904539848e-11 
 1401       8.433626286231e-11 
 1402       8.378732240552e-11 
 1403       8.324234133409e-11 
 1404       8.270141642335e-11 
 1405       8.216464490603e-11 
 1406       8.163212447298e-11 
 1407       8.110395327391e-11 
 1408       8.058022991814e-11 
 1409       8.006105347538e-11 
 1410       7.954652347645e-11 
 1411       7.903673991407e-11 
 1412       7.853180324355e-11 
 1413       7.803181438360e-11 
 1414       7.753687471705e-11 
 1415       7.704708609161e-11 
 1416       7.656255082063e-11 
 1417       7.608337168383e-11 
 1418       7.560965192806e-11 
 1419       7.514149526806e-11 
 1420       7.467900588720e-11 
 1421       7.422228843824e-11 
 1422       7.377144804408e-11 
 1423       7.332659029851e-11 
 1424       7.288782126693e-11 
 1425       7.245524748718e-11 
 1426       7.202897597020e-11 
 1427       7.160911420085e-11 
 1428       7.119577013861e-11 
 1429       7.078905221836e-11 
 1430       7.038906935115e-11 
 1431       6.999593092490e-11 
 1432       6.960974680519e-11 
 1433       6.923062733600e-11 
 1434       6.885868334045e-11 
 1435       6.849402612158e-11 
 1436       6.813676746306e-11 
 1437       6.778701962999e-11 
 1438       6.744489536960e-11 
 1439       6.711050791204e-11 
 1440       6.678397097112e-11 
 1441       6.646537413716e-11 
 1442       6.615470878091e-11 
 1443       6.585194139911e-11 
 1444       6.555703815346e-11 
 1445       6.526996487000e-11 
 1446       6.499068703840e-11 
 1447       6.471916981128e-11 
 1448       6.445537800358e-11 
 1449       6.419927609187e-11 
 1450       6.395082821366e-11 
 1451       6.370999816677e-11 
 1452       6.347674940863e-11 
 1453       6.325104505561e-11 
 1454       6.303284788238e-11 
 1455       6.282212032119e-11 
 1456       6.261882446126e-11 
 1457       6.242292204807e-11 
 1458       6.223437448268e-11 
 1459       6.205314282110e-11 
 1460       6.187918777360e-11 
 1461       6.171246970403e-11 
 1462       6.155294862916e-11 
 1463       6.140058421801e-11 
 1464       6.125533579118e-11 
 1465       6.111716232018e-11 
 1466       6.098602242677e-11 
 1467       6.086187438226e-11 
 1468       6.074467610687e-11 
 1469       6.063438516905e-11 
 1470       6.053095878481e-11 
 1471       6.043435381705e-11 
 1472       6.034452677488e-11 
 1473       6.026143381297e-11 
 1474       6.018503073087e-11 
 1475       6.011527297233e-11 
 1476       6.005211562466e-11 
 1477       5.999551341800e-11 
 1478       5.994542072475e-11 
 1479       5.990179155877e-11 
 1480       5.986456774678e-11 
 1481       5.983364331552e-11 
 1482       5.980889975126e-11 
 1483       5.979021779459e-11 
 1484       5.977747743914e-11 
 1485       5.977055793021e-11 
 1486       5.976933776349e-11 
 1487       5.977369468373e-11 
 1488       5.978350568340e-11 
 1489       5.979864700144e-11 
 1490       5.981899412186e-11 
 1491       5.984442177247e-11 
 1492       5.987480392357e-11 
 1493       5.991001378658e-11 
 1494       5.994992381280e-11 
 1495       5.999440569201e-11 
 1496       6.004333035122e-11 
 1497       6.009656795332e-11 
 1498       6.015398789575e-11 
 1499       6.021545880923e-11 
 1500       6.028084855639e-11 
 1501       6.035002423048e-11 
 1502       6.042285215404e-11 
 1503       6.049919787762e-11 
 1504       6.057892617839e-11 
 1505       6.066190105889e-11 
 1506       6.074798574569e-11 
 1507       6.083704268806e-11 
 1508       6.092893355666e-11 
 1509       6.102351924224e-11 
 1510       6.112065985428e-11 
 1511       6.122021471973e-11 
 1512       6.132204238165e-11 
 1513       6.142600059790e-11 
 1514       6.153194633982e-11 
 1515       6.163973579094e-11 
 1516       6.174922434564e-11 
 1517       6.186026660780e-11 
 1518       6.197271638957e-11 
 1519       6.208643286086e-11 
 1520       6.220129906556e-11 
 1521       6.231720358103e-11 
 1522       6.243403438240e-11 
 1523       6.255167884156e-11 
 1524       6.267002372616e-11 
 1525       6.278895519863e-11 
 1526       6.290835881516e-11 
 1527       6.302811952471e-11 
 1528       6.314812166801e-11 
 1529       6.326824897660e-11 
 1530       6.338838457175e-11 
 1531       6.350841096354e-11 
 1532       6.362821004983e-11 
 1533       6.374766311525e-11 
 1534       6.386665083024e-11 
 1535       6.398505325002e-11 
 1536       6.410274981358e-11 
 1537       6.421961934274e-11 
 1538       6.433554004109e-11 
 1539       6.445038949302e-11 
 1540       6.456404466273e-11 
 1541       6.467638189322e-11 
 1542       6.478727690529e-11 
 1543       6.489660479655e-11 
 1544       6.500424004041e-11 
 1545       6.511005648511e-11 
 1546       6.521392735267e-11 
 1547       6.531572523796e-11 
 1548       6.541532210764e-11 
 1549       6.551258929922e-11 
 1550       6.560739751999e-11 
 1551       6.569961684611e-11 
 1552       6.578911672152e-11 
 1553       6.587576595703e-11 
 1554       6.595943272925e-11 
 1555       6.603998457962e-11 
 1556       6.611728841345e-11 
 1557       6.619121049886e-11 
 1558       6.626163324207e-11 
 1559       6.632850568754e-11 
 1560       6.639179348999e-11 
 1561       6.645146218100e-11 
 1562       6.650747716886e-11 
 1563       6.655980373836e-11 
 1564       6.660840705066e-11 
 1565       6.665325214309e-11 
 1566       6.669430392901e-11 
 1567       6.673152719762e-11 
 1568       6.676488661381e-11 
 1569       6.679434671795e-11 
 1570       6.681987192578e-11 
 1571       6.684142652819e-11 
 1572       6.685897469110e-11 
 1573       6.687248045523e-11 
 1574       6.688190773598e-11 
 1575       6.688722032324e-11 
 1576       6.688838188124e-11 
 1577       6.688535594835e-11 
 1578       6.687810593692e-11 
 1579       6.686659513316e-11 
 1580       6.685078669687e-11 
 1581       6.683064366139e-11 
 1582       6.680612893333e-11 
 1583       6.677720529246e-11 
 1584       6.674383539152e-11 
 1585       6.670598175606e-11 
 1586       6.666360678425e-11 
 1587       6.661667274674e-11 
 1588       6.656514178648e-11 
 1589       6.650897591855e-11 
 1590       6.644813702997e-11 
 1591       6.638258687956e-11 
 1592       6.631228709778e-11 
 1593       6.623719918652e-11 
 1594       6.615728451896e-11 
 1595       6.607250433940e-11 
 1596       6.598281976307e-11 
 1597       6.588820660206e-11 
 1598       6.578869999185e-11 
 1599       6.568435017322e-11 
 1600       6.557520770381e-11 
 1601       6.546132345866e-11 
 1602       6.534274863072e-11 
 1603       6.521953473140e-11 
 1604       6.509173359106e-11 
 1605       6.495939735959e-11 
 1606       6.482257850689e-11 
 1607       6.468132982345e-11 
 1608       6.453570442081e-11 
 1609       6.438575573215e-11 
 1610       6.423153751278e-11 
 1611       6.407310384071e-11 
 1612       6.391050911711e-11 
 1613       6.374380806691e-11 
 1614       6.357305573929e-11 
 1615       6.339830750819e-11 
 1616       6.321961907291e-11 
 1617       6.303704645854e-11 
 1618       6.285064601657e-11 
 1619       6.266047442539e-11 
 1620       6.246658869079e-11 
 1621       6.226904614654e-11 
 1622       6.206790445488e-11 
 1623       6.186322160705e-11 
 1624       6.165505592385e-11 
 1625       6.144346605612e-11 
 1626       6.122851098532e-11 
 1627       6.101025002401e-11 
 1628       6.078874281642e-11 
 1629       6.056404933895e-11 
 1630       6.033622990069e-11 
 1631       6.010534514399e-11 
 1632       5.987145604496e-11 
 1633       5.963462391398e-11 
 1634       5.939491039627e-11 
 1635       5.915237747239e-11 
 1636       5.890709127879e-11 
 1637       5.865913360571e-11 
 1638       5.840859050317e-11 
 1639       5.815554847097e-11 
 1640       5.790009445936e-11 
 1641       5.764231586979e-11 
 1642       5.738230055558e-11 
 1643       5.712013682263e-11 
 1644       5.685591343010e-11 
 1645       5.658971959114e-11 
 1646       5.632164497355e-11 
 1647       5.605177970054e-11 
 1648       5.578021435135e-11 
 1649       5.550703996203e-11 
 1650       5.523234802605e-11 
 1651       5.495623049511e-11 
 1652       5.467877977973e-11 
 1653       5.440008875003e-11 
 1654       5.412025073637e-11 
 1655       5.383935953009e-11 
 1656       5.355750938420e-11 
 1657       5.327479501408e-11 
 1658       5.299131159816e-11 
 1659       5.270715477863e-11 
 1660       5.242242066216e-11 
 1661       5.213720582058e-11 
 1662       5.185160729157e-11 
 1663       5.156572257937e-11 
 1664       5.127964965550e-11 
 1665       5.099348695943e-11 
 1666       5.070733339927e-11 
 1667       5.042128835251e-11 
 1668       5.013545166670e-11 
 1669       4.984992366012e-11 
 1670       4.956480512255e-11 
 1671       4.928019731587e-11 
 1672       4.899620197486e-11 
 1673       4.871292130784e-11 
 1674       4.843045799738e-11 
 1675       4.814890783517e-11 
 1676       4.786833755497e-11 
 1677       4.758880680740e-11 
 1678       4.731037550864e-11 
 1679       4.703310384077e-11 
 1680       4.675705225217e-11 
 1681       4.648228145790e-11 
 1682       4.620885244009e-11 
 1683       4.593682644833e-11 
 1684       4.566626500003e-11 
 1685       4.539722988083e-11 
 1686       4.512978314498e-11 
 1687       4.486398711570e-11 
 1688       4.459990438561e-11 
 1689       4.433759781707e-11 
 1690       4.407713054258e-11 
 1691       4.381856596519e-11 
 1692       4.356196775883e-11 
 1693       4.330739986875e-11 
 1694       4.305492651187e-11 
 1695       4.280461217718e-11 
 1696       4.255652162611e-11 
 1697       4.231071989293e-11 
 1698       4.206727228514e-11 
 1699       4.182624438381e-11 
 1700       4.158770204404e-11 
 1701       4.135171139526e-11 
 1702       4.111833884169e-11 
 1703       4.088765106266e-11 
 1704       4.065971501305e-11 
 1705       4.043459792364e-11 
 1706       4.021236730149e-11 
 1707       3.999309093036e-11 
 1708       3.977683687106e-11 
 1709       3.956367346186e-11 
 1710       3.935366931884e-11 
 1711       3.914689333630e-11 
 1712       3.894341468716e-11 
 1713       3.874330282331e-11 
 1714       3.854661578208e-11 
 1715       3.835336499569e-11 
 1716       3.816355018215e-11 
 1717       3.797717101187e-11 
 1718       3.779422710749e-11 
 1719       3.761471804387e-11 
 1720       3.743864334795e-11 
 1721       3.726600249867e-11 
 1722       3.709679492687e-11 
 1723       3.693102001520e-11 
 1724       3.676867709803e-11 
 1725       3.660976546137e-11 
 1726       3.645428434273e-11 
 1727       3.630223293111e-11 
 1728       3.615361036681e-11 
 1729       3.600841574140e-11 
 1730       3.586664809763e-11 
 1731       3.572830642928e-11 
 1732       3.559338968115e-11 
 1733       3.546189674888e-11 
 1734       3.533382647893e-11 
 1735       3.520917766845e-11 
 1736       3.508794906517e-11 
 1737       3.497013936737e-11 
 1738       3.485574722372e-11 
 1739       3.474477123321e-11 
 1740       3.463720994509e-11 
 1741       3.453306185872e-11 
 1742       3.443232542353e-11 
 1743       3.433499903887e-11 
 1744       3.424108105400e-11 
 1745       3.415056976789e-11 
 1746       3.406346342923e-11 
 1747       3.397976023626e-11 
 1748       3.389945833673e-11 
 1749       3.382255582777e-11 
 1750       3.374905075582e-11 
 1751       3.367894111653e-11 
 1752       3.361222485466e-11 
 1753       3.354889216347e-11 
 1754       3.348890231274e-11 
 1755       3.343220662716e-11 
 1756       3.337875616885e-11 
 1757       3.332850173706e-11 
 1758       3.328139386769e-11 
 1759       3.323738283293e-11 
 1760       3.319641864088e-11 
 1761       3.315845103515e-11 
 1762       3.312342949442e-11 
 1763       3.309130323214e-11 
 1764       3.306202119604e-11 
 1765       3.303553206781e-11 
 1766       3.301178426266e-11 
 1767       3.299072592893e-11 
 1768       3.297230494774e-11 
 1769       3.295646893255e-11 
 1770       3.294316522877e-11 
 1771       3.293234091340e-11 
 1772       3.292394279459e-11 
 1773       3.291791741131e-11 
 1774       3.291421103287e-11 
 1775       3.291276965862e-11 
 1776       3.291353901747e-11 
 1777       3.291646456758e-11 
 1778       3.292149149588e-11 
 1779       3.292856471776e-11 
 1780       3.293762887662e-11 
 1781       3.294862834348e-11 
 1782       3.296150721662e-11 
 1783       3.297620932117e-11 
 1784       3.299267820869e-11 
 1785       3.301085715682e-11 
 1786       3.303068916886e-11 
 1787       3.305211697339e-11 
 1788       3.307508302385e-11 
 1789       3.309952949819e-11 
 1790       3.312539829843e-11 
 1791       3.315263105031e-11 
 1792       3.318116949492e-11 
 1793       3.321095666804e-11 
 1794       3.324193572968e-11 
 1795       3.327404957245e-11 
 1796       3.330724082128e-11 
 1797       3.334145183297e-11 
 1798       3.337662469582e-11 
 1799       3.341270122927e-11 
 1800       3.344962298352e-11 
 1801       3.348733123914e-11 
 1802       3.352576700669e-11 
 1803       3.356487102636e-11 
 1804       3.360458376755e-11 
 1805       3.364484542856e-11 
 1806       3.368559593613e-11 
 1807       3.372677494512e-11 
 1808       3.376832183812e-11 
 1809       3.381017572506e-11 
 1810       3.385227544281e-11 
 1811       3.389455955486e-11 
 1812       3.393696635088e-11 
 1813       3.397943384640e-11 
 1814       3.402189978236e-11 
 1815       3.406430162480e-11 
 1816       3.410657656444e-11 
 1817       3.414866151632e-11 
 1818       3.419049311941e-11 
 1819       3.423200773622e-11 
 1820       3.427314145247e-11 
 1821       3.431383007664e-11 
 1822       3.435400913966e-11 
 1823       3.439361389448e-11 
 1824       3.443257931572e-11 
 1825       3.447084009928e-11 
 1826       3.450833066196e-11 
 1827       3.454498514110e-11 
 1828       3.458073739416e-11 
 1829       3.461552099838e-11 
 1830       3.464926925040e-11 
 1831       3.468192184305e-11 
 1832       3.471344495497e-11 
 1833       3.474381132080e-11 
 1834       3.477299356845e-11 
 1835       3.480096421893e-11 
 1836       3.482769568623e-11 
 1837       3.485316027716e-11 
 1838       3.487733019122e-11 
 1839       3.490017752049e-11 
 1840       3.492167424942e-11 
 1841       3.494179225476e-11 
 1842       3.496050330538e-11 
 1843       3.497777906215e-11 
 1844       3.499359107778e-11 
 1845       3.500791079669e-11 
 1846       3.502070955490e-11 
 1847       3.503195857982e-11 
 1848       3.504162899017e-11 
 1849       3.504969179584e-11 
 1850       3.505611789771e-11 
 1851       3.506087808753e-11 
 1852       3.506394304780e-11 
 1853       3.506528335159e-11 
 1854       3.506486946243e-11 
 1855       3.506267173418e-11 
 1856       3.505866041085e-11 
 1857       3.505280562647e-11 
 1858       3.504507740501e-11 
 1859       3.503544566014e-11 
 1860       3.502388019518e-11 
 1861       3.501035070289e-11 
 1862       3.499482676539e-11 
 1863       3.497727785397e-11 
 1864       3.495767332900e-11 
 1865       3.493598243973e-11 
 1866       3.491217432420e-11 
 1867       3.488621800908e-11 
 1868       3.485808240953e-11 
 1869       3.482773632907e-11 
 1870       3.479515596277e-11 
 1871       3.476034747135e-11 
 1872       3.472332458346e-11 
 1873       3.468410110853e-11 
 1874       3.464269093684e-11 
 1875       3.459910803965e-11 
 1876       3.455336646934e-11 
 1877       3.450548035951e-11 
 1878       3.445546392509e-11 
 1879       3.440333146248e-11 
 1880       3.434909734963e-11 
 1881       3.429277604620e-11 
 1882       3.423438209366e-11 
 1883       3.417393011540e-11 
 1884       3.411143481684e-11 
 1885       3.404691098559e-11 
 1886       3.398037349151e-11 
 1887       3.391183728687e-11 
 1888       3.384131740645e-11 
 1889       3.376882896766e-11 
 1890       3.369438717066e-11 
 1891       3.361800729846e-11 
 1892       3.353970471708e-11 
 1893       3.345949487561e-11 
 1894       3.337739330638e-11 
 1895       3.329341562504e-11 
 1896       3.320757753069e-11 
 1897       3.311989480602e-11 
 1898       3.303038331739e-11 
 1899       3.293905901495e-11 
 1900       3.284593793281e-11 
 1901       3.275103618908e-11 
 1902       3.265436998605e-11 
 1903       3.255595561027e-11 
 1904       3.245580943269e-11 
 1905       3.235394790876e-11 
 1906       3.225038757857e-11 
 1907       3.214514506694e-11 
 1908       3.203823708354e-11 
 1909       3.192968389715e-11 
 1910       3.181951978714e-11 
 1911       3.170778267232e-11 
 1912       3.159451064435e-11 
 1913       3.147974196796e-11 
 1914       3.136351508120e-11 
 1915       3.124586859563e-11 
 1916       3.112684129661e-11 
 1917       3.100647214348e-11 
 1918       3.088480026982e-11 
 1919       3.076186498368e-11 
 1920       3.063770576781e-11 
 1921       3.051236227986e-11 
 1922       3.038587435268e-11 
 1923       3.025828199449e-11 
 1924       3.012962538913e-11 
 1925       2.999994489630e-11 
 1926       2.986928105180e-11 
 1927       2.973767456772e-11 
 1928       2.960516633273e-11 
 1929       2.947179741227e-11 
 1930       2.933760904879e-11 
 1931       2.920264266199e-11 
 1932       2.906693984905e-11 
 1933       2.893054238484e-11 
 1934       2.879349222220e-11 
 1935       2.865583149213e-11 
 1936       2.851760250402e-11 
 1937       2.837884774591e-11 
 1938       2.823960988472e-11 
 1939       2.809993176645e-11 
 1940       2.795985641642e-11 
 1941       2.781942703954e-11 
 1942       2.767868702051e-11 
 1943       2.753767992404e-11 
 1944       2.739644949512e-11 
 1945       2.725503965919e-11 
 1946       2.711349452247e-11 
 1947       2.697185837207e-11 
 1948       2.683017374711e-11 
 1949       2.668847563527e-11 
 1950       2.654679723307e-11 
 1951       2.640517187129e-11 
 1952       2.626363301511e-11 
 1953       2.612221426435e-11 
 1954       2.598094935355e-11 
 1955       2.583987215222e-11 
 1956       2.569901666499e-11 
 1957       2.555841703174e-11 
 1958       2.541810752783e-11 
 1959       2.527812256422e-11 
 1960       2.513849668768e-11 
 1961       2.499926458094e-11 
 1962       2.486046106287e-11 
 1963       2.472212108862e-11 
 1964       2.458427974985e-11 
 1965       2.444697227485e-11 
 1966       2.431023402874e-11 
 1967       2.417410051361e-11 
 1968       2.403860736871e-11 
 1969       2.390379037065e-11 
 1970       2.376968543351e-11 
 1971       2.363632860905e-11 
 1972       2.350375608687e-11 
 1973       2.337200419460e-11 
 1974       2.324110939804e-11 
 1975       2.311110830133e-11 
 1976       2.298203764717e-11 
 1977       2.285393431693e-11 
 1978       2.272683533085e-11 
 1979       2.260077784821e-11 
 1980       2.247579916751e-11 
 1981       2.235193672662e-11 
 1982       2.222922810294e-11 
 1983       2.210771101363e-11 
 1984       2.198742331571e-11 
 1985       2.186840300628e-11 
 1986       2.175068822266e-11 
 1987       2.163431223632e-11 
 1988       2.151928839400e-11 
 1989       2.140562506600e-11 
 1990       2.129333064237e-11 
 1991       2.118241353295e-11 
 1992       2.107288216742e-11 
 1993       2.096474499522e-11 
 1994       2.085801048569e-11 
 1995       2.075268712800e-11 
 1996       2.064878343120e-11 
 1997       2.054630792424e-11 
 1998       2.044526915599e-11 
 1999       2.034567569525e-11 
 2000       2.024753613078e-11 
 2001       2.015085907130e-11 
 2002       2.005565314552e-11 
 2003       1.996192700219e-11 
 2004       1.986968931004e-11 
 2005       1.977894875789e-11 
 2006       1.968971405459e-11 
 2007       1.960199392911e-11 
 2008       1.951579713048e-11 
 2009       1.943113242788e-11 
 2010       1.934800861063e-11 
 2011       1.926643448821e-11 
 2012       1.918641889024e-11 
 2013       1.910797066660e-11 
 2014       1.903109868732e-11 
 2015       1.895581184271e-11 
 2016       1.888211904331e-11 
 2017       1.881002921993e-11 
 2018       1.873955132367e-11 
 2019       1.867069432596e-11 
 2020       1.860346721852e-11 
 2021       1.853787901344e-11 
 2022       1.847393874317e-11 
 2023       1.841165546053e-11 
 2024       1.835103823876e-11 
 2025       1.829209617150e-11 
 2026       1.823483405816e-11 
 2027       1.817923942578e-11 
 2028       1.812529541343e-11 
 2029       1.807298507829e-11 
 2030       1.802229139550e-11 
 2031       1.797319725810e-11 
 2032       1.792568547689e-11 
 2033       1.787973878035e-11 
 2034       1.783533981449e-11 
 2035       1.779247114281e-11 
 2036       1.775111524611e-11 
 2037       1.771125452246e-11 
 2038       1.767287128703e-11 
 2039       1.763594777202e-11 
 2040       1.760046612655e-11 
 2041       1.756640841654e-11 
 2042       1.753375662461e-11 
 2043       1.750249264996e-11 
 2044       1.747259830829e-11 
 2045       1.744405533166e-11 
 2046       1.741684536840e-11 
 2047       1.739094998302e-11 
 2048       1.736635065605e-11 
 2049       1.734302878400e-11 
 2050       1.732096567920e-11 
 2051       1.730014256971e-11 
 2052       1.728054059922e-11 
 2053       1.726214082694e-11 
 2054       1.724492422747e-11 
 2055       1.722887169073e-11 
 2056       1.721396402182e-11 
 2057       1.720018194095e-11 
 2058       1.718750608329e-11 
 2059       1.717591699888e-11 
 2060       1.716539515253e-11 
 2061       1.715592092371e-11 
 2062       1.714747460643e-11 
 2063       1.714003640915e-11 
 2064       1.713358645466e-11 
 2065       1.712810372624e-11 
 2066       1.712356289805e-11 
 2067       1.711993748210e-11 
 2068       1.711720087972e-11 
 2069       1.711532638149e-11 
 2070       1.711428716708e-11 
 2071       1.711405630514e-11 
 2072       1.711460675312e-11 
 2073       1.711591135715e-11 
 2074       1.711794285193e-11 
 2075       1.712067386054e-11 
 2076       1.712407689435e-11 
 2077       1.712812435288e-11 
 2078       1.713278852361e-11 
 2079       1.713804158192e-11 
 2080       1.714385559090e-11 
 2081       1.715020250122e-11 
 2082       1.715705415101e-11 
 2083       1.716438226571e-11 
 2084       1.717215845794e-11 
 2085       1.718035422735e-11 
 2086       1.718894096050e-11 
 2087       1.719788993072e-11 
 2088       1.720717229795e-11 
 2089       1.721675910865e-11 
 2090       1.722662129560e-11 
 2091       1.723672967783e-11 
 2092       1.724705496042e-11 
 2093       1.725756773441e-11 
 2094       1.726823847665e-11 
 2095       1.727903754965e-11 
 2096       1.728993520144e-11 
 2097       1.730090156547e-11 
 2098       1.731190666044e-11 
 2099       1.732292039015e-11 
 2100       1.733391254340e-11 
 2101       1.734485279385e-11 
 2102       1.735571069984e-11 
 2103       1.736645570431e-11 
 2104       1.737705934451e-11 
 2105       1.738750189842e-11 
 2106       1.739776578429e-11 
 2107       1.740783335491e-11 
 2108       1.741768689753e-11 
 2109       1.742730863375e-11 
 2110       1.743668071947e-11 
 2111       1.744578524481e-11 
 2112       1.745460423400e-11 
 2113       1.746311964538e-11 
 2114       1.747131337123e-11 
 2115       1.747916723776e-11 
 2116       1.748666300500e-11 
 2117       1.749378236672e-11 
 2118       1.750050695040e-11 
 2119       1.750681831708e-11 
 2120       1.751269796135e-11 
 2121       1.751812731122e-11 
 2122       1.752308772808e-11 
 2123       1.752756050660e-11 
 2124       1.753152687467e-11 
 2125       1.753496799331e-11 
 2126       1.753786495660e-11 
 2127       1.754019879160e-11 
 2128       1.754195045826e-11 
 2129       1.754310084938e-11 
 2130       1.754363079050e-11 
 2131       1.754352103981e-11 
 2132       1.754275228813e-11 
 2133       1.754130515876e-11 
 2134       1.753916020747e-11 
 2135       1.753629792238e-11 
 2136       1.753269872390e-11 
 2137       1.752834296464e-11 
 2138       1.752321092934e-11 
 2139       1.751728283482e-11 
 2140       1.751053882984e-11 
 2141       1.750295899507e-11 
 2142       1.749452334303e-11 
 2143       1.748521524536e-11 
 2144       1.747503174060e-11 
 2145       1.746397329666e-11 
 2146       1.745204038992e-11 
 2147       1.743923350512e-11 
 2148       1.742555313547e-11 
 2149       1.741099978261e-11 
 2150       1.739557395664e-11 
 2151       1.737927617613e-11 
 2152       1.736210696814e-11 
 2153       1.734406686820e-11 
 2154       1.732515642037e-11 
 2155       1.730537617723e-11 
 2156       1.728472669986e-11 
 2157       1.726320855793e-11 
 2158       1.724082232962e-11 
 2159       1.721756860171e-11 
 2160       1.719344796956e-11 
 2161       1.716846103709e-11 
 2162       1.714260841686e-11 
 2163       1.711589073003e-11 
 2164       1.708830860641e-11 
 2165       1.705986268441e-11 
 2166       1.703055361115e-11 
 2167       1.700038204237e-11 
 2168       1.696934864252e-11 
 2169       1.693745408471e-11 
 2170       1.690469905079e-11 
 2171       1.687108423131e-11 
 2172       1.683661032553e-11 
 2173       1.680127804148e-11 
 2174       1.676508809594e-11 
 2175       1.672804121443e-11 
 2176       1.669013813127e-11 
 2177       1.665137958956e-11 
 2178       1.661176634122e-11 
 2179       1.657129914696e-11 
 2180       1.652997877634e-11 
 2181       1.648780600773e-11 
 2182       1.644478388067e-11 
 2183       1.640092446912e-11 
 2184       1.635624215368e-11 
 2185       1.631075137345e-11 
 2186       1.626446662609e-11 
 2187       1.621740246794e-11 
 2188       1.616957351406e-11 
 2189       1.612099443828e-11 
 2190       1.607167997331e-11 
 2191       1.602164491078e-11 
 2192       1.597090410132e-11 
 2193       1.591947245462e-11 
 2194       1.586736493952e-11 
 2195       1.581459658405e-11 
 2196       1.576118247551e-11 
 2197       1.570713776057e-11 
 2198       1.565247764529e-11 
 2199       1.559721739521e-11 
 2200       1.554137233543e-11 
 2201       1.548495785067e-11 
 2202       1.542798938533e-11 
 2203       1.537048244357e-11 
 2204       1.531245258938e-11 
 2205       1.525391544664e-11 
 2206       1.519488669920e-11 
 2207       1.513538209095e-11 
 2208       1.507541742586e-11 
 2209       1.501500856810e-11 
 2210       1.495417144207e-11 
 2211       1.489292203246e-11 
 2212       1.483127638437e-11 
 2213       1.476925060334e-11 
 2214       1.470686085540e-11 
 2215       1.464412336722e-11 
 2216       1.458105442607e-11 
 2217       1.451767037998e-11 
 2218       1.445398763775e-11 
 2219       1.439002266907e-11 
 2220       1.432579200454e-11 
 2221       1.426131217367e-11 
 2222       1.419659951816e-11 
 2223       1.413167037754e-11 
 2224       1.406654115118e-11 
 2225       1.400122829841e-11 
 2226       1.393574833852e-11 
 2227       1.387011785090e-11 
 2228       1.380435347507e-11 
 2229       1.373847191072e-11 
 2230       1.367248991786e-11 
 2231       1.360642431678e-11 
 2232       1.354029198823e-11 
 2233       1.347410987340e-11 
 2234       1.340789497401e-11 
 2235       1.334166435241e-11 
 2236       1.327543513162e-11 
 2237       1.320922449540e-11 
 2238       1.314304968830e-11 
 2239       1.307692801579e-11 
 2240       1.301087684424e-11 
 2241       1.294491360106e-11 
 2242       1.287905577474e-11 
 2243       1.281332091489e-11 
 2244       1.274772663237e-11 
 2245       1.268229059930e-11 
 2246       1.261703054916e-11 
 2247       1.255196427685e-11 
 2248       1.248710963873e-11 
 2249       1.242248455276e-11 
 2250       1.235810699847e-11 
 2251       1.229399501712e-11 
 2252       1.223016671169e-11 
 2253       1.216664024701e-11 
 2254       1.210343384978e-11 
 2255       1.204056580869e-11 
 2256       1.197805447441e-11 
 2257       1.191591825974e-11 
 2258       1.185417563963e-11 
 2259       1.179284515125e-11 
 2260       1.173194354047e-11 
 2261       1.167148018791e-11 
 2262       1.161146264692e-11 
 2263       1.155189849391e-11 
 2264       1.149279532838e-11 
 2265       1.143416077297e-11 
 2266       1.137600247342e-11 
 2267       1.131832809868e-11 
 2268       1.126114534085e-11 
 2269       1.120446191526e-11 
 2270       1.114828556049e-11 
 2271       1.109262403836e-11 
 2272       1.103748513399e-11 
 2273       1.098287665579e-11 
 2274       1.092880643553e-11 
 2275       1.087528232832e-11 
 2276       1.082231221266e-11 
 2277       1.076990399043e-11 
 2278       1.071806558699e-11 
 2279       1.066680495110e-11 
 2280       1.061613005503e-11 
 2281       1.056604889455e-11 
 2282       1.051656948893e-11 
 2283       1.046769988103e-11 
 2284       1.041944813724e-11 
 2285       1.037182234758e-11 
 2286       1.032483062569e-11 
 2287       1.027848110883e-11 
 2288       1.023278195795e-11 
 2289       1.018774135769e-11 
 2290       1.014336751642e-11 
 2291       1.009966866623e-11 
 2292       1.005665306298e-11 
 2293       1.001432898634e-11 
 2294       9.972704739775e-12 
 2295       9.931788650588e-12 
 2296       9.891589069952e-12 
 2297       9.852114372922e-12 
 2298       9.813372958466e-12 
 2299       9.775371138372e-12 
 2300       9.738106789256e-12 
 2301       9.701575660177e-12 
 2302       9.665773480058e-12 
 2303       9.630695957658e-12 
 2304       9.596338781554e-12 
 2305       9.562697620111e-12 
 2306       9.529768121460e-12 
 2307       9.497545913475e-12 
 2308       9.466026603750e-12 
 2309       9.435205779574e-12 
 2310       9.405079007906e-12 
 2311       9.375641835352e-12 
 2312       9.346889788142e-12 
 2313       9.318818372105e-12 
 2314       9.291423072646e-12 
 2315       9.264699354721e-12 
 2316       9.238642662815e-12 
 2317       9.213248420916e-12 
 2318       9.188512032492e-12 
 2319       9.164428880467e-12 
 2320       9.140994327199e-12 
 2321       9.118203714451e-12 
 2322       9.096052363374e-12 
 2323       9.074535574479e-12 
 2324       9.053648627611e-12 
 2325       9.033386781931e-12 
 2326       9.013745275889e-12 
 2327       8.994719327197e-12 
 2328       8.976304132813e-12 
 2329       8.958494868907e-12 
 2330       8.941286690848e-12 
 2331       8.924674733170e-12 
 2332       8.908654109556e-12 
 2333       8.893219912809e-12 
 2334       8.878367214832e-12 
 2335       8.864091066599e-12 
 2336       8.850386498137e-12 
 2337       8.837248518499e-12 
 2338       8.824671131660e-12 
 2339       8.812644377518e-12 
 2340       8.801157272317e-12 
 2341       8.790198790999e-12 
 2342       8.779757867157e-12 
 2343       8.769823392990e-12 
 2344       8.760384219257e-12 
 2345       8.751429155233e-12 
 2346       8.742946968664e-12 
 2347       8.734926385718e-12 
 2348       8.727356090943e-12 
 2349       8.720224727221e-12 
 2350       8.713520895721e-12 
 2351       8.707233155854e-12 
 2352       8.701350025229e-12 
 2353       8.695859979606e-12 
 2354       8.690751452851e-12 
 2355       8.686012836891e-12 
 2356       8.681632481668e-12 
 2357       8.677598695092e-12 
 2358       8.673899742999e-12 
 2359       8.670523849104e-12 
 2360       8.667459194953e-12 
 2361       8.664693919882e-12 
 2362       8.662216120968e-12 
 2363       8.660013852984e-12 
 2364       8.658075128357e-12 
 2365       8.656387917117e-12 
 2366       8.654940146857e-12 
 2367       8.653719702681e-12 
 2368       8.652714427167e-12 
 2369       8.651912120314e-12 
 2370       8.651300539501e-12 
 2371       8.650867399438e-12 
 2372       8.650600372125e-12 
 2373       8.650487086803e-12 
 2374       8.650515129909e-12 
 2375       8.650672045032e-12 
 2376       8.650945332866e-12 
 2377       8.651322966040e-12 
 2378       8.651794937160e-12 
 2379       8.652351720208e-12 
 2380       8.652983756506e-12 
 2381       8.653681454676e-12 
 2382       8.654435190606e-12 
 2383       8.655235307418e-12 
 2384       8.656072115433e-12 
 2385       8.656935892132e-12 
 2386       8.657816882130e-12 
 2387       8.658705297131e-12 
 2388       8.659591315904e-12 
 2389       8.660465084238e-12 
 2390       8.661316714918e-12 
 2391       8.662136287682e-12 
 2392       8.662913849191e-12 
 2393       8.663639412993e-12 
 2394       8.664302959487e-12 
 2395       8.664894435893e-12 
 2396       8.665403756214e-12 
 2397       8.665820801199e-12 
 2398       8.666135418315e-12 
 2399       8.666337421707e-12 
 2400       8.666416592166e-12 
 2401       8.666362677095e-12 
 2402       8.666165390471e-12 
 2403       8.665814412814e-12 
 2404       8.665299391152e-12 
 2405       8.664609938985e-12 
 2406       8.663735636250e-12 
 2407       8.662666029289e-12 
 2408       8.661390630814e-12 
 2409       8.659898919870e-12 
 2410       8.658180341801e-12 
 2411       8.656224308219e-12 
 2412       8.654020196965e-12 
 2413       8.651557352078e-12 
 2414       8.648825083758e-12 
 2415       8.645812668332e-12 
 2416       8.642510718183e-12 
 2417       8.638915300677e-12 
 2418       8.635023844130e-12 
 2419       8.630833770104e-12 
 2420       8.626342493401e-12 
 2421       8.621547422056e-12 
 2422       8.616445957333e-12 
 2423       8.611035493713e-12 
 2424       8.605313418897e-12 
 2425       8.599277113788e-12 
 2426       8.592923952496e-12 
 2427       8.586251302323e-12 
 2428       8.579256523760e-12 
 2429       8.571936970483e-12 
 2430       8.564289989341e-12 
 2431       8.556312920354e-12 
 2432       8.548003096707e-12 
 2433       8.539357844739e-12 
 2434       8.530374483941e-12 
 2435       8.521050326948e-12 
 2436       8.511382679534e-12 
 2437       8.501368840603e-12 
 2438       8.491006102183e-12 
 2439       8.480291749424e-12 
 2440       8.469223060584e-12 
 2441       8.457797307030e-12 
 2442       8.446011753228e-12 
 2443       8.433863656735e-12 
 2444       8.421350268198e-12 
 2445       8.408468831341e-12 
 2446       8.395216582965e-12 
 2447       8.381590752935e-12 
 2448       8.367588564180e-12 
 2449       8.353207232683e-12 
 2450       8.338443967475e-12 
 2451       8.323295970628e-12 
 2452       8.307760437253e-12 
 2453       8.291834555486e-12 
 2454       8.275515506489e-12 
 2455       8.258801747021e-12 
 2456       8.241696865550e-12 
 2457       8.224205749124e-12 
 2458       8.206333302908e-12 
 2459       8.188084450189e-12 
 2460       8.169464132409e-12 
 2461       8.150477309172e-12 
 2462       8.131128958271e-12 
 2463       8.111424075705e-12 
 2464       8.091367675696e-12 
 2465       8.070964790713e-12 
 2466       8.050220471486e-12 
 2467       8.029139787026e-12 
 2468       8.007727824648e-12 
 2469       7.985989689986e-12 
 2470       7.963930507014e-12 
 2471       7.941555418065e-12 
 2472       7.918869583850e-12 
 2473       7.895878183477e-12 
 2474       7.872586414469e-12 
 2475       7.848999492787e-12 
 2476       7.825122652843e-12 
 2477       7.800961147526e-12 
 2478       7.776520248216e-12 
 2479       7.751805244805e-12 
 2480       7.726821445716e-12 
 2481       7.701574177923e-12 
 2482       7.676068786968e-12 
 2483       7.650310636982e-12 
 2484       7.624305110705e-12 
 2485       7.598057609502e-12 
 2486       7.571573553383e-12 
 2487       7.544858381027e-12 
 2488       7.517917549792e-12 
 2489       7.490756535743e-12 
 2490       7.463380833667e-12 
 2491       7.435795957090e-12 
 2492       7.408007438302e-12 
 2493       7.380020828372e-12 
 2494       7.351838167786e-12 
 2495       7.323447375694e-12 
 2496       7.294832798406e-12 
 2497       7.265978733065e-12 
 2498       7.236869427599e-12 
 2499       7.207489080675e-12 
 2500       7.177821841643e-12 
