# dimensionless total [l(l+1)/2pi] C_l's
# for l=2 to 2500, i.e. number of multipoles equal to 2499
#
# -> if you prefer output in CAMB/HealPix/LensPix units/order, set 'format' to 'camb' in input file
# -> if you don't want to see such a header, set 'headers' to 'no' in input file
#
# 1:l     2:TT                 
    2       3.206339112652e-10 
    3       2.944623428880e-10 
    4       2.721299308339e-10 
    5       2.543076884205e-10 
    6       2.400389484676e-10 
    7       2.283862048019e-10 
    8       2.187485952360e-10 
    9       2.106883829116e-10 
   10       2.038167357538e-10 
   11       1.979027440466e-10 
   12       1.928944867200e-10 
   13       1.885954143544e-10 
   14       1.849045943248e-10 
   15       1.817513538146e-10 
   16       1.791226298926e-10 
   17       1.769383783427e-10 
   18       1.751647021332e-10 
   19       1.738006703608e-10 
   20       1.727233847979e-10 
   21       1.719515758892e-10 
   22       1.714786395098e-10 
   23       1.712952673723e-10 
   24       1.713434027822e-10 
   25       1.716091314363e-10 
   26       1.720646959274e-10 
   27       1.727273330623e-10 
   28       1.735952043030e-10 
   29       1.746354618826e-10 
   30       1.758452687375e-10 
   31       1.772075356519e-10 
   32       1.786874551068e-10 
   33       1.802884405972e-10 
   34       1.820125430140e-10 
   35       1.838508060820e-10 
   36       1.858072494856e-10 
   37       1.878805019731e-10 
   38       1.900557076640e-10 
   39       1.923121702496e-10 
   40       1.946527396326e-10 
   41       1.970821616601e-10 
   42       1.995982651489e-10 
   43       2.021950127779e-10 
   44       2.048744083902e-10 
   45       2.076371512815e-10 
   46       2.104787921979e-10 
   47       2.133892874473e-10 
   48       2.163570901338e-10 
   49       2.193838280133e-10 
   50       2.224729970592e-10 
   51       2.256255764554e-10 
   52       2.288398141936e-10 
   53       2.321129228348e-10 
   54       2.354471722519e-10 
   55       2.388449899191e-10 
   56       2.423070565943e-10 
   57       2.458321720072e-10 
   58       2.494171205470e-10 
   59       2.530581338085e-10 
   60       2.567559798982e-10 
   61       2.605118207399e-10 
   62       2.643256405901e-10 
   63       2.681961658573e-10 
   64       2.721207849204e-10 
   65       2.760966738616e-10 
   66       2.801246308673e-10 
   67       2.842059129549e-10 
   68       2.883410561328e-10 
   69       2.925298289515e-10 
   70       2.967711860537e-10 
   71       3.010632217249e-10 
   72       3.054039667751e-10 
   73       3.097940594880e-10 
   74       3.142345058059e-10 
   75       3.187258546926e-10 
   76       3.232681709382e-10 
   77       3.278610079642e-10 
   78       3.325033806274e-10 
   79       3.371937380254e-10 
   80       3.419304856594e-10 
   81       3.467137161864e-10 
   82       3.515437310014e-10 
   83       3.564205008166e-10 
   84       3.613436486396e-10 
   85       3.663124327509e-10 
   86       3.713257296824e-10 
   87       3.763820171950e-10 
   88       3.814793572572e-10 
   89       3.866158551720e-10 
   90       3.917911566042e-10 
   91       3.970051551190e-10 
   92       4.022575271875e-10 
   93       4.075477222980e-10 
   94       4.128749530673e-10 
   95       4.182381853519e-10 
   96       4.236361283599e-10 
   97       4.290672247617e-10 
   98       4.345296408018e-10 
   99       4.400215651565e-10 
  100       4.455421751842e-10 
  101       4.510907898030e-10 
  102       4.566665668848e-10 
  103       4.622684971094e-10 
  104       4.678953978183e-10 
  105       4.735459068681e-10 
  106       4.792184764848e-10 
  107       4.849113671167e-10 
  108       4.906226412891e-10 
  109       4.963501574572e-10 
  110       5.020918238030e-10 
  111       5.078464097267e-10 
  112       5.136128271890e-10 
  113       5.193898765022e-10 
  114       5.251762427383e-10 
  115       5.309704921375e-10 
  116       5.367710685169e-10 
  117       5.425762896787e-10 
  118       5.483843438187e-10 
  119       5.541932859348e-10 
  120       5.600010342356e-10 
  121       5.658053665487e-10 
  122       5.716039167289e-10 
  123       5.773943782601e-10 
  124       5.831751491931e-10 
  125       5.889447548755e-10 
  126       5.947016454543e-10 
  127       6.004441939142e-10 
  128       6.061706941166e-10 
  129       6.118793588376e-10 
  130       6.175683178073e-10 
  131       6.232356157480e-10 
  132       6.288792104130e-10 
  133       6.344969706251e-10 
  134       6.400866743150e-10 
  135       6.456460065607e-10 
  136       6.511725576250e-10 
  137       6.566639896423e-10 
  138       6.621185602944e-10 
  139       6.675346498569e-10 
  140       6.729105965325e-10 
  141       6.782446955589e-10 
  142       6.835351983189e-10 
  143       6.887803114487e-10 
  144       6.939781959472e-10 
  145       6.991269662852e-10 
  146       7.042246895144e-10 
  147       7.092693843761e-10 
  148       7.142590204108e-10 
  149       7.191915170668e-10 
  150       7.240647428095e-10 
  151       7.288765142304e-10 
  152       7.336245951561e-10 
  153       7.383068375248e-10 
  154       7.429216206232e-10 
  155       7.474674511620e-10 
  156       7.519428250106e-10 
  157       7.563462270273e-10 
  158       7.606761308910e-10 
  159       7.649309989317e-10 
  160       7.691092819623e-10 
  161       7.732094191088e-10 
  162       7.772298376420e-10 
  163       7.811689528085e-10 
  164       7.850251676614e-10 
  165       7.887968728917e-10 
  166       7.924824466593e-10 
  167       7.960802544239e-10 
  168       7.995886487764e-10 
  169       8.030059692695e-10 
  170       8.063305422492e-10 
  171       8.095607860708e-10 
  172       8.126955369462e-10 
  173       8.157337500686e-10 
  174       8.186743969328e-10 
  175       8.215164655954e-10 
  176       8.242589609365e-10 
  177       8.269009049201e-10 
  178       8.294413368557e-10 
  179       8.318793136591e-10 
  180       8.342139101133e-10 
  181       8.364442191297e-10 
  182       8.385693520093e-10 
  183       8.405884387033e-10 
  184       8.425006280743e-10 
  185       8.443050881577e-10 
  186       8.460010064222e-10 
  187       8.475875900311e-10 
  188       8.490640661034e-10 
  189       8.504296819746e-10 
  190       8.516837054578e-10 
  191       8.528254842648e-10 
  192       8.538546287015e-10 
  193       8.547708432102e-10 
  194       8.555738688930e-10 
  195       8.562634839671e-10 
  196       8.568395042190e-10 
  197       8.573017834591e-10 
  198       8.576502139767e-10 
  199       8.578847269942e-10 
  200       8.580052931220e-10 
  201       8.580119228128e-10 
  202       8.579046668168e-10 
  203       8.576836166355e-10 
  204       8.573489049771e-10 
  205       8.569007062106e-10 
  206       8.563392368208e-10 
  207       8.556647558623e-10 
  208       8.548775654151e-10 
  209       8.539780110382e-10 
  210       8.529664822249e-10 
  211       8.518434128571e-10 
  212       8.506092816600e-10 
  213       8.492646105073e-10 
  214       8.478099582652e-10 
  215       8.462459274110e-10 
  216       8.445731665915e-10 
  217       8.427923710718e-10 
  218       8.409042831844e-10 
  219       8.389096927782e-10 
  220       8.368094376673e-10 
  221       8.346044040800e-10 
  222       8.322955271078e-10 
  223       8.298837911546e-10 
  224       8.273702303852e-10 
  225       8.247559291744e-10 
  226       8.220420225563e-10 
  227       8.192296966727e-10 
  228       8.163201892226e-10 
  229       8.133147899109e-10 
  230       8.102148408972e-10 
  231       8.070217372452e-10 
  232       8.037369273710e-10 
  233       8.003619134928e-10 
  234       7.968982520794e-10 
  235       7.933475542994e-10 
  236       7.897114864697e-10 
  237       7.859917705051e-10 
  238       7.821901046427e-10 
  239       7.783079193596e-10 
  240       7.743466075382e-10 
  241       7.703076031405e-10 
  242       7.661923814883e-10 
  243       7.620024595441e-10 
  244       7.577393961918e-10 
  245       7.534047925176e-10 
  246       7.490002920908e-10 
  247       7.445275812444e-10 
  248       7.399883893560e-10 
  249       7.353844891285e-10 
  250       7.307176968708e-10 
  251       7.259898727789e-10 
  252       7.212029212163e-10 
  253       7.163587909950e-10 
  254       7.114594756560e-10 
  255       7.065070137505e-10 
  256       7.015034891203e-10 
  257       6.964510311786e-10 
  258       6.913518151911e-10 
  259       6.862080625563e-10 
  260       6.810220410868e-10 
  261       6.757960652895e-10 
  262       6.705324966467e-10 
  263       6.652337438971e-10 
  264       6.599022633159e-10 
  265       6.545405589962e-10 
  266       6.491510346247e-10 
  267       6.437355393155e-10 
  268       6.382957976600e-10 
  269       6.328335560417e-10 
  270       6.273505826651e-10 
  271       6.218486675862e-10 
  272       6.163296227422e-10 
  273       6.107952819813e-10 
  274       6.052475010925e-10 
  275       5.996881578356e-10 
  276       5.941191519711e-10 
  277       5.885424052898e-10 
  278       5.829598616428e-10 
  279       5.773734869714e-10 
  280       5.717852693369e-10 
  281       5.661972189506e-10 
  282       5.606113682032e-10 
  283       5.550297716952e-10 
  284       5.494545062666e-10 
  285       5.438876710265e-10 
  286       5.383313873832e-10 
  287       5.327877990740e-10 
  288       5.272590721951e-10 
  289       5.217473952313e-10 
  290       5.162549790860e-10 
  291       5.107840571110e-10 
  292       5.053368851365e-10 
  293       4.999157415006e-10 
  294       4.945229270794e-10 
  295       4.891607653171e-10 
  296       4.838316022553e-10 
  297       4.785376315434e-10 
  298       4.732803599802e-10 
  299       4.680611159962e-10 
  300       4.628812221209e-10 
  301       4.577419947750e-10 
  302       4.526447440635e-10 
  303       4.475907735675e-10 
  304       4.425813801374e-10 
  305       4.376178536853e-10 
  306       4.327014769773e-10 
  307       4.278335254263e-10 
  308       4.230152668847e-10 
  309       4.182479614364e-10 
  310       4.135328611900e-10 
  311       4.088712100710e-10 
  312       4.042642436142e-10 
  313       3.997131887568e-10 
  314       3.952192636304e-10 
  315       3.907836773539e-10 
  316       3.864076298260e-10 
  317       3.820923115175e-10 
  318       3.778389032642e-10 
  319       3.736485760594e-10 
  320       3.695224908460e-10 
  321       3.654617983099e-10 
  322       3.614676386717e-10 
  323       3.575411414799e-10 
  324       3.536834254030e-10 
  325       3.498955980223e-10 
  326       3.461787556245e-10 
  327       3.425339829939e-10 
  328       3.389623532056e-10 
  329       3.354649274174e-10 
  330       3.320427546626e-10 
  331       3.286968716426e-10 
  332       3.254281958886e-10 
  333       3.222372005213e-10 
  334       3.191242248924e-10 
  335       3.160895796132e-10 
  336       3.131335462315e-10 
  337       3.102563769085e-10 
  338       3.074582940956e-10 
  339       3.047394902112e-10 
  340       3.021001273175e-10 
  341       2.995403367971e-10 
  342       2.970602190304e-10 
  343       2.946598430717e-10 
  344       2.923392463267e-10 
  345       2.900984342286e-10 
  346       2.879373799157e-10 
  347       2.858560239074e-10 
  348       2.838542737818e-10 
  349       2.819320038519e-10 
  350       2.800890548428e-10 
  351       2.783252335682e-10 
  352       2.766403126077e-10 
  353       2.750340299829e-10 
  354       2.735060888350e-10 
  355       2.720561571010e-10 
  356       2.706838671908e-10 
  357       2.693888156641e-10 
  358       2.681705629069e-10 
  359       2.670286328087e-10 
  360       2.659625124389e-10 
  361       2.649716517240e-10 
  362       2.640554631242e-10 
  363       2.632133213102e-10 
  364       2.624445628403e-10 
  365       2.617484858367e-10 
  366       2.611243496627e-10 
  367       2.605713745997e-10 
  368       2.600887415234e-10 
  369       2.596755915811e-10 
  370       2.593310258685e-10 
  371       2.590541687879e-10 
  372       2.588443615177e-10 
  373       2.587009754743e-10 
  374       2.586233490462e-10 
  375       2.586107873263e-10 
  376       2.586625618443e-10 
  377       2.587779102984e-10 
  378       2.589560362880e-10 
  379       2.591961090456e-10 
  380       2.594972631690e-10 
  381       2.598585983535e-10 
  382       2.602791791242e-10 
  383       2.607580345681e-10 
  384       2.612941580662e-10 
  385       2.618865070258e-10 
  386       2.625340026128e-10 
  387       2.632355294836e-10 
  388       2.639899355174e-10 
  389       2.647960315486e-10 
  390       2.656525910988e-10 
  391       2.665583501087e-10 
  392       2.675120066709e-10 
  393       2.685122207616e-10 
  394       2.695576139732e-10 
  395       2.706467692458e-10 
  396       2.717782306003e-10 
  397       2.729505028698e-10 
  398       2.741620514322e-10 
  399       2.754113019423e-10 
  400       2.766966400640e-10 
  401       2.780164112025e-10 
  402       2.793689202362e-10 
  403       2.807524312495e-10 
  404       2.821651672644e-10 
  405       2.836053099728e-10 
  406       2.850709994691e-10 
  407       2.865603339820e-10 
  408       2.880713696065e-10 
  409       2.896021200366e-10 
  410       2.911505562973e-10 
  411       2.927148202307e-10 
  412       2.942938738126e-10 
  413       2.958868722524e-10 
  414       2.974929521949e-10 
  415       2.991112316048e-10 
  416       3.007408096495e-10 
  417       3.023807665833e-10 
  418       3.040301636311e-10 
  419       3.056880428716e-10 
  420       3.073534271215e-10 
  421       3.090253198187e-10 
  422       3.107027049064e-10 
  423       3.123845467165e-10 
  424       3.140697898532e-10 
  425       3.157573590770e-10 
  426       3.174461591880e-10 
  427       3.191350749099e-10 
  428       3.208229707733e-10 
  429       3.225086909997e-10 
  430       3.241910593850e-10 
  431       3.258688791832e-10 
  432       3.275409329901e-10 
  433       3.292059826267e-10 
  434       3.308627690235e-10 
  435       3.325100121035e-10 
  436       3.341464106662e-10 
  437       3.357706422712e-10 
  438       3.373813631219e-10 
  439       3.389772079490e-10 
  440       3.405567898945e-10 
  441       3.421187003951e-10 
  442       3.436615090659e-10 
  443       3.451837635841e-10 
  444       3.466839895727e-10 
  445       3.481606904842e-10 
  446       3.496123474841e-10 
  447       3.510374193348e-10 
  448       3.524343422789e-10 
  449       3.538015299234e-10 
  450       3.551373731230e-10 
  451       3.564404685067e-10 
  452       3.577103124028e-10 
  453       3.589466290485e-10 
  454       3.601491439864e-10 
  455       3.613175840828e-10 
  456       3.624516775459e-10 
  457       3.635511539441e-10 
  458       3.646157442242e-10 
  459       3.656451807297e-10 
  460       3.666391972191e-10 
  461       3.675975288840e-10 
  462       3.685199123677e-10 
  463       3.694060857830e-10 
  464       3.702557887310e-10 
  465       3.710687623187e-10 
  466       3.718447491780e-10 
  467       3.725834934832e-10 
  468       3.732847409699e-10 
  469       3.739482389531e-10 
  470       3.745737363450e-10 
  471       3.751609836740e-10 
  472       3.757097331023e-10 
  473       3.762197384447e-10 
  474       3.766907551865e-10 
  475       3.771225405018e-10 
  476       3.775148532719e-10 
  477       3.778674541035e-10 
  478       3.781801053470e-10 
  479       3.784525711146e-10 
  480       3.786846172988e-10 
  481       3.788760115904e-10 
  482       3.790265234970e-10 
  483       3.791359243612e-10 
  484       3.792039873786e-10 
  485       3.792304876165e-10 
  486       3.792152020319e-10 
  487       3.791579094897e-10 
  488       3.790583907812e-10 
  489       3.789164286422e-10 
  490       3.787318077710e-10 
  491       3.785044247350e-10 
  492       3.782346212317e-10 
  493       3.779228607358e-10 
  494       3.775696195769e-10 
  495       3.771753870121e-10 
  496       3.767406652992e-10 
  497       3.762659697692e-10 
  498       3.757518288994e-10 
  499       3.751987843861e-10 
  500       3.746073912175e-10 
  501       3.739782177467e-10 
  502       3.733118457641e-10 
  503       3.726088705709e-10 
  504       3.718699010514e-10 
  505       3.710955597459e-10 
  506       3.702864829240e-10 
  507       3.694433206569e-10 
  508       3.685667368906e-10 
  509       3.676574095185e-10 
  510       3.667160304544e-10 
  511       3.657433057055e-10 
  512       3.647399554450e-10 
  513       3.637067140847e-10 
  514       3.626443303486e-10 
  515       3.615535673451e-10 
  516       3.604352026400e-10 
  517       3.592900283296e-10 
  518       3.581188511131e-10 
  519       3.569224923659e-10 
  520       3.557017882121e-10 
  521       3.544575895976e-10 
  522       3.531907623629e-10 
  523       3.519021873156e-10 
  524       3.505927603038e-10 
  525       3.492633922886e-10 
  526       3.479150094170e-10 
  527       3.465485530947e-10 
  528       3.451649800593e-10 
  529       3.437652624525e-10 
  530       3.423503878937e-10 
  531       3.409213086320e-10 
  532       3.394787873257e-10 
  533       3.380235471796e-10 
  534       3.365563225342e-10 
  535       3.350778589166e-10 
  536       3.335889130917e-10 
  537       3.320902531138e-10 
  538       3.305826583772e-10 
  539       3.290669196681e-10 
  540       3.275438392153e-10 
  541       3.260142307416e-10 
  542       3.244789195151e-10 
  543       3.229387424003e-10 
  544       3.213945479094e-10 
  545       3.198471962533e-10 
  546       3.182975593931e-10 
  547       3.167465210912e-10 
  548       3.151949769626e-10 
  549       3.136438345258e-10 
  550       3.120940132545e-10 
  551       3.105464446284e-10 
  552       3.090020721847e-10 
  553       3.074618515691e-10 
  554       3.059267505871e-10 
  555       3.043977492554e-10 
  556       3.028758398527e-10 
  557       3.013620269715e-10 
  558       2.998573275686e-10 
  559       2.983627710170e-10 
  560       2.968793991567e-10 
  561       2.954082663460e-10 
  562       2.939504395128e-10 
  563       2.925069982058e-10 
  564       2.910790346456e-10 
  565       2.896676537760e-10 
  566       2.882739733154e-10 
  567       2.868991238075e-10 
  568       2.855442486733e-10 
  569       2.842105042613e-10 
  570       2.828990598999e-10 
  571       2.816109555410e-10 
  572       2.803466706028e-10 
  573       2.791065442325e-10 
  574       2.778909167175e-10 
  575       2.767001294835e-10 
  576       2.755345250940e-10 
  577       2.743944472490e-10 
  578       2.732802407837e-10 
  579       2.721922516678e-10 
  580       2.711308270038e-10 
  581       2.700963150265e-10 
  582       2.690890651017e-10 
  583       2.681094277250e-10 
  584       2.671577545205e-10 
  585       2.662343982402e-10 
  586       2.653397127626e-10 
  587       2.644740530916e-10 
  588       2.636377753553e-10 
  589       2.628312368052e-10 
  590       2.620547958147e-10 
  591       2.613088118785e-10 
  592       2.605936456109e-10 
  593       2.599096587451e-10 
  594       2.592572141322e-10 
  595       2.586366757395e-10 
  596       2.580484086501e-10 
  597       2.574927790613e-10 
  598       2.569701542838e-10 
  599       2.564809027404e-10 
  600       2.560253939649e-10 
  601       2.556039986013e-10 
  602       2.552170884021e-10 
  603       2.548650362279e-10 
  604       2.545482160456e-10 
  605       2.542670029280e-10 
  606       2.540217730521e-10 
  607       2.538129036983e-10 
  608       2.536407732492e-10 
  609       2.535057611885e-10 
  610       2.534082481001e-10 
  611       2.533485025920e-10 
  612       2.533263391110e-10 
  613       2.533414519666e-10 
  614       2.533935276302e-10 
  615       2.534822446976e-10 
  616       2.536072738511e-10 
  617       2.537682778230e-10 
  618       2.539649113573e-10 
  619       2.541968211730e-10 
  620       2.544636459264e-10 
  621       2.547650161737e-10 
  622       2.551005543336e-10 
  623       2.554698746500e-10 
  624       2.558725831548e-10 
  625       2.563082776298e-10 
  626       2.567765475703e-10 
  627       2.572769741468e-10 
  628       2.578091301682e-10 
  629       2.583725800443e-10 
  630       2.589668797481e-10 
  631       2.595915767787e-10 
  632       2.602462101240e-10 
  633       2.609303102229e-10 
  634       2.616433989282e-10 
  635       2.623849894694e-10 
  636       2.631545864148e-10 
  637       2.639516856345e-10 
  638       2.647757742629e-10 
  639       2.656263306612e-10 
  640       2.665028243802e-10 
  641       2.674047161227e-10 
  642       2.683314577063e-10 
  643       2.692824920260e-10 
  644       2.702572530166e-10 
  645       2.712551656155e-10 
  646       2.722756457253e-10 
  647       2.733181001762e-10 
  648       2.743819266889e-10 
  649       2.754665138371e-10 
  650       2.765712410101e-10 
  651       2.776954759664e-10 
  652       2.788385675117e-10 
  653       2.799998525831e-10 
  654       2.811786586050e-10 
  655       2.823743034514e-10 
  656       2.835860954076e-10 
  657       2.848133331321e-10 
  658       2.860553056186e-10 
  659       2.873112921578e-10 
  660       2.885805622995e-10 
  661       2.898623758146e-10 
  662       2.911559826566e-10 
  663       2.924606229239e-10 
  664       2.937755268219e-10 
  665       2.950999146243e-10 
  666       2.964329966355e-10 
  667       2.977739731524e-10 
  668       2.991220344266e-10 
  669       3.004763606257e-10 
  670       3.018361217959e-10 
  671       3.032004778233e-10 
  672       3.045685783964e-10 
  673       3.059395629678e-10 
  674       3.073125607160e-10 
  675       3.086866905074e-10 
  676       3.100610608584e-10 
  677       3.114347698970e-10 
  678       3.128069053251e-10 
  679       3.141765443802e-10 
  680       3.155427537972e-10 
  681       3.169045897708e-10 
  682       3.182610979169e-10 
  683       3.196113132348e-10 
  684       3.209542600690e-10 
  685       3.222889520715e-10 
  686       3.236143921630e-10 
  687       3.249295724957e-10 
  688       3.262334744144e-10 
  689       3.275250684191e-10 
  690       3.288033141265e-10 
  691       3.300672588031e-10 
  692       3.313163353232e-10 
  693       3.325500704221e-10 
  694       3.337679866817e-10 
  695       3.349696025171e-10 
  696       3.361544321628e-10 
  697       3.373219856598e-10 
  698       3.384717688423e-10 
  699       3.396032833238e-10 
  700       3.407160264847e-10 
  701       3.418094914579e-10 
  702       3.428831671163e-10 
  703       3.439365380592e-10 
  704       3.449690845986e-10 
  705       3.459802827466e-10 
  706       3.469696042012e-10 
  707       3.479365163339e-10 
  708       3.488804821755e-10 
  709       3.498009604032e-10 
  710       3.506974053275e-10 
  711       3.515692668781e-10 
  712       3.524159905913e-10 
  713       3.532370175966e-10 
  714       3.540317846027e-10 
  715       3.547997238849e-10 
  716       3.555402632716e-10 
  717       3.562528261305e-10 
  718       3.569368313560e-10 
  719       3.575916933552e-10 
  720       3.582168220350e-10 
  721       3.588116227885e-10 
  722       3.593754964820e-10 
  723       3.599078394411e-10 
  724       3.604080434379e-10 
  725       3.608754956776e-10 
  726       3.613095787847e-10 
  727       3.617096707903e-10 
  728       3.620751451183e-10 
  729       3.624053705723e-10 
  730       3.626997113221e-10 
  731       3.629576449276e-10 
  732       3.631791190207e-10 
  733       3.633642017133e-10 
  734       3.635129642181e-10 
  735       3.636254808616e-10 
  736       3.637018290973e-10 
  737       3.637420895191e-10 
  738       3.637463458738e-10 
  739       3.637146850748e-10 
  740       3.636471972151e-10 
  741       3.635439755803e-10 
  742       3.634051166618e-10 
  743       3.632307201700e-10 
  744       3.630208890474e-10 
  745       3.627757294815e-10 
  746       3.624953509186e-10 
  747       3.621798660761e-10 
  748       3.618293909561e-10 
  749       3.614440448587e-10 
  750       3.610239503946e-10 
  751       3.605692334987e-10 
  752       3.600800234430e-10 
  753       3.595564528499e-10 
  754       3.589986577050e-10 
  755       3.584067773709e-10 
  756       3.577809545995e-10 
  757       3.571213355456e-10 
  758       3.564280697803e-10 
  759       3.557013103035e-10 
  760       3.549412135574e-10 
  761       3.541479394396e-10 
  762       3.533216513164e-10 
  763       3.524625160355e-10 
  764       3.515707039395e-10 
  765       3.506463888789e-10 
  766       3.496897482254e-10 
  767       3.487009628847e-10 
  768       3.476802173100e-10 
  769       3.466276995147e-10 
  770       3.455436010861e-10 
  771       3.444281692007e-10 
  772       3.432818637237e-10 
  773       3.421052031084e-10 
  774       3.408987126865e-10 
  775       3.396629246914e-10 
  776       3.383983782822e-10 
  777       3.371056195674e-10 
  778       3.357852016279e-10 
  779       3.344376845414e-10 
  780       3.330636354053e-10 
  781       3.316636283610e-10 
  782       3.302382446170e-10 
  783       3.287880724728e-10 
  784       3.273137073422e-10 
  785       3.258157517774e-10 
  786       3.242948154923e-10 
  787       3.227515153861e-10 
  788       3.211864755670e-10 
  789       3.196003273760e-10 
  790       3.179937094101e-10 
  791       3.163672675464e-10 
  792       3.147216549652e-10 
  793       3.130575321741e-10 
  794       3.113755670314e-10 
  795       3.096764347698e-10 
  796       3.079608180196e-10 
  797       3.062294068331e-10 
  798       3.044828987077e-10 
  799       3.027219986094e-10 
  800       3.009474189969e-10 
  801       2.991598798448e-10 
  802       2.973601086673e-10 
  803       2.955488405421e-10 
  804       2.937268181337e-10 
  805       2.918947917172e-10 
  806       2.900535192017e-10 
  807       2.882037661542e-10 
  808       2.863463058231e-10 
  809       2.844819191617e-10 
  810       2.826113948520e-10 
  811       2.807354867929e-10 
  812       2.788547856790e-10 
  813       2.769698451577e-10 
  814       2.750812241714e-10 
  815       2.731894869728e-10 
  816       2.712952031414e-10 
  817       2.693989475989e-10 
  818       2.675013006252e-10 
  819       2.656028478744e-10 
  820       2.637041803904e-10 
  821       2.618058946232e-10 
  822       2.599085924443e-10 
  823       2.580128811628e-10 
  824       2.561193735411e-10 
  825       2.542286878113e-10 
  826       2.523414476903e-10 
  827       2.504582823962e-10 
  828       2.485798266639e-10 
  829       2.467067207613e-10 
  830       2.448396105047e-10 
  831       2.429791472751e-10 
  832       2.411259880338e-10 
  833       2.392807953384e-10 
  834       2.374442373585e-10 
  835       2.356169878918e-10 
  836       2.337997263799e-10 
  837       2.319931379241e-10 
  838       2.301979133011e-10 
  839       2.284147489794e-10 
  840       2.266443471346e-10 
  841       2.248874156655e-10 
  842       2.231446682101e-10 
  843       2.214168241613e-10 
  844       2.197046086827e-10 
  845       2.180087527246e-10 
  846       2.163299930401e-10 
  847       2.146690722004e-10 
  848       2.130267386110e-10 
  849       2.114037465278e-10 
  850       2.098008560724e-10 
  851       2.082187375602e-10 
  852       2.066576826513e-10 
  853       2.051178882766e-10 
  854       2.035995518770e-10 
  855       2.021028714036e-10 
  856       2.006280453176e-10 
  857       1.991752725904e-10 
  858       1.977447527036e-10 
  859       1.963366856490e-10 
  860       1.949512719288e-10 
  861       1.935887125554e-10 
  862       1.922492090516e-10 
  863       1.909329634505e-10 
  864       1.896401782958e-10 
  865       1.883710566413e-10 
  866       1.871258020516e-10 
  867       1.859046186016e-10 
  868       1.847077108767e-10 
  869       1.835352839731e-10 
  870       1.823875434974e-10 
  871       1.812646955668e-10 
  872       1.801669468092e-10 
  873       1.790945043633e-10 
  874       1.780475758784e-10 
  875       1.770263695145e-10 
  876       1.760310939425e-10 
  877       1.750619583441e-10 
  878       1.741191724118e-10 
  879       1.732029463489e-10 
  880       1.723134908699e-10 
  881       1.714510171998e-10 
  882       1.706157370750e-10 
  883       1.698078627425e-10 
  884       1.690276069608e-10 
  885       1.682751829990e-10 
  886       1.675508046377e-10 
  887       1.668546861682e-10 
  888       1.661870423934e-10 
  889       1.655480886271e-10 
  890       1.649380406944e-10 
  891       1.643570389634e-10 
  892       1.638049190761e-10 
  893       1.632814374609e-10 
  894       1.627863469489e-10 
  895       1.623193967624e-10 
  896       1.618803325038e-10 
  897       1.614688961435e-10 
  898       1.610848260093e-10 
  899       1.607278567742e-10 
  900       1.603977194456e-10 
  901       1.600941413531e-10 
  902       1.598168461380e-10 
  903       1.595655537412e-10 
  904       1.593399803917e-10 
  905       1.591398385957e-10 
  906       1.589648371248e-10 
  907       1.588146810045e-10 
  908       1.586890715030e-10 
  909       1.585877061196e-10 
  910       1.585102785733e-10 
  911       1.584564787913e-10 
  912       1.584259928979e-10 
  913       1.584185032024e-10 
  914       1.584336881883e-10 
  915       1.584712225015e-10 
  916       1.585307769391e-10 
  917       1.586120184377e-10 
  918       1.587146100621e-10 
  919       1.588382109940e-10 
  920       1.589824765203e-10 
  921       1.591470580218e-10 
  922       1.593316029617e-10 
  923       1.595357548743e-10 
  924       1.597591533533e-10 
  925       1.600014340408e-10 
  926       1.602622286152e-10 
  927       1.605411647806e-10 
  928       1.608378662544e-10 
  929       1.611519527569e-10 
  930       1.614830399989e-10 
  931       1.618307317130e-10 
  932       1.621945956315e-10 
  933       1.625741871088e-10 
  934       1.629690570327e-10 
  935       1.633787518116e-10 
  936       1.638028133624e-10 
  937       1.642407790977e-10 
  938       1.646921819132e-10 
  939       1.651565501753e-10 
  940       1.656334077085e-10 
  941       1.661222737828e-10 
  942       1.666226631014e-10 
  943       1.671340857878e-10 
  944       1.676560473737e-10 
  945       1.681880487859e-10 
  946       1.687295863344e-10 
  947       1.692801516992e-10 
  948       1.698392319184e-10 
  949       1.704063093752e-10 
  950       1.709808617856e-10 
  951       1.715623621856e-10 
  952       1.721502789191e-10 
  953       1.727440756249e-10 
  954       1.733432112244e-10 
  955       1.739471399092e-10 
  956       1.745553111281e-10 
  957       1.751671695750e-10 
  958       1.757821551762e-10 
  959       1.763997030778e-10 
  960       1.770192436334e-10 
  961       1.776402023912e-10 
  962       1.782620000817e-10 
  963       1.788840526051e-10 
  964       1.795057710188e-10 
  965       1.801265615248e-10 
  966       1.807458254573e-10 
  967       1.813629592699e-10 
  968       1.819773545232e-10 
  969       1.825883978725e-10 
  970       1.831954710547e-10 
  971       1.837980060339e-10 
  972       1.843956513699e-10 
  973       1.849881083268e-10 
  974       1.855750759371e-10 
  975       1.861562509959e-10 
  976       1.867313280555e-10 
  977       1.872999994198e-10 
  978       1.878619551390e-10 
  979       1.884168830036e-10 
  980       1.889644685393e-10 
  981       1.895043950016e-10 
  982       1.900363433696e-10 
  983       1.905599923412e-10 
  984       1.910750183271e-10 
  985       1.915810954455e-10 
  986       1.920778955165e-10 
  987       1.925650880565e-10 
  988       1.930423402730e-10 
  989       1.935093170587e-10 
  990       1.939656809859e-10 
  991       1.944110923015e-10 
  992       1.948452089210e-10 
  993       1.952676864232e-10 
  994       1.956781780444e-10 
  995       1.960763346734e-10 
  996       1.964618048454e-10 
  997       1.968342347369e-10 
  998       1.971932681598e-10 
  999       1.975385465561e-10 
 1000       1.978697089926e-10 
 1001       1.981863921548e-10 
 1002       1.984882303419e-10 
 1003       1.987748554609e-10 
 1004       1.990458970214e-10 
 1005       1.993009821299e-10 
 1006       1.995397354841e-10 
 1007       1.997617793677e-10 
 1008       1.999667336448e-10 
 1009       2.001542157543e-10 
 1010       2.003238407041e-10 
 1011       2.004752913166e-10 
 1012       2.006085300857e-10 
 1013       2.007235903696e-10 
 1014       2.008205064203e-10 
 1015       2.008993133870e-10 
 1016       2.009600473179e-10 
 1017       2.010027451636e-10 
 1018       2.010274447796e-10 
 1019       2.010341849290e-10 
 1020       2.010230052852e-10 
 1021       2.009939464346e-10 
 1022       2.009470498795e-10 
 1023       2.008823580405e-10 
 1024       2.007999142593e-10 
 1025       2.006997628018e-10 
 1026       2.005819488601e-10 
 1027       2.004465185561e-10 
 1028       2.002935189432e-10 
 1029       2.001229980099e-10 
 1030       1.999350046820e-10 
 1031       1.997295888256e-10 
 1032       1.995068012495e-10 
 1033       1.992666937082e-10 
 1034       1.990093189046e-10 
 1035       1.987347304923e-10 
 1036       1.984429830790e-10 
 1037       1.981341322286e-10 
 1038       1.978082344642e-10 
 1039       1.974653472710e-10 
 1040       1.971055290984e-10 
 1041       1.967288393634e-10 
 1042       1.963353384529e-10 
 1043       1.959250877265e-10 
 1044       1.954981495193e-10 
 1045       1.950545871444e-10 
 1046       1.945944648961e-10 
 1047       1.941178480519e-10 
 1048       1.936248028757e-10 
 1049       1.931153966206e-10 
 1050       1.925896975313e-10 
 1051       1.920478106340e-10 
 1052       1.914899856469e-10 
 1053       1.909165105751e-10 
 1054       1.903276760660e-10 
 1055       1.897237754164e-10 
 1056       1.891051045785e-10 
 1057       1.884719621669e-10 
 1058       1.878246494647e-10 
 1059       1.871634704309e-10 
 1060       1.864887317062e-10 
 1061       1.858007426200e-10 
 1062       1.850998151970e-10 
 1063       1.843862641636e-10 
 1064       1.836604069547e-10 
 1065       1.829225637202e-10 
 1066       1.821730573316e-10 
 1067       1.814122133886e-10 
 1068       1.806403602257e-10 
 1069       1.798578289188e-10 
 1070       1.790649532919e-10 
 1071       1.782620699235e-10 
 1072       1.774495181533e-10 
 1073       1.766276400888e-10 
 1074       1.757967806119e-10 
 1075       1.749572873855e-10 
 1076       1.741095108601e-10 
 1077       1.732538042803e-10 
 1078       1.723905236915e-10 
 1079       1.715200279466e-10 
 1080       1.706426787122e-10 
 1081       1.697588404759e-10 
 1082       1.688688805521e-10 
 1083       1.679731690890e-10 
 1084       1.670720790754e-10 
 1085       1.661659863468e-10 
 1086       1.652552695924e-10 
 1087       1.643403103615e-10 
 1088       1.634214930702e-10 
 1089       1.624992050079e-10 
 1090       1.615738363439e-10 
 1091       1.606457630265e-10 
 1092       1.597152952150e-10 
 1093       1.587827281701e-10 
 1094       1.578483593036e-10 
 1095       1.569124881837e-10 
 1096       1.559754165392e-10 
 1097       1.550374482651e-10 
 1098       1.540988894269e-10 
 1099       1.531600482660e-10 
 1100       1.522212352040e-10 
 1101       1.512827628480e-10 
 1102       1.503449459953e-10 
 1103       1.494081016384e-10 
 1104       1.484725489697e-10 
 1105       1.475386093864e-10 
 1106       1.466066064956e-10 
 1107       1.456768661189e-10 
 1108       1.447497162974e-10 
 1109       1.438254872965e-10 
 1110       1.429045116110e-10 
 1111       1.419871239696e-10 
 1112       1.410736613401e-10 
 1113       1.401644629342e-10 
 1114       1.392598702121e-10 
 1115       1.383602268879e-10 
 1116       1.374658789339e-10 
 1117       1.365771745860e-10 
 1118       1.356944643481e-10 
 1119       1.348181009974e-10 
 1120       1.339484395889e-10 
 1121       1.330858374605e-10 
 1122       1.322306542378e-10 
 1123       1.313832518392e-10 
 1124       1.305439944802e-10 
 1125       1.297132486790e-10 
 1126       1.288913832608e-10 
 1127       1.280787693629e-10 
 1128       1.272757804396e-10 
 1129       1.264827922671e-10 
 1130       1.257001829483e-10 
 1131       1.249282845242e-10 
 1132       1.241672371145e-10 
 1133       1.234171329018e-10 
 1134       1.226780643551e-10 
 1135       1.219501242296e-10 
 1136       1.212334055672e-10 
 1137       1.205280016968e-10 
 1138       1.198340062348e-10 
 1139       1.191515130853e-10 
 1140       1.184806164404e-10 
 1141       1.178214107806e-10 
 1142       1.171739908753e-10 
 1143       1.165384517826e-10 
 1144       1.159148888504e-10 
 1145       1.153033977162e-10 
 1146       1.147040743075e-10 
 1147       1.141170148424e-10 
 1148       1.135423158296e-10 
 1149       1.129800740691e-10 
 1150       1.124303866522e-10 
 1151       1.118933509619e-10 
 1152       1.113690646735e-10 
 1153       1.108576257547e-10 
 1154       1.103591324660e-10 
 1155       1.098736833609e-10 
 1156       1.094013772866e-10 
 1157       1.089423133840e-10 
 1158       1.084965910880e-10 
 1159       1.080643101283e-10 
 1160       1.076455705292e-10 
 1161       1.072404726101e-10 
 1162       1.068491169861e-10 
 1163       1.064716045682e-10 
 1164       1.061080365632e-10 
 1165       1.057585144748e-10 
 1166       1.054231401034e-10 
 1167       1.051020155465e-10 
 1168       1.047952431993e-10 
 1169       1.045029257548e-10 
 1170       1.042251662043e-10 
 1171       1.039620268024e-10 
 1172       1.037134054022e-10 
 1173       1.034791575774e-10 
 1174       1.032591375143e-10 
 1175       1.030531980083e-10 
 1176       1.028611904609e-10 
 1177       1.026829648764e-10 
 1178       1.025183698583e-10 
 1179       1.023672526067e-10 
 1180       1.022294589144e-10 
 1181       1.021048331642e-10 
 1182       1.019932183252e-10 
 1183       1.018944559497e-10 
 1184       1.018083861701e-10 
 1185       1.017348476957e-10 
 1186       1.016736778090e-10 
 1187       1.016247123628e-10 
 1188       1.015877857771e-10 
 1189       1.015627310354e-10 
 1190       1.015493796818e-10 
 1191       1.015475618177e-10 
 1192       1.015571060983e-10 
 1193       1.015778397298e-10 
 1194       1.016095884657e-10 
 1195       1.016521766038e-10 
 1196       1.017054269829e-10 
 1197       1.017691609796e-10 
 1198       1.018431985050e-10 
 1199       1.019273580012e-10 
 1200       1.020214564387e-10 
 1201       1.021253093123e-10 
 1202       1.022387306388e-10 
 1203       1.023615329527e-10 
 1204       1.024935273040e-10 
 1205       1.026345232541e-10 
 1206       1.027843288730e-10 
 1207       1.029427507361e-10 
 1208       1.031095939205e-10 
 1209       1.032846620023e-10 
 1210       1.034677570530e-10 
 1211       1.036586732284e-10 
 1212       1.038571774572e-10 
 1213       1.040630285127e-10 
 1214       1.042759833960e-10 
 1215       1.044957973325e-10 
 1216       1.047222237674e-10 
 1217       1.049550143626e-10 
 1218       1.051939189926e-10 
 1219       1.054386857410e-10 
 1220       1.056890608963e-10 
 1221       1.059447889484e-10 
 1222       1.062056125848e-10 
 1223       1.064712726871e-10 
 1224       1.067415083264e-10 
 1225       1.070160567606e-10 
 1226       1.072946534297e-10 
 1227       1.075770319527e-10 
 1228       1.078629241234e-10 
 1229       1.081520599067e-10 
 1230       1.084441674352e-10 
 1231       1.087389730048e-10 
 1232       1.090362010714e-10 
 1233       1.093355742470e-10 
 1234       1.096368132959e-10 
 1235       1.099396371308e-10 
 1236       1.102437628094e-10 
 1237       1.105489055302e-10 
 1238       1.108547786289e-10 
 1239       1.111610935747e-10 
 1240       1.114675599666e-10 
 1241       1.117738855292e-10 
 1242       1.120797761095e-10 
 1243       1.123849356726e-10 
 1244       1.126890662984e-10 
 1245       1.129918681774e-10 
 1246       1.132930396072e-10 
 1247       1.135922769887e-10 
 1248       1.138892748222e-10 
 1249       1.141837257038e-10 
 1250       1.144753203214e-10 
 1251       1.147637740387e-10 
 1252       1.150489069947e-10 
 1253       1.153305649324e-10 
 1254       1.156085926949e-10 
 1255       1.158828342231e-10 
 1256       1.161531325546e-10 
 1257       1.164193298214e-10 
 1258       1.166812672484e-10 
 1259       1.169387851519e-10 
 1260       1.171917229372e-10 
 1261       1.174399190976e-10 
 1262       1.176832112123e-10 
 1263       1.179214359445e-10 
 1264       1.181544290402e-10 
 1265       1.183820253259e-10 
 1266       1.186040587070e-10 
 1267       1.188203621665e-10 
 1268       1.190307677627e-10 
 1269       1.192351066277e-10 
 1270       1.194332089657e-10 
 1271       1.196249040511e-10 
 1272       1.198100202270e-10 
 1273       1.199883849033e-10 
 1274       1.201598245551e-10 
 1275       1.203241647206e-10 
 1276       1.204812300000e-10 
 1277       1.206308440531e-10 
 1278       1.207728295980e-10 
 1279       1.209070084091e-10 
 1280       1.210332013156e-10 
 1281       1.211512281996e-10 
 1282       1.212609079945e-10 
 1283       1.213620586830e-10 
 1284       1.214544972957e-10 
 1285       1.215380399091e-10 
 1286       1.216125016440e-10 
 1287       1.216776966638e-10 
 1288       1.217334381725e-10 
 1289       1.217795384134e-10 
 1290       1.218158086670e-10 
 1291       1.218420952546e-10 
 1292       1.218583879991e-10 
 1293       1.218647129892e-10 
 1294       1.218610966862e-10 
 1295       1.218475659250e-10 
 1296       1.218241479147e-10 
 1297       1.217908702400e-10 
 1298       1.217477608615e-10 
 1299       1.216948481167e-10 
 1300       1.216321607211e-10 
 1301       1.215597277689e-10 
 1302       1.214775787335e-10 
 1303       1.213857434690e-10 
 1304       1.212842522106e-10 
 1305       1.211731355757e-10 
 1306       1.210524245644e-10 
 1307       1.209221505609e-10 
 1308       1.207823453337e-10 
 1309       1.206330410372e-10 
 1310       1.204742702119e-10 
 1311       1.203060657854e-10 
 1312       1.201284610737e-10 
 1313       1.199414897815e-10 
 1314       1.197451860033e-10 
 1315       1.195395842242e-10 
 1316       1.193247193208e-10 
 1317       1.191006265621e-10 
 1318       1.188673416103e-10 
 1319       1.186249005213e-10 
 1320       1.183733397465e-10 
 1321       1.181126961324e-10 
 1322       1.178430069226e-10 
 1323       1.175643097580e-10 
 1324       1.172766426776e-10 
 1325       1.169800441198e-10 
 1326       1.166745529230e-10 
 1327       1.163602083264e-10 
 1328       1.160370499709e-10 
 1329       1.157051179000e-10 
 1330       1.153644525608e-10 
 1331       1.150151140389e-10 
 1332       1.146572399953e-10 
 1333       1.142909883674e-10 
 1334       1.139165181956e-10 
 1335       1.135339896243e-10 
 1336       1.131435639046e-10 
 1337       1.127454033967e-10 
 1338       1.123396715714e-10 
 1339       1.119265330129e-10 
 1340       1.115061534203e-10 
 1341       1.110786996105e-10 
 1342       1.106443395198e-10 
 1343       1.102032422061e-10 
 1344       1.097555778515e-10 
 1345       1.093015177639e-10 
 1346       1.088412343794e-10 
 1347       1.083749012646e-10 
 1348       1.079026931185e-10 
 1349       1.074247857748e-10 
 1350       1.069413562040e-10 
 1351       1.064525825156e-10 
 1352       1.059586439601e-10 
 1353       1.054597209316e-10 
 1354       1.049559949693e-10 
 1355       1.044476487602e-10 
 1356       1.039348661410e-10 
 1357       1.034178321002e-10 
 1358       1.028967327807e-10 
 1359       1.023717554812e-10 
 1360       1.018430886590e-10 
 1361       1.013109219320e-10 
 1362       1.007754460807e-10 
 1363       1.002368530502e-10 
 1364       9.969533595314e-11 
 1365       9.915108907084e-11 
 1366       9.860430785614e-11 
 1367       9.805518893530e-11 
 1368       9.750393011023e-11 
 1369       9.695073036059e-11 
 1370       9.639578984598e-11 
 1371       9.583930262993e-11 
 1372       9.528143476263e-11 
 1373       9.472234596870e-11 
 1374       9.416219690586e-11 
 1375       9.360114916661e-11 
 1376       9.303936527993e-11 
 1377       9.247700871295e-11 
 1378       9.191424387269e-11 
 1379       9.135123610767e-11 
 1380       9.078815170969e-11 
 1381       9.022515791545e-11 
 1382       8.966242290831e-11 
 1383       8.910011581991e-11 
 1384       8.853840673190e-11 
 1385       8.797746667765e-11 
 1386       8.741746764388e-11 
 1387       8.685858257243e-11 
 1388       8.630098536187e-11 
 1389       8.574485086927e-11 
 1390       8.519035491182e-11 
 1391       8.463767426858e-11 
 1392       8.408698668213e-11 
 1393       8.353847086029e-11 
 1394       8.299230647778e-11 
 1395       8.244867417796e-11 
 1396       8.190775557445e-11 
 1397       8.136973325291e-11 
 1398       8.083479077265e-11 
 1399       8.030311266836e-11 
 1400       7.977488445181e-11 
 1401       7.925029261352e-11 
 1402       7.872952462447e-11 
 1403       7.821276893776e-11 
 1404       7.770021499034e-11 
 1405       7.719205320468e-11 
 1406       7.668847499047e-11 
 1407       7.618967274629e-11 
 1408       7.569583986133e-11 
 1409       7.520717071708e-11 
 1410       7.472386068899e-11 
 1411       7.424608200822e-11 
 1412       7.377391106962e-11 
 1413       7.330740037371e-11 
 1414       7.284660259849e-11 
 1415       7.239157059974e-11 
 1416       7.194235741118e-11 
 1417       7.149901624480e-11 
 1418       7.106160049099e-11 
 1419       7.063016371888e-11 
 1420       7.020475967650e-11 
 1421       6.978544229106e-11 
 1422       6.937226566918e-11 
 1423       6.896528409712e-11 
 1424       6.856455204102e-11 
 1425       6.817012414714e-11 
 1426       6.778205524209e-11 
 1427       6.740040033308e-11 
 1428       6.702521460815e-11 
 1429       6.665655343639e-11 
 1430       6.629447236822e-11 
 1431       6.593902713560e-11 
 1432       6.559027365225e-11 
 1433       6.524826801392e-11 
 1434       6.491306649862e-11 
 1435       6.458472556684e-11 
 1436       6.426330186181e-11 
 1437       6.394885220973e-11 
 1438       6.364143361999e-11 
 1439       6.334110328542e-11 
 1440       6.304791858256e-11 
 1441       6.276193707182e-11 
 1442       6.248321649781e-11 
 1443       6.221181478950e-11 
 1444       6.194779006050e-11 
 1445       6.169120060928e-11 
 1446       6.144210491943e-11 
 1447       6.120056165987e-11 
 1448       6.096662968508e-11 
 1449       6.074036803540e-11 
 1450       6.052183593718e-11 
 1451       6.031107127646e-11 
 1452       6.010802578197e-11 
 1453       5.991262918926e-11 
 1454       5.972481070704e-11 
 1455       5.954449901622e-11 
 1456       5.937162226890e-11 
 1457       5.920610808738e-11 
 1458       5.904788356318e-11 
 1459       5.889687525605e-11 
 1460       5.875300919299e-11 
 1461       5.861621086723e-11 
 1462       5.848640523729e-11 
 1463       5.836351672593e-11 
 1464       5.824746921922e-11 
 1465       5.813818606553e-11 
 1466       5.803559007452e-11 
 1467       5.793960351617e-11 
 1468       5.785014811981e-11 
 1469       5.776714507310e-11 
 1470       5.769051502105e-11 
 1471       5.762017806503e-11 
 1472       5.755605376180e-11 
 1473       5.749806112250e-11 
 1474       5.744611861167e-11 
 1475       5.740014414626e-11 
 1476       5.736005509464e-11 
 1477       5.732576827560e-11 
 1478       5.729719995740e-11 
 1479       5.727426585674e-11 
 1480       5.725688113778e-11 
 1481       5.724496041116e-11 
 1482       5.723841773303e-11 
 1483       5.723716660401e-11 
 1484       5.724111996825e-11 
 1485       5.725019021242e-11 
 1486       5.726428916472e-11 
 1487       5.728332809390e-11 
 1488       5.730721770827e-11 
 1489       5.733586815469e-11 
 1490       5.736918901761e-11 
 1491       5.740708428610e-11 
 1492       5.744943720279e-11 
 1493       5.749612526436e-11 
 1494       5.754702523869e-11 
 1495       5.760201316369e-11 
 1496       5.766096434597e-11 
 1497       5.772375335963e-11 
 1498       5.779025404497e-11 
 1499       5.786033950722e-11 
 1500       5.793388211532e-11 
 1501       5.801075350064e-11 
 1502       5.809082455571e-11 
 1503       5.817396543296e-11 
 1504       5.826004554347e-11 
 1505       5.834893355573e-11 
 1506       5.844049739432e-11 
 1507       5.853460423872e-11 
 1508       5.863112052200e-11 
 1509       5.872991192958e-11 
 1510       5.883084339797e-11 
 1511       5.893377911349e-11 
 1512       5.903858251106e-11 
 1513       5.914511627288e-11 
 1514       5.925324232720e-11 
 1515       5.936282184706e-11 
 1516       5.947371524903e-11 
 1517       5.958578219193e-11 
 1518       5.969888157561e-11 
 1519       5.981287153965e-11 
 1520       5.992760946211e-11 
 1521       6.004295195828e-11 
 1522       6.015875487944e-11 
 1523       6.027487331153e-11 
 1524       6.039116157397e-11 
 1525       6.050747321835e-11 
 1526       6.062366102719e-11 
 1527       6.073957701268e-11 
 1528       6.085507241539e-11 
 1529       6.096999770307e-11 
 1530       6.108420256932e-11 
 1531       6.119754763890e-11 
 1532       6.130993970827e-11 
 1533       6.142129683924e-11 
 1534       6.153153668231e-11 
 1535       6.164057647601e-11 
 1536       6.174833304628e-11 
 1537       6.185472280576e-11 
 1538       6.195966175317e-11 
 1539       6.206306547260e-11 
 1540       6.216484913291e-11 
 1541       6.226492748703e-11 
 1542       6.236321487128e-11 
 1543       6.245962520476e-11 
 1544       6.255407198867e-11 
 1545       6.264646830561e-11 
 1546       6.273672681898e-11 
 1547       6.282475977227e-11 
 1548       6.291047898844e-11 
 1549       6.299379586922e-11 
 1550       6.307462139447e-11 
 1551       6.315286612151e-11 
 1552       6.322844018448e-11 
 1553       6.330125329365e-11 
 1554       6.337121473477e-11 
 1555       6.343823336841e-11 
 1556       6.350221762931e-11 
 1557       6.356307552570e-11 
 1558       6.362071463864e-11 
 1559       6.367504212138e-11 
 1560       6.372596469867e-11 
 1561       6.377338866612e-11 
 1562       6.381721988953e-11 
 1563       6.385736380423e-11 
 1564       6.389372541443e-11 
 1565       6.392620929252e-11 
 1566       6.395471957847e-11 
 1567       6.397915997912e-11 
 1568       6.399943376754e-11 
 1569       6.401544378234e-11 
 1570       6.402709242707e-11 
 1571       6.403429910285e-11 
 1572       6.403705268538e-11 
 1573       6.403535953530e-11 
 1574       6.402922610932e-11 
 1575       6.401865896046e-11 
 1576       6.400366473820e-11 
 1577       6.398425018867e-11 
 1578       6.396042215485e-11 
 1579       6.393218757674e-11 
 1580       6.389955349157e-11 
 1581       6.386252703396e-11 
 1582       6.382111543611e-11 
 1583       6.377532602799e-11 
 1584       6.372516623755e-11 
 1585       6.367064359085e-11 
 1586       6.361176571230e-11 
 1587       6.354854032483e-11 
 1588       6.348097525006e-11 
 1589       6.340907840850e-11 
 1590       6.333285781972e-11 
 1591       6.325232160258e-11 
 1592       6.316747797535e-11 
 1593       6.307833525595e-11 
 1594       6.298490186211e-11 
 1595       6.288718631157e-11 
 1596       6.278519722225e-11 
 1597       6.267894331245e-11 
 1598       6.256843340103e-11 
 1599       6.245367640758e-11 
 1600       6.233468135264e-11 
 1601       6.221145735786e-11 
 1602       6.208401364620e-11 
 1603       6.195235954210e-11 
 1604       6.181650447169e-11 
 1605       6.167645796295e-11 
 1606       6.153222964590e-11 
 1607       6.138382925280e-11 
 1608       6.123126661834e-11 
 1609       6.107455167981e-11 
 1610       6.091369447728e-11 
 1611       6.074871547378e-11 
 1612       6.057967661797e-11 
 1613       6.040665056390e-11 
 1614       6.022971037732e-11 
 1615       6.004892953631e-11 
 1616       5.986438193199e-11 
 1617       5.967614186914e-11 
 1618       5.948428406688e-11 
 1619       5.928888365933e-11 
 1620       5.909001619628e-11 
 1621       5.888775764386e-11 
 1622       5.868218438515e-11 
 1623       5.847337322092e-11 
 1624       5.826140137024e-11 
 1625       5.804634647116e-11 
 1626       5.782828658137e-11 
 1627       5.760730017887e-11 
 1628       5.738346616261e-11 
 1629       5.715686385319e-11 
 1630       5.692757299349e-11 
 1631       5.669567374935e-11 
 1632       5.646124671022e-11 
 1633       5.622437288983e-11 
 1634       5.598513372687e-11 
 1635       5.574361108561e-11 
 1636       5.549988725661e-11 
 1637       5.525404495735e-11 
 1638       5.500616733291e-11 
 1639       5.475633795662e-11 
 1640       5.450464083074e-11 
 1641       5.425116038709e-11 
 1642       5.399598148777e-11 
 1643       5.373918942576e-11 
 1644       5.348086992563e-11 
 1645       5.322110914415e-11 
 1646       5.295999367103e-11 
 1647       5.269761052951e-11 
 1648       5.243404717706e-11 
 1649       5.216939150604e-11 
 1650       5.190373184435e-11 
 1651       5.163715482951e-11 
 1652       5.136973900894e-11 
 1653       5.110156118431e-11 
 1654       5.083269853350e-11 
 1655       5.056322861122e-11 
 1656       5.029322934955e-11 
 1657       5.002277905853e-11 
 1658       4.975195642671e-11 
 1659       4.948084052171e-11 
 1660       4.920951079084e-11 
 1661       4.893804706160e-11 
 1662       4.866652954230e-11 
 1663       4.839503882263e-11 
 1664       4.812365587418e-11 
 1665       4.785246205107e-11 
 1666       4.758153909046e-11 
 1667       4.731096911318e-11 
 1668       4.704083462425e-11 
 1669       4.677121851349e-11 
 1670       4.650220405604e-11 
 1671       4.623387491298e-11 
 1672       4.596631513185e-11 
 1673       4.569960914728e-11 
 1674       4.543384178150e-11 
 1675       4.516909824494e-11 
 1676       4.490546413679e-11 
 1677       4.464302544558e-11 
 1678       4.438186854973e-11 
 1679       4.412208021814e-11 
 1680       4.386374761075e-11 
 1681       4.360695827911e-11 
 1682       4.335180016693e-11 
 1683       4.309836161068e-11 
 1684       4.284673134017e-11 
 1685       4.259699847905e-11 
 1686       4.234925254546e-11 
 1687       4.210358345254e-11 
 1688       4.186008150906e-11 
 1689       4.161883741990e-11 
 1690       4.137994228673e-11 
 1691       4.114347686221e-11 
 1692       4.090947921022e-11 
 1693       4.067797676698e-11 
 1694       4.044899706206e-11 
 1695       4.022256771848e-11 
 1696       3.999871645284e-11 
 1697       3.977747107545e-11 
 1698       3.955885949040e-11 
 1699       3.934290969573e-11 
 1700       3.912964978354e-11 
 1701       3.891910794008e-11 
 1702       3.871131244590e-11 
 1703       3.850629167595e-11 
 1704       3.830407409970e-11 
 1705       3.810468828127e-11 
 1706       3.790816287954e-11 
 1707       3.771452664827e-11 
 1708       3.752380843620e-11 
 1709       3.733603718722e-11 
 1710       3.715124194044e-11 
 1711       3.696945183030e-11 
 1712       3.679069608675e-11 
 1713       3.661500403531e-11 
 1714       3.644240509721e-11 
 1715       3.627292878951e-11 
 1716       3.610660472522e-11 
 1717       3.594346261340e-11 
 1718       3.578353225932e-11 
 1719       3.562684356452e-11 
 1720       3.547342652698e-11 
 1721       3.532331124122e-11 
 1722       3.517652789841e-11 
 1723       3.503310678648e-11 
 1724       3.489307829029e-11 
 1725       3.475647289168e-11 
 1726       3.462332116964e-11 
 1727       3.449365380040e-11 
 1728       3.436750155756e-11 
 1729       3.424489531222e-11 
 1730       3.412586603305e-11 
 1731       3.401043448444e-11 
 1732       3.389858022521e-11 
 1733       3.379027234804e-11 
 1734       3.368547975747e-11 
 1735       3.358417116953e-11 
 1736       3.348631511153e-11 
 1737       3.339187992172e-11 
 1738       3.330083374900e-11 
 1739       3.321314455262e-11 
 1740       3.312878010191e-11 
 1741       3.304770797597e-11 
 1742       3.296989556339e-11 
 1743       3.289531006192e-11 
 1744       3.282391847823e-11 
 1745       3.275568762756e-11 
 1746       3.269058413347e-11 
 1747       3.262857442753e-11 
 1748       3.256962474903e-11 
 1749       3.251370114466e-11 
 1750       3.246076946826e-11 
 1751       3.241079538050e-11 
 1752       3.236374434858e-11 
 1753       3.231958164597e-11 
 1754       3.227827235206e-11 
 1755       3.223978135193e-11 
 1756       3.220407333600e-11 
 1757       3.217111279979e-11 
 1758       3.214086404357e-11 
 1759       3.211329117210e-11 
 1760       3.208835809434e-11 
 1761       3.206602852315e-11 
 1762       3.204626597497e-11 
 1763       3.202903376956e-11 
 1764       3.201429502970e-11 
 1765       3.200201268088e-11 
 1766       3.199214945104e-11 
 1767       3.198466787021e-11 
 1768       3.197953027031e-11 
 1769       3.197669878476e-11 
 1770       3.197613534826e-11 
 1771       3.197779858570e-11 
 1772       3.198163445158e-11 
 1773       3.198758551266e-11 
 1774       3.199559405130e-11 
 1775       3.200560206504e-11 
 1776       3.201755126622e-11 
 1777       3.203138308150e-11 
 1778       3.204703865153e-11 
 1779       3.206445883044e-11 
 1780       3.208358418554e-11 
 1781       3.210435499681e-11 
 1782       3.212671125654e-11 
 1783       3.215059266889e-11 
 1784       3.217593864950e-11 
 1785       3.220268832507e-11 
 1786       3.223078053294e-11 
 1787       3.226015382067e-11 
 1788       3.229074644567e-11 
 1789       3.232249637472e-11 
 1790       3.235534128362e-11 
 1791       3.238921855673e-11 
 1792       3.242406528659e-11 
 1793       3.245981827349e-11 
 1794       3.249641402507e-11 
 1795       3.253378875589e-11 
 1796       3.257187838703e-11 
 1797       3.261061854567e-11 
 1798       3.264994456469e-11 
 1799       3.268979148223e-11 
 1800       3.273009404132e-11 
 1801       3.277078668942e-11 
 1802       3.281180357804e-11 
 1803       3.285307856232e-11 
 1804       3.289454520060e-11 
 1805       3.293613675405e-11 
 1806       3.297778618619e-11 
 1807       3.301942616254e-11 
 1808       3.306098905017e-11 
 1809       3.310240691733e-11 
 1810       3.314361153296e-11 
 1811       3.318453918957e-11 
 1812       3.322514521498e-11 
 1813       3.326538957698e-11 
 1814       3.330523207052e-11 
 1815       3.334463231751e-11 
 1816       3.338354976653e-11 
 1817       3.342194369265e-11 
 1818       3.345977319713e-11 
 1819       3.349699720724e-11 
 1820       3.353357447602e-11 
 1821       3.356946358197e-11 
 1822       3.360462292893e-11 
 1823       3.363901074575e-11 
 1824       3.367258508609e-11 
 1825       3.370530382817e-11 
 1826       3.373712467458e-11 
 1827       3.376800515196e-11 
 1828       3.379790261085e-11 
 1829       3.382677422539e-11 
 1830       3.385457699311e-11 
 1831       3.388126773471e-11 
 1832       3.390680309378e-11 
 1833       3.393113953660e-11 
 1834       3.395423335190e-11 
 1835       3.397604065060e-11 
 1836       3.399651736560e-11 
 1837       3.401561925152e-11 
 1838       3.403330188451e-11 
 1839       3.404952066193e-11 
 1840       3.406423080220e-11 
 1841       3.407738734452e-11 
 1842       3.408894514864e-11 
 1843       3.409885889461e-11 
 1844       3.410708308258e-11 
 1845       3.411357203252e-11 
 1846       3.411827988403e-11 
 1847       3.412116059605e-11 
 1848       3.412216794668e-11 
 1849       3.412125553290e-11 
 1850       3.411837677034e-11 
 1851       3.411349280807e-11 
 1852       3.410659634171e-11 
 1853       3.409768798811e-11 
 1854       3.408676838745e-11 
 1855       3.407383820332e-11 
 1856       3.405889812274e-11 
 1857       3.404194885621e-11 
 1858       3.402299113773e-11 
 1859       3.400202572487e-11 
 1860       3.397905339879e-11 
 1861       3.395407496430e-11 
 1862       3.392709124986e-11 
 1863       3.389810310767e-11 
 1864       3.386711141369e-11 
 1865       3.383411706767e-11 
 1866       3.379912099321e-11 
 1867       3.376212413777e-11 
 1868       3.372312747276e-11 
 1869       3.368213199353e-11 
 1870       3.363913871945e-11 
 1871       3.359414869392e-11 
 1872       3.354716298443e-11 
 1873       3.349818268260e-11 
 1874       3.344720890420e-11 
 1875       3.339424278923e-11 
 1876       3.333928550191e-11 
 1877       3.328233823076e-11 
 1878       3.322340218865e-11 
 1879       3.316247861277e-11 
 1880       3.309956876476e-11 
 1881       3.303467393070e-11 
 1882       3.296779542115e-11 
 1883       3.289893457121e-11 
 1884       3.282809274055e-11 
 1885       3.275527131346e-11 
 1886       3.268047169887e-11 
 1887       3.260369533042e-11 
 1888       3.252494366646e-11 
 1889       3.244421819014e-11 
 1890       3.236152040941e-11 
 1891       3.227685703515e-11 
 1892       3.219025555911e-11 
 1893       3.210174879664e-11 
 1894       3.201136971971e-11 
 1895       3.191915145717e-11 
 1896       3.182512729498e-11 
 1897       3.172933067637e-11 
 1898       3.163179520211e-11 
 1899       3.153255463068e-11 
 1900       3.143164287851e-11 
 1901       3.132909402020e-11 
 1902       3.122494228871e-11 
 1903       3.111922207559e-11 
 1904       3.101196793119e-11 
 1905       3.090321456488e-11 
 1906       3.079299684526e-11 
 1907       3.068134980038e-11 
 1908       3.056830861792e-11 
 1909       3.045390864547e-11 
 1910       3.033818539068e-11 
 1911       3.022117452153e-11 
 1912       3.010291186647e-11 
 1913       2.998343341474e-11 
 1914       2.986277531647e-11 
 1915       2.974097388297e-11 
 1916       2.961806558695e-11 
 1917       2.949408706266e-11 
 1918       2.936907510618e-11 
 1919       2.924306667560e-11 
 1920       2.911609889124e-11 
 1921       2.898820903588e-11 
 1922       2.885943455492e-11 
 1923       2.872981305667e-11 
 1924       2.859938231253e-11 
 1925       2.846818025716e-11 
 1926       2.833624498878e-11 
 1927       2.820361476933e-11 
 1928       2.807032802468e-11 
 1929       2.793642334488e-11 
 1930       2.780193948433e-11 
 1931       2.766691492121e-11 
 1932       2.753138653151e-11 
 1933       2.739539090536e-11 
 1934       2.725896478715e-11 
 1935       2.712214507572e-11 
 1936       2.698496882456e-11 
 1937       2.684747324200e-11 
 1938       2.670969569146e-11 
 1939       2.657167369158e-11 
 1940       2.643344491646e-11 
 1941       2.629504719587e-11 
 1942       2.615651851543e-11 
 1943       2.601789701679e-11 
 1944       2.587922099789e-11 
 1945       2.574052891310e-11 
 1946       2.560185937346e-11 
 1947       2.546325114685e-11 
 1948       2.532474315821e-11 
 1949       2.518637448974e-11 
 1950       2.504818438110e-11 
 1951       2.491021222959e-11 
 1952       2.477249759038e-11 
 1953       2.463508017669e-11 
 1954       2.449799986000e-11 
 1955       2.436129667023e-11 
 1956       2.422501079598e-11 
 1957       2.408918258469e-11 
 1958       2.395385254286e-11 
 1959       2.381906133625e-11 
 1960       2.368484979008e-11 
 1961       2.355125888921e-11 
 1962       2.341832977838e-11 
 1963       2.328610376237e-11 
 1964       2.315462230622e-11 
 1965       2.302392703544e-11 
 1966       2.289405973618e-11 
 1967       2.276506235546e-11 
 1968       2.263697700136e-11 
 1969       2.250984594320e-11 
 1970       2.238371161178e-11 
 1971       2.225861200415e-11 
 1972       2.213456686037e-11 
 1973       2.201159138453e-11 
 1974       2.188970083083e-11 
 1975       2.176891050371e-11 
 1976       2.164923575787e-11 
 1977       2.153069199832e-11 
 1978       2.141329468046e-11 
 1979       2.129705931013e-11 
 1980       2.118200144366e-11 
 1981       2.106813668794e-11 
 1982       2.095548070049e-11 
 1983       2.084404918947e-11 
 1984       2.073385791380e-11 
 1985       2.062492268317e-11 
 1986       2.051725935814e-11 
 1987       2.041088385014e-11 
 1988       2.030581212160e-11 
 1989       2.020206018595e-11 
 1990       2.009964410770e-11 
 1991       1.999858000251e-11 
 1992       1.989888403724e-11 
 1993       1.980057242999e-11 
 1994       1.970366145019e-11 
 1995       1.960816741861e-11 
 1996       1.951410670749e-11 
 1997       1.942149574054e-11 
 1998       1.933035099300e-11 
 1999       1.924068899175e-11 
 2000       1.915252631531e-11 
 2001       1.906587959392e-11 
 2002       1.898076550961e-11 
 2003       1.889720079624e-11 
 2004       1.881520223957e-11 
 2005       1.873478667731e-11 
 2006       1.865597099919e-11 
 2007       1.857877214701e-11 
 2008       1.850320711468e-11 
 2009       1.842929294833e-11 
 2010       1.835704674630e-11 
 2011       1.828648080796e-11 
 2012       1.821758804112e-11 
 2013       1.815035644852e-11 
 2014       1.808477396937e-11 
 2015       1.802082847928e-11 
 2016       1.795850779016e-11 
 2017       1.789779965016e-11 
 2018       1.783869174357e-11 
 2019       1.778117169072e-11 
 2020       1.772522704792e-11 
 2021       1.767084530735e-11 
 2022       1.761801389702e-11 
 2023       1.756672018061e-11 
 2024       1.751695145746e-11 
 2025       1.746869496243e-11 
 2026       1.742193786585e-11 
 2027       1.737666727340e-11 
 2028       1.733287022606e-11 
 2029       1.729053370000e-11 
 2030       1.724964460652e-11 
 2031       1.721018979192e-11 
 2032       1.717215603747e-11 
 2033       1.713553005926e-11 
 2034       1.710029850819e-11 
 2035       1.706644796981e-11 
 2036       1.703396496429e-11 
 2037       1.700283594631e-11 
 2038       1.697304730498e-11 
 2039       1.694458536373e-11 
 2040       1.691743638028e-11 
 2041       1.689158654651e-11 
 2042       1.686702198836e-11 
 2043       1.684372876580e-11 
 2044       1.682169287271e-11 
 2045       1.680090023679e-11 
 2046       1.678133671947e-11 
 2047       1.676298811587e-11 
 2048       1.674584015466e-11 
 2049       1.672987849799e-11 
 2050       1.671508874143e-11 
 2051       1.670145457146e-11 
 2052       1.668895222385e-11 
 2053       1.667755598558e-11 
 2054       1.666724003350e-11 
 2055       1.665797843416e-11 
 2056       1.664974514374e-11 
 2057       1.664251400785e-11 
 2058       1.663625876142e-11 
 2059       1.663095302854e-11 
 2060       1.662657032236e-11 
 2061       1.662308404492e-11 
 2062       1.662046748702e-11 
 2063       1.661869382808e-11 
 2064       1.661773613601e-11 
 2065       1.661756736707e-11 
 2066       1.661816036573e-11 
 2067       1.661948786451e-11 
 2068       1.662152248389e-11 
 2069       1.662423673213e-11 
 2070       1.662760300514e-11 
 2071       1.663159358637e-11 
 2072       1.663618064662e-11 
 2073       1.664133624396e-11 
 2074       1.664703232354e-11 
 2075       1.665324071749e-11 
 2076       1.665993314477e-11 
 2077       1.666708121102e-11 
 2078       1.667465640843e-11 
 2079       1.668263011560e-11 
 2080       1.669097359743e-11 
 2081       1.669965800492e-11 
 2082       1.670865437508e-11 
 2083       1.671793363081e-11 
 2084       1.672746658069e-11 
 2085       1.673722391891e-11 
 2086       1.674717622509e-11 
 2087       1.675729396416e-11 
 2088       1.676754748625e-11 
 2089       1.677790702647e-11 
 2090       1.678834270486e-11 
 2091       1.679882628290e-11 
 2092       1.680933644695e-11 
 2093       1.681985356152e-11 
 2094       1.683035791587e-11 
 2095       1.684082972390e-11 
 2096       1.685124912405e-11 
 2097       1.686159617925e-11 
 2098       1.687185087678e-11 
 2099       1.688199312821e-11 
 2100       1.689200276932e-11 
 2101       1.690185955998e-11 
 2102       1.691154318408e-11 
 2103       1.692103324943e-11 
 2104       1.693030928766e-11 
 2105       1.693935075419e-11 
 2106       1.694813702804e-11 
 2107       1.695664741183e-11 
 2108       1.696486113165e-11 
 2109       1.697275733696e-11 
 2110       1.698031510053e-11 
 2111       1.698751341833e-11 
 2112       1.699433120944e-11 
 2113       1.700074731597e-11 
 2114       1.700674050296e-11 
 2115       1.701228945830e-11 
 2116       1.701737279264e-11 
 2117       1.702196903929e-11 
 2118       1.702605665412e-11 
 2119       1.702961401551e-11 
 2120       1.703261942421e-11 
 2121       1.703505110332e-11 
 2122       1.703688719809e-11 
 2123       1.703810577595e-11 
 2124       1.703868482634e-11 
 2125       1.703860226065e-11 
 2126       1.703783591213e-11 
 2127       1.703636353579e-11 
 2128       1.703416280832e-11 
 2129       1.703121132798e-11 
 2130       1.702748661456e-11 
 2131       1.702296955320e-11 
 2132       1.701765475219e-11 
 2133       1.701154025616e-11 
 2134       1.700462410859e-11 
 2135       1.699690435179e-11 
 2136       1.698837902693e-11 
 2137       1.697904617399e-11 
 2138       1.696890383182e-11 
 2139       1.695795003810e-11 
 2140       1.694618282934e-11 
 2141       1.693360024092e-11 
 2142       1.692020030705e-11 
 2143       1.690598106080e-11 
 2144       1.689094053407e-11 
 2145       1.687507675761e-11 
 2146       1.685838776105e-11 
 2147       1.684087157284e-11 
 2148       1.682252622028e-11 
 2149       1.680334972954e-11 
 2150       1.678334012564e-11 
 2151       1.676249543245e-11 
 2152       1.674081367269e-11 
 2153       1.671829286796e-11 
 2154       1.669493103869e-11 
 2155       1.667072620419e-11 
 2156       1.664567638261e-11 
 2157       1.661977959098e-11 
 2158       1.659303384518e-11 
 2159       1.656543715996e-11 
 2160       1.653698754893e-11 
 2161       1.650768302457e-11 
 2162       1.647752159821e-11 
 2163       1.644650128007e-11 
 2164       1.641462007922e-11 
 2165       1.638187600361e-11 
 2166       1.634826706005e-11 
 2167       1.631379125423e-11 
 2168       1.627844659071e-11 
 2169       1.624223107291e-11 
 2170       1.620514270316e-11 
 2171       1.616718200815e-11 
 2172       1.612835963429e-11 
 2173       1.608868880357e-11 
 2174       1.604818279281e-11 
 2175       1.600685493370e-11 
 2176       1.596471861288e-11 
 2177       1.592178727196e-11 
 2178       1.587807440765e-11 
 2179       1.583359357178e-11 
 2180       1.578835837138e-11 
 2181       1.574238246874e-11 
 2182       1.569567958148e-11 
 2183       1.564826348262e-11 
 2184       1.560014800064e-11 
 2185       1.555134701953e-11 
 2186       1.550187447890e-11 
 2187       1.545174437397e-11 
 2188       1.540097075573e-11 
 2189       1.534956773092e-11 
 2190       1.529754946216e-11 
 2191       1.524493016795e-11 
 2192       1.519172412281e-11 
 2193       1.513794565728e-11 
 2194       1.508360915803e-11 
 2195       1.502872906790e-11 
 2196       1.497331988596e-11 
 2197       1.491739616762e-11 
 2198       1.486097252463e-11 
 2199       1.480406362520e-11 
 2200       1.474668419404e-11 
 2201       1.468884901242e-11 
 2202       1.463057291826e-11 
 2203       1.457187080617e-11 
 2204       1.451275762753e-11 
 2205       1.445324839053e-11 
 2206       1.439335816029e-11 
 2207       1.433310205887e-11 
 2208       1.427249526536e-11 
 2209       1.421155301595e-11 
 2210       1.415029060396e-11 
 2211       1.408872351934e-11 
 2212       1.402686786780e-11 
 2213       1.396473995458e-11 
 2214       1.390235614533e-11 
 2215       1.383973286624e-11 
 2216       1.377688660410e-11 
 2217       1.371383390632e-11 
 2218       1.365059138107e-11 
 2219       1.358717569727e-11 
 2220       1.352360358474e-11 
 2221       1.345989183421e-11 
 2222       1.339605729742e-11 
 2223       1.333211688715e-11 
 2224       1.326808757735e-11 
 2225       1.320398640315e-11 
 2226       1.313983046097e-11 
 2227       1.307563690855e-11 
 2228       1.301142296506e-11 
 2229       1.294720591115e-11 
 2230       1.288300308899e-11 
 2231       1.281883190241e-11 
 2232       1.275470981688e-11 
 2233       1.269065435965e-11 
 2234       1.262668311980e-11 
 2235       1.256281374828e-11 
 2236       1.249906395800e-11 
 2237       1.243545152393e-11 
 2238       1.237199428309e-11 
 2239       1.230871013471e-11 
 2240       1.224561704022e-11 
 2241       1.218273302338e-11 
 2242       1.212007617030e-11 
 2243       1.205766462955e-11 
 2244       1.199551661220e-11 
 2245       1.193365039190e-11 
 2246       1.187208430494e-11 
 2247       1.181083675034e-11 
 2248       1.174992618990e-11 
 2249       1.168937114825e-11 
 2250       1.162919021298e-11 
 2251       1.156940022352e-11 
 2252       1.151001082503e-11 
 2253       1.145102987924e-11 
 2254       1.139246527243e-11 
 2255       1.133432491538e-11 
 2256       1.127661674347e-11 
 2257       1.121934871665e-11 
 2258       1.116252881951e-11 
 2259       1.110616506128e-11 
 2260       1.105026547585e-11 
 2261       1.099483812183e-11 
 2262       1.093989108252e-11 
 2263       1.088543246600e-11 
 2264       1.083147040511e-11 
 2265       1.077801305749e-11 
 2266       1.072506860562e-11 
 2267       1.067264525681e-11 
 2268       1.062075124326e-11 
 2269       1.056939482208e-11 
 2270       1.051858427531e-11 
 2271       1.046832790992e-11 
 2272       1.041863405788e-11 
 2273       1.036951107619e-11 
 2274       1.032096734684e-11 
 2275       1.027301127690e-11 
 2276       1.022565129854e-11 
 2277       1.017889586900e-11 
 2278       1.013275347070e-11 
 2279       1.008723261119e-11 
 2280       1.004234182322e-11 
 2281       9.998089664765e-12 
 2282       9.954484719020e-12 
 2283       9.911535594455e-12 
 2284       9.869250924832e-12 
 2285       9.827639369226e-12 
 2286       9.786709612058e-12 
 2287       9.746470363117e-12 
 2288       9.706930357586e-12 
 2289       9.668098356069e-12 
 2290       9.629983144616e-12 
 2291       9.592591384043e-12 
 2292       9.555921142830e-12 
 2293       9.519968322947e-12 
 2294       9.484728806783e-12 
 2295       9.450198457126e-12 
 2296       9.416373117135e-12 
 2297       9.383248610322e-12 
 2298       9.350820740523e-12 
 2299       9.319085291880e-12 
 2300       9.288038028813e-12 
 2301       9.257674696000e-12 
 2302       9.227991018352e-12 
 2303       9.198982700990e-12 
 2304       9.170645429224e-12 
 2305       9.142974868525e-12 
 2306       9.115966664504e-12 
 2307       9.089616442892e-12 
 2308       9.063919809509e-12 
 2309       9.038872350250e-12 
 2310       9.014469631054e-12 
 2311       8.990707197884e-12 
 2312       8.967580576704e-12 
 2313       8.945085273454e-12 
 2314       8.923216774028e-12 
 2315       8.901970544252e-12 
 2316       8.881342029856e-12 
 2317       8.861326656455e-12 
 2318       8.841919829525e-12 
 2319       8.823116934379e-12 
 2320       8.804913336142e-12 
 2321       8.787304379731e-12 
 2322       8.770285389830e-12 
 2323       8.753851670866e-12 
 2324       8.737998506986e-12 
 2325       8.722721162036e-12 
 2326       8.708014879534e-12 
 2327       8.693874882648e-12 
 2328       8.680296374175e-12 
 2329       8.667274536515e-12 
 2330       8.654804531647e-12 
 2331       8.642880506264e-12 
 2332       8.631492600380e-12 
 2333       8.620629919885e-12 
 2334       8.610281529639e-12 
 2335       8.600436453430e-12 
 2336       8.591083673922e-12 
 2337       8.582212132618e-12 
 2338       8.573810729806e-12 
 2339       8.565868324522e-12 
 2340       8.558373734498e-12 
 2341       8.551315736120e-12 
 2342       8.544683064385e-12 
 2343       8.538464412849e-12 
 2344       8.532648433588e-12 
 2345       8.527223737150e-12 
 2346       8.522178892510e-12 
 2347       8.517502427025e-12 
 2348       8.513182826388e-12 
 2349       8.509208534583e-12 
 2350       8.505567953843e-12 
 2351       8.502249444597e-12 
 2352       8.499241325432e-12 
 2353       8.496531873046e-12 
 2354       8.494109322199e-12 
 2355       8.491961865674e-12 
 2356       8.490077654225e-12 
 2357       8.488444796537e-12 
 2358       8.487051359178e-12 
 2359       8.485885366554e-12 
 2360       8.484934800866e-12 
 2361       8.484187602060e-12 
 2362       8.483631667787e-12 
 2363       8.483254853354e-12 
 2364       8.483044971681e-12 
 2365       8.482989793252e-12 
 2366       8.483077046076e-12 
 2367       8.483294415636e-12 
 2368       8.483629544846e-12 
 2369       8.484070034007e-12 
 2370       8.484603440758e-12 
 2371       8.485217855047e-12 
 2372       8.485903628002e-12 
 2373       8.486651653645e-12 
 2374       8.487452794814e-12 
 2375       8.488297883133e-12 
 2376       8.489177718974e-12 
 2377       8.490083071432e-12 
 2378       8.491004678282e-12 
 2379       8.491933245954e-12 
 2380       8.492859449498e-12 
 2381       8.493773932547e-12 
 2382       8.494667307290e-12 
 2383       8.495530154434e-12 
 2384       8.496353023175e-12 
 2385       8.497126431161e-12 
 2386       8.497840864463e-12 
 2387       8.498486777538e-12 
 2388       8.499054593200e-12 
 2389       8.499534702584e-12 
 2390       8.499917465113e-12 
 2391       8.500193208468e-12 
 2392       8.500352228550e-12 
 2393       8.500384789455e-12 
 2394       8.500281123429e-12 
 2395       8.500031430849e-12 
 2396       8.499625880176e-12 
 2397       8.499054607935e-12 
 2398       8.498307718672e-12 
 2399       8.497375284926e-12 
 2400       8.496247347194e-12 
 2401       8.494913913901e-12 
 2402       8.493364961362e-12 
 2403       8.491590433753e-12 
 2404       8.489580243078e-12 
 2405       8.487324269132e-12 
 2406       8.484812359473e-12 
 2407       8.482034329386e-12 
 2408       8.478979961850e-12 
 2409       8.475639007506e-12 
 2410       8.472001184625e-12 
 2411       8.468057581196e-12 
 2412       8.463804870577e-12 
 2413       8.459241121380e-12 
 2414       8.454364397671e-12 
 2415       8.449172758961e-12 
 2416       8.443664260207e-12 
 2417       8.437836951802e-12 
 2418       8.431688879578e-12 
 2419       8.425218084796e-12 
 2420       8.418422604144e-12 
 2421       8.411300469735e-12 
 2422       8.403849709100e-12 
 2423       8.396068345183e-12 
 2424       8.387954396341e-12 
 2425       8.379505876338e-12 
 2426       8.370720794338e-12 
 2427       8.361597154908e-12 
 2428       8.352132958004e-12 
 2429       8.342326198978e-12 
 2430       8.332174868563e-12 
 2431       8.321676952878e-12 
 2432       8.310830433419e-12 
 2433       8.299633287056e-12 
 2434       8.288083486028e-12 
 2435       8.276178997941e-12 
 2436       8.263917785764e-12 
 2437       8.251297807822e-12 
 2438       8.238317017792e-12 
 2439       8.224973364705e-12 
 2440       8.211264792934e-12 
 2441       8.197189242195e-12 
 2442       8.182744647540e-12 
 2443       8.167928939355e-12 
 2444       8.152740043356e-12 
 2445       8.137175880583e-12 
 2446       8.121234367396e-12 
 2447       8.104913415475e-12 
 2448       8.088210931809e-12 
 2449       8.071124818699e-12 
 2450       8.053652973749e-12 
 2451       8.035794573798e-12 
 2452       8.017553935103e-12 
 2453       7.998936676206e-12 
 2454       7.979948436120e-12 
 2455       7.960594874348e-12 
 2456       7.940881670902e-12 
 2457       7.920814526332e-12 
 2458       7.900399161737e-12 
 2459       7.879641318798e-12 
 2460       7.858546759789e-12 
 2461       7.837121267607e-12 
 2462       7.815370645789e-12 
 2463       7.793300718533e-12 
 2464       7.770917330724e-12 
 2465       7.748226347950e-12 
 2466       7.725233656527e-12 
 2467       7.701945163521e-12 
 2468       7.678366796767e-12 
 2469       7.654504504893e-12 
 2470       7.630364257339e-12 
 2471       7.605952044380e-12 
 2472       7.581273877150e-12 
 2473       7.556335787658e-12 
 2474       7.531143828815e-12 
 2475       7.505704074452e-12 
 2476       7.480022619343e-12 
 2477       7.454105579226e-12 
 2478       7.427959090825e-12 
 2479       7.401589311872e-12 
 2480       7.375002421128e-12 
 2481       7.348204618404e-12 
 2482       7.321202124583e-12 
 2483       7.294001181641e-12 
 2484       7.266608052671e-12 
 2485       7.239029021902e-12 
 2486       7.211270394721e-12 
 2487       7.183338497694e-12 
 2488       7.155239678590e-12 
 2489       7.126980306401e-12 
 2490       7.098566771361e-12 
 2491       7.070002387859e-12 
 2492       7.041278083220e-12 
 2493       7.012381654230e-12 
 2494       6.983300859244e-12 
 2495       6.954023418145e-12 
 2496       6.924537012307e-12 
 2497       6.894829284557e-12 
 2498       6.864887839136e-12 
 2499       6.834700241661e-12 
 2500       6.804254019087e-12 
