# dimensionless total [l(l+1)/2pi] C_l's
# for l=2 to 2500, i.e. number of multipoles equal to 2499
#
# -> if you prefer output in CAMB/HealPix/LensPix units/order, set 'format' to 'camb' in input file
# -> if you don't want to see such a header, set 'headers' to 'no' in input file
#
# 1:l     2:TT                 
    2       3.352607143090e-10 
    3       3.131097657082e-10 
    4       2.940171748648e-10 
    5       2.788734291712e-10 
    6       2.668165967123e-10 
    7       2.569627720488e-10 
    8       2.487513942446e-10 
    9       2.417593598024e-10 
   10       2.356343278330e-10 
   11       2.301928239656e-10 
   12       2.254315287621e-10 
   13       2.211662618564e-10 
   14       2.173109653227e-10 
   15       2.138201026516e-10 
   16       2.107344439957e-10 
   17       2.079867846895e-10 
   18       2.055269840638e-10 
   19       2.033789675419e-10 
   20       2.014458274363e-10 
   21       1.997585444363e-10 
   22       1.983091667556e-10 
   23       1.970974692614e-10 
   24       1.960723659040e-10 
   25       1.952346282230e-10 
   26       1.945680723160e-10 
   27       1.940962174595e-10 
   28       1.938145084612e-10 
   29       1.936821894091e-10 
   30       1.937040017754e-10 
   31       1.938720994653e-10 
   32       1.941571176728e-10 
   33       1.945655847906e-10 
   34       1.950984434805e-10 
   35       1.957432750966e-10 
   36       1.965079931424e-10 
   37       1.973954860152e-10 
   38       1.983925841803e-10 
   39       1.994784347272e-10 
   40       2.006570782891e-10 
   41       2.019332147737e-10 
   42       2.033022587890e-10 
   43       2.047549624068e-10 
   44       2.062951252350e-10 
   45       2.079258984485e-10 
   46       2.096442188135e-10 
   47       2.114402641807e-10 
   48       2.133020304515e-10 
   49       2.152318586495e-10 
   50       2.172336311036e-10 
   51       2.193077804907e-10 
   52       2.214510066289e-10 
   53       2.236586769320e-10 
   54       2.259334043537e-10 
   55       2.282781816106e-10 
   56       2.306937237479e-10 
   57       2.331782974552e-10 
   58       2.357275503807e-10 
   59       2.383364614913e-10 
   60       2.410061087193e-10 
   61       2.437381740965e-10 
   62       2.465328641284e-10 
   63       2.493888110095e-10 
   64       2.523029738377e-10 
   65       2.552720007155e-10 
   66       2.582968722270e-10 
   67       2.613790676867e-10 
   68       2.645191341897e-10 
   69       2.677166286905e-10 
   70       2.709700600810e-10 
   71       2.742768312701e-10 
   72       2.776342812759e-10 
   73       2.810431717943e-10 
   74       2.845047683202e-10 
   75       2.880197671830e-10 
   76       2.915882627397e-10 
   77       2.952097145679e-10 
   78       2.988829146593e-10 
   79       3.026059546125e-10 
   80       3.063768950463e-10 
   81       3.101959798948e-10 
   82       3.140637485714e-10 
   83       3.179803484065e-10 
   84       3.219455148450e-10 
   85       3.259585516438e-10 
   86       3.300183110688e-10 
   87       3.341231740919e-10 
   88       3.382710305890e-10 
   89       3.424598296076e-10 
   90       3.466893722635e-10 
   91       3.509597649148e-10 
   92       3.552708630232e-10 
   93       3.596222598911e-10 
   94       3.640132753996e-10 
   95       3.684429447457e-10 
   96       3.729100071806e-10 
   97       3.774128947468e-10 
   98       3.819497210158e-10 
   99       3.865186411342e-10 
  100       3.911190144956e-10 
  101       3.957503865951e-10 
  102       4.004121257367e-10 
  103       4.051034162715e-10 
  104       4.098232518366e-10 
  105       4.145704285926e-10 
  106       4.193435384630e-10 
  107       4.241409623714e-10 
  108       4.289608634808e-10 
  109       4.338011804314e-10 
  110       4.386599123855e-10 
  111       4.435360301291e-10 
  112       4.484286694598e-10 
  113       4.533368459549e-10 
  114       4.582594510771e-10 
  115       4.631952482811e-10 
  116       4.681428691198e-10 
  117       4.731008093504e-10 
  118       4.780674250405e-10 
  119       4.830409286746e-10 
  120       4.880193852604e-10 
  121       4.930007084345e-10 
  122       4.979826565691e-10 
  123       5.029630579595e-10 
  124       5.079405239732e-10 
  125       5.129138108719e-10 
  126       5.178815959989e-10 
  127       5.228424756868e-10 
  128       5.277949631673e-10 
  129       5.327374864785e-10 
  130       5.376683863747e-10 
  131       5.425859142340e-10 
  132       5.474882299675e-10 
  133       5.523733999279e-10 
  134       5.572393948175e-10 
  135       5.620840875977e-10 
  136       5.669052513966e-10 
  137       5.717007312773e-10 
  138       5.764689840269e-10 
  139       5.812085905189e-10 
  140       5.859180858872e-10 
  141       5.905959585385e-10 
  142       5.952406491641e-10 
  143       5.998505497521e-10 
  144       6.044240025999e-10 
  145       6.089592993257e-10 
  146       6.134546798810e-10 
  147       6.179083315625e-10 
  148       6.223183880245e-10 
  149       6.266829282907e-10 
  150       6.309999757664e-10 
  151       6.352674972508e-10 
  152       6.394834019487e-10 
  153       6.436456859475e-10 
  154       6.477528828342e-10 
  155       6.518036532684e-10 
  156       6.557966430372e-10 
  157       6.597304828081e-10 
  158       6.636037878818e-10 
  159       6.674151579452e-10 
  160       6.711631768243e-10 
  161       6.748464122374e-10 
  162       6.784634155476e-10 
  163       6.820127215163e-10 
  164       6.854928480558e-10 
  165       6.889022959822e-10 
  166       6.922395487686e-10 
  167       6.955030722979e-10 
  168       6.986913146159e-10 
  169       7.018027056838e-10 
  170       7.048356571320e-10 
  171       7.077886676435e-10 
  172       7.106606494852e-10 
  173       7.134506288568e-10 
  174       7.161576428929e-10 
  175       7.187807398468e-10 
  176       7.213189792742e-10 
  177       7.237714322176e-10 
  178       7.261371813899e-10 
  179       7.284153213583e-10 
  180       7.306049587285e-10 
  181       7.327052123281e-10 
  182       7.347152133914e-10 
  183       7.366341057424e-10 
  184       7.384610459792e-10 
  185       7.401952036578e-10 
  186       7.418357614764e-10 
  187       7.433819154585e-10 
  188       7.448328751376e-10 
  189       7.461878637409e-10 
  190       7.474461183731e-10 
  191       7.486069521834e-10 
  192       7.496699456913e-10 
  193       7.506347701988e-10 
  194       7.515011274820e-10 
  195       7.522687501780e-10 
  196       7.529374021715e-10 
  197       7.535068789814e-10 
  198       7.539770081480e-10 
  199       7.543476496192e-10 
  200       7.546186961378e-10 
  201       7.547900736278e-10 
  202       7.548617415814e-10 
  203       7.548336934455e-10 
  204       7.547059570088e-10 
  205       7.544785947885e-10 
  206       7.541517044165e-10 
  207       7.537254190270e-10 
  208       7.531999076425e-10 
  209       7.525753755611e-10 
  210       7.518520647428e-10 
  211       7.510302541968e-10 
  212       7.501102603675e-10 
  213       7.490924429053e-10 
  214       7.479772216076e-10 
  215       7.467650613697e-10 
  216       7.454564673023e-10 
  217       7.440519851327e-10 
  218       7.425522016057e-10 
  219       7.409577448844e-10 
  220       7.392692849511e-10 
  221       7.374875340087e-10 
  222       7.356132468808e-10 
  223       7.336472214134e-10 
  224       7.315902988753e-10 
  225       7.294433643591e-10 
  226       7.272073471826e-10 
  227       7.248832212890e-10 
  228       7.224720056483e-10 
  229       7.199747646582e-10 
  230       7.173926085446e-10 
  231       7.147266937632e-10 
  232       7.119782233998e-10 
  233       7.091484475716e-10 
  234       7.062386638280e-10 
  235       7.032502175515e-10 
  236       7.001845023585e-10 
  237       6.970429605007e-10 
  238       6.938270179683e-10 
  239       6.905378846110e-10 
  240       6.871767426851e-10 
  241       6.837448113239e-10 
  242       6.802433468004e-10 
  243       6.766736427906e-10 
  244       6.730370306366e-10 
  245       6.693348796100e-10 
  246       6.655685971747e-10 
  247       6.617396292504e-10 
  248       6.578494604755e-10 
  249       6.538996144707e-10 
  250       6.498916541015e-10 
  251       6.458271817420e-10 
  252       6.417078395377e-10 
  253       6.375353096688e-10 
  254       6.333113146134e-10 
  255       6.290376174106e-10 
  256       6.247160219236e-10 
  257       6.203483731032e-10 
  258       6.159365572504e-10 
  259       6.114825022801e-10 
  260       6.069881779841e-10 
  261       6.024555962940e-10 
  262       5.978868115450e-10 
  263       5.932839207382e-10 
  264       5.886490638045e-10 
  265       5.839844238677e-10 
  266       5.792920979489e-10 
  267       5.745737007630e-10 
  268       5.698307399197e-10 
  269       5.650647435887e-10 
  270       5.602772605440e-10 
  271       5.554698602081e-10 
  272       5.506441326965e-10 
  273       5.458016888613e-10 
  274       5.409441603365e-10 
  275       5.360731995814e-10 
  276       5.311904799250e-10 
  277       5.262976956109e-10 
  278       5.213965618406e-10 
  279       5.164888148186e-10 
  280       5.115762117962e-10 
  281       5.066605311159e-10 
  282       5.017435722556e-10 
  283       4.968271558731e-10 
  284       4.919131238500e-10 
  285       4.870033393361e-10 
  286       4.820996867940e-10 
  287       4.772040720429e-10 
  288       4.723184223030e-10 
  289       4.674446862399e-10 
  290       4.625848340088e-10 
  291       4.577408572986e-10 
  292       4.529147693766e-10 
  293       4.481086051321e-10 
  294       4.433244211213e-10 
  295       4.385642956112e-10 
  296       4.338303286241e-10 
  297       4.291244851796e-10 
  298       4.244481164859e-10 
  299       4.198024155116e-10 
  300       4.151885715183e-10 
  301       4.106077698918e-10 
  302       4.060611919745e-10 
  303       4.015500148963e-10 
  304       3.970754114070e-10 
  305       3.926385497072e-10 
  306       3.882405932805e-10 
  307       3.838827007253e-10 
  308       3.795660255858e-10 
  309       3.752917161843e-10 
  310       3.710609154525e-10 
  311       3.668747607634e-10 
  312       3.627343837628e-10 
  313       3.586409102011e-10 
  314       3.545954597648e-10 
  315       3.505991459084e-10 
  316       3.466530756857e-10 
  317       3.427583495818e-10 
  318       3.389160613449e-10 
  319       3.351272978175e-10 
  320       3.313931387681e-10 
  321       3.277146567236e-10 
  322       3.240929167999e-10 
  323       3.205289765345e-10 
  324       3.170238857174e-10 
  325       3.135786862234e-10 
  326       3.101944118435e-10 
  327       3.068720881165e-10 
  328       3.036127321605e-10 
  329       3.004173525053e-10 
  330       2.972869489230e-10 
  331       2.942225122608e-10 
  332       2.912249232597e-10 
  333       2.882946444831e-10 
  334       2.854320146153e-10 
  335       2.826373479844e-10 
  336       2.799109342841e-10 
  337       2.772530382954e-10 
  338       2.746638996093e-10 
  339       2.721437323483e-10 
  340       2.696927248887e-10 
  341       2.673110395825e-10 
  342       2.649988124793e-10 
  343       2.627561530487e-10 
  344       2.605831439019e-10 
  345       2.584798405142e-10 
  346       2.564462709465e-10 
  347       2.544824355677e-10 
  348       2.525883067765e-10 
  349       2.507638287238e-10 
  350       2.490089170342e-10 
  351       2.473234585284e-10 
  352       2.457073109450e-10 
  353       2.441603026629e-10 
  354       2.426822324228e-10 
  355       2.412728690496e-10 
  356       2.399319511743e-10 
  357       2.386591869561e-10 
  358       2.374542538044e-10 
  359       2.363167981006e-10 
  360       2.352464349206e-10 
  361       2.342427477562e-10 
  362       2.333052882380e-10 
  363       2.324335758563e-10 
  364       2.316270976841e-10 
  365       2.308853080988e-10 
  366       2.302076285039e-10 
  367       2.295934470515e-10 
  368       2.290421183642e-10 
  369       2.285529632568e-10 
  370       2.281252684589e-10 
  371       2.277583341095e-10 
  372       2.274516188584e-10 
  373       2.272045998939e-10 
  374       2.270167254456e-10 
  375       2.268874145484e-10 
  376       2.268160568060e-10 
  377       2.268020121543e-10 
  378       2.268446106252e-10 
  379       2.269431521100e-10 
  380       2.270969061230e-10 
  381       2.273051115650e-10 
  382       2.275669764872e-10 
  383       2.278816778541e-10 
  384       2.282483613078e-10 
  385       2.286661409311e-10 
  386       2.291340990113e-10 
  387       2.296512858035e-10 
  388       2.302167192943e-10 
  389       2.308293849656e-10 
  390       2.314882355579e-10 
  391       2.321921908337e-10 
  392       2.329401373416e-10 
  393       2.337309281793e-10 
  394       2.345633827575e-10 
  395       2.354362865634e-10 
  396       2.363483909243e-10 
  397       2.372984127708e-10 
  398       2.382850344010e-10 
  399       2.393069032437e-10 
  400       2.403626316219e-10 
  401       2.414507965163e-10 
  402       2.425699393294e-10 
  403       2.437185656485e-10 
  404       2.448951450093e-10 
  405       2.460981106599e-10 
  406       2.473258593238e-10 
  407       2.485767509641e-10 
  408       2.498491085464e-10 
  409       2.511412178028e-10 
  410       2.524513269953e-10 
  411       2.537778300080e-10 
  412       2.551198232323e-10 
  413       2.564765678938e-10 
  414       2.578473083946e-10 
  415       2.592312722073e-10 
  416       2.606276697678e-10 
  417       2.620356943694e-10 
  418       2.634545220560e-10 
  419       2.648833115154e-10 
  420       2.663212039733e-10 
  421       2.677673230863e-10 
  422       2.692207748357e-10 
  423       2.706806474207e-10 
  424       2.721460111522e-10 
  425       2.736159183460e-10 
  426       2.750894032165e-10 
  427       2.765654817699e-10 
  428       2.780431516980e-10 
  429       2.795213922717e-10 
  430       2.809991642339e-10 
  431       2.824754096940e-10 
  432       2.839490520203e-10 
  433       2.854189957342e-10 
  434       2.868841264035e-10 
  435       2.883433105357e-10 
  436       2.897953954718e-10 
  437       2.912392092796e-10 
  438       2.926735606470e-10 
  439       2.940972387759e-10 
  440       2.955090132754e-10 
  441       2.969076340554e-10 
  442       2.982918312198e-10 
  443       2.996603149605e-10 
  444       3.010117754505e-10 
  445       3.023448827375e-10 
  446       3.036582866372e-10 
  447       3.049506166272e-10 
  448       3.062204817401e-10 
  449       3.074664704570e-10 
  450       3.086871506014e-10 
  451       3.098812709881e-10 
  452       3.110483737422e-10 
  453       3.121882015045e-10 
  454       3.133004974709e-10 
  455       3.143850054047e-10 
  456       3.154414696489e-10 
  457       3.164696351386e-10 
  458       3.174692474131e-10 
  459       3.184400526280e-10 
  460       3.193817975678e-10 
  461       3.202942296578e-10 
  462       3.211770969767e-10 
  463       3.220301482685e-10 
  464       3.228531329550e-10 
  465       3.236458011480e-10 
  466       3.244079036612e-10 
  467       3.251391920232e-10 
  468       3.258394184891e-10 
  469       3.265083360529e-10 
  470       3.271456984598e-10 
  471       3.277512602187e-10 
  472       3.283247766139e-10 
  473       3.288660037178e-10 
  474       3.293746984031e-10 
  475       3.298506183546e-10 
  476       3.302935220823e-10 
  477       3.307031689327e-10 
  478       3.310793191018e-10 
  479       3.314217336469e-10 
  480       3.317301744991e-10 
  481       3.320044044753e-10 
  482       3.322441872908e-10 
  483       3.324492875711e-10 
  484       3.326194708646e-10 
  485       3.327545036546e-10 
  486       3.328541533716e-10 
  487       3.329181884055e-10 
  488       3.329463781178e-10 
  489       3.329384928542e-10 
  490       3.328943039564e-10 
  491       3.328136845507e-10 
  492       3.326969151728e-10 
  493       3.325443872207e-10 
  494       3.323565030598e-10 
  495       3.321336760846e-10 
  496       3.318763307815e-10 
  497       3.315849027910e-10 
  498       3.312598389699e-10 
  499       3.309015974536e-10 
  500       3.305106477186e-10 
  501       3.300874706446e-10 
  502       3.296325585768e-10 
  503       3.291464153886e-10 
  504       3.286295565433e-10 
  505       3.280825091569e-10 
  506       3.275058120602e-10 
  507       3.269000158611e-10 
  508       3.262656830069e-10 
  509       3.256033878469e-10 
  510       3.249137166942e-10 
  511       3.241972678884e-10 
  512       3.234546518578e-10 
  513       3.226864911817e-10 
  514       3.218934206526e-10 
  515       3.210760873387e-10 
  516       3.202351506462e-10 
  517       3.193712823814e-10 
  518       3.184851668133e-10 
  519       3.175775007356e-10 
  520       3.166489935291e-10 
  521       3.157003672245e-10 
  522       3.147323565637e-10 
  523       3.137457090631e-10 
  524       3.127411850754e-10 
  525       3.117195578519e-10 
  526       3.106816136052e-10 
  527       3.096281515708e-10 
  528       3.085599840703e-10 
  529       3.074779365729e-10 
  530       3.063828477583e-10 
  531       3.052755286571e-10 
  532       3.041566387159e-10 
  533       3.030268064583e-10 
  534       3.018866701437e-10 
  535       3.007368778129e-10 
  536       2.995780873323e-10 
  537       2.984109664392e-10 
  538       2.972361927867e-10 
  539       2.960544539884e-10 
  540       2.948664476637e-10 
  541       2.936728814824e-10 
  542       2.924744732099e-10 
  543       2.912719507518e-10 
  544       2.900660521992e-10 
  545       2.888575258732e-10 
  546       2.876471303703e-10 
  547       2.864356346069e-10 
  548       2.852238178645e-10 
  549       2.840124698345e-10 
  550       2.828023906633e-10 
  551       2.815943909969e-10 
  552       2.803892920261e-10 
  553       2.791879255314e-10 
  554       2.779911339278e-10 
  555       2.767997703098e-10 
  556       2.756146984964e-10 
  557       2.744367930758e-10 
  558       2.732669394507e-10 
  559       2.721060338827e-10 
  560       2.709549835379e-10 
  561       2.698147065312e-10 
  562       2.686861319715e-10 
  563       2.675702000067e-10 
  564       2.664678618684e-10 
  565       2.653800799171e-10 
  566       2.643078276870e-10 
  567       2.632520899308e-10 
  568       2.622138626649e-10 
  569       2.611941532139e-10 
  570       2.601939802560e-10 
  571       2.592142497248e-10 
  572       2.582553789463e-10 
  573       2.573176630052e-10 
  574       2.564013980195e-10 
  575       2.555068811398e-10 
  576       2.546344105491e-10 
  577       2.537842854614e-10 
  578       2.529568061214e-10 
  579       2.521522738040e-10 
  580       2.513709908133e-10 
  581       2.506132604819e-10 
  582       2.498793871703e-10 
  583       2.491696762666e-10 
  584       2.484844341850e-10 
  585       2.478239683658e-10 
  586       2.471885872746e-10 
  587       2.465786004013e-10 
  588       2.459943182597e-10 
  589       2.454360523866e-10 
  590       2.449041153416e-10 
  591       2.443988207057e-10 
  592       2.439204830811e-10 
  593       2.434694180905e-10 
  594       2.430459423761e-10 
  595       2.426503735994e-10 
  596       2.422830304400e-10 
  597       2.419442325953e-10 
  598       2.416343007796e-10 
  599       2.413535567234e-10 
  600       2.411023231731e-10 
  601       2.408809238896e-10 
  602       2.406896836485e-10 
  603       2.405289282385e-10 
  604       2.403989844614e-10 
  605       2.403001801312e-10 
  606       2.402328440733e-10 
  607       2.401973061240e-10 
  608       2.401938971296e-10 
  609       2.402229489460e-10 
  610       2.402847944376e-10 
  611       2.403796667097e-10 
  612       2.405073941666e-10 
  613       2.406676981806e-10 
  614       2.408602931686e-10 
  615       2.410848865590e-10 
  616       2.413411787586e-10 
  617       2.416288631195e-10 
  618       2.419476259064e-10 
  619       2.422971462631e-10 
  620       2.426770961800e-10 
  621       2.430871404607e-10 
  622       2.435269366892e-10 
  623       2.439961351966e-10 
  624       2.444943790284e-10 
  625       2.450213039114e-10 
  626       2.455765382203e-10 
  627       2.461597029453e-10 
  628       2.467704116587e-10 
  629       2.474082704819e-10 
  630       2.480728780524e-10 
  631       2.487638254908e-10 
  632       2.494806963679e-10 
  633       2.502230666714e-10 
  634       2.509905047731e-10 
  635       2.517825713958e-10 
  636       2.525988195803e-10 
  637       2.534387946524e-10 
  638       2.543020341897e-10 
  639       2.551880679889e-10 
  640       2.560964180325e-10 
  641       2.570265984559e-10 
  642       2.579781155143e-10 
  643       2.589504675499e-10 
  644       2.599431449584e-10 
  645       2.609556301566e-10 
  646       2.619873975489e-10 
  647       2.630379134944e-10 
  648       2.641066362742e-10 
  649       2.651930160576e-10 
  650       2.662964948701e-10 
  651       2.674165030797e-10 
  652       2.685524488395e-10 
  653       2.697037283436e-10 
  654       2.708697292520e-10 
  655       2.720498306561e-10 
  656       2.732434030450e-10 
  657       2.744498082714e-10 
  658       2.756683995176e-10 
  659       2.768985212615e-10 
  660       2.781395092427e-10 
  661       2.793906904282e-10 
  662       2.806513829787e-10 
  663       2.819208962145e-10 
  664       2.831985305814e-10 
  665       2.844835776167e-10 
  666       2.857753199154e-10 
  667       2.870730310960e-10 
  668       2.883759757666e-10 
  669       2.896834094906e-10 
  670       2.909945787533e-10 
  671       2.923087209272e-10 
  672       2.936250642385e-10 
  673       2.949428277329e-10 
  674       2.962612212414e-10 
  675       2.975794453469e-10 
  676       2.988966913494e-10 
  677       3.002121412326e-10 
  678       3.015249676296e-10 
  679       3.028343337891e-10 
  680       3.041393935411e-10 
  681       3.054392912632e-10 
  682       3.067331618463e-10 
  683       3.080201306610e-10 
  684       3.092993135230e-10 
  685       3.105698166598e-10 
  686       3.118307366761e-10 
  687       3.130811605201e-10 
  688       3.143201654494e-10 
  689       3.155468189970e-10 
  690       3.167601789374e-10 
  691       3.179593811227e-10 
  692       3.191439050946e-10 
  693       3.203133140096e-10 
  694       3.214671672644e-10 
  695       3.226050204839e-10 
  696       3.237264255090e-10 
  697       3.248309303852e-10 
  698       3.259180793501e-10 
  699       3.269874128216e-10 
  700       3.280384673862e-10 
  701       3.290707757867e-10 
  702       3.300838669104e-10 
  703       3.310772657772e-10 
  704       3.320504935276e-10 
  705       3.330030674105e-10 
  706       3.339345007719e-10 
  707       3.348443030420e-10 
  708       3.357319797243e-10 
  709       3.365970323826e-10 
  710       3.374389586300e-10 
  711       3.382572521161e-10 
  712       3.390514025158e-10 
  713       3.398208955168e-10 
  714       3.405652128077e-10 
  715       3.412838320666e-10 
  716       3.419762269483e-10 
  717       3.426418670729e-10 
  718       3.432802180139e-10 
  719       3.438907412859e-10 
  720       3.444728943327e-10 
  721       3.450261305157e-10 
  722       3.455498991016e-10 
  723       3.460436452504e-10 
  724       3.465068100038e-10 
  725       3.469388302729e-10 
  726       3.473391388264e-10 
  727       3.477071642788e-10 
  728       3.480423310779e-10 
  729       3.483440594936e-10 
  730       3.486117656053e-10 
  731       3.488449685421e-10 
  732       3.490436145732e-10 
  733       3.492077594601e-10 
  734       3.493374618023e-10 
  735       3.494327830496e-10 
  736       3.494937875140e-10 
  737       3.495205423822e-10 
  738       3.495131177271e-10 
  739       3.494715865204e-10 
  740       3.493960246446e-10 
  741       3.492865109048e-10 
  742       3.491431270412e-10 
  743       3.489659577410e-10 
  744       3.487550906504e-10 
  745       3.485106163869e-10 
  746       3.482326285514e-10 
  747       3.479212237399e-10 
  748       3.475765015562e-10 
  749       3.471985646236e-10 
  750       3.467875185971e-10 
  751       3.463434721755e-10 
  752       3.458665371134e-10 
  753       3.453568282337e-10 
  754       3.448144634389e-10 
  755       3.442395637241e-10 
  756       3.436322531886e-10 
  757       3.429926590479e-10 
  758       3.423209116462e-10 
  759       3.416171444682e-10 
  760       3.408814941511e-10 
  761       3.401141004972e-10 
  762       3.393151064854e-10 
  763       3.384846582838e-10 
  764       3.376229052613e-10 
  765       3.367300000002e-10 
  766       3.358060983078e-10 
  767       3.348513592292e-10 
  768       3.338659450584e-10 
  769       3.328500213514e-10 
  770       3.318037569377e-10 
  771       3.307273729083e-10 
  772       3.296212905721e-10 
  773       3.284859863230e-10 
  774       3.273219429400e-10 
  775       3.261296496091e-10 
  776       3.249096019449e-10 
  777       3.236623020132e-10 
  778       3.223882583525e-10 
  779       3.210879859959e-10 
  780       3.197620064937e-10 
  781       3.184108479345e-10 
  782       3.170350449680e-10 
  783       3.156351388263e-10 
  784       3.142116773464e-10 
  785       3.127652149917e-10 
  786       3.112963128744e-10 
  787       3.098055387773e-10 
  788       3.082934671754e-10 
  789       3.067606792588e-10 
  790       3.052077629535e-10 
  791       3.036353129445e-10 
  792       3.020439306967e-10 
  793       3.004342244779e-10 
  794       2.988068093800e-10 
  795       2.971623073413e-10 
  796       2.955013471685e-10 
  797       2.938245645584e-10 
  798       2.921326021204e-10 
  799       2.904261093977e-10 
  800       2.887057428902e-10 
  801       2.869721660756e-10 
  802       2.852260494318e-10 
  803       2.834680704591e-10 
  804       2.816989137016e-10 
  805       2.799192707696e-10 
  806       2.781298403614e-10 
  807       2.763313282854e-10 
  808       2.745244474817e-10 
  809       2.727099180448e-10 
  810       2.708884672448e-10 
  811       2.690607925477e-10 
  812       2.672274499012e-10 
  813       2.653889634822e-10 
  814       2.635458625322e-10 
  815       2.616986813718e-10 
  816       2.598479594169e-10 
  817       2.579942411933e-10 
  818       2.561380763519e-10 
  819       2.542800196843e-10 
  820       2.524206311378e-10 
  821       2.505604758306e-10 
  822       2.487001240672e-10 
  823       2.468401513534e-10 
  824       2.449811384118e-10 
  825       2.431236711968e-10 
  826       2.412683409099e-10 
  827       2.394157440148e-10 
  828       2.375664822531e-10 
  829       2.357211626590e-10 
  830       2.338803975746e-10 
  831       2.320448046656e-10 
  832       2.302150069358e-10 
  833       2.283916327429e-10 
  834       2.265753158137e-10 
  835       2.247666952589e-10 
  836       2.229664155886e-10 
  837       2.211751267278e-10 
  838       2.193934840312e-10 
  839       2.176221482984e-10 
  840       2.158617857897e-10 
  841       2.141130682406e-10 
  842       2.123766728776e-10 
  843       2.106532824331e-10 
  844       2.089435851607e-10 
  845       2.072482748505e-10 
  846       2.055680508444e-10 
  847       2.039036180510e-10 
  848       2.022556869613e-10 
  849       2.006249736635e-10 
  850       1.990121998583e-10 
  851       1.974180052803e-10 
  852       1.958426832828e-10 
  853       1.942864407478e-10 
  854       1.927494852696e-10 
  855       1.912320251561e-10 
  856       1.897342694290e-10 
  857       1.882564278246e-10 
  858       1.867987107950e-10 
  859       1.853613295083e-10 
  860       1.839444958495e-10 
  861       1.825484224212e-10 
  862       1.811733225447e-10 
  863       1.798194102600e-10 
  864       1.784869003274e-10 
  865       1.771760082274e-10 
  866       1.758869501619e-10 
  867       1.746199430552e-10 
  868       1.733752045538e-10 
  869       1.721529530282e-10 
  870       1.709534075729e-10 
  871       1.697767880074e-10 
  872       1.686233148769e-10 
  873       1.674932094532e-10 
  874       1.663866937351e-10 
  875       1.653039904494e-10 
  876       1.642453230513e-10 
  877       1.632109157257e-10 
  878       1.622009933874e-10 
  879       1.612157816821e-10 
  880       1.602555069870e-10 
  881       1.593203964116e-10 
  882       1.584106777985e-10 
  883       1.575265797240e-10 
  884       1.566683314988e-10 
  885       1.558361631691e-10 
  886       1.550303055166e-10 
  887       1.542509900602e-10 
  888       1.534984490557e-10 
  889       1.527729154975e-10 
  890       1.520746231186e-10 
  891       1.514037341265e-10 
  892       1.507601211104e-10 
  893       1.501435815619e-10 
  894       1.495539098060e-10 
  895       1.489908969910e-10 
  896       1.484543310782e-10 
  897       1.479439968321e-10 
  898       1.474596758095e-10 
  899       1.470011463502e-10 
  900       1.465681835659e-10 
  901       1.461605593310e-10 
  902       1.457780422715e-10 
  903       1.454203977556e-10 
  904       1.450873878827e-10 
  905       1.447787714742e-10 
  906       1.444943040624e-10 
  907       1.442337378810e-10 
  908       1.439968218543e-10 
  909       1.437833015877e-10 
  910       1.435929193571e-10 
  911       1.434254140986e-10 
  912       1.432805213988e-10 
  913       1.431579734842e-10 
  914       1.430574992112e-10 
  915       1.429788240557e-10 
  916       1.429216701035e-10 
  917       1.428857560393e-10 
  918       1.428707971373e-10 
  919       1.428765052503e-10 
  920       1.429025888004e-10 
  921       1.429487527677e-10 
  922       1.430146986813e-10 
  923       1.431001246080e-10 
  924       1.432047251432e-10 
  925       1.433281913998e-10 
  926       1.434702109986e-10 
  927       1.436304680578e-10 
  928       1.438086431832e-10 
  929       1.440044134575e-10 
  930       1.442174524304e-10 
  931       1.444474191026e-10 
  932       1.446939247076e-10 
  933       1.449565653884e-10 
  934       1.452349331448e-10 
  935       1.455286158216e-10 
  936       1.458371970968e-10 
  937       1.461602564701e-10 
  938       1.464973692511e-10 
  939       1.468481065473e-10 
  940       1.472120352532e-10 
  941       1.475887180376e-10 
  942       1.479777133326e-10 
  943       1.483785753218e-10 
  944       1.487908539283e-10 
  945       1.492140948032e-10 
  946       1.496478393139e-10 
  947       1.500916245325e-10 
  948       1.505449832237e-10 
  949       1.510074438337e-10 
  950       1.514785304779e-10 
  951       1.519577629296e-10 
  952       1.524446566082e-10 
  953       1.529387225674e-10 
  954       1.534394674835e-10 
  955       1.539463936440e-10 
  956       1.544589989355e-10 
  957       1.549767768320e-10 
  958       1.554992163838e-10 
  959       1.560258022048e-10 
  960       1.565560144619e-10 
  961       1.570893288624e-10 
  962       1.576252166428e-10 
  963       1.581631445568e-10 
  964       1.587025748640e-10 
  965       1.592429653178e-10 
  966       1.597837691538e-10 
  967       1.603244350782e-10 
  968       1.608644072562e-10 
  969       1.614031252997e-10 
  970       1.619400242567e-10 
  971       1.624745825314e-10 
  972       1.630064664625e-10 
  973       1.635353878972e-10 
  974       1.640610564488e-10 
  975       1.645831794921e-10 
  976       1.651014621573e-10 
  977       1.656156073242e-10 
  978       1.661253156171e-10 
  979       1.666302853988e-10 
  980       1.671302127652e-10 
  981       1.676247915397e-10 
  982       1.681137132673e-10 
  983       1.685966672093e-10 
  984       1.690733403377e-10 
  985       1.695434173294e-10 
  986       1.700065805607e-10 
  987       1.704625101016e-10 
  988       1.709108837105e-10 
  989       1.713513768281e-10 
  990       1.717836625721e-10 
  991       1.722074117318e-10 
  992       1.726222927620e-10 
  993       1.730279717776e-10 
  994       1.734241125483e-10 
  995       1.738103764924e-10 
  996       1.741864226717e-10 
  997       1.745519077857e-10 
  998       1.749064861660e-10 
  999       1.752498097706e-10 
 1000       1.755815281785e-10 
 1001       1.759012885839e-10 
 1002       1.762087357907e-10 
 1003       1.765035122068e-10 
 1004       1.767852578388e-10 
 1005       1.770536102858e-10 
 1006       1.773082047343e-10 
 1007       1.775486739526e-10 
 1008       1.777746482848e-10 
 1009       1.779857556455e-10 
 1010       1.781816215141e-10 
 1011       1.783619335200e-10 
 1012       1.785266362313e-10 
 1013       1.786757391695e-10 
 1014       1.788092524754e-10 
 1015       1.789271869117e-10 
 1016       1.790295538645e-10 
 1017       1.791163653454e-10 
 1018       1.791876339937e-10 
 1019       1.792433730778e-10 
 1020       1.792835964977e-10 
 1021       1.793083187870e-10 
 1022       1.793175551144e-10 
 1023       1.793113212859e-10 
 1024       1.792896337470e-10 
 1025       1.792525095843e-10 
 1026       1.791999665278e-10 
 1027       1.791320229526e-10 
 1028       1.790486978809e-10 
 1029       1.789500109843e-10 
 1030       1.788359825851e-10 
 1031       1.787066336591e-10 
 1032       1.785619858368e-10 
 1033       1.784020614061e-10 
 1034       1.782268833135e-10 
 1035       1.780364751667e-10 
 1036       1.778308612362e-10 
 1037       1.776100664575e-10 
 1038       1.773741164328e-10 
 1039       1.771230374332e-10 
 1040       1.768568564007e-10 
 1041       1.765756009500e-10 
 1042       1.762792993704e-10 
 1043       1.759679806280e-10 
 1044       1.756416743677e-10 
 1045       1.753004109149e-10 
 1046       1.749442212775e-10 
 1047       1.745731371483e-10 
 1048       1.741871909062e-10 
 1049       1.737864156190e-10 
 1050       1.733708450448e-10 
 1051       1.729405488779e-10 
 1052       1.724957390181e-10 
 1053       1.720366647824e-10 
 1054       1.715635778012e-10 
 1055       1.710767320240e-10 
 1056       1.705763837251e-10 
 1057       1.700627915097e-10 
 1058       1.695362163193e-10 
 1059       1.689969214378e-10 
 1060       1.684451724970e-10 
 1061       1.678812374829e-10 
 1062       1.673053867408e-10 
 1063       1.667178929816e-10 
 1064       1.661190312877e-10 
 1065       1.655090791181e-10 
 1066       1.648883163149e-10 
 1067       1.642570251088e-10 
 1068       1.636154901250e-10 
 1069       1.629639983887e-10 
 1070       1.623028393314e-10 
 1071       1.616323047961e-10 
 1072       1.609526890436e-10 
 1073       1.602642887581e-10 
 1074       1.595674030530e-10 
 1075       1.588623334764e-10 
 1076       1.581493840176e-10 
 1077       1.574288611121e-10 
 1078       1.567010736481e-10 
 1079       1.559663329717e-10 
 1080       1.552249528929e-10 
 1081       1.544772496918e-10 
 1082       1.537235421237e-10 
 1083       1.529641514252e-10 
 1084       1.521994013204e-10 
 1085       1.514296180260e-10 
 1086       1.506551302574e-10 
 1087       1.498762692347e-10 
 1088       1.490933686881e-10 
 1089       1.483067648641e-10 
 1090       1.475167965309e-10 
 1091       1.467237921730e-10 
 1092       1.459280313746e-10 
 1093       1.451297829307e-10 
 1094       1.443293176155e-10 
 1095       1.435269081877e-10 
 1096       1.427228293942e-10 
 1097       1.419173579755e-10 
 1098       1.411107726692e-10 
 1099       1.403033542153e-10 
 1100       1.394953853604e-10 
 1101       1.386871508621e-10 
 1102       1.378789374938e-10 
 1103       1.370710340488e-10 
 1104       1.362637313453e-10 
 1105       1.354573222303e-10 
 1106       1.346521015848e-10 
 1107       1.338483663276e-10 
 1108       1.330464154204e-10 
 1109       1.322465498719e-10 
 1110       1.314490727425e-10 
 1111       1.306542891487e-10 
 1112       1.298625062677e-10 
 1113       1.290740333419e-10 
 1114       1.282891816832e-10 
 1115       1.275082646779e-10 
 1116       1.267315977907e-10 
 1117       1.259594985697e-10 
 1118       1.251922866506e-10 
 1119       1.244302837612e-10 
 1120       1.236738137260e-10 
 1121       1.229232024708e-10 
 1122       1.221787780270e-10 
 1123       1.214408705361e-10 
 1124       1.207098122544e-10 
 1125       1.199859375575e-10 
 1126       1.192695829445e-10 
 1127       1.185610870427e-10 
 1128       1.178607906123e-10 
 1129       1.171690365505e-10 
 1130       1.164861698964e-10 
 1131       1.158124948769e-10 
 1132       1.151481454297e-10 
 1133       1.144932130161e-10 
 1134       1.138477894286e-10 
 1135       1.132119667910e-10 
 1136       1.125858375590e-10 
 1137       1.119694945208e-10 
 1138       1.113630307971e-10 
 1139       1.107665398423e-10 
 1140       1.101801154443e-10 
 1141       1.096038517254e-10 
 1142       1.090378431427e-10 
 1143       1.084821844883e-10 
 1144       1.079369708902e-10 
 1145       1.074022978126e-10 
 1146       1.068782610562e-10 
 1147       1.063649567588e-10 
 1148       1.058624813960e-10 
 1149       1.053709317814e-10 
 1150       1.048904050671e-10 
 1151       1.044209987442e-10 
 1152       1.039628106434e-10 
 1153       1.035159389354e-10 
 1154       1.030804821314e-10 
 1155       1.026565390833e-10 
 1156       1.022442089848e-10 
 1157       1.018435913711e-10 
 1158       1.014547861200e-10 
 1159       1.010778934522e-10 
 1160       1.007130139316e-10 
 1161       1.003602484659e-10 
 1162       1.000196983071e-10 
 1163       9.969146505207e-11 
 1164       9.937565064270e-11 
 1165       9.907235736674e-11 
 1166       9.878168785810e-11 
 1167       9.850374509734e-11 
 1168       9.823863241215e-11 
 1169       9.798645347786e-11 
 1170       9.774731231788e-11 
 1171       9.752127525038e-11 
 1172       9.730825620741e-11 
 1173       9.710812998537e-11 
 1174       9.692077016617e-11 
 1175       9.674604911435e-11 
 1176       9.658383797423e-11 
 1177       9.643400666711e-11 
 1178       9.629642388834e-11 
 1179       9.617095710454e-11 
 1180       9.605747255070e-11 
 1181       9.595583522736e-11 
 1182       9.586590889776e-11 
 1183       9.578755608495e-11 
 1184       9.572063806900e-11 
 1185       9.566501488410e-11 
 1186       9.562054531572e-11 
 1187       9.558708689779e-11 
 1188       9.556449590981e-11 
 1189       9.555262737401e-11 
 1190       9.555133505252e-11 
 1191       9.556047144450e-11 
 1192       9.557988778328e-11 
 1193       9.560943403355e-11 
 1194       9.564895888846e-11 
 1195       9.569830976679e-11 
 1196       9.575733281013e-11 
 1197       9.582587287996e-11 
 1198       9.590377355489e-11 
 1199       9.599087712771e-11 
 1200       9.608702460262e-11 
 1201       9.619205569235e-11 
 1202       9.630580881529e-11 
 1203       9.642812109267e-11 
 1204       9.655882834570e-11 
 1205       9.669776509271e-11 
 1206       9.684476454630e-11 
 1207       9.699965861052e-11 
 1208       9.716227787796e-11 
 1209       9.733245162697e-11 
 1210       9.751000781875e-11 
 1211       9.769476574065e-11 
 1212       9.788651384444e-11 
 1213       9.808503163488e-11 
 1214       9.829009699587e-11 
 1215       9.850148618701e-11 
 1216       9.871897384013e-11 
 1217       9.894233295586e-11 
 1218       9.917133490018e-11 
 1219       9.940574940092e-11 
 1220       9.964534454440e-11 
 1221       9.988988677187e-11 
 1222       1.001391408761e-10 
 1223       1.003928699981e-10 
 1224       1.006508356233e-10 
 1225       1.009127975784e-10 
 1226       1.011785140278e-10 
 1227       1.014477414702e-10 
 1228       1.017202347352e-10 
 1229       1.019957469795e-10 
 1230       1.022740296841e-10 
 1231       1.025548326501e-10 
 1232       1.028379039959e-10 
 1233       1.031229901533e-10 
 1234       1.034098358642e-10 
 1235       1.036981841773e-10 
 1236       1.039877764444e-10 
 1237       1.042783523170e-10 
 1238       1.045696497431e-10 
 1239       1.048614049633e-10 
 1240       1.051533525079e-10 
 1241       1.054452251928e-10 
 1242       1.057367541166e-10 
 1243       1.060276686570e-10 
 1244       1.063176964672e-10 
 1245       1.066065634726e-10 
 1246       1.068939938671e-10 
 1247       1.071797101100e-10 
 1248       1.074634329225e-10 
 1249       1.077448812839e-10 
 1250       1.080237724285e-10 
 1251       1.082998452547e-10 
 1252       1.085729308584e-10 
 1253       1.088428828171e-10 
 1254       1.091095538503e-10 
 1255       1.093727958176e-10 
 1256       1.096324597172e-10 
 1257       1.098883956842e-10 
 1258       1.101404529892e-10 
 1259       1.103884800361e-10 
 1260       1.106323243611e-10 
 1261       1.108718326303e-10 
 1262       1.111068506390e-10 
 1263       1.113372233089e-10 
 1264       1.115627946874e-10 
 1265       1.117834079454e-10 
 1266       1.119989053761e-10 
 1267       1.122091283926e-10 
 1268       1.124139175271e-10 
 1269       1.126131124286e-10 
 1270       1.128065518616e-10 
 1271       1.129940737043e-10 
 1272       1.131755149470e-10 
 1273       1.133507116903e-10 
 1274       1.135194991436e-10 
 1275       1.136817116236e-10 
 1276       1.138371825520e-10 
 1277       1.139857444546e-10 
 1278       1.141272289594e-10 
 1279       1.142614667945e-10 
 1280       1.143882877871e-10 
 1281       1.145075208614e-10 
 1282       1.146189940372e-10 
 1283       1.147225344281e-10 
 1284       1.148179682398e-10 
 1285       1.149051207685e-10 
 1286       1.149838163993e-10 
 1287       1.150538786046e-10 
 1288       1.151151299422e-10 
 1289       1.151673920538e-10 
 1290       1.152104856633e-10 
 1291       1.152442637199e-10 
 1292       1.152687112409e-10 
 1293       1.152838465960e-10 
 1294       1.152896884662e-10 
 1295       1.152862558447e-10 
 1296       1.152735680372e-10 
 1297       1.152516446630e-10 
 1298       1.152205056554e-10 
 1299       1.151801712626e-10 
 1300       1.151306620486e-10 
 1301       1.150719988937e-10 
 1302       1.150042029951e-10 
 1303       1.149272958679e-10 
 1304       1.148412993459e-10 
 1305       1.147462355819e-10 
 1306       1.146421270487e-10 
 1307       1.145289965400e-10 
 1308       1.144068671707e-10 
 1309       1.142757623782e-10 
 1310       1.141357059223e-10 
 1311       1.139867218868e-10 
 1312       1.138288346797e-10 
 1313       1.136620690341e-10 
 1314       1.134864500089e-10 
 1315       1.133020029894e-10 
 1316       1.131087536883e-10 
 1317       1.129067281462e-10 
 1318       1.126959527324e-10 
 1319       1.124764541457e-10 
 1320       1.122482594148e-10 
 1321       1.120113958996e-10 
 1322       1.117658912915e-10 
 1323       1.115117736141e-10 
 1324       1.112490712242e-10 
 1325       1.109778128123e-10 
 1326       1.106980274035e-10 
 1327       1.104097443581e-10 
 1328       1.101129933723e-10 
 1329       1.098078044791e-10 
 1330       1.094942080488e-10 
 1331       1.091722535374e-10 
 1332       1.088420659548e-10 
 1333       1.085037900184e-10 
 1334       1.081575714637e-10 
 1335       1.078035570465e-10 
 1336       1.074418945446e-10 
 1337       1.070727327602e-10 
 1338       1.066962215214e-10 
 1339       1.063125116848e-10 
 1340       1.059217551368e-10 
 1341       1.055241047962e-10 
 1342       1.051197146160e-10 
 1343       1.047087395852e-10 
 1344       1.042913357309e-10 
 1345       1.038676601205e-10 
 1346       1.034378708635e-10 
 1347       1.030021271135e-10 
 1348       1.025605890702e-10 
 1349       1.021134179814e-10 
 1350       1.016607761452e-10 
 1351       1.012028269116e-10 
 1352       1.007397346849e-10 
 1353       1.002716649252e-10 
 1354       9.979878415106e-11 
 1355       9.932125994095e-11 
 1356       9.883926093543e-11 
 1357       9.835295683919e-11 
 1358       9.786251842299e-11 
 1359       9.736811752566e-11 
 1360       9.686992705611e-11 
 1361       9.636812099532e-11 
 1362       9.586287439832e-11 
 1363       9.535436339622e-11 
 1364       9.484276519817e-11 
 1365       9.432825809339e-11 
 1366       9.381102145311e-11 
 1367       9.329123573264e-11 
 1368       9.276908247331e-11 
 1369       9.224474430448e-11 
 1370       9.171840494554e-11 
 1371       9.119024343218e-11 
 1372       9.066041672374e-11 
 1373       9.012907691435e-11 
 1374       8.959637699339e-11 
 1375       8.906247084715e-11 
 1376       8.852751326047e-11 
 1377       8.799165991834e-11 
 1378       8.745506740755e-11 
 1379       8.691789321828e-11 
 1380       8.638029574578e-11 
 1381       8.584243429194e-11 
 1382       8.530446906699e-11 
 1383       8.476656119103e-11 
 1384       8.422887269576e-11 
 1385       8.369156652602e-11 
 1386       8.315480654147e-11 
 1387       8.261875751820e-11 
 1388       8.208358515036e-11 
 1389       8.154945605178e-11 
 1390       8.101653775761e-11 
 1391       8.048499872594e-11 
 1392       7.995500833941e-11 
 1393       7.942673690687e-11 
 1394       7.890035566498e-11 
 1395       7.837603677986e-11 
 1396       7.785395334869e-11 
 1397       7.733427940137e-11 
 1398       7.681718990210e-11 
 1399       7.630286075107e-11 
 1400       7.579146878602e-11 
 1401       7.528319178391e-11 
 1402       7.477820846256e-11 
 1403       7.427669848222e-11 
 1404       7.377884244725e-11 
 1405       7.328482190772e-11 
 1406       7.279481936104e-11 
 1407       7.230901825360e-11 
 1408       7.182760298240e-11 
 1409       7.135075889663e-11 
 1410       7.087867229938e-11 
 1411       7.041150844162e-11 
 1412       6.994934525172e-11 
 1413       6.949223892235e-11 
 1414       6.904024585604e-11 
 1415       6.859342266542e-11 
 1416       6.815182617362e-11 
 1417       6.771551341448e-11 
 1418       6.728454163291e-11 
 1419       6.685896828515e-11 
 1420       6.643885103912e-11 
 1421       6.602424777465e-11 
 1422       6.561521658387e-11 
 1423       6.521181577144e-11 
 1424       6.481410385488e-11 
 1425       6.442213956487e-11 
 1426       6.403598184557e-11 
 1427       6.365568985486e-11 
 1428       6.328132296473e-11 
 1429       6.291294076150e-11 
 1430       6.255060304617e-11 
 1431       6.219436983471e-11 
 1432       6.184430135835e-11 
 1433       6.150045806391e-11 
 1434       6.116290061406e-11 
 1435       6.083168988765e-11 
 1436       6.050688698001e-11 
 1437       6.018855320324e-11 
 1438       5.987675008654e-11 
 1439       5.957153937645e-11 
 1440       5.927298303723e-11 
 1441       5.898114325109e-11 
 1442       5.869608241856e-11 
 1443       5.841786315872e-11 
 1444       5.814654830955e-11 
 1445       5.788220092823e-11 
 1446       5.762488429142e-11 
 1447       5.737466189556e-11 
 1448       5.713159745721e-11 
 1449       5.689575491330e-11 
 1450       5.666719842147e-11 
 1451       5.644597175325e-11 
 1452       5.623203624581e-11 
 1453       5.602533222544e-11 
 1454       5.582579955696e-11 
 1455       5.563337764288e-11 
 1456       5.544800542254e-11 
 1457       5.526962137124e-11 
 1458       5.509816349931e-11 
 1459       5.493356935133e-11 
 1460       5.477577600518e-11 
 1461       5.462472007120e-11 
 1462       5.448033769132e-11 
 1463       5.434256453818e-11 
 1464       5.421133581427e-11 
 1465       5.408658625102e-11 
 1466       5.396825010799e-11 
 1467       5.385626117194e-11 
 1468       5.375055275599e-11 
 1469       5.365105769873e-11 
 1470       5.355770836338e-11 
 1471       5.347043663687e-11 
 1472       5.338917392899e-11 
 1473       5.331385117155e-11 
 1474       5.324439881744e-11 
 1475       5.318074683982e-11 
 1476       5.312282473122e-11 
 1477       5.307056150266e-11 
 1478       5.302388568280e-11 
 1479       5.298272531706e-11 
 1480       5.294700796672e-11 
 1481       5.291666070810e-11 
 1482       5.289161013164e-11 
 1483       5.287178234106e-11 
 1484       5.285710295248e-11 
 1485       5.284749709352e-11 
 1486       5.284288940246e-11 
 1487       5.284320402738e-11 
 1488       5.284836462524e-11 
 1489       5.285829436105e-11 
 1490       5.287291590696e-11 
 1491       5.289214573585e-11 
 1492       5.291587694243e-11 
 1493       5.294399625189e-11 
 1494       5.297638970894e-11 
 1495       5.301294267669e-11 
 1496       5.305353983546e-11 
 1497       5.309806518158e-11 
 1498       5.314640202622e-11 
 1499       5.319843299421e-11 
 1500       5.325404002288e-11 
 1501       5.331310436084e-11 
 1502       5.337550656681e-11 
 1503       5.344112650849e-11 
 1504       5.350984336132e-11 
 1505       5.358153560730e-11 
 1506       5.365608103386e-11 
 1507       5.373335673264e-11 
 1508       5.381323909833e-11 
 1509       5.389560382747e-11 
 1510       5.398032591728e-11 
 1511       5.406727966448e-11 
 1512       5.415633866412e-11 
 1513       5.424737580840e-11 
 1514       5.434026328544e-11 
 1515       5.443487257818e-11 
 1516       5.453107446315e-11 
 1517       5.462873900930e-11 
 1518       5.472773557682e-11 
 1519       5.482793281595e-11 
 1520       5.492919866583e-11 
 1521       5.503140035328e-11 
 1522       5.513440439166e-11 
 1523       5.523807657966e-11 
 1524       5.534228200014e-11 
 1525       5.544688501892e-11 
 1526       5.555174928364e-11 
 1527       5.565673772255e-11 
 1528       5.576171254335e-11 
 1529       5.586653523199e-11 
 1530       5.597106655151e-11 
 1531       5.607517668630e-11 
 1532       5.617877578335e-11 
 1533       5.628178370045e-11 
 1534       5.638411988656e-11 
 1535       5.648570338115e-11 
 1536       5.658645281354e-11 
 1537       5.668628640222e-11 
 1538       5.678512195422e-11 
 1539       5.688287686442e-11 
 1540       5.697946811492e-11 
 1541       5.707481227435e-11 
 1542       5.716882549721e-11 
 1543       5.726142352324e-11 
 1544       5.735252167673e-11 
 1545       5.744203486587e-11 
 1546       5.752987758207e-11 
 1547       5.761596389933e-11 
 1548       5.770020747358e-11 
 1549       5.778252154197e-11 
 1550       5.786281892227e-11 
 1551       5.794101201217e-11 
 1552       5.801701278863e-11 
 1553       5.809073280722e-11 
 1554       5.816208320147e-11 
 1555       5.823097468218e-11 
 1556       5.829731753679e-11 
 1557       5.836102162871e-11 
 1558       5.842199639663e-11 
 1559       5.848015085391e-11 
 1560       5.853539358789e-11 
 1561       5.858763275922e-11 
 1562       5.863677610123e-11 
 1563       5.868273091922e-11 
 1564       5.872540408985e-11 
 1565       5.876470206047e-11 
 1566       5.880053084843e-11 
 1567       5.883279604043e-11 
 1568       5.886140279188e-11 
 1569       5.888625582622e-11 
 1570       5.890725943427e-11 
 1571       5.892433361380e-11 
 1572       5.893746265404e-11 
 1573       5.894664700225e-11 
 1574       5.895188716469e-11 
 1575       5.895318370670e-11 
 1576       5.895053725283e-11 
 1577       5.894394848699e-11 
 1578       5.893341815255e-11 
 1579       5.891894705248e-11 
 1580       5.890053604946e-11 
 1581       5.887818606598e-11 
 1582       5.885189808454e-11 
 1583       5.882167314767e-11 
 1584       5.878751235815e-11 
 1585       5.874941687906e-11 
 1586       5.870738793396e-11 
 1587       5.866142680695e-11 
 1588       5.861153484288e-11 
 1589       5.855771344738e-11 
 1590       5.849996408703e-11 
 1591       5.843828828952e-11 
 1592       5.837268764368e-11 
 1593       5.830316379969e-11 
 1594       5.822971846917e-11 
 1595       5.815235342527e-11 
 1596       5.807107050288e-11 
 1597       5.798587159865e-11 
 1598       5.789675867118e-11 
 1599       5.780373374114e-11 
 1600       5.770679889137e-11 
 1601       5.760595626700e-11 
 1602       5.750120807561e-11 
 1603       5.739255658731e-11 
 1604       5.728000413489e-11 
 1605       5.716355311393e-11 
 1606       5.704320598296e-11 
 1607       5.691896526350e-11 
 1608       5.679083354028e-11 
 1609       5.665881346129e-11 
 1610       5.652290773797e-11 
 1611       5.638312934830e-11 
 1612       5.623953224754e-11 
 1613       5.609218093661e-11 
 1614       5.594114028504e-11 
 1615       5.578647553152e-11 
 1616       5.562825228447e-11 
 1617       5.546653652268e-11 
 1618       5.530139459589e-11 
 1619       5.513289322538e-11 
 1620       5.496109950456e-11 
 1621       5.478608089957e-11 
 1622       5.460790524988e-11 
 1623       5.442664076888e-11 
 1624       5.424235604448e-11 
 1625       5.405512003969e-11 
 1626       5.386500209324e-11 
 1627       5.367207192015e-11 
 1628       5.347639961232e-11 
 1629       5.327805563916e-11 
 1630       5.307711084817e-11 
 1631       5.287363646551e-11 
 1632       5.266770409662e-11 
 1633       5.245938572680e-11 
 1634       5.224875372183e-11 
 1635       5.203588082855e-11 
 1636       5.182084017542e-11 
 1637       5.160370527319e-11 
 1638       5.138455001542e-11 
 1639       5.116344867913e-11 
 1640       5.094047592534e-11 
 1641       5.071570679975e-11 
 1642       5.048921673322e-11 
 1643       5.026108154246e-11 
 1644       5.003137743060e-11 
 1645       4.980018098774e-11 
 1646       4.956756919163e-11 
 1647       4.933361940816e-11 
 1648       4.909840939204e-11 
 1649       4.886201728738e-11 
 1650       4.862452162824e-11 
 1651       4.838600003048e-11 
 1652       4.814652525339e-11 
 1653       4.790616910431e-11 
 1654       4.766500374482e-11 
 1655       4.742310169126e-11 
 1656       4.718053581529e-11 
 1657       4.693737934439e-11 
 1658       4.669370586243e-11 
 1659       4.644958931017e-11 
 1660       4.620510398585e-11 
 1661       4.596032454568e-11 
 1662       4.571532600440e-11 
 1663       4.547018373582e-11 
 1664       4.522497347334e-11 
 1665       4.497977131049e-11 
 1666       4.473465370149e-11 
 1667       4.448969746177e-11 
 1668       4.424497976849e-11 
 1669       4.400057816111e-11 
 1670       4.375657054192e-11 
 1671       4.351303517656e-11 
 1672       4.327005069456e-11 
 1673       4.302769608990e-11 
 1674       4.278605072151e-11 
 1675       4.254519431386e-11 
 1676       4.230520695743e-11 
 1677       4.206616910932e-11 
 1678       4.182816159372e-11 
 1679       4.159126560249e-11 
 1680       4.135556269569e-11 
 1681       4.112113480209e-11 
 1682       4.088806421976e-11 
 1683       4.065643361656e-11 
 1684       4.042632603068e-11 
 1685       4.019782487122e-11 
 1686       3.997101391868e-11 
 1687       3.974597732551e-11 
 1688       3.952279961666e-11 
 1689       3.930156569012e-11 
 1690       3.908236081742e-11 
 1691       3.886526098044e-11 
 1692       3.865030378908e-11 
 1693       3.843751731302e-11 
 1694       3.822692972276e-11 
 1695       3.801856928979e-11 
 1696       3.781246438667e-11 
 1697       3.760864348721e-11 
 1698       3.740713516659e-11 
 1699       3.720796810147e-11 
 1700       3.701117107013e-11 
 1701       3.681677295263e-11 
 1702       3.662480273092e-11 
 1703       3.643528948895e-11 
 1704       3.624826241284e-11 
 1705       3.606375079101e-11 
 1706       3.588178401427e-11 
 1707       3.570239157600e-11 
 1708       3.552560307226e-11 
 1709       3.535144820191e-11 
 1710       3.517995676678e-11 
 1711       3.501115867175e-11 
 1712       3.484508392493e-11 
 1713       3.468176263777e-11 
 1714       3.452122502519e-11 
 1715       3.436350140571e-11 
 1716       3.420862220159e-11 
 1717       3.405661793896e-11 
 1718       3.390751924795e-11 
 1719       3.376135686284e-11 
 1720       3.361816162214e-11 
 1721       3.347796446879e-11 
 1722       3.334079645023e-11 
 1723       3.320668871859e-11 
 1724       3.307567253078e-11 
 1725       3.294777924861e-11 
 1726       3.282304033899e-11 
 1727       3.270148737398e-11 
 1728       3.258315203099e-11 
 1729       3.246806609285e-11 
 1730       3.235626144801e-11 
 1731       3.224776035554e-11 
 1732       3.214254615011e-11 
 1733       3.204059228969e-11 
 1734       3.194187206784e-11 
 1735       3.184635861352e-11 
 1736       3.175402489074e-11 
 1737       3.166484369838e-11 
 1738       3.157878766991e-11 
 1739       3.149582927310e-11 
 1740       3.141594080983e-11 
 1741       3.133909441575e-11 
 1742       3.126526206009e-11 
 1743       3.119441554537e-11 
 1744       3.112652650714e-11 
 1745       3.106156641373e-11 
 1746       3.099950656602e-11 
 1747       3.094031809711e-11 
 1748       3.088397197215e-11 
 1749       3.083043898801e-11 
 1750       3.077968977306e-11 
 1751       3.073169478691e-11 
 1752       3.068642432013e-11 
 1753       3.064384849404e-11 
 1754       3.060393726039e-11 
 1755       3.056666040114e-11 
 1756       3.053198752820e-11 
 1757       3.049988808317e-11 
 1758       3.047033133706e-11 
 1759       3.044328639008e-11 
 1760       3.041872217134e-11 
 1761       3.039660743859e-11 
 1762       3.037691077801e-11 
 1763       3.035960060390e-11 
 1764       3.034464515845e-11 
 1765       3.033201251147e-11 
 1766       3.032167056014e-11 
 1767       3.031358702875e-11 
 1768       3.030772946843e-11 
 1769       3.030406525694e-11 
 1770       3.030256159833e-11 
 1771       3.030318223126e-11 
 1772       3.030587752449e-11 
 1773       3.031059429900e-11 
 1774       3.031727911169e-11 
 1775       3.032587825500e-11 
 1776       3.033633775652e-11 
 1777       3.034860337861e-11 
 1778       3.036262061801e-11 
 1779       3.037833470547e-11 
 1780       3.039569060534e-11 
 1781       3.041463301521e-11 
 1782       3.043510636553e-11 
 1783       3.045705481920e-11 
 1784       3.048042227121e-11 
 1785       3.050515234825e-11 
 1786       3.053118840831e-11 
 1787       3.055847354034e-11 
 1788       3.058695056382e-11 
 1789       3.061656202839e-11 
 1790       3.064725021347e-11 
 1791       3.067895712789e-11 
 1792       3.071162450949e-11 
 1793       3.074519382472e-11 
 1794       3.077960626831e-11 
 1795       3.081480276282e-11 
 1796       3.085072395830e-11 
 1797       3.088731023191e-11 
 1798       3.092450168750e-11 
 1799       3.096223815525e-11 
 1800       3.100045919130e-11 
 1801       3.103910407734e-11 
 1802       3.107811182023e-11 
 1803       3.111742115164e-11 
 1804       3.115697052764e-11 
 1805       3.119669812831e-11 
 1806       3.123654185741e-11 
 1807       3.127643934193e-11 
 1808       3.131632793173e-11 
 1809       3.135614469919e-11 
 1810       3.139582643878e-11 
 1811       3.143531386642e-11 
 1812       3.147456425539e-11 
 1813       3.151353890177e-11 
 1814       3.155219893373e-11 
 1815       3.159050531133e-11 
 1816       3.162841882624e-11 
 1817       3.166590010157e-11 
 1818       3.170290959159e-11 
 1819       3.173940758153e-11 
 1820       3.177535418735e-11 
 1821       3.181070935547e-11 
 1822       3.184543286261e-11 
 1823       3.187948431550e-11 
 1824       3.191282315065e-11 
 1825       3.194540863418e-11 
 1826       3.197719986153e-11 
 1827       3.200815575725e-11 
 1828       3.203823507477e-11 
 1829       3.206739639617e-11 
 1830       3.209559813196e-11 
 1831       3.212279852083e-11 
 1832       3.214895562943e-11 
 1833       3.217402735214e-11 
 1834       3.219797141085e-11 
 1835       3.222074535470e-11 
 1836       3.224230655989e-11 
 1837       3.226261222942e-11 
 1838       3.228161939287e-11 
 1839       3.229928490617e-11 
 1840       3.231556545137e-11 
 1841       3.233041753641e-11 
 1842       3.234379749489e-11 
 1843       3.235566148583e-11 
 1844       3.236596549348e-11 
 1845       3.237466532701e-11 
 1846       3.238171662037e-11 
 1847       3.238707483201e-11 
 1848       3.239069524464e-11 
 1849       3.239253296505e-11 
 1850       3.239254292382e-11 
 1851       3.239068724653e-11 
 1852       3.238695743135e-11 
 1853       3.238135234632e-11 
 1854       3.237387087390e-11 
 1855       3.236451191098e-11 
 1856       3.235327436893e-11 
 1857       3.234015717361e-11 
 1858       3.232515926541e-11 
 1859       3.230827959927e-11 
 1860       3.228951714473e-11 
 1861       3.226887088592e-11 
 1862       3.224633982161e-11 
 1863       3.222192296525e-11 
 1864       3.219561934496e-11 
 1865       3.216742800362e-11 
 1866       3.213734799882e-11 
 1867       3.210537840295e-11 
 1868       3.207151830321e-11 
 1869       3.203576680161e-11 
 1870       3.199812301505e-11 
 1871       3.195858607531e-11 
 1872       3.191715512909e-11 
 1873       3.187382933801e-11 
 1874       3.182860787871e-11 
 1875       3.178148994280e-11 
 1876       3.173247473694e-11 
 1877       3.168156148281e-11 
 1878       3.162874941723e-11 
 1879       3.157403779209e-11 
 1880       3.151742587445e-11 
 1881       3.145891294652e-11 
 1882       3.139849830572e-11 
 1883       3.133618126469e-11 
 1884       3.127196115134e-11 
 1885       3.120583730883e-11 
 1886       3.113780909565e-11 
 1887       3.106787588564e-11 
 1888       3.099603706799e-11 
 1889       3.092229204727e-11 
 1890       3.084664024351e-11 
 1891       3.076908616305e-11 
 1892       3.068965465428e-11 
 1893       3.060837577004e-11 
 1894       3.052527970766e-11 
 1895       3.044039680918e-11 
 1896       3.035375756150e-11 
 1897       3.026539259660e-11 
 1898       3.017533269177e-11 
 1899       3.008360876975e-11 
 1900       2.999025189898e-11 
 1901       2.989529329376e-11 
 1902       2.979876431445e-11 
 1903       2.970069646772e-11 
 1904       2.960112140668e-11 
 1905       2.950007093112e-11 
 1906       2.939757698768e-11 
 1907       2.929367167009e-11 
 1908       2.918838721931e-11 
 1909       2.908175602378e-11 
 1910       2.897381061960e-11 
 1911       2.886458369071e-11 
 1912       2.875410806913e-11 
 1913       2.864241673509e-11 
 1914       2.852954281732e-11 
 1915       2.841551959316e-11 
 1916       2.830038048882e-11 
 1917       2.818415907953e-11 
 1918       2.806688908979e-11 
 1919       2.794860439352e-11 
 1920       2.782933901428e-11 
 1921       2.770912712548e-11 
 1922       2.758800305056e-11 
 1923       2.746600126318e-11 
 1924       2.734315638744e-11 
 1925       2.721950319808e-11 
 1926       2.709507662064e-11 
 1927       2.696991173172e-11 
 1928       2.684404375910e-11 
 1929       2.671750808202e-11 
 1930       2.659034023132e-11 
 1931       2.646257573996e-11 
 1932       2.633424969281e-11 
 1933       2.620539717385e-11 
 1934       2.607605341575e-11 
 1935       2.594625380004e-11 
 1936       2.581603385731e-11 
 1937       2.568542926745e-11 
 1938       2.555447585978e-11 
 1939       2.542320961327e-11 
 1940       2.529166665673e-11 
 1941       2.515988326902e-11 
 1942       2.502789587922e-11 
 1943       2.489574106685e-11 
 1944       2.476345556200e-11 
 1945       2.463107624563e-11 
 1946       2.449864014965e-11 
 1947       2.436618445720e-11 
 1948       2.423374650278e-11 
 1949       2.410136377251e-11 
 1950       2.396907390425e-11 
 1951       2.383691468784e-11 
 1952       2.370492406529e-11 
 1953       2.357314013096e-11 
 1954       2.344160113175e-11 
 1955       2.331034546732e-11 
 1956       2.317941169024e-11 
 1957       2.304883850622e-11 
 1958       2.291866477431e-11 
 1959       2.278892950704e-11 
 1960       2.265967187067e-11 
 1961       2.253093118536e-11 
 1962       2.240274692536e-11 
 1963       2.227515871920e-11 
 1964       2.214820634990e-11 
 1965       2.202192975517e-11 
 1966       2.189636902755e-11 
 1967       2.177156441466e-11 
 1968       2.164755631939e-11 
 1969       2.152438530006e-11 
 1970       2.140209207061e-11 
 1971       2.128071330209e-11 
 1972       2.116026899235e-11 
 1973       2.104077500293e-11 
 1974       2.092224724932e-11 
 1975       2.080470170108e-11 
 1976       2.068815438186e-11 
 1977       2.057262136948e-11 
 1978       2.045811879600e-11 
 1979       2.034466284776e-11 
 1980       2.023226976549e-11 
 1981       2.012095584432e-11 
 1982       2.001073743386e-11 
 1983       1.990163093831e-11 
 1984       1.979365281644e-11 
 1985       1.968681958173e-11 
 1986       1.958114780238e-11 
 1987       1.947665410142e-11 
 1988       1.937335515672e-11 
 1989       1.927126770111e-11 
 1990       1.917040852241e-11 
 1991       1.907079446348e-11 
 1992       1.897244242232e-11 
 1993       1.887536935213e-11 
 1994       1.877959226134e-11 
 1995       1.868512821370e-11 
 1996       1.859199432834e-11 
 1997       1.850020777984e-11 
 1998       1.840978579827e-11 
 1999       1.832074566927e-11 
 2000       1.823310473413e-11 
 2001       1.814688038983e-11 
 2002       1.806209008910e-11 
 2003       1.797875134049e-11 
 2004       1.789688170846e-11 
 2005       1.781649881341e-11 
 2006       1.773762033174e-11 
 2007       1.766026399594e-11 
 2008       1.758444759465e-11 
 2009       1.751018897270e-11 
 2010       1.743750603121e-11 
 2011       1.736641207491e-11 
 2012       1.729690181721e-11 
 2013       1.722896527340e-11 
 2014       1.716259240405e-11 
 2015       1.709777311495e-11 
 2016       1.703449725700e-11 
 2017       1.697275462617e-11 
 2018       1.691253496338e-11 
 2019       1.685382795449e-11 
 2020       1.679662323017e-11 
 2021       1.674091036585e-11 
 2022       1.668667888164e-11 
 2023       1.663391824227e-11 
 2024       1.658261785697e-11 
 2025       1.653276707948e-11 
 2026       1.648435520787e-11 
 2027       1.643737148455e-11 
 2028       1.639180509617e-11 
 2029       1.634764517352e-11 
 2030       1.630488079149e-11 
 2031       1.626350096899e-11 
 2032       1.622349466885e-11 
 2033       1.618485079777e-11 
 2034       1.614755820624e-11 
 2035       1.611160568847e-11 
 2036       1.607698198230e-11 
 2037       1.604367576915e-11 
 2038       1.601167567392e-11 
 2039       1.598097026493e-11 
 2040       1.595154805385e-11 
 2041       1.592339749560e-11 
 2042       1.589650698833e-11 
 2043       1.587086487326e-11 
 2044       1.584645943470e-11 
 2045       1.582327889991e-11 
 2046       1.580131143905e-11 
 2047       1.578054516510e-11 
 2048       1.576096813379e-11 
 2049       1.574256834353e-11 
 2050       1.572533373533e-11 
 2051       1.570925025111e-11 
 2052       1.569429599379e-11 
 2053       1.568044702537e-11 
 2054       1.566767930465e-11 
 2055       1.565596868708e-11 
 2056       1.564529092462e-11 
 2057       1.563562166566e-11 
 2058       1.562693645483e-11 
 2059       1.561921073291e-11 
 2060       1.561241983667e-11 
 2061       1.560653899878e-11 
 2062       1.560154334763e-11 
 2063       1.559740790724e-11 
 2064       1.559410759714e-11 
 2065       1.559161723218e-11 
 2066       1.558991152246e-11 
 2067       1.558896507317e-11 
 2068       1.558875238448e-11 
 2069       1.558924785138e-11 
 2070       1.559042576360e-11 
 2071       1.559226030541e-11 
 2072       1.559472555557e-11 
 2073       1.559779548712e-11 
 2074       1.560144396733e-11 
 2075       1.560564475749e-11 
 2076       1.561037151287e-11 
 2077       1.561559778249e-11 
 2078       1.562129700907e-11 
 2079       1.562744252887e-11 
 2080       1.563400757157e-11 
 2081       1.564096526010e-11 
 2082       1.564828861058e-11 
 2083       1.565595053212e-11 
 2084       1.566392382676e-11 
 2085       1.567218118927e-11 
 2086       1.568069520706e-11 
 2087       1.568943836007e-11 
 2088       1.569838302058e-11 
 2089       1.570750145314e-11 
 2090       1.571676581439e-11 
 2091       1.572614963270e-11 
 2092       1.573563225855e-11 
 2093       1.574519444500e-11 
 2094       1.575481687076e-11 
 2095       1.576448014005e-11 
 2096       1.577416478254e-11 
 2097       1.578385125325e-11 
 2098       1.579351993248e-11 
 2099       1.580315112568e-11 
 2100       1.581272506341e-11 
 2101       1.582222190120e-11 
 2102       1.583162171952e-11 
 2103       1.584090452363e-11 
 2104       1.585005024353e-11 
 2105       1.585903873387e-11 
 2106       1.586784977383e-11 
 2107       1.587646306706e-11 
 2108       1.588485824160e-11 
 2109       1.589301484976e-11 
 2110       1.590091236803e-11 
 2111       1.590853019702e-11 
 2112       1.591584766137e-11 
 2113       1.592284400962e-11 
 2114       1.592949841416e-11 
 2115       1.593578997114e-11 
 2116       1.594169770035e-11 
 2117       1.594720054515e-11 
 2118       1.595227737241e-11 
 2119       1.595690697236e-11 
 2120       1.596106805855e-11 
 2121       1.596473926774e-11 
 2122       1.596789915982e-11 
 2123       1.597052621770e-11 
 2124       1.597259884724e-11 
 2125       1.597409537718e-11 
 2126       1.597499405901e-11 
 2127       1.597527306690e-11 
 2128       1.597491049761e-11 
 2129       1.597388437040e-11 
 2130       1.597217262694e-11 
 2131       1.596975634410e-11 
 2132       1.596662939651e-11 
 2133       1.596278886021e-11 
 2134       1.595823180576e-11 
 2135       1.595295529827e-11 
 2136       1.594695639738e-11 
 2137       1.594023215725e-11 
 2138       1.593277962659e-11 
 2139       1.592459584861e-11 
 2140       1.591567786104e-11 
 2141       1.590602269613e-11 
 2142       1.589562738064e-11 
 2143       1.588448893581e-11 
 2144       1.587260437741e-11 
 2145       1.585997071569e-11 
 2146       1.584658495540e-11 
 2147       1.583244409576e-11 
 2148       1.581754513049e-11 
 2149       1.580188504779e-11 
 2150       1.578546083031e-11 
 2151       1.576826945519e-11 
 2152       1.575030789403e-11 
 2153       1.573157311291e-11 
 2154       1.571206207233e-11 
 2155       1.569177172726e-11 
 2156       1.567069902714e-11 
 2157       1.564884091581e-11 
 2158       1.562619433160e-11 
 2159       1.560275620723e-11 
 2160       1.557852346987e-11 
 2161       1.555349304114e-11 
 2162       1.552766183704e-11 
 2163       1.550102676801e-11 
 2164       1.547358473892e-11 
 2165       1.544533264901e-11 
 2166       1.541626739197e-11 
 2167       1.538638585587e-11 
 2168       1.535568492316e-11 
 2169       1.532416147071e-11 
 2170       1.529181236977e-11 
 2171       1.525863695645e-11 
 2172       1.522464446134e-11 
 2173       1.518984662998e-11 
 2174       1.515425525701e-11 
 2175       1.511788218617e-11 
 2176       1.508073931044e-11 
 2177       1.504283857203e-11 
 2178       1.500419196248e-11 
 2179       1.496481152269e-11 
 2180       1.492470934300e-11 
 2181       1.488389756324e-11 
 2182       1.484238837279e-11 
 2183       1.480019401063e-11 
 2184       1.475732676543e-11 
 2185       1.471379897555e-11 
 2186       1.466962302917e-11 
 2187       1.462481136429e-11 
 2188       1.457937646881e-11 
 2189       1.453333088060e-11 
 2190       1.448668718755e-11 
 2191       1.443945802762e-11 
 2192       1.439165608889e-11 
 2193       1.434329410968e-11 
 2194       1.429438487850e-11 
 2195       1.424494123423e-11 
 2196       1.419497606609e-11 
 2197       1.414450231372e-11 
 2198       1.409353296727e-11 
 2199       1.404208106742e-11 
 2200       1.399015970547e-11 
 2201       1.393778202336e-11 
 2202       1.388496121376e-11 
 2203       1.383171052014e-11 
 2204       1.377804323677e-11 
 2205       1.372397270886e-11 
 2206       1.366951233254e-11 
 2207       1.361467555498e-11 
 2208       1.355947587440e-11 
 2209       1.350392684017e-11 
 2210       1.344804205285e-11 
 2211       1.339183543552e-11 
 2212       1.333532204975e-11 
 2213       1.327851728513e-11 
 2214       1.322143658862e-11 
 2215       1.316409546452e-11 
 2216       1.310650947463e-11 
 2217       1.304869423823e-11 
 2218       1.299066543222e-11 
 2219       1.293243879111e-11 
 2220       1.287403010717e-11 
 2221       1.281545523041e-11 
 2222       1.275673006872e-11 
 2223       1.269787058786e-11 
 2224       1.263889281161e-11 
 2225       1.257981282177e-11 
 2226       1.252064675823e-11 
 2227       1.246141081909e-11 
 2228       1.240212126065e-11 
 2229       1.234279439754e-11 
 2230       1.228344660274e-11 
 2231       1.222409430768e-11 
 2232       1.216475400225e-11 
 2233       1.210544223496e-11 
 2234       1.204617561290e-11 
 2235       1.198697080188e-11 
 2236       1.192784452645e-11 
 2237       1.186881357002e-11 
 2238       1.180989477484e-11 
 2239       1.175110504215e-11 
 2240       1.169246133220e-11 
 2241       1.163398066433e-11 
 2242       1.157568011702e-11 
 2243       1.151757682797e-11 
 2244       1.145968799417e-11 
 2245       1.140203087194e-11 
 2246       1.134462277702e-11 
 2247       1.128748108464e-11 
 2248       1.123062322955e-11 
 2249       1.117406670611e-11 
 2250       1.111782906837e-11 
 2251       1.106192629992e-11 
 2252       1.100636791189e-11 
 2253       1.095116181318e-11 
 2254       1.089631593783e-11 
 2255       1.084183824504e-11 
 2256       1.078773671914e-11 
 2257       1.073401936971e-11 
 2258       1.068069423150e-11 
 2259       1.062776936455e-11 
 2260       1.057525285417e-11 
 2261       1.052315281096e-11 
 2262       1.047147737086e-11 
 2263       1.042023469518e-11 
 2264       1.036943297060e-11 
 2265       1.031908040921e-11 
 2266       1.026918524854e-11 
 2267       1.021975575159e-11 
 2268       1.017080020686e-11 
 2269       1.012232692833e-11 
 2270       1.007434425557e-11 
 2271       1.002686055369e-11 
 2272       9.979884213420e-12 
 2273       9.933423651094e-12 
 2274       9.887487308708e-12 
 2275       9.842083653936e-12 
 2276       9.797221180153e-12 
 2277       9.752908406467e-12 
 2278       9.709153877742e-12 
 2279       9.665966164629e-12 
 2280       9.623353863588e-12 
 2281       9.581325596917e-12 
 2282       9.539890012779e-12 
 2283       9.499055785228e-12 
 2284       9.458831614234e-12 
 2285       9.419226225714e-12 
 2286       9.380248371554e-12 
 2287       9.341906829638e-12 
 2288       9.304210403875e-12 
 2289       9.267167924224e-12 
 2290       9.230788246723e-12 
 2291       9.195078215485e-12 
 2292       9.160036534406e-12 
 2293       9.125659856350e-12 
 2294       9.091944817598e-12 
 2295       9.058888037833e-12 
 2296       9.026486120115e-12 
 2297       8.994735650866e-12 
 2298       8.963633199844e-12 
 2299       8.933175320130e-12 
 2300       8.903358548104e-12 
 2301       8.874179403424e-12 
 2302       8.845634389010e-12 
 2303       8.817719991021e-12 
 2304       8.790432678837e-12 
 2305       8.763768905036e-12 
 2306       8.737725105379e-12 
 2307       8.712297698786e-12 
 2308       8.687483087316e-12 
 2309       8.663277656152e-12 
 2310       8.639677773575e-12 
 2311       8.616679790946e-12 
 2312       8.594280042689e-12 
 2313       8.572474846269e-12 
 2314       8.551260502168e-12 
 2315       8.530633293875e-12 
 2316       8.510589487855e-12 
 2317       8.491125333536e-12 
 2318       8.472237063289e-12 
 2319       8.453920892403e-12 
 2320       8.436173019072e-12 
 2321       8.418989624368e-12 
 2322       8.402366872228e-12 
 2323       8.386300909429e-12 
 2324       8.370787865568e-12 
 2325       8.355823853048e-12 
 2326       8.341404967051e-12 
 2327       8.327527285522e-12 
 2328       8.314186869147e-12 
 2329       8.301379761336e-12 
 2330       8.289101988201e-12 
 2331       8.277348542640e-12 
 2332       8.266110329661e-12 
 2333       8.255377201832e-12 
 2334       8.245138973394e-12 
 2335       8.235385420218e-12 
 2336       8.226106279760e-12 
 2337       8.217291251024e-12 
 2338       8.208929994513e-12 
 2339       8.201012132194e-12 
 2340       8.193527247449e-12 
 2341       8.186464885037e-12 
 2342       8.179814551050e-12 
 2343       8.173565712869e-12 
 2344       8.167707799128e-12 
 2345       8.162230199662e-12 
 2346       8.157122265473e-12 
 2347       8.152373308683e-12 
 2348       8.147972602495e-12 
 2349       8.143909381147e-12 
 2350       8.140172839872e-12 
 2351       8.136752134856e-12 
 2352       8.133636383193e-12 
 2353       8.130814662845e-12 
 2354       8.128276012602e-12 
 2355       8.126009432032e-12 
 2356       8.124003881446e-12 
 2357       8.122248281854e-12 
 2358       8.120731514921e-12 
 2359       8.119442422923e-12 
 2360       8.118369808710e-12 
 2361       8.117502435661e-12 
 2362       8.116829027639e-12 
 2363       8.116338268953e-12 
 2364       8.116018804312e-12 
 2365       8.115859238786e-12 
 2366       8.115848137761e-12 
 2367       8.115974026899e-12 
 2368       8.116225392092e-12 
 2369       8.116590679424e-12 
 2370       8.117058295126e-12 
 2371       8.117617087690e-12 
 2372       8.118257797542e-12 
 2373       8.118971616236e-12 
 2374       8.119749705083e-12 
 2375       8.120583195111e-12 
 2376       8.121463187042e-12 
 2377       8.122380751251e-12 
 2378       8.123326927742e-12 
 2379       8.124292726112e-12 
 2380       8.125269125518e-12 
 2381       8.126247074648e-12 
 2382       8.127217491686e-12 
 2383       8.128171264282e-12 
 2384       8.129099249519e-12 
 2385       8.129992273882e-12 
 2386       8.130841133223e-12 
 2387       8.131636592733e-12 
 2388       8.132369386908e-12 
 2389       8.133030219515e-12 
 2390       8.133609763565e-12 
 2391       8.134098661274e-12 
 2392       8.134487524038e-12 
 2393       8.134766932397e-12 
 2394       8.134927436003e-12 
 2395       8.134959553589e-12 
 2396       8.134853772936e-12 
 2397       8.134600550843e-12 
 2398       8.134190313091e-12 
 2399       8.133613454416e-12 
 2400       8.132860338474e-12 
 2401       8.131921297807e-12 
 2402       8.130786633816e-12 
 2403       8.129446616725e-12 
 2404       8.127891485550e-12 
 2405       8.126111448068e-12 
 2406       8.124096680782e-12 
 2407       8.121837328894e-12 
 2408       8.119323506268e-12 
 2409       8.116545295400e-12 
 2410       8.113492747386e-12 
 2411       8.110157188223e-12 
 2412       8.106535146445e-12 
 2413       8.102624449275e-12 
 2414       8.098422918452e-12 
 2415       8.093928370229e-12 
 2416       8.089138615362e-12 
 2417       8.084051459112e-12 
 2418       8.078664701235e-12 
 2419       8.072976135978e-12 
 2420       8.066983552074e-12 
 2421       8.060684732739e-12 
 2422       8.054077455663e-12 
 2423       8.047159493008e-12 
 2424       8.039928611403e-12 
 2425       8.032382571934e-12 
 2426       8.024519130147e-12 
 2427       8.016336036036e-12 
 2428       8.007831034041e-12 
 2429       7.999001863043e-12 
 2430       7.989846256357e-12 
 2431       7.980361941730e-12 
 2432       7.970546641333e-12 
 2433       7.960398071757e-12 
 2434       7.949913944008e-12 
 2435       7.939091963501e-12 
 2436       7.927929830058e-12 
 2437       7.916425237898e-12 
 2438       7.904575875635e-12 
 2439       7.892379426275e-12 
 2440       7.879833567206e-12 
 2441       7.866935970194e-12 
 2442       7.853684301382e-12 
 2443       7.840076221281e-12 
 2444       7.826109384765e-12 
 2445       7.811781441067e-12 
 2446       7.797090033776e-12 
 2447       7.782032800827e-12 
 2448       7.766607374499e-12 
 2449       7.750811381410e-12 
 2450       7.734642442512e-12 
 2451       7.718099422890e-12 
 2452       7.701186189338e-12 
 2453       7.683907875220e-12 
 2454       7.666269632724e-12 
 2455       7.648276632885e-12 
 2456       7.629934065596e-12 
 2457       7.611247139640e-12 
 2458       7.592221082697e-12 
 2459       7.572861141375e-12 
 2460       7.553172581223e-12 
 2461       7.533160686752e-12 
 2462       7.512830761459e-12 
 2463       7.492188127841e-12 
 2464       7.471238127417e-12 
 2465       7.449986120750e-12 
 2466       7.428437487466e-12 
 2467       7.406597626271e-12 
 2468       7.384471954973e-12 
 2469       7.362065910503e-12 
 2470       7.339384948934e-12 
 2471       7.316434545499e-12 
 2472       7.293220194613e-12 
 2473       7.269747409893e-12 
 2474       7.246021724176e-12 
 2475       7.222048689540e-12 
 2476       7.197833877324e-12 
 2477       7.173382878149e-12 
 2478       7.148701301935e-12 
 2479       7.123794777921e-12 
 2480       7.098668954691e-12 
 2481       7.073329500184e-12 
 2482       7.047782101721e-12 
 2483       7.022032466024e-12 
 2484       6.996086319233e-12 
 2485       6.969949406928e-12 
 2486       6.943627494149e-12 
 2487       6.917126365413e-12 
 2488       6.890451824740e-12 
 2489       6.863609695666e-12 
 2490       6.836605821266e-12 
 2491       6.809443210611e-12 
 2492       6.782113459763e-12 
 2493       6.754605280393e-12 
 2494       6.726907348721e-12 
 2495       6.699008305492e-12 
 2496       6.670896755931e-12 
 2497       6.642561269714e-12 
 2498       6.613990380929e-12 
 2499       6.585172588044e-12 
 2500       6.556096353867e-12 
