# dimensionless total [l(l+1)/2pi] C_l's
# for l=2 to 2500, i.e. number of multipoles equal to 2499
#
# -> if you prefer output in CAMB/HealPix/LensPix units/order, set 'format' to 'camb' in input file
# -> if you don't want to see such a header, set 'headers' to 'no' in input file
#
# 1:l     2:TT                 
    2       2.694816674167e-10 
    3       2.391129768765e-10 
    4       2.155664149919e-10 
    5       1.981023566784e-10 
    6       1.851319017114e-10 
    7       1.753711398913e-10 
    8       1.679686001209e-10 
    9       1.623550018625e-10 
   10       1.580598865003e-10 
   11       1.547896574099e-10 
   12       1.523611208980e-10 
   13       1.505528095857e-10 
   14       1.493284842857e-10 
   15       1.486362576125e-10 
   16       1.483242762166e-10 
   17       1.483223238638e-10 
   18       1.486329146232e-10 
   19       1.492727982045e-10 
   20       1.501635593454e-10 
   21       1.512888527173e-10 
   22       1.526022046714e-10 
   23       1.541003853593e-10 
   24       1.557615711856e-10 
   25       1.575878586979e-10 
   26       1.595630429916e-10 
   27       1.616697852114e-10 
   28       1.638779206396e-10 
   29       1.661982082960e-10 
   30       1.686381341924e-10 
   31       1.711889514533e-10 
   32       1.738479262549e-10 
   33       1.766005293552e-10 
   34       1.794224464267e-10 
   35       1.823139723287e-10 
   36       1.852753089160e-10 
   37       1.883013268652e-10 
   38       1.913985312204e-10 
   39       1.945722652666e-10 
   40       1.978212740894e-10 
   41       2.011403792865e-10 
   42       2.045312325226e-10 
   43       2.079938847756e-10 
   44       2.115232547060e-10 
   45       2.151118572143e-10 
   46       2.187600656183e-10 
   47       2.224681207150e-10 
   48       2.262329232901e-10 
   49       2.300477498447e-10 
   50       2.339052621614e-10 
   51       2.378081585781e-10 
   52       2.417609224982e-10 
   53       2.457666550403e-10 
   54       2.498269457688e-10 
   55       2.539424470183e-10 
   56       2.581150600841e-10 
   57       2.623460657038e-10 
   58       2.666353684080e-10 
   59       2.709813946643e-10 
   60       2.753809910209e-10 
   61       2.798307552061e-10 
   62       2.843316089945e-10 
   63       2.888850756956e-10 
   64       2.934918824994e-10 
   65       2.981519040875e-10 
   66       3.028641062428e-10 
   67       3.076264894606e-10 
   68       3.124369824634e-10 
   69       3.172964590327e-10 
   70       3.222062339750e-10 
   71       3.271671357834e-10 
   72       3.321794745428e-10 
   73       3.372430098342e-10 
   74       3.423569186396e-10 
   75       3.475197632465e-10 
   76       3.527300262741e-10 
   77       3.579878993345e-10 
   78       3.632937637472e-10 
   79       3.686476322190e-10 
   80       3.740491283775e-10 
   81       3.794974663053e-10 
   82       3.849914300743e-10 
   83       3.905293532792e-10 
   84       3.961095690192e-10 
   85       4.017318903836e-10 
   86       4.073963390171e-10 
   87       4.131026841197e-10 
   88       4.188504298876e-10 
   89       4.246388029535e-10 
   90       4.304667398274e-10 
   91       4.363328743372e-10 
   92       4.422355250696e-10 
   93       4.481730175650e-10 
   94       4.541447336138e-10 
   95       4.601501972879e-10 
   96       4.661887463899e-10 
   97       4.722595244894e-10 
   98       4.783614729581e-10 
   99       4.844933230061e-10 
  100       4.906535877172e-10 
  101       4.968405540852e-10 
  102       5.030522750492e-10 
  103       5.092865615299e-10 
  104       5.155412717355e-10 
  105       5.218152407448e-10 
  106       5.281074622348e-10 
  107       5.344167977819e-10 
  108       5.407419721647e-10 
  109       5.470815686667e-10 
  110       5.534340243782e-10 
  111       5.597976254994e-10 
  112       5.661705026426e-10 
  113       5.725506261344e-10 
  114       5.789358013188e-10 
  115       5.853236638591e-10 
  116       5.917118952919e-10 
  117       5.980989094619e-10 
  118       6.044832411115e-10 
  119       6.108633303777e-10 
  120       6.172375200412e-10 
  121       6.236040527768e-10 
  122       6.299610684034e-10 
  123       6.363066011332e-10 
  124       6.426385768224e-10 
  125       6.489548102204e-10 
  126       6.552530022202e-10 
  127       6.615307371079e-10 
  128       6.677854798130e-10 
  129       6.740147592414e-10 
  130       6.802167468570e-10 
  131       6.863897366699e-10 
  132       6.925319634373e-10 
  133       6.986416012452e-10 
  134       7.047167620896e-10 
  135       7.107554944584e-10 
  136       7.167557819122e-10 
  137       7.227155416662e-10 
  138       7.286326231714e-10 
  139       7.345048066962e-10 
  140       7.403298019074e-10 
  141       7.461052464525e-10 
  142       7.518287045400e-10 
  143       7.574976655219e-10 
  144       7.631097028598e-10 
  145       7.686629716840e-10 
  146       7.741557578188e-10 
  147       7.795863213099e-10 
  148       7.849528959268e-10 
  149       7.902536886666e-10 
  150       7.954868792570e-10 
  151       8.006506196595e-10 
  152       8.057430335724e-10 
  153       8.107622159341e-10 
  154       8.157062324266e-10 
  155       8.205731189781e-10 
  156       8.253608812667e-10 
  157       8.300674942232e-10 
  158       8.346909015347e-10 
  159       8.392290151472e-10 
  160       8.436797147695e-10 
  161       8.480409765053e-10 
  162       8.523112725780e-10 
  163       8.564892061701e-10 
  164       8.605733855691e-10 
  165       8.645624242650e-10 
  166       8.684549410476e-10 
  167       8.722495601037e-10 
  168       8.759449111145e-10 
  169       8.795396293528e-10 
  170       8.830323557804e-10 
  171       8.864217371451e-10 
  172       8.897064260786e-10 
  173       8.928850811931e-10 
  174       8.959563671790e-10 
  175       8.989189549023e-10 
  176       9.017715215014e-10 
  177       9.045127504847e-10 
  178       9.071413318283e-10 
  179       9.096559620723e-10 
  180       9.120554315996e-10 
  181       9.143388940228e-10 
  182       9.165056184470e-10 
  183       9.185549046284e-10 
  184       9.204860833931e-10 
  185       9.222985170555e-10 
  186       9.239915998367e-10 
  187       9.255647582825e-10 
  188       9.270174516824e-10 
  189       9.283491724876e-10 
  190       9.295594467295e-10 
  191       9.306478344381e-10 
  192       9.316139300606e-10 
  193       9.324573628793e-10 
  194       9.331777974306e-10 
  195       9.337749339230e-10 
  196       9.342485086557e-10 
  197       9.345982944367e-10 
  198       9.348241010017e-10 
  199       9.349257754320e-10 
  200       9.349032025733e-10 
  201       9.347563357564e-10 
  202       9.344852905363e-10 
  203       9.340902584637e-10 
  204       9.335714778889e-10 
  205       9.329292344700e-10 
  206       9.321638616806e-10 
  207       9.312757413178e-10 
  208       9.302653040103e-10 
  209       9.291330297264e-10 
  210       9.278794482814e-10 
  211       9.265051398466e-10 
  212       9.250107354561e-10 
  213       9.233969175156e-10 
  214       9.216644203101e-10 
  215       9.198140305118e-10 
  216       9.178465876880e-10 
  217       9.157629848092e-10 
  218       9.135641687571e-10 
  219       9.112511408324e-10 
  220       9.088249572629e-10 
  221       9.062867297114e-10 
  222       9.036376257836e-10 
  223       9.008788695362e-10 
  224       8.980116995023e-10 
  225       8.950372387182e-10 
  226       8.919566173222e-10 
  227       8.887710146904e-10 
  228       8.854816598437e-10 
  229       8.820898318542e-10 
  230       8.785968602523e-10 
  231       8.750041254336e-10 
  232       8.713130590652e-10 
  233       8.675251444934e-10 
  234       8.636419171494e-10 
  235       8.596649649571e-10 
  236       8.555959287394e-10 
  237       8.514365026251e-10 
  238       8.471884344558e-10 
  239       8.428535261924e-10 
  240       8.384336343224e-10 
  241       8.339306702665e-10 
  242       8.293466007853e-10 
  243       8.246834483860e-10 
  244       8.199432917297e-10 
  245       8.151282660378e-10 
  246       8.102405634990e-10 
  247       8.052824336758e-10 
  248       8.002561839119e-10 
  249       7.951641797384e-10 
  250       7.900087242059e-10 
  251       7.847916873174e-10 
  252       7.795148559954e-10 
  253       7.741800534070e-10 
  254       7.687891391386e-10 
  255       7.633440093718e-10 
  256       7.578465970581e-10 
  257       7.522988720948e-10 
  258       7.467028414996e-10 
  259       7.410605495864e-10 
  260       7.353740781401e-10 
  261       7.296455465926e-10 
  262       7.238771121972e-10 
  263       7.180709702046e-10 
  264       7.122293540376e-10 
  265       7.063545354668e-10 
  266       7.004488247857e-10 
  267       6.945145709861e-10 
  268       6.885541619330e-10 
  269       6.825700245404e-10 
  270       6.765646249462e-10 
  271       6.705404686876e-10 
  272       6.645001008764e-10 
  273       6.584461063742e-10 
  274       6.523811099677e-10 
  275       6.463077765440e-10 
  276       6.402288112659e-10 
  277       6.341469597471e-10 
  278       6.280650082275e-10 
  279       6.219856018859e-10 
  280       6.159106889976e-10 
  281       6.098420483208e-10 
  282       6.037814682616e-10 
  283       5.977307467700e-10 
  284       5.916916912360e-10 
  285       5.856661183851e-10 
  286       5.796558541748e-10 
  287       5.736627336898e-10 
  288       5.676886010387e-10 
  289       5.617353092490e-10 
  290       5.558047201640e-10 
  291       5.498987043380e-10 
  292       5.440191409325e-10 
  293       5.381679176121e-10 
  294       5.323469304404e-10 
  295       5.265580837758e-10 
  296       5.208032901675e-10 
  297       5.150844702517e-10 
  298       5.094035526469e-10 
  299       5.037624738504e-10 
  300       4.981631781339e-10 
  301       4.926076174395e-10 
  302       4.870977512756e-10 
  303       4.816355466127e-10 
  304       4.762229777797e-10 
  305       4.708620263595e-10 
  306       4.655546810847e-10 
  307       4.603029377340e-10 
  308       4.551087990280e-10 
  309       4.499742745247e-10 
  310       4.449013805162e-10 
  311       4.398921399236e-10 
  312       4.349484130910e-10 
  313       4.300713817002e-10 
  314       4.252620407062e-10 
  315       4.205213649704e-10 
  316       4.158503089489e-10 
  317       4.112498063802e-10 
  318       4.067207699741e-10 
  319       4.022640910989e-10 
  320       3.978806394704e-10 
  321       3.935712628391e-10 
  322       3.893367866793e-10 
  323       3.851780138765e-10 
  324       3.810957244157e-10 
  325       3.770906750698e-10 
  326       3.731635990873e-10 
  327       3.693152058807e-10 
  328       3.655461807145e-10 
  329       3.618571843935e-10 
  330       3.582488529506e-10 
  331       3.547217973353e-10 
  332       3.512766031014e-10 
  333       3.479138300956e-10 
  334       3.446340121452e-10 
  335       3.414376567465e-10 
  336       3.383252447527e-10 
  337       3.352972300622e-10 
  338       3.323540393066e-10 
  339       3.294960715390e-10 
  340       3.267236979219e-10 
  341       3.240372614155e-10 
  342       3.214370764656e-10 
  343       3.189234286920e-10 
  344       3.164965745764e-10 
  345       3.141567411507e-10 
  346       3.119041256849e-10 
  347       3.097388953753e-10 
  348       3.076611870330e-10 
  349       3.056710700633e-10 
  350       3.037684343473e-10 
  351       3.019530970926e-10 
  352       3.002248387746e-10 
  353       2.985834027886e-10 
  354       2.970284951020e-10 
  355       2.955597839058e-10 
  356       2.941768992672e-10 
  357       2.928794327816e-10 
  358       2.916669372245e-10 
  359       2.905389262034e-10 
  360       2.894948738103e-10 
  361       2.885342142736e-10 
  362       2.876563416098e-10 
  363       2.868606092760e-10 
  364       2.861463298219e-10 
  365       2.855127745415e-10 
  366       2.849591731258e-10 
  367       2.844847133141e-10 
  368       2.840885405467e-10 
  369       2.837697576167e-10 
  370       2.835274243218e-10 
  371       2.833605571169e-10 
  372       2.832681287657e-10 
  373       2.832490679932e-10 
  374       2.833022591371e-10 
  375       2.834265418006e-10 
  376       2.836207105040e-10 
  377       2.838835143367e-10 
  378       2.842136566099e-10 
  379       2.846097945076e-10 
  380       2.850705387397e-10 
  381       2.855944531935e-10 
  382       2.861800545857e-10 
  383       2.868258121148e-10 
  384       2.875301471131e-10 
  385       2.882914326983e-10 
  386       2.891079934263e-10 
  387       2.899781049425e-10 
  388       2.909001459158e-10 
  389       2.918730608133e-10 
  390       2.928959137532e-10 
  391       2.939677375599e-10 
  392       2.950875335377e-10 
  393       2.962542712435e-10 
  394       2.974668882603e-10 
  395       2.987242899700e-10 
  396       3.000253493266e-10 
  397       3.013689066298e-10 
  398       3.027537692974e-10 
  399       3.041787116387e-10 
  400       3.056424746281e-10 
  401       3.071437656775e-10 
  402       3.086812584099e-10 
  403       3.102535924325e-10 
  404       3.118593731095e-10 
  405       3.134971713357e-10 
  406       3.151655233092e-10 
  407       3.168629303049e-10 
  408       3.185878584475e-10 
  409       3.203387384843e-10 
  410       3.221139655590e-10 
  411       3.239118989842e-10 
  412       3.257308620148e-10 
  413       3.275691416214e-10 
  414       3.294249882629e-10 
  415       3.312966156599e-10 
  416       3.331822005679e-10 
  417       3.350798825503e-10 
  418       3.369877637516e-10 
  419       3.389039086706e-10 
  420       3.408263439334e-10 
  421       3.427530580664e-10 
  422       3.446820012699e-10 
  423       3.466110851907e-10 
  424       3.485381826958e-10 
  425       3.504611276447e-10 
  426       3.523777146636e-10 
  427       3.542859515444e-10 
  428       3.561848263649e-10 
  429       3.580735660219e-10 
  430       3.599513859012e-10 
  431       3.618174898169e-10 
  432       3.636710699505e-10 
  433       3.655113067894e-10 
  434       3.673373690667e-10 
  435       3.691484136996e-10 
  436       3.709435857284e-10 
  437       3.727220182559e-10 
  438       3.744828323863e-10 
  439       3.762251371640e-10 
  440       3.779480295126e-10 
  441       3.796505941742e-10 
  442       3.813319036483e-10 
  443       3.829910181305e-10 
  444       3.846269854522e-10 
  445       3.862388410187e-10 
  446       3.878256077491e-10 
  447       3.893862960146e-10 
  448       3.909199035780e-10 
  449       3.924254155323e-10 
  450       3.939018042402e-10 
  451       3.953480292728e-10 
  452       3.967630373484e-10 
  453       3.981457622720e-10 
  454       3.994951248740e-10 
  455       4.008100329493e-10 
  456       4.020893811963e-10 
  457       4.033320511557e-10 
  458       4.045369111501e-10 
  459       4.057028162223e-10 
  460       4.068286080747e-10 
  461       4.079131150084e-10 
  462       4.089551518618e-10 
  463       4.099535199501e-10 
  464       4.109070070038e-10 
  465       4.118143871083e-10 
  466       4.126746285941e-10 
  467       4.134875249712e-10 
  468       4.142530835596e-10 
  469       4.149713193701e-10 
  470       4.156422551585e-10 
  471       4.162659214789e-10 
  472       4.168423567377e-10 
  473       4.173716072468e-10 
  474       4.178537272778e-10 
  475       4.182887791154e-10 
  476       4.186768331109e-10 
  477       4.190179677364e-10 
  478       4.193122696381e-10 
  479       4.195598336899e-10 
  480       4.197607630473e-10 
  481       4.199151692012e-10 
  482       4.200231720311e-10 
  483       4.200848998593e-10 
  484       4.201004895041e-10 
  485       4.200700863340e-10 
  486       4.199938443209e-10 
  487       4.198719260941e-10 
  488       4.197045029936e-10 
  489       4.194917551244e-10 
  490       4.192338714096e-10 
  491       4.189310496442e-10 
  492       4.185834965491e-10 
  493       4.181914278244e-10 
  494       4.177550682032e-10 
  495       4.172746515053e-10 
  496       4.167504206910e-10 
  497       4.161826279146e-10 
  498       4.155715345779e-10 
  499       4.149174113845e-10 
  500       4.142205383927e-10 
  501       4.134812050700e-10 
  502       4.126997103459e-10 
  503       4.118763626663e-10 
  504       4.110114800467e-10 
  505       4.101054460602e-10 
  506       4.091588794644e-10 
  507       4.081724695670e-10 
  508       4.071469208134e-10 
  509       4.060829528667e-10 
  510       4.049813006877e-10 
  511       4.038427146148e-10 
  512       4.026679604439e-10 
  513       4.014578195084e-10 
  514       4.002130887593e-10 
  515       3.989345808448e-10 
  516       3.976231241903e-10 
  517       3.962795630789e-10 
  518       3.949047577306e-10 
  519       3.934995843825e-10 
  520       3.920649353690e-10 
  521       3.906017192015e-10 
  522       3.891108606485e-10 
  523       3.875933008151e-10 
  524       3.860499972236e-10 
  525       3.844819238931e-10 
  526       3.828900714194e-10 
  527       3.812754470551e-10 
  528       3.796390747893e-10 
  529       3.779819954278e-10 
  530       3.763052666731e-10 
  531       3.746099632039e-10 
  532       3.728971767558e-10 
  533       3.711680162003e-10 
  534       3.694236076255e-10 
  535       3.676650944157e-10 
  536       3.658936373316e-10 
  537       3.641104145898e-10 
  538       3.623166219432e-10 
  539       3.605134727608e-10 
  540       3.587021981073e-10 
  541       3.568840468238e-10 
  542       3.550602856069e-10 
  543       3.532321990892e-10 
  544       3.514009927559e-10 
  545       3.495674986764e-10 
  546       3.477324620562e-10 
  547       3.458966377281e-10 
  548       3.440607901927e-10 
  549       3.422256936593e-10 
  550       3.403921320862e-10 
  551       3.385608992217e-10 
  552       3.367327986445e-10 
  553       3.349086438042e-10 
  554       3.330892580622e-10 
  555       3.312754747320e-10 
  556       3.294681371201e-10 
  557       3.276680985666e-10 
  558       3.258762224855e-10 
  559       3.240933824057e-10 
  560       3.223204620115e-10 
  561       3.205583551831e-10 
  562       3.188079660372e-10 
  563       3.170702089679e-10 
  564       3.153460086871e-10 
  565       3.136363002650e-10 
  566       3.119420291711e-10 
  567       3.102641513144e-10 
  568       3.086036330844e-10 
  569       3.069614513912e-10 
  570       3.053385937068e-10 
  571       3.037360581052e-10 
  572       3.021548533032e-10 
  573       3.005959987009e-10 
  574       2.990605244226e-10 
  575       2.975494713572e-10 
  576       2.960638911986e-10 
  577       2.946048464870e-10 
  578       2.931734106487e-10 
  579       2.917706680374e-10 
  580       2.903977139742e-10 
  581       2.890556547889e-10 
  582       2.877456078600e-10 
  583       2.864685467482e-10 
  584       2.852248322625e-10 
  585       2.840146697594e-10 
  586       2.828382629767e-10 
  587       2.816958140190e-10 
  588       2.805875233440e-10 
  589       2.795135897485e-10 
  590       2.784742103545e-10 
  591       2.774695805950e-10 
  592       2.764998942004e-10 
  593       2.755653431838e-10 
  594       2.746661178281e-10 
  595       2.738024066709e-10 
  596       2.729743964913e-10 
  597       2.721822722956e-10 
  598       2.714262173034e-10 
  599       2.707064129335e-10 
  600       2.700230387901e-10 
  601       2.693762726488e-10 
  602       2.687662904424e-10 
  603       2.681932662472e-10 
  604       2.676573722689e-10 
  605       2.671587788286e-10 
  606       2.666976543487e-10 
  607       2.662741653394e-10 
  608       2.658884763840e-10 
  609       2.655407501255e-10 
  610       2.652311472525e-10 
  611       2.649598264850e-10 
  612       2.647269445607e-10 
  613       2.645326562206e-10 
  614       2.643771141958e-10 
  615       2.642604691925e-10 
  616       2.641828698789e-10 
  617       2.641444628708e-10 
  618       2.641453927175e-10 
  619       2.641858018884e-10 
  620       2.642658307582e-10 
  621       2.643856175937e-10 
  622       2.645452028230e-10 
  623       2.647442394113e-10 
  624       2.649822756730e-10 
  625       2.652588503305e-10 
  626       2.655734924705e-10 
  627       2.659257215002e-10 
  628       2.663150471039e-10 
  629       2.667409691992e-10 
  630       2.672029778937e-10 
  631       2.677005534409e-10 
  632       2.682331661970e-10 
  633       2.688002765771e-10 
  634       2.694013350116e-10 
  635       2.700357819025e-10 
  636       2.707030475800e-10 
  637       2.714025522587e-10 
  638       2.721337059939e-10 
  639       2.728959086382e-10 
  640       2.736885497977e-10 
  641       2.745110087887e-10 
  642       2.753626545936e-10 
  643       2.762428458175e-10 
  644       2.771509306449e-10 
  645       2.780862467953e-10 
  646       2.790481214805e-10 
  647       2.800358713603e-10 
  648       2.810488024993e-10 
  649       2.820862103229e-10 
  650       2.831473795740e-10 
  651       2.842315842693e-10 
  652       2.853380876554e-10 
  653       2.864661421658e-10 
  654       2.876149893766e-10 
  655       2.887838599633e-10 
  656       2.899719736570e-10 
  657       2.911785392009e-10 
  658       2.924027543067e-10 
  659       2.936438056106e-10 
  660       2.949008686304e-10 
  661       2.961731311283e-10 
  662       2.974598638561e-10 
  663       2.987603512839e-10 
  664       3.000738682974e-10 
  665       3.013996801605e-10 
  666       3.027370424783e-10 
  667       3.040852011594e-10 
  668       3.054433923794e-10 
  669       3.068108425433e-10 
  670       3.081867682481e-10 
  671       3.095703762461e-10 
  672       3.109608634074e-10 
  673       3.123574166826e-10 
  674       3.137592130660e-10 
  675       3.151654195579e-10 
  676       3.165751931278e-10 
  677       3.179876806769e-10 
  678       3.194020190013e-10 
  679       3.208173347541e-10 
  680       3.222327444092e-10 
  681       3.236473542230e-10 
  682       3.250602601981e-10 
  683       3.264705480456e-10 
  684       3.278772931481e-10 
  685       3.292795605223e-10 
  686       3.306764047821e-10 
  687       3.320668701012e-10 
  688       3.334499901757e-10 
  689       3.348247881875e-10 
  690       3.361902767665e-10 
  691       3.375454579536e-10 
  692       3.388893231637e-10 
  693       3.402208531482e-10 
  694       3.415390179580e-10 
  695       3.428427769061e-10 
  696       3.441310785308e-10 
  697       3.454028605578e-10 
  698       3.466570498638e-10 
  699       3.478925624387e-10 
  700       3.491084165209e-10 
  701       3.503040746635e-10 
  702       3.514791087193e-10 
  703       3.526330873052e-10 
  704       3.537655757922e-10 
  705       3.548761362961e-10 
  706       3.559643276677e-10 
  707       3.570297054836e-10 
  708       3.580718220363e-10 
  709       3.590902263252e-10 
  710       3.600844640465e-10 
  711       3.610540775840e-10 
  712       3.619986059998e-10 
  713       3.629175850240e-10 
  714       3.638105470461e-10 
  715       3.646770211048e-10 
  716       3.655165328788e-10 
  717       3.663286046773e-10 
  718       3.671127554301e-10 
  719       3.678685006786e-10 
  720       3.685953525660e-10 
  721       3.692928198276e-10 
  722       3.699604077817e-10 
  723       3.705976183197e-10 
  724       3.712039498967e-10 
  725       3.717788975222e-10 
  726       3.723219527502e-10 
  727       3.728326036698e-10 
  728       3.733103348959e-10 
  729       3.737546275593e-10 
  730       3.741649592976e-10 
  731       3.745408042452e-10 
  732       3.748816330242e-10 
  733       3.751869127347e-10 
  734       3.754561069452e-10 
  735       3.756886756831e-10 
  736       3.758840754253e-10 
  737       3.760417590886e-10 
  738       3.761611760202e-10 
  739       3.762418886327e-10 
  740       3.762839248538e-10 
  741       3.762874326142e-10 
  742       3.762525638491e-10 
  743       3.761794745140e-10 
  744       3.760683246014e-10 
  745       3.759192781563e-10 
  746       3.757325032924e-10 
  747       3.755081722083e-10 
  748       3.752464612037e-10 
  749       3.749475506950e-10 
  750       3.746116252318e-10 
  751       3.742388735127e-10 
  752       3.738294884016e-10 
  753       3.733836669438e-10 
  754       3.729016103816e-10 
  755       3.723835241709e-10 
  756       3.718296179971e-10 
  757       3.712401057912e-10 
  758       3.706152057455e-10 
  759       3.699551403305e-10 
  760       3.692601363099e-10 
  761       3.685304247578e-10 
  762       3.677662410737e-10 
  763       3.669678249993e-10 
  764       3.661354206345e-10 
  765       3.652692764530e-10 
  766       3.643696453189e-10 
  767       3.634367845024e-10 
  768       3.624709556963e-10 
  769       3.614724250316e-10 
  770       3.604414630937e-10 
  771       3.593783449387e-10 
  772       3.582833501092e-10 
  773       3.571567626507e-10 
  774       3.559988711271e-10 
  775       3.548099686375e-10 
  776       3.535903528316e-10 
  777       3.523403259262e-10 
  778       3.510602361568e-10 
  779       3.497506029525e-10 
  780       3.484119941401e-10 
  781       3.470449847459e-10 
  782       3.456501570193e-10 
  783       3.442281004577e-10 
  784       3.427794118304e-10 
  785       3.413046952030e-10 
  786       3.398045619615e-10 
  787       3.382796308370e-10 
  788       3.367305279296e-10 
  789       3.351578867326e-10 
  790       3.335623481572e-10 
  791       3.319445605564e-10 
  792       3.303051797494e-10 
  793       3.286448690460e-10 
  794       3.269642992706e-10 
  795       3.252641487867e-10 
  796       3.235451035211e-10 
  797       3.218078569883e-10 
  798       3.200531103144e-10 
  799       3.182815722618e-10 
  800       3.164939592534e-10 
  801       3.146909953965e-10 
  802       3.128734125076e-10 
  803       3.110419501364e-10 
  804       3.091973555899e-10 
  805       3.073403839573e-10 
  806       3.054717981334e-10 
  807       3.035923688436e-10 
  808       3.017028746678e-10 
  809       2.998041020649e-10 
  810       2.978968453969e-10 
  811       2.959819069531e-10 
  812       2.940600969748e-10 
  813       2.921322336790e-10 
  814       2.901991432831e-10 
  815       2.882616600291e-10 
  816       2.863206262076e-10 
  817       2.843768415828e-10 
  818       2.824309106262e-10 
  819       2.804833926022e-10 
  820       2.785348519354e-10 
  821       2.765858582262e-10 
  822       2.746369862655e-10 
  823       2.726888160503e-10 
  824       2.707419327989e-10 
  825       2.687969269655e-10 
  826       2.668543942563e-10 
  827       2.649149356438e-10 
  828       2.629791573827e-10 
  829       2.610476710245e-10 
  830       2.591210934334e-10 
  831       2.572000468006e-10 
  832       2.552851586602e-10 
  833       2.533770619041e-10 
  834       2.514763947974e-10 
  835       2.495838009930e-10 
  836       2.476999295478e-10 
  837       2.458254349367e-10 
  838       2.439609770689e-10 
  839       2.421072213023e-10 
  840       2.402648384589e-10 
  841       2.384345048405e-10 
  842       2.366169022429e-10 
  843       2.348127179720e-10 
  844       2.330226448586e-10 
  845       2.312473812734e-10 
  846       2.294876311428e-10 
  847       2.277441039632e-10 
  848       2.260175148171e-10 
  849       2.243085843878e-10 
  850       2.226180389745e-10 
  851       2.209466105078e-10 
  852       2.192950365648e-10 
  853       2.176640603841e-10 
  854       2.160544308811e-10 
  855       2.144669026634e-10 
  856       2.129021380456e-10 
  857       2.113604112317e-10 
  858       2.098418991189e-10 
  859       2.083467788390e-10 
  860       2.068752277583e-10 
  861       2.054274234763e-10 
  862       2.040035438247e-10 
  863       2.026037668672e-10 
  864       2.012282708982e-10 
  865       1.998772344419e-10 
  866       1.985508362517e-10 
  867       1.972492553093e-10 
  868       1.959726708238e-10 
  869       1.947212622309e-10 
  870       1.934952091919e-10 
  871       1.922946915932e-10 
  872       1.911198895452e-10 
  873       1.899709833815e-10 
  874       1.888481536580e-10 
  875       1.877515811523e-10 
  876       1.866814468626e-10 
  877       1.856379320069e-10 
  878       1.846212180224e-10 
  879       1.836314865642e-10 
  880       1.826689195049e-10 
  881       1.817336989337e-10 
  882       1.808260071553e-10 
  883       1.799460266891e-10 
  884       1.790939402687e-10 
  885       1.782699308408e-10 
  886       1.774741815641e-10 
  887       1.767068758091e-10 
  888       1.759681971568e-10 
  889       1.752583293978e-10 
  890       1.745774565318e-10 
  891       1.739257627665e-10 
  892       1.733034325169e-10 
  893       1.727106504044e-10 
  894       1.721476012557e-10 
  895       1.716143956022e-10 
  896       1.711108448448e-10 
  897       1.706366824198e-10 
  898       1.701916379543e-10 
  899       1.697754372544e-10 
  900       1.693878022934e-10 
  901       1.690284511994e-10 
  902       1.686970982439e-10 
  903       1.683934538293e-10 
  904       1.681172244770e-10 
  905       1.678681128158e-10 
  906       1.676458175692e-10 
  907       1.674500335442e-10 
  908       1.672804516187e-10 
  909       1.671367587299e-10 
  910       1.670186378620e-10 
  911       1.669257680344e-10 
  912       1.668578242899e-10 
  913       1.668144776821e-10 
  914       1.667953952641e-10 
  915       1.668002400761e-10 
  916       1.668286711335e-10 
  917       1.668803434149e-10 
  918       1.669549078503e-10 
  919       1.670520113088e-10 
  920       1.671712965868e-10 
  921       1.673124023959e-10 
  922       1.674749633512e-10 
  923       1.676586099587e-10 
  924       1.678629686042e-10 
  925       1.680876615404e-10 
  926       1.683323068756e-10 
  927       1.685965185612e-10 
  928       1.688799063801e-10 
  929       1.691820759345e-10 
  930       1.695026286340e-10 
  931       1.698411616836e-10 
  932       1.701972680716e-10 
  933       1.705705365577e-10 
  934       1.709605450118e-10 
  935       1.713668403393e-10 
  936       1.717889582184e-10 
  937       1.722264297074e-10 
  938       1.726787812322e-10 
  939       1.731455345736e-10 
  940       1.736262068538e-10 
  941       1.741203105239e-10 
  942       1.746273533510e-10 
  943       1.751468384051e-10 
  944       1.756782640465e-10 
  945       1.762211239126e-10 
  946       1.767749069050e-10 
  947       1.773390971768e-10 
  948       1.779131741198e-10 
  949       1.784966123510e-10 
  950       1.790888817004e-10 
  951       1.796894471977e-10 
  952       1.802977690595e-10 
  953       1.809133026763e-10 
  954       1.815354985997e-10 
  955       1.821638025297e-10 
  956       1.827976553013e-10 
  957       1.834364928721e-10 
  958       1.840797463089e-10 
  959       1.847268417752e-10 
  960       1.853772005183e-10 
  961       1.860302388561e-10 
  962       1.866853681644e-10 
  963       1.873419948640e-10 
  964       1.879995204076e-10 
  965       1.886573412672e-10 
  966       1.893148489211e-10 
  967       1.899714298407e-10 
  968       1.906264654780e-10 
  969       1.912793322525e-10 
  970       1.919294015385e-10 
  971       1.925760396517e-10 
  972       1.932186078369e-10 
  973       1.938565174254e-10 
  974       1.944893962416e-10 
  975       1.951169246687e-10 
  976       1.957387806987e-10 
  977       1.963546399261e-10 
  978       1.969641755426e-10 
  979       1.975670583305e-10 
  980       1.981629566572e-10 
  981       1.987515364693e-10 
  982       1.993324612865e-10 
  983       1.999053921956e-10 
  984       2.004699878450e-10 
  985       2.010259044384e-10 
  986       2.015727957289e-10 
  987       2.021103130132e-10 
  988       2.026381051259e-10 
  989       2.031558184332e-10 
  990       2.036630968269e-10 
  991       2.041595817192e-10 
  992       2.046449120358e-10 
  993       2.051187242109e-10 
  994       2.055806521805e-10 
  995       2.060303273771e-10 
  996       2.064673787235e-10 
  997       2.068914326267e-10 
  998       2.073021129725e-10 
  999       2.076990411190e-10 
 1000       2.080818358911e-10 
 1001       2.084501135744e-10 
 1002       2.088034879095e-10 
 1003       2.091415700856e-10 
 1004       2.094639687350e-10 
 1005       2.097702899273e-10 
 1006       2.100601371629e-10 
 1007       2.103331113676e-10 
 1008       2.105888108867e-10 
 1009       2.108268314785e-10 
 1010       2.110467663092e-10 
 1011       2.112482059462e-10 
 1012       2.114308099507e-10 
 1013       2.115945227969e-10 
 1014       2.117393610573e-10 
 1015       2.118653420901e-10 
 1016       2.119724840415e-10 
 1017       2.120608058481e-10 
 1018       2.121303272396e-10 
 1019       2.121810687412e-10 
 1020       2.122130516758e-10 
 1021       2.122262981667e-10 
 1022       2.122208311402e-10 
 1023       2.121966743277e-10 
 1024       2.121538522684e-10 
 1025       2.120923903117e-10 
 1026       2.120123146198e-10 
 1027       2.119136521698e-10 
 1028       2.117964307567e-10 
 1029       2.116606789953e-10 
 1030       2.115064263231e-10 
 1031       2.113337030026e-10 
 1032       2.111425401235e-10 
 1033       2.109329696059e-10 
 1034       2.107050242019e-10 
 1035       2.104587374985e-10 
 1036       2.101941439201e-10 
 1037       2.099112787309e-10 
 1038       2.096101780373e-10 
 1039       2.092908787904e-10 
 1040       2.089534187884e-10 
 1041       2.085978366793e-10 
 1042       2.082241719630e-10 
 1043       2.078324649941e-10 
 1044       2.074227569842e-10 
 1045       2.069950900044e-10 
 1046       2.065495069876e-10 
 1047       2.060860517313e-10 
 1048       2.056047688998e-10 
 1049       2.051057040268e-10 
 1050       2.045889035177e-10 
 1051       2.040544540451e-10 
 1052       2.035026013302e-10 
 1053       2.029336330171e-10 
 1054       2.023478394370e-10 
 1055       2.017455136143e-10 
 1056       2.011269512738e-10 
 1057       2.004924508471e-10 
 1058       1.998423134799e-10 
 1059       1.991768430379e-10 
 1060       1.984963461142e-10 
 1061       1.978011320357e-10 
 1062       1.970915128703e-10 
 1063       1.963678034328e-10 
 1064       1.956303212927e-10 
 1065       1.948793867798e-10 
 1066       1.941153229920e-10 
 1067       1.933384558013e-10 
 1068       1.925491138608e-10 
 1069       1.917476286117e-10 
 1070       1.909343342895e-10 
 1071       1.901095679311e-10 
 1072       1.892736693815e-10 
 1073       1.884269813003e-10 
 1074       1.875698491690e-10 
 1075       1.867026212971e-10 
 1076       1.858256488292e-10 
 1077       1.849392857516e-10 
 1078       1.840438888990e-10 
 1079       1.831398179617e-10 
 1080       1.822274354915e-10 
 1081       1.813071069093e-10 
 1082       1.803792005111e-10 
 1083       1.794440874754e-10 
 1084       1.785021418695e-10 
 1085       1.775537406562e-10 
 1086       1.765992637009e-10 
 1087       1.756390937782e-10 
 1088       1.746736165784e-10 
 1089       1.737032207145e-10 
 1090       1.727282852965e-10 
 1091       1.717491424582e-10 
 1092       1.707661143414e-10 
 1093       1.697795254885e-10 
 1094       1.687897028475e-10 
 1095       1.677969757776e-10 
 1096       1.668016760550e-10 
 1097       1.658041378782e-10 
 1098       1.648046978733e-10 
 1099       1.638036950997e-10 
 1100       1.628014710556e-10 
 1101       1.617983696833e-10 
 1102       1.607947373749e-10 
 1103       1.597909229776e-10 
 1104       1.587872777994e-10 
 1105       1.577841556142e-10 
 1106       1.567819126679e-10 
 1107       1.557809076831e-10 
 1108       1.547815018653e-10 
 1109       1.537840589081e-10 
 1110       1.527889449986e-10 
 1111       1.517965288228e-10 
 1112       1.508071815714e-10 
 1113       1.498212769453e-10 
 1114       1.488391911606e-10 
 1115       1.478613029545e-10 
 1116       1.468879935908e-10 
 1117       1.459196468651e-10 
 1118       1.449566491106e-10 
 1119       1.439993892033e-10 
 1120       1.430482585677e-10 
 1121       1.421036511822e-10 
 1122       1.411659635846e-10 
 1123       1.402355948776e-10 
 1124       1.393129467341e-10 
 1125       1.383984234030e-10 
 1126       1.374924317144e-10 
 1127       1.365953810855e-10 
 1128       1.357076835253e-10 
 1129       1.348297066219e-10 
 1130       1.339616318226e-10 
 1131       1.331035943302e-10 
 1132       1.322557299562e-10 
 1133       1.314181751223e-10 
 1134       1.305910668612e-10 
 1135       1.297745428180e-10 
 1136       1.289687412508e-10 
 1137       1.281738010320e-10 
 1138       1.273898616497e-10 
 1139       1.266170632080e-10 
 1140       1.258555464287e-10 
 1141       1.251054526522e-10 
 1142       1.243669238384e-10 
 1143       1.236401025680e-10 
 1144       1.229251320432e-10 
 1145       1.222221560893e-10 
 1146       1.215313191553e-10 
 1147       1.208527663151e-10 
 1148       1.201866432686e-10 
 1149       1.195330963427e-10 
 1150       1.188922724927e-10 
 1151       1.182643193026e-10 
 1152       1.176493849871e-10 
 1153       1.170476183917e-10 
 1154       1.164591689948e-10 
 1155       1.158841869078e-10 
 1156       1.153228228768e-10 
 1157       1.147752282832e-10 
 1158       1.142415551453e-10 
 1159       1.137219561190e-10 
 1160       1.132165844986e-10 
 1161       1.127255942187e-10 
 1162       1.122491398544e-10 
 1163       1.117873766228e-10 
 1164       1.113404603840e-10 
 1165       1.109085476420e-10 
 1166       1.104917955462e-10 
 1167       1.100903618919e-10 
 1168       1.097043601805e-10 
 1169       1.093337241823e-10 
 1170       1.089783416807e-10 
 1171       1.086380992572e-10 
 1172       1.083128822886e-10 
 1173       1.080025749436e-10 
 1174       1.077070601805e-10 
 1175       1.074262197439e-10 
 1176       1.071599341618e-10 
 1177       1.069080827433e-10 
 1178       1.066705435747e-10 
 1179       1.064471935176e-10 
 1180       1.062379082055e-10 
 1181       1.060425620409e-10 
 1182       1.058610281926e-10 
 1183       1.056931785927e-10 
 1184       1.055388839338e-10 
 1185       1.053980136660e-10 
 1186       1.052704359941e-10 
 1187       1.051560178745e-10 
 1188       1.050546250129e-10 
 1189       1.049661218606e-10 
 1190       1.048903716122e-10 
 1191       1.048272362025e-10 
 1192       1.047765763036e-10 
 1193       1.047382513222e-10 
 1194       1.047121193963e-10 
 1195       1.046980373928e-10 
 1196       1.046958609044e-10 
 1197       1.047054442464e-10 
 1198       1.047266404546e-10 
 1199       1.047593012815e-10 
 1200       1.048032771939e-10 
 1201       1.048584173703e-10 
 1202       1.049245696972e-10 
 1203       1.050015807669e-10 
 1204       1.050892958743e-10 
 1205       1.051875590144e-10 
 1206       1.052962128786e-10 
 1207       1.054150849393e-10 
 1208       1.055439455213e-10 
 1209       1.056825492166e-10 
 1210       1.058306487479e-10 
 1211       1.059879949637e-10 
 1212       1.061543368355e-10 
 1213       1.063294214528e-10 
 1214       1.065129940195e-10 
 1215       1.067047978497e-10 
 1216       1.069045743639e-10 
 1217       1.071120630846e-10 
 1218       1.073270016328e-10 
 1219       1.075491257233e-10 
 1220       1.077781691613e-10 
 1221       1.080138638378e-10 
 1222       1.082559397260e-10 
 1223       1.085041248772e-10 
 1224       1.087581454166e-10 
 1225       1.090177255392e-10 
 1226       1.092825875062e-10 
 1227       1.095524516405e-10 
 1228       1.098270363228e-10 
 1229       1.101060579878e-10 
 1230       1.103892311199e-10 
 1231       1.106762682491e-10 
 1232       1.109668799474e-10 
 1233       1.112607748244e-10 
 1234       1.115576595230e-10 
 1235       1.118572387163e-10 
 1236       1.121592151026e-10 
 1237       1.124632894018e-10 
 1238       1.127691603514e-10 
 1239       1.130765247024e-10 
 1240       1.133850772152e-10 
 1241       1.136945106556e-10 
 1242       1.140045157908e-10 
 1243       1.143147813855e-10 
 1244       1.146249941974e-10 
 1245       1.149348389738e-10 
 1246       1.152440193834e-10 
 1247       1.155523210895e-10 
 1248       1.158595494089e-10 
 1249       1.161655084404e-10 
 1250       1.164700010624e-10 
 1251       1.167728289302e-10 
 1252       1.170737924740e-10 
 1253       1.173726908962e-10 
 1254       1.176693221691e-10 
 1255       1.179634830325e-10 
 1256       1.182549689910e-10 
 1257       1.185435743122e-10 
 1258       1.188290920236e-10 
 1259       1.191113139106e-10 
 1260       1.193900305141e-10 
 1261       1.196650311277e-10 
 1262       1.199361037957e-10 
 1263       1.202030353106e-10 
 1264       1.204656112104e-10 
 1265       1.207236157766e-10 
 1266       1.209768320315e-10 
 1267       1.212250417358e-10 
 1268       1.214680253863e-10 
 1269       1.217055622135e-10 
 1270       1.219374301789e-10 
 1271       1.221634059731e-10 
 1272       1.223832650129e-10 
 1273       1.225967814390e-10 
 1274       1.228037281139e-10 
 1275       1.230038766189e-10 
 1276       1.231969972523e-10 
 1277       1.233828590267e-10 
 1278       1.235612296662e-10 
 1279       1.237318756050e-10 
 1280       1.238945619837e-10 
 1281       1.240490526481e-10 
 1282       1.241951101458e-10 
 1283       1.243324957244e-10 
 1284       1.244609693290e-10 
 1285       1.245803259548e-10 
 1286       1.246905051636e-10 
 1287       1.247914828088e-10 
 1288       1.248832347931e-10 
 1289       1.249657370692e-10 
 1290       1.250389656392e-10 
 1291       1.251028965558e-10 
 1292       1.251575059216e-10 
 1293       1.252027698901e-10 
 1294       1.252386646654e-10 
 1295       1.252651665028e-10 
 1296       1.252822517085e-10 
 1297       1.252898966405e-10 
 1298       1.252880777084e-10 
 1299       1.252767713734e-10 
 1300       1.252559541494e-10 
 1301       1.252256026021e-10 
 1302       1.251856933500e-10 
 1303       1.251362030646e-10 
 1304       1.250771084702e-10 
 1305       1.250083863442e-10 
 1306       1.249300135179e-10 
 1307       1.248419668759e-10 
 1308       1.247442233570e-10 
 1309       1.246367599540e-10 
 1310       1.245195537140e-10 
 1311       1.243925817389e-10 
 1312       1.242558211853e-10 
 1313       1.241092492649e-10 
 1314       1.239528432445e-10 
 1315       1.237865804466e-10 
 1316       1.236104382493e-10 
 1317       1.234243940866e-10 
 1318       1.232284254488e-10 
 1319       1.230225098826e-10 
 1320       1.228066249910e-10 
 1321       1.225807484342e-10 
 1322       1.223448579293e-10 
 1323       1.220989312507e-10 
 1324       1.218429720311e-10 
 1325       1.215770874766e-10 
 1326       1.213014115103e-10 
 1327       1.210160790512e-10 
 1328       1.207212260164e-10 
 1329       1.204169893231e-10 
 1330       1.201035068905e-10 
 1331       1.197809176415e-10 
 1332       1.194493615053e-10 
 1333       1.191089794189e-10 
 1334       1.187599133294e-10 
 1335       1.184023061956e-10 
 1336       1.180363019904e-10 
 1337       1.176620457026e-10 
 1338       1.172796833389e-10 
 1339       1.168893619258e-10 
 1340       1.164912295118e-10 
 1341       1.160854351693e-10 
 1342       1.156721289964e-10 
 1343       1.152514621192e-10 
 1344       1.148235866936e-10 
 1345       1.143886559073e-10 
 1346       1.139468239818e-10 
 1347       1.134982461744e-10 
 1348       1.130430787804e-10 
 1349       1.125814791345e-10 
 1350       1.121136056136e-10 
 1351       1.116396176380e-10 
 1352       1.111596756740e-10 
 1353       1.106739412354e-10 
 1354       1.101825768860e-10 
 1355       1.096857462411e-10 
 1356       1.091836139699e-10 
 1357       1.086763457971e-10 
 1358       1.081641085052e-10 
 1359       1.076470699363e-10 
 1360       1.071253989942e-10 
 1361       1.065992656464e-10 
 1362       1.060688409259e-10 
 1363       1.055342974987e-10 
 1364       1.049958113679e-10 
 1365       1.044535601914e-10 
 1366       1.039077227210e-10 
 1367       1.033584788039e-10 
 1368       1.028060093849e-10 
 1369       1.022504965085e-10 
 1370       1.016921233207e-10 
 1371       1.011310740714e-10 
 1372       1.005675341161e-10 
 1373       1.000016899178e-10 
 1374       9.943372904968e-11 
 1375       9.886384019639e-11 
 1376       9.829221315649e-11 
 1377       9.771903884434e-11 
 1378       9.714450929217e-11 
 1379       9.656881765208e-11 
 1380       9.599215819808e-11 
 1381       9.541472632812e-11 
 1382       9.483671856608e-11 
 1383       9.425833256384e-11 
 1384       9.367976710327e-11 
 1385       9.310122209829e-11 
 1386       9.252289859687e-11 
 1387       9.194499878306e-11 
 1388       9.136772597900e-11 
 1389       9.079128464699e-11 
 1390       9.021588039148e-11 
 1391       8.964171996110e-11 
 1392       8.906901125067e-11 
 1393       8.849796330329e-11 
 1394       8.792878631227e-11 
 1395       8.736169162323e-11 
 1396       8.679689173609e-11 
 1397       8.623460030713e-11 
 1398       8.567503215095e-11 
 1399       8.511840324256e-11 
 1400       8.456493071939e-11 
 1401       8.401483288328e-11 
 1402       8.346830898021e-11 
 1403       8.292547830453e-11 
 1404       8.238644046354e-11 
 1405       8.185129554300e-11 
 1406       8.132014410794e-11 
 1407       8.079308720342e-11 
 1408       8.027022635536e-11 
 1409       7.975166357127e-11 
 1410       7.923750134113e-11 
 1411       7.872784263809e-11 
 1412       7.822279091933e-11 
 1413       7.772245012682e-11 
 1414       7.722692468809e-11 
 1415       7.673631951710e-11 
 1416       7.625074001494e-11 
 1417       7.577029207067e-11 
 1418       7.529508206212e-11 
 1419       7.482521685664e-11 
 1420       7.436080381194e-11 
 1421       7.390195077685e-11 
 1422       7.344876609212e-11 
 1423       7.300135859120e-11 
 1424       7.255983760107e-11 
 1425       7.212431294299e-11 
 1426       7.169489493329e-11 
 1427       7.127169438421e-11 
 1428       7.085482260465e-11 
 1429       7.044439140095e-11 
 1430       7.004051307774e-11 
 1431       6.964330043866e-11 
 1432       6.925286678720e-11 
 1433       6.886932592750e-11 
 1434       6.849279216509e-11 
 1435       6.812338030772e-11 
 1436       6.776120566614e-11 
 1437       6.740638405492e-11 
 1438       6.705903179318e-11 
 1439       6.671926570543e-11 
 1440       6.638720312238e-11 
 1441       6.606293736145e-11 
 1442       6.574646389480e-11 
 1443       6.543775343357e-11 
 1444       6.513677637950e-11 
 1445       6.484350282426e-11 
 1446       6.455790254888e-11 
 1447       6.427994502308e-11 
 1448       6.400959940466e-11 
 1449       6.374683453890e-11 
 1450       6.349161895790e-11 
 1451       6.324392087996e-11 
 1452       6.300370820899e-11 
 1453       6.277094853385e-11 
 1454       6.254560912774e-11 
 1455       6.232765694755e-11 
 1456       6.211705863330e-11 
 1457       6.191378050744e-11 
 1458       6.171778857428e-11 
 1459       6.152904851932e-11 
 1460       6.134752570869e-11 
 1461       6.117318518844e-11 
 1462       6.100599168399e-11 
 1463       6.084590959949e-11 
 1464       6.069290301714e-11 
 1465       6.054693569666e-11 
 1466       6.040797107457e-11 
 1467       6.027597226363e-11 
 1468       6.015090205219e-11 
 1469       6.003272290359e-11 
 1470       5.992139695549e-11 
 1471       5.981688601929e-11 
 1472       5.971915157947e-11 
 1473       5.962815479300e-11 
 1474       5.954385648870e-11 
 1475       5.946621716661e-11 
 1476       5.939519699735e-11 
 1477       5.933075582155e-11 
 1478       5.927285314918e-11 
 1479       5.922144815892e-11 
 1480       5.917648753368e-11 
 1481       5.913786883684e-11 
 1482       5.910547677278e-11 
 1483       5.907919531670e-11 
 1484       5.905890771331e-11 
 1485       5.904449647550e-11 
 1486       5.903584338311e-11 
 1487       5.903282948161e-11 
 1488       5.903533508079e-11 
 1489       5.904323975351e-11 
 1490       5.905642233439e-11 
 1491       5.907476091850e-11 
 1492       5.909813286012e-11 
 1493       5.912641477139e-11 
 1494       5.915948252107e-11 
 1495       5.919721123321e-11 
 1496       5.923947528591e-11 
 1497       5.928614830996e-11 
 1498       5.933710318761e-11 
 1499       5.939221205125e-11 
 1500       5.945134628213e-11 
 1501       5.951437650907e-11 
 1502       5.958117260716e-11 
 1503       5.965160369647e-11 
 1504       5.972553814078e-11 
 1505       5.980284354627e-11 
 1506       5.988338676023e-11 
 1507       5.996703386977e-11 
 1508       6.005365020056e-11 
 1509       6.014310031548e-11 
 1510       6.023524801338e-11 
 1511       6.032995632778e-11 
 1512       6.042708752556e-11 
 1513       6.052650310568e-11 
 1514       6.062806379792e-11 
 1515       6.073162956152e-11 
 1516       6.083705958397e-11 
 1517       6.094421227965e-11 
 1518       6.105294528858e-11 
 1519       6.116312094899e-11 
 1520       6.127462277514e-11 
 1521       6.138733913561e-11 
 1522       6.150115779281e-11 
 1523       6.161596590199e-11 
 1524       6.173165001021e-11 
 1525       6.184809605537e-11 
 1526       6.196518936518e-11 
 1527       6.208281465617e-11 
 1528       6.220085603265e-11 
 1529       6.231919698574e-11 
 1530       6.243772039238e-11 
 1531       6.255630851425e-11 
 1532       6.267484299684e-11 
 1533       6.279320486842e-11 
 1534       6.291127453901e-11 
 1535       6.302893179940e-11 
 1536       6.314605582014e-11 
 1537       6.326252515055e-11 
 1538       6.337821771765e-11 
 1539       6.349301082525e-11 
 1540       6.360678115286e-11 
 1541       6.371940475473e-11 
 1542       6.383075705884e-11 
 1543       6.394071286588e-11 
 1544       6.404914634824e-11 
 1545       6.415593104904e-11 
 1546       6.426093988107e-11 
 1547       6.436404512584e-11 
 1548       6.446511843254e-11 
 1549       6.456403081702e-11 
 1550       6.466065266083e-11 
 1551       6.475485371018e-11 
 1552       6.484650307495e-11 
 1553       6.493546922768e-11 
 1554       6.502162000255e-11 
 1555       6.510482259439e-11 
 1556       6.518494355769e-11 
 1557       6.526184880554e-11 
 1558       6.533542003015e-11 
 1559       6.540560413478e-11 
 1560       6.547236426393e-11 
 1561       6.553566342374e-11 
 1562       6.559546448183e-11 
 1563       6.565173016713e-11 
 1564       6.570442306962e-11 
 1565       6.575350564020e-11 
 1566       6.579894019045e-11 
 1567       6.584068889248e-11 
 1568       6.587871377868e-11 
 1569       6.591297674157e-11 
 1570       6.594343953359e-11 
 1571       6.597006376691e-11 
 1572       6.599281091321e-11 
 1573       6.601164230353e-11 
 1574       6.602651912805e-11 
 1575       6.603740243588e-11 
 1576       6.604425313490e-11 
 1577       6.604703199155e-11 
 1578       6.604569963062e-11 
 1579       6.604021653507e-11 
 1580       6.603054304585e-11 
 1581       6.601663936168e-11 
 1582       6.599846553886e-11 
 1583       6.597598149109e-11 
 1584       6.594914698928e-11 
 1585       6.591792166130e-11 
 1586       6.588226499188e-11 
 1587       6.584213632232e-11 
 1588       6.579749485036e-11 
 1589       6.574829962995e-11 
 1590       6.569450957110e-11 
 1591       6.563608343961e-11 
 1592       6.557297985696e-11 
 1593       6.550515730005e-11 
 1594       6.543257410103e-11 
 1595       6.535518844714e-11 
 1596       6.527295838044e-11 
 1597       6.518585664080e-11 
 1598       6.509391534378e-11 
 1599       6.499718171161e-11 
 1600       6.489570326769e-11 
 1601       6.478952783714e-11 
 1602       6.467870354726e-11 
 1603       6.456327882806e-11 
 1604       6.444330241276e-11 
 1605       6.431882333828e-11 
 1606       6.418989094574e-11 
 1607       6.405655488100e-11 
 1608       6.391886509512e-11 
 1609       6.377687184490e-11 
 1610       6.363062569333e-11 
 1611       6.348017751016e-11 
 1612       6.332557847237e-11 
 1613       6.316688006466e-11 
 1614       6.300413407997e-11 
 1615       6.283739262001e-11 
 1616       6.266670809569e-11 
 1617       6.249213322770e-11 
 1618       6.231372104697e-11 
 1619       6.213152489520e-11 
 1620       6.194559842534e-11 
 1621       6.175599560209e-11 
 1622       6.156277070243e-11 
 1623       6.136597831611e-11 
 1624       6.116567334615e-11 
 1625       6.096191100933e-11 
 1626       6.075474683674e-11 
 1627       6.054423667423e-11 
 1628       6.033043668295e-11 
 1629       6.011340333982e-11 
 1630       5.989319343807e-11 
 1631       5.966986408772e-11 
 1632       5.944347271610e-11 
 1633       5.921407706832e-11 
 1634       5.898173520782e-11 
 1635       5.874650551684e-11 
 1636       5.850845091106e-11 
 1637       5.826765152370e-11 
 1638       5.802419213586e-11 
 1639       5.777815797337e-11 
 1640       5.752963470748e-11 
 1641       5.727870845554e-11 
 1642       5.702546578173e-11 
 1643       5.676999369771e-11 
 1644       5.651237966335e-11 
 1645       5.625271158737e-11 
 1646       5.599107782811e-11 
 1647       5.572756719413e-11 
 1648       5.546226894500e-11 
 1649       5.519527279189e-11 
 1650       5.492666889835e-11 
 1651       5.465654788096e-11 
 1652       5.438500081002e-11 
 1653       5.411211921026e-11 
 1654       5.383799506151e-11 
 1655       5.356272079942e-11 
 1656       5.328638931612e-11 
 1657       5.300909396096e-11 
 1658       5.273092854113e-11 
 1659       5.245198732243e-11 
 1660       5.217236502991e-11 
 1661       5.189215684858e-11 
 1662       5.161145842410e-11 
 1663       5.133036586348e-11 
 1664       5.104897573576e-11 
 1665       5.076738507270e-11 
 1666       5.048569136950e-11 
 1667       5.020399258544e-11 
 1668       4.992238714464e-11 
 1669       4.964097393670e-11 
 1670       4.935985231739e-11 
 1671       4.907912210939e-11 
 1672       4.879888360295e-11 
 1673       4.851923755656e-11 
 1674       4.824028519769e-11 
 1675       4.796212122887e-11 
 1676       4.768481277778e-11 
 1677       4.740842026466e-11 
 1678       4.713300438065e-11 
 1679       4.685862608811e-11 
 1680       4.658534662108e-11 
 1681       4.631322748563e-11 
 1682       4.604233046027e-11 
 1683       4.577271759636e-11 
 1684       4.550445121846e-11 
 1685       4.523759392476e-11 
 1686       4.497220858747e-11 
 1687       4.470835835317e-11 
 1688       4.444610664329e-11 
 1689       4.418551715441e-11 
 1690       4.392665385872e-11 
 1691       4.366958100436e-11 
 1692       4.341436311586e-11 
 1693       4.316106499453e-11 
 1694       4.290975171879e-11 
 1695       4.266048864466e-11 
 1696       4.241334140608e-11 
 1697       4.216837591532e-11 
 1698       4.192565836340e-11 
 1699       4.168525522045e-11 
 1700       4.144723323612e-11 
 1701       4.121165943997e-11 
 1702       4.097860114187e-11 
 1703       4.074812593236e-11 
 1704       4.052030168312e-11 
 1705       4.029519654725e-11 
 1706       4.007287895978e-11 
 1707       3.985341763798e-11 
 1708       3.963688158180e-11 
 1709       3.942334007422e-11 
 1710       3.921286268169e-11 
 1711       3.900551925450e-11 
 1712       3.880137992718e-11 
 1713       3.860051511887e-11 
 1714       3.840298400443e-11 
 1715       3.820879981927e-11 
 1716       3.801796425911e-11 
 1717       3.783047898232e-11 
 1718       3.764634560989e-11 
 1719       3.746556572531e-11 
 1720       3.728814087449e-11 
 1721       3.711407256573e-11 
 1722       3.694336226959e-11 
 1723       3.677601141884e-11 
 1724       3.661202140837e-11 
 1725       3.645139359513e-11 
 1726       3.629412929802e-11 
 1727       3.614022979786e-11 
 1728       3.598969633727e-11 
 1729       3.584253012062e-11 
 1730       3.569873231393e-11 
 1731       3.555830404481e-11 
 1732       3.542124640237e-11 
 1733       3.528756043716e-11 
 1734       3.515724716108e-11 
 1735       3.503030754730e-11 
 1736       3.490674253018e-11 
 1737       3.478655300522e-11 
 1738       3.466973982894e-11 
 1739       3.455630381883e-11 
 1740       3.444624575329e-11 
 1741       3.433956637149e-11 
 1742       3.423626637337e-11 
 1743       3.413634641950e-11 
 1744       3.403980713104e-11 
 1745       3.394664908964e-11 
 1746       3.385687283738e-11 
 1747       3.377047887669e-11 
 1748       3.368746767025e-11 
 1749       3.360783964096e-11 
 1750       3.353159517179e-11 
 1751       3.345873460579e-11 
 1752       3.338925824594e-11 
 1753       3.332315852418e-11 
 1754       3.326039643705e-11 
 1755       3.320092491319e-11 
 1756       3.314469662604e-11 
 1757       3.309166399346e-11 
 1758       3.304177917733e-11 
 1759       3.299499408319e-11 
 1760       3.295126035982e-11 
 1761       3.291052939890e-11 
 1762       3.287275233462e-11 
 1763       3.283788004327e-11 
 1764       3.280586314286e-11 
 1765       3.277665199277e-11 
 1766       3.275019669334e-11 
 1767       3.272644708550e-11 
 1768       3.270535275035e-11 
 1769       3.268686300886e-11 
 1770       3.267092692138e-11 
 1771       3.265749328735e-11 
 1772       3.264651064485e-11 
 1773       3.263792727026e-11 
 1774       3.263169117786e-11 
 1775       3.262775011946e-11 
 1776       3.262605158397e-11 
 1777       3.262654279710e-11 
 1778       3.262917072089e-11 
 1779       3.263388205338e-11 
 1780       3.264062322823e-11 
 1781       3.264934041429e-11 
 1782       3.265997951528e-11 
 1783       3.267248616935e-11 
 1784       3.268680574872e-11 
 1785       3.270288335932e-11 
 1786       3.272066384036e-11 
 1787       3.274009176400e-11 
 1788       3.276111143491e-11 
 1789       3.278366688994e-11 
 1790       3.280770189769e-11 
 1791       3.283315995817e-11 
 1792       3.285998442617e-11 
 1793       3.288811888329e-11 
 1794       3.291750676821e-11 
 1795       3.294809125278e-11 
 1796       3.297981524165e-11 
 1797       3.301262137190e-11 
 1798       3.304645201265e-11 
 1799       3.308124926467e-11 
 1800       3.311695496005e-11 
 1801       3.315351066177e-11 
 1802       3.319085766333e-11 
 1803       3.322893698841e-11 
 1804       3.326768939043e-11 
 1805       3.330705535224e-11 
 1806       3.334697508568e-11 
 1807       3.338738853123e-11 
 1808       3.342823535766e-11 
 1809       3.346945496158e-11 
 1810       3.351098646713e-11 
 1811       3.355276872557e-11 
 1812       3.359474031490e-11 
 1813       3.363683953949e-11 
 1814       3.367900442971e-11 
 1815       3.372117274152e-11 
 1816       3.376328195613e-11 
 1817       3.380526927959e-11 
 1818       3.384707164244e-11 
 1819       3.388862569932e-11 
 1820       3.392986782857e-11 
 1821       3.397073413188e-11 
 1822       3.401116043390e-11 
 1823       3.405108228187e-11 
 1824       3.409043494524e-11 
 1825       3.412915341526e-11 
 1826       3.416717240465e-11 
 1827       3.420442634720e-11 
 1828       3.424084939738e-11 
 1829       3.427637542999e-11 
 1830       3.431093803975e-11 
 1831       3.434447700405e-11 
 1832       3.437695772844e-11 
 1833       3.440835195577e-11 
 1834       3.443863131711e-11 
 1835       3.446776733151e-11 
 1836       3.449573140594e-11 
 1837       3.452249483509e-11 
 1838       3.454802880124e-11 
 1839       3.457230437411e-11 
 1840       3.459529251071e-11 
 1841       3.461696405519e-11 
 1842       3.463728973872e-11 
 1843       3.465624017929e-11 
 1844       3.467378588163e-11 
 1845       3.468989723701e-11 
 1846       3.470454452309e-11 
 1847       3.471769790382e-11 
 1848       3.472932742926e-11 
 1849       3.473940303543e-11 
 1850       3.474789454418e-11 
 1851       3.475477166302e-11 
 1852       3.476000398500e-11 
 1853       3.476356098854e-11 
 1854       3.476541203731e-11 
 1855       3.476552638003e-11 
 1856       3.476387315040e-11 
 1857       3.476042136687e-11 
 1858       3.475513993256e-11 
 1859       3.474799763508e-11 
 1860       3.473896314638e-11 
 1861       3.472800502262e-11 
 1862       3.471509170401e-11 
 1863       3.470019151467e-11 
 1864       3.468327266248e-11 
 1865       3.466430323894e-11 
 1866       3.464325121898e-11 
 1867       3.462008446090e-11 
 1868       3.459477070614e-11 
 1869       3.456727757915e-11 
 1870       3.453758007286e-11 
 1871       3.450568306915e-11 
 1872       3.447159899430e-11 
 1873       3.443534034955e-11 
 1874       3.439691971115e-11 
 1875       3.435634973053e-11 
 1876       3.431364313437e-11 
 1877       3.426881272474e-11 
 1878       3.422187137919e-11 
 1879       3.417283205085e-11 
 1880       3.412170776857e-11 
 1881       3.406851163701e-11 
 1882       3.401325683675e-11 
 1883       3.395595662439e-11 
 1884       3.389662433270e-11 
 1885       3.383527337068e-11 
 1886       3.377191722368e-11 
 1887       3.370656945356e-11 
 1888       3.363924369871e-11 
 1889       3.356995367425e-11 
 1890       3.349871317208e-11 
 1891       3.342553606101e-11 
 1892       3.335043628686e-11 
 1893       3.327342787260e-11 
 1894       3.319452491840e-11 
 1895       3.311374160183e-11 
 1896       3.303109217785e-11 
 1897       3.294659097905e-11 
 1898       3.286025241564e-11 
 1899       3.277209097566e-11 
 1900       3.268212122500e-11 
 1901       3.259035780759e-11 
 1902       3.249681544545e-11 
 1903       3.240150893885e-11 
 1904       3.230445316634e-11 
 1905       3.220566308498e-11 
 1906       3.210515373032e-11 
 1907       3.200294021660e-11 
 1908       3.189903773684e-11 
 1909       3.179346516635e-11 
 1910       3.168625590347e-11 
 1911       3.157744711217e-11 
 1912       3.146707612639e-11 
 1913       3.135518045031e-11 
 1914       3.124179775852e-11 
 1915       3.112696589629e-11 
 1916       3.101072287975e-11 
 1917       3.089310689620e-11 
 1918       3.077415630424e-11 
 1919       3.065390963408e-11 
 1920       3.053240558771e-11 
 1921       3.040968303918e-11 
 1922       3.028578103477e-11 
 1923       3.016073879327e-11 
 1924       3.003459570617e-11 
 1925       2.990739133793e-11 
 1926       2.977916542616e-11 
 1927       2.964995788188e-11 
 1928       2.951980878973e-11 
 1929       2.938875840822e-11 
 1930       2.925684716995e-11 
 1931       2.912411568181e-11 
 1932       2.899060472525e-11 
 1933       2.885635525649e-11 
 1934       2.872140840674e-11 
 1935       2.858580548244e-11 
 1936       2.844958796548e-11 
 1937       2.831279751344e-11 
 1938       2.817547595981e-11 
 1939       2.803766531420e-11 
 1940       2.789940776261e-11 
 1941       2.776074566763e-11 
 1942       2.762172156866e-11 
 1943       2.748237818216e-11 
 1944       2.734275840188e-11 
 1945       2.720290529904e-11 
 1946       2.706286212265e-11 
 1947       2.692267229963e-11 
 1948       2.678237769283e-11 
 1949       2.664201336003e-11 
 1950       2.650161275597e-11 
 1951       2.636120947126e-11 
 1952       2.622083723256e-11 
 1953       2.608052990274e-11 
 1954       2.594032148105e-11 
 1955       2.580024610331e-11 
 1956       2.566033804206e-11 
 1957       2.552063170677e-11 
 1958       2.538116164395e-11 
 1959       2.524196253740e-11 
 1960       2.510306920832e-11 
 1961       2.496451661551e-11 
 1962       2.482633985556e-11 
 1963       2.468857416299e-11 
 1964       2.455125491043e-11 
 1965       2.441441760881e-11 
 1966       2.427809790752e-11 
 1967       2.414233159459e-11 
 1968       2.400715459686e-11 
 1969       2.387260298014e-11 
 1970       2.373871294941e-11 
 1971       2.360552084896e-11 
 1972       2.347306316261e-11 
 1973       2.334137651383e-11 
 1974       2.321049766594e-11 
 1975       2.308046352229e-11 
 1976       2.295131112642e-11 
 1977       2.282307766223e-11 
 1978       2.269580045417e-11 
 1979       2.256951696740e-11 
 1980       2.244426480796e-11 
 1981       2.232008172295e-11 
 1982       2.219700560071e-11 
 1983       2.207507447097e-11 
 1984       2.195432650505e-11 
 1985       2.183480001602e-11 
 1986       2.171653345887e-11 
 1987       2.159956051736e-11 
 1988       2.148389532464e-11 
 1989       2.136954713412e-11 
 1990       2.125652522291e-11 
 1991       2.114483889187e-11 
 1992       2.103449746562e-11 
 1993       2.092551029256e-11 
 1994       2.081788674492e-11 
 1995       2.071163621875e-11 
 1996       2.060676813395e-11 
 1997       2.050329193433e-11 
 1998       2.040121708758e-11 
 1999       2.030055308533e-11 
 2000       2.020130944317e-11 
 2001       2.010349570065e-11 
 2002       2.000712142134e-11 
 2003       1.991219619283e-11 
 2004       1.981872962674e-11 
 2005       1.972673135879e-11 
 2006       1.963621104879e-11 
 2007       1.954717838065e-11 
 2008       1.945964306244e-11 
 2009       1.937361482641e-11 
 2010       1.928910342897e-11 
 2011       1.920611865078e-11 
 2012       1.912467029671e-11 
 2013       1.904476819591e-11 
 2014       1.896642220180e-11 
 2015       1.888964219214e-11 
 2016       1.881443806899e-11 
 2017       1.874081975879e-11 
 2018       1.866879721236e-11 
 2019       1.859838040491e-11 
 2020       1.852957933610e-11 
 2021       1.846240403003e-11 
 2022       1.839686453528e-11 
 2023       1.833297092493e-11 
 2024       1.827073329659e-11 
 2025       1.821016177241e-11 
 2026       1.815126214892e-11 
 2027       1.809402281211e-11 
 2028       1.803842772786e-11 
 2029       1.798446078347e-11 
 2030       1.793210578751e-11 
 2031       1.788134646976e-11 
 2032       1.783216648109e-11 
 2033       1.778454939333e-11 
 2034       1.773847869925e-11 
 2035       1.769393781234e-11 
 2036       1.765091006682e-11 
 2037       1.760937871743e-11 
 2038       1.756932693944e-11 
 2039       1.753073782843e-11 
 2040       1.749359440029e-11 
 2041       1.745787959104e-11 
 2042       1.742357625677e-11 
 2043       1.739066717353e-11 
 2044       1.735913503721e-11 
 2045       1.732896246344e-11 
 2046       1.730013198752e-11 
 2047       1.727262606426e-11 
 2048       1.724642706793e-11 
 2049       1.722151729213e-11 
 2050       1.719787894968e-11 
 2051       1.717549417254e-11 
 2052       1.715434501169e-11 
 2053       1.713441343701e-11 
 2054       1.711568133724e-11 
 2055       1.709813051979e-11 
 2056       1.708174271071e-11 
 2057       1.706649955456e-11 
 2058       1.705238261427e-11 
 2059       1.703937337110e-11 
 2060       1.702745322450e-11 
 2061       1.701660349202e-11 
 2062       1.700680540919e-11 
 2063       1.699804012943e-11 
 2064       1.699028872394e-11 
 2065       1.698353101850e-11 
 2066       1.697774209495e-11 
 2067       1.697289576470e-11 
 2068       1.696896572943e-11 
 2069       1.696592558100e-11 
 2070       1.696374880127e-11 
 2071       1.696240876197e-11 
 2072       1.696187872460e-11 
 2073       1.696213184024e-11 
 2074       1.696314114948e-11 
 2075       1.696487958221e-11 
 2076       1.696731995754e-11 
 2077       1.697043498363e-11 
 2078       1.697419725758e-11 
 2079       1.697857926528e-11 
 2080       1.698355338128e-11 
 2081       1.698909186864e-11 
 2082       1.699516687881e-11 
 2083       1.700175045149e-11 
 2084       1.700881451448e-11 
 2085       1.701633088358e-11 
 2086       1.702427126239e-11 
 2087       1.703260724226e-11 
 2088       1.704131030208e-11 
 2089       1.705035180818e-11 
 2090       1.705970301417e-11 
 2091       1.706933506085e-11 
 2092       1.707921897602e-11 
 2093       1.708932567437e-11 
 2094       1.709962595735e-11 
 2095       1.711009051302e-11 
 2096       1.712068991592e-11 
 2097       1.713139462693e-11 
 2098       1.714217499314e-11 
 2099       1.715300124772e-11 
 2100       1.716384350976e-11 
 2101       1.717467178416e-11 
 2102       1.718545596147e-11 
 2103       1.719616581779e-11 
 2104       1.720677310564e-11 
 2105       1.721725784291e-11 
 2106       1.722760206740e-11 
 2107       1.723778774970e-11 
 2108       1.724779679306e-11 
 2109       1.725761103337e-11 
 2110       1.726721223901e-11 
 2111       1.727658211085e-11 
 2112       1.728570228209e-11 
 2113       1.729455431826e-11 
 2114       1.730311971706e-11 
 2115       1.731137990836e-11 
 2116       1.731931625406e-11 
 2117       1.732691004803e-11 
 2118       1.733414251605e-11 
 2119       1.734099481570e-11 
 2120       1.734744803631e-11 
 2121       1.735348319883e-11 
 2122       1.735908125584e-11 
 2123       1.736422309137e-11 
 2124       1.736888952089e-11 
 2125       1.737306129120e-11 
 2126       1.737671908036e-11 
 2127       1.737984349761e-11 
 2128       1.738241508330e-11 
 2129       1.738441430877e-11 
 2130       1.738582157633e-11 
 2131       1.738661721914e-11 
 2132       1.738678150114e-11 
 2133       1.738629461698e-11 
 2134       1.738513669193e-11 
 2135       1.738328778179e-11 
 2136       1.738072787286e-11 
 2137       1.737743688178e-11 
 2138       1.737339465554e-11 
 2139       1.736858097131e-11 
 2140       1.736297553644e-11 
 2141       1.735655798835e-11 
 2142       1.734930789442e-11 
 2143       1.734120814702e-11 
 2144       1.733225517391e-11 
 2145       1.732244879742e-11 
 2146       1.731178884570e-11 
 2147       1.730027515276e-11 
 2148       1.728790755846e-11 
 2149       1.727468590854e-11 
 2150       1.726061005460e-11 
 2151       1.724567985413e-11 
 2152       1.722989517052e-11 
 2153       1.721325587307e-11 
 2154       1.719576183696e-11 
 2155       1.717741294334e-11 
 2156       1.715820907926e-11 
 2157       1.713815013771e-11 
 2158       1.711723601764e-11 
 2159       1.709546662397e-11 
 2160       1.707284186757e-11 
 2161       1.704936166530e-11 
 2162       1.702502593999e-11 
 2163       1.699983462049e-11 
 2164       1.697378764164e-11 
 2165       1.694688494430e-11 
 2166       1.691912647536e-11 
 2167       1.689051218773e-11 
 2168       1.686104204038e-11 
 2169       1.683071599831e-11 
 2170       1.679953403262e-11 
 2171       1.676749612043e-11 
 2172       1.673460224498e-11 
 2173       1.670085239558e-11 
 2174       1.666624656765e-11 
 2175       1.663078476271e-11 
 2176       1.659446698839e-11 
 2177       1.655729325848e-11 
 2178       1.651926359285e-11 
 2179       1.648037801758e-11 
 2180       1.644063656485e-11 
 2181       1.640003927303e-11 
 2182       1.635858849076e-11 
 2183       1.631629580617e-11 
 2184       1.627317516417e-11 
 2185       1.622924056664e-11 
 2186       1.618450607249e-11 
 2187       1.613898579773e-11 
 2188       1.609269391556e-11 
 2189       1.604564465640e-11 
 2190       1.599785230796e-11 
 2191       1.594933121537e-11 
 2192       1.590009578115e-11 
 2193       1.585016046535e-11 
 2194       1.579953978559e-11 
 2195       1.574824831714e-11 
 2196       1.569630069296e-11 
 2197       1.564371160381e-11 
 2198       1.559049579826e-11 
 2199       1.553666808283e-11 
 2200       1.548224332199e-11 
 2201       1.542723643826e-11 
 2202       1.537166241228e-11 
 2203       1.531553628287e-11 
 2204       1.525887314709e-11 
 2205       1.520168816032e-11 
 2206       1.514399653632e-11 
 2207       1.508581354730e-11 
 2208       1.502715452399e-11 
 2209       1.496803485570e-11 
 2210       1.490846999038e-11 
 2211       1.484847543472e-11 
 2212       1.478806675418e-11 
 2213       1.472725957309e-11 
 2214       1.466606957468e-11 
 2215       1.460451250119e-11 
 2216       1.454260415388e-11 
 2217       1.448036039318e-11 
 2218       1.441779713867e-11 
 2219       1.435493036921e-11 
 2220       1.429177612298e-11 
 2221       1.422835051220e-11 
 2222       1.416466976735e-11 
 2223       1.410075019337e-11 
 2224       1.403660815511e-11 
 2225       1.397226007741e-11 
 2226       1.390772244516e-11 
 2227       1.384301180335e-11 
 2228       1.377814475715e-11 
 2229       1.371313797201e-11 
 2230       1.364800817366e-11 
 2231       1.358277214824e-11 
 2232       1.351744674233e-11 
 2233       1.345204886303e-11 
 2234       1.338659547804e-11 
 2235       1.332110361570e-11 
 2236       1.325559036509e-11 
 2237       1.319007287607e-11 
 2238       1.312456835937e-11 
 2239       1.305909408662e-11 
 2240       1.299366739048e-11 
 2241       1.292830566464e-11 
 2242       1.286302636395e-11 
 2243       1.279784700443e-11 
 2244       1.273278516339e-11 
 2245       1.266785847944e-11 
 2246       1.260308465262e-11 
 2247       1.253848144443e-11 
 2248       1.247406667789e-11 
 2249       1.240985823766e-11 
 2250       1.234587407003e-11 
 2251       1.228213218305e-11 
 2252       1.221865064657e-11 
 2253       1.215544759232e-11 
 2254       1.209254121397e-11 
 2255       1.202994976720e-11 
 2256       1.196769156977e-11 
 2257       1.190578500156e-11 
 2258       1.184424850471e-11 
 2259       1.178310058359e-11 
 2260       1.172235800885e-11 
 2261       1.166203041642e-11 
 2262       1.160212567363e-11 
 2263       1.154265167214e-11 
 2264       1.148361632800e-11 
 2265       1.142502758164e-11 
 2266       1.136689339792e-11 
 2267       1.130922176614e-11 
 2268       1.125202070008e-11 
 2269       1.119529823802e-11 
 2270       1.113906244273e-11 
 2271       1.108332140159e-11 
 2272       1.102808322649e-11 
 2273       1.097335605397e-11 
 2274       1.091914804516e-11 
 2275       1.086546738586e-11 
 2276       1.081232228654e-11 
 2277       1.075972098238e-11 
 2278       1.070767173327e-11 
 2279       1.065618282386e-11 
 2280       1.060526256359e-11 
 2281       1.055491928670e-11 
 2282       1.050516135223e-11 
 2283       1.045599714412e-11 
 2284       1.040743507116e-11 
 2285       1.035948356705e-11 
 2286       1.031215109044e-11 
 2287       1.026544612491e-11 
 2288       1.021937717903e-11 
 2289       1.017395278639e-11 
 2290       1.012918150560e-11 
 2291       1.008507192035e-11 
 2292       1.004163263937e-11 
 2293       9.998872296552e-12 
 2294       9.956799550888e-12 
 2295       9.915423086543e-12 
 2296       9.874751612869e-12 
 2297       9.834793864426e-12 
 2298       9.795558601014e-12 
 2299       9.757052506657e-12 
 2300       9.719273871899e-12 
 2301       9.682218871327e-12 
 2302       9.645883660934e-12 
 2303       9.610264378095e-12 
 2304       9.575357141551e-12 
 2305       9.541158051376e-12 
 2306       9.507663188965e-12 
 2307       9.474868617008e-12 
 2308       9.442770379465e-12 
 2309       9.411364501549e-12 
 2310       9.380646989700e-12 
 2311       9.350613831564e-12 
 2312       9.321260995972e-12 
 2313       9.292584432916e-12 
 2314       9.264580073527e-12 
 2315       9.237243830054e-12 
 2316       9.210571595843e-12 
 2317       9.184559245310e-12 
 2318       9.159202633923e-12 
 2319       9.134497598179e-12 
 2320       9.110439955583e-12 
 2321       9.087025504621e-12 
 2322       9.064250024744e-12 
 2323       9.042109276341e-12 
 2324       9.020599000721e-12 
 2325       8.999714920087e-12 
 2326       8.979452737515e-12 
 2327       8.959808136935e-12 
 2328       8.940776783102e-12 
 2329       8.922354321582e-12 
 2330       8.904536378723e-12 
 2331       8.887318561637e-12 
 2332       8.870696458175e-12 
 2333       8.854665636909e-12 
 2334       8.839221647103e-12 
 2335       8.824360018697e-12 
 2336       8.810076262285e-12 
 2337       8.796365869086e-12 
 2338       8.783223274742e-12 
 2339       8.770638743643e-12 
 2340       8.758601465043e-12 
 2341       8.747100587433e-12 
 2342       8.736125218492e-12 
 2343       8.725664425048e-12 
 2344       8.715707233029e-12 
 2345       8.706242627418e-12 
 2346       8.697259552211e-12 
 2347       8.688746910367e-12 
 2348       8.680693563770e-12 
 2349       8.673088333178e-12 
 2350       8.665919998180e-12 
 2351       8.659177297155e-12 
 2352       8.652848927218e-12 
 2353       8.646923544187e-12 
 2354       8.641389762526e-12 
 2355       8.636236155310e-12 
 2356       8.631451254175e-12 
 2357       8.627023549271e-12 
 2358       8.622941489225e-12 
 2359       8.619193481087e-12 
 2360       8.615767890293e-12 
 2361       8.612653040613e-12 
 2362       8.609837214111e-12 
 2363       8.607308651098e-12 
 2364       8.605055550090e-12 
 2365       8.603066067757e-12 
 2366       8.601328318884e-12 
 2367       8.599830376323e-12 
 2368       8.598560270950e-12 
 2369       8.597505991619e-12 
 2370       8.596655485115e-12 
 2371       8.595996656114e-12 
 2372       8.595517367135e-12 
 2373       8.595205438492e-12 
 2374       8.595048648257e-12 
 2375       8.595034732208e-12 
 2376       8.595151383787e-12 
 2377       8.595386726535e-12 
 2378       8.595730734667e-12 
 2379       8.596173821160e-12 
 2380       8.596706366028e-12 
 2381       8.597318716288e-12 
 2382       8.598001185928e-12 
 2383       8.598744055871e-12 
 2384       8.599537573939e-12 
 2385       8.600371954816e-12 
 2386       8.601237380021e-12 
 2387       8.602123997863e-12 
 2388       8.603021923414e-12 
 2389       8.603921238470e-12 
 2390       8.604811991516e-12 
 2391       8.605684197695e-12 
 2392       8.606527838768e-12 
 2393       8.607332863084e-12 
 2394       8.608089185540e-12 
 2395       8.608786687551e-12 
 2396       8.609415217011e-12 
 2397       8.609964588263e-12 
 2398       8.610424582057e-12 
 2399       8.610784945523e-12 
 2400       8.611035392130e-12 
 2401       8.611165601655e-12 
 2402       8.611165220146e-12 
 2403       8.611023859887e-12 
 2404       8.610731099365e-12 
 2405       8.610276483233e-12 
 2406       8.609649522277e-12 
 2407       8.608839693380e-12 
 2408       8.607836439487e-12 
 2409       8.606629169570e-12 
 2410       8.605207258594e-12 
 2411       8.603560047482e-12 
 2412       8.601676843080e-12 
 2413       8.599546918120e-12 
 2414       8.597159511189e-12 
 2415       8.594503826691e-12 
 2416       8.591570371540e-12 
 2417       8.588354974149e-12 
 2418       8.584854789728e-12 
 2419       8.581066965762e-12 
 2420       8.576988642002e-12 
 2421       8.572616950458e-12 
 2422       8.567949015394e-12 
 2423       8.562981953318e-12 
 2424       8.557712872975e-12 
 2425       8.552138875341e-12 
 2426       8.546257053614e-12 
 2427       8.540064493206e-12 
 2428       8.533558271739e-12 
 2429       8.526735459034e-12 
 2430       8.519593117106e-12 
 2431       8.512128300152e-12 
 2432       8.504338054553e-12 
 2433       8.496219418855e-12 
 2434       8.487769423771e-12 
 2435       8.478985092169e-12 
 2436       8.469863439063e-12 
 2437       8.460401471612e-12 
 2438       8.450596189105e-12 
 2439       8.440444582961e-12 
 2440       8.429943636713e-12 
 2441       8.419090326009e-12 
 2442       8.407881618600e-12 
 2443       8.396314474333e-12 
 2444       8.384385845145e-12 
 2445       8.372092675054e-12 
 2446       8.359431900153e-12 
 2447       8.346400448600e-12 
 2448       8.332995240615e-12 
 2449       8.319213188468e-12 
 2450       8.305051196474e-12 
 2451       8.290506160988e-12 
 2452       8.275574970390e-12 
 2453       8.260254505086e-12 
 2454       8.244541637495e-12 
 2455       8.228434532437e-12 
 2456       8.211936556771e-12 
 2457       8.195052393061e-12 
 2458       8.177786741314e-12 
 2459       8.160144319005e-12 
 2460       8.142129861093e-12 
 2461       8.123748120037e-12 
 2462       8.105003865818e-12 
 2463       8.085901885956e-12 
 2464       8.066446985527e-12 
 2465       8.046643987186e-12 
 2466       8.026497731178e-12 
 2467       8.006013075365e-12 
 2468       7.985194895239e-12 
 2469       7.964048083941e-12 
 2470       7.942577552282e-12 
 2471       7.920788228757e-12 
 2472       7.898685059568e-12 
 2473       7.876273008642e-12 
 2474       7.853557057646e-12 
 2475       7.830542206009e-12 
 2476       7.807233470937e-12 
 2477       7.783635887437e-12 
 2478       7.759754508328e-12 
 2479       7.735594404266e-12 
 2480       7.711160663761e-12 
 2481       7.686458393191e-12 
 2482       7.661492716827e-12 
 2483       7.636268776847e-12 
 2484       7.610791733355e-12 
 2485       7.585066764402e-12 
 2486       7.559099066002e-12 
 2487       7.532893852151e-12 
 2488       7.506456354845e-12 
 2489       7.479791824102e-12 
 2490       7.452905527974e-12 
 2491       7.425802752570e-12 
 2492       7.398488802076e-12 
 2493       7.370968998769e-12 
 2494       7.343245277777e-12 
 2495       7.315305949477e-12 
 2496       7.287135877028e-12 
 2497       7.258719876125e-12 
 2498       7.230042714952e-12 
 2499       7.201089114138e-12 
 2500       7.171843746704e-12 
