# dimensionless total [l(l+1)/2pi] C_l's
# for l=2 to 2500, i.e. number of multipoles equal to 2499
#
# -> if you prefer output in CAMB/HealPix/LensPix units/order, set 'format' to 'camb' in input file
# -> if you don't want to see such a header, set 'headers' to 'no' in input file
#
# 1:l     2:TT                 
    2       2.488573474037e-10 
    3       2.172653265514e-10 
    4       1.937664808859e-10 
    5       1.769357567366e-10 
    6       1.648793815394e-10 
    7       1.562391894054e-10 
    8       1.500257858215e-10 
    9       1.455175481407e-10 
   10       1.423030725512e-10 
   11       1.400431511801e-10 
   12       1.385553528821e-10 
   13       1.376309036248e-10 
   14       1.371889682146e-10 
   15       1.371182954414e-10 
   16       1.373535056540e-10 
   17       1.379382152067e-10 
   18       1.387266290009e-10 
   19       1.397141847583e-10 
   20       1.408836539951e-10 
   21       1.422352508045e-10 
   22       1.437299693457e-10 
   23       1.453590296815e-10 
   24       1.470951109267e-10 
   25       1.489395789667e-10 
   26       1.508843221910e-10 
   27       1.529374076139e-10 
   28       1.550891437802e-10 
   29       1.573109918144e-10 
   30       1.596076082341e-10 
   31       1.619807575148e-10 
   32       1.644201778869e-10 
   33       1.669261820240e-10 
   34       1.694924119507e-10 
   35       1.721059011386e-10 
   36       1.747730038549e-10 
   37       1.775006058233e-10 
   38       1.802881826753e-10 
   39       1.831306059864e-10 
   40       1.860297583171e-10 
   41       1.889854705218e-10 
   42       1.919916601191e-10 
   43       1.950398685532e-10 
   44       1.981325356250e-10 
   45       2.012729073181e-10 
   46       2.044609924730e-10 
   47       2.076932555150e-10 
   48       2.109649485899e-10 
   49       2.142786023206e-10 
   50       2.176374005624e-10 
   51       2.210425816036e-10 
   52       2.244932655561e-10 
   53       2.279877720901e-10 
   54       2.315283687681e-10 
   55       2.351174428783e-10 
   56       2.387560103260e-10 
   57       2.424436055129e-10 
   58       2.461781712167e-10 
   59       2.499572393368e-10 
   60       2.537820434383e-10 
   61       2.576541683380e-10 
   62       2.615742782041e-10 
   63       2.655420501944e-10 
   64       2.695561080932e-10 
   65       2.736148502535e-10 
   66       2.777192862823e-10 
   67       2.818706842624e-10 
   68       2.860696888846e-10 
   69       2.903162801013e-10 
   70       2.946097317791e-10 
   71       2.989485703523e-10 
   72       3.033312696929e-10 
   73       3.077585820171e-10 
   74       3.122315817595e-10 
   75       3.167509448777e-10 
   76       3.213169243146e-10 
   77       3.259293254599e-10 
   78       3.305874816120e-10 
   79       3.352902294395e-10 
   80       3.400363494472e-10 
   81       3.448260294502e-10 
   82       3.496596116506e-10 
   83       3.545371345257e-10 
   84       3.594583169010e-10 
   85       3.644225420235e-10 
   86       3.694288416339e-10 
   87       3.744758800403e-10 
   88       3.795619381906e-10 
   89       3.846853368993e-10 
   90       3.898458173295e-10 
   91       3.950433487266e-10 
   92       4.002776993256e-10 
   93       4.055484270026e-10 
   94       4.108548699266e-10 
   95       4.161961372123e-10 
   96       4.215710995715e-10 
   97       4.269783799651e-10 
   98       4.324163442553e-10 
   99       4.378833661813e-10 
  100       4.433786853164e-10 
  101       4.489016538328e-10 
  102       4.544514670725e-10 
  103       4.600271575242e-10 
  104       4.656275888009e-10 
  105       4.712514496167e-10 
  106       4.768972477642e-10 
  107       4.825633040913e-10 
  108       4.882477464786e-10 
  109       4.939485038166e-10 
  110       4.996635549952e-10 
  111       5.053917250118e-10 
  112       5.111319799509e-10 
  113       5.168831776020e-10 
  114       5.226440639436e-10 
  115       5.284132696261e-10 
  116       5.341893064558e-10 
  117       5.399705638778e-10 
  118       5.457553054595e-10 
  119       5.515416653743e-10 
  120       5.573276448847e-10 
  121       5.631111088257e-10 
  122       5.688897820884e-10 
  123       5.746614445843e-10 
  124       5.804245489907e-10 
  125       5.861776676762e-10 
  126       5.919192986410e-10 
  127       5.976478635627e-10 
  128       6.033617058405e-10 
  129       6.090590886407e-10 
  130       6.147381929415e-10 
  131       6.203971155782e-10 
  132       6.260338672879e-10 
  133       6.316463707550e-10 
  134       6.372324586558e-10 
  135       6.427898717036e-10 
  136       6.483162566941e-10 
  137       6.538093295542e-10 
  138       6.592673876722e-10 
  139       6.646888471233e-10 
  140       6.700720815230e-10 
  141       6.754154211195e-10 
  142       6.807171518857e-10 
  143       6.859755146118e-10 
  144       6.911887039975e-10 
  145       6.963548677444e-10 
  146       7.014721056484e-10 
  147       7.065384686920e-10 
  148       7.115519581364e-10 
  149       7.165105246142e-10 
  150       7.214120672215e-10 
  151       7.262544326103e-10 
  152       7.310354140808e-10 
  153       7.357528908541e-10 
  154       7.404052623649e-10 
  155       7.449910527877e-10 
  156       7.495087742926e-10 
  157       7.539569268508e-10 
  158       7.583339980415e-10 
  159       7.626384628577e-10 
  160       7.668687835129e-10 
  161       7.710234092468e-10 
  162       7.751007761323e-10 
  163       7.790993068810e-10 
  164       7.830174106499e-10 
  165       7.868534828479e-10 
  166       7.906059049413e-10 
  167       7.942730442608e-10 
  168       7.978532538074e-10 
  169       8.013448720588e-10 
  170       8.047462227755e-10 
  171       8.080557193617e-10 
  172       8.112721881174e-10 
  173       8.143945716936e-10 
  174       8.174218271949e-10 
  175       8.203529264128e-10 
  176       8.231868560582e-10 
  177       8.259226179941e-10 
  178       8.285592294689e-10 
  179       8.310957233488e-10 
  180       8.335311483512e-10 
  181       8.358645692767e-10 
  182       8.380950672427e-10 
  183       8.402217399161e-10 
  184       8.422437017458e-10 
  185       8.441600841958e-10 
  186       8.459700359780e-10 
  187       8.476727232852e-10 
  188       8.492673300235e-10 
  189       8.507530580457e-10 
  190       8.521291273838e-10 
  191       8.533948380625e-10 
  192       8.545497602330e-10 
  193       8.555935587816e-10 
  194       8.565259334633e-10 
  195       8.573466193357e-10 
  196       8.580553871941e-10 
  197       8.586520440049e-10 
  198       8.591364333408e-10 
  199       8.595084358146e-10 
  200       8.597679695138e-10 
  201       8.599149904350e-10 
  202       8.599494929178e-10 
  203       8.598715100800e-10 
  204       8.596811142509e-10 
  205       8.593784174067e-10 
  206       8.589635716039e-10 
  207       8.584367694145e-10 
  208       8.577982443596e-10 
  209       8.570482713444e-10 
  210       8.561871670920e-10 
  211       8.552152905781e-10 
  212       8.541330434653e-10 
  213       8.529408712125e-10 
  214       8.516392655851e-10 
  215       8.502287631539e-10 
  216       8.487099450686e-10 
  217       8.470834374937e-10 
  218       8.453499120451e-10 
  219       8.435100862258e-10 
  220       8.415647238622e-10 
  221       8.395146355403e-10 
  222       8.373606790416e-10 
  223       8.351037597795e-10 
  224       8.327448312353e-10 
  225       8.302848953943e-10 
  226       8.277250031820e-10 
  227       8.250662549000e-10 
  228       8.223098006625e-10 
  229       8.194568408323e-10 
  230       8.165086264566e-10 
  231       8.134664597038e-10 
  232       8.103316942988e-10 
  233       8.071057359598e-10 
  234       8.037900428342e-10 
  235       8.003861259346e-10 
  236       7.968955495751e-10 
  237       7.933199318074e-10 
  238       7.896608727879e-10 
  239       7.859197341629e-10 
  240       7.820978471638e-10 
  241       7.781965837560e-10 
  242       7.742173569238e-10 
  243       7.701616209536e-10 
  244       7.660308717187e-10 
  245       7.618266469630e-10 
  246       7.575505265851e-10 
  247       7.532041329226e-10 
  248       7.487891310361e-10 
  249       7.443072289932e-10 
  250       7.397601781525e-10 
  251       7.351497734481e-10 
  252       7.304778536733e-10 
  253       7.257463017648e-10 
  254       7.209570450868e-10 
  255       7.161120557152e-10 
  256       7.112133507214e-10 
  257       7.062629924568e-10 
  258       7.012630888366e-10 
  259       6.962157936237e-10 
  260       6.911233067135e-10 
  261       6.859878744171e-10 
  262       6.808117897461e-10 
  263       6.755973926962e-10 
  264       6.703470705318e-10 
  265       6.650632580696e-10 
  266       6.597482952809e-10 
  267       6.544039909483e-10 
  268       6.490320358670e-10 
  269       6.436341434366e-10 
  270       6.382120497040e-10 
  271       6.327675134063e-10 
  272       6.273023160138e-10 
  273       6.218182617732e-10 
  274       6.163171777505e-10 
  275       6.108009138741e-10 
  276       6.052713429774e-10 
  277       5.997303608424e-10 
  278       5.941798862425e-10 
  279       5.886218609853e-10 
  280       5.830582499559e-10 
  281       5.774910411597e-10 
  282       5.719222457654e-10 
  283       5.663538981484e-10 
  284       5.607880559333e-10 
  285       5.552268000371e-10 
  286       5.496722347124e-10 
  287       5.441264875902e-10 
  288       5.385917097229e-10 
  289       5.330700756275e-10 
  290       5.275637833284e-10 
  291       5.220750544005e-10 
  292       5.166061340123e-10 
  293       5.111592909688e-10 
  294       5.057368177544e-10 
  295       5.003410305762e-10 
  296       4.949742694070e-10 
  297       4.896387263191e-10 
  298       4.843359211518e-10 
  299       4.790672003871e-10 
  300       4.738339063677e-10 
  301       4.686373771074e-10 
  302       4.634789461012e-10 
  303       4.583599421353e-10 
  304       4.532816890977e-10 
  305       4.482455057882e-10 
  306       4.432527057284e-10 
  307       4.383045969723e-10 
  308       4.334024819162e-10 
  309       4.285476571089e-10 
  310       4.237414130623e-10 
  311       4.189850340611e-10 
  312       4.142797979732e-10 
  313       4.096269760599e-10 
  314       4.050278327863e-10 
  315       4.004836256311e-10 
  316       3.959956048972e-10 
  317       3.915650135215e-10 
  318       3.871930868855e-10 
  319       3.828810526253e-10 
  320       3.786301304419e-10 
  321       3.744415319111e-10 
  322       3.703164602941e-10 
  323       3.662561103476e-10 
  324       3.622616681337e-10 
  325       3.583343108307e-10 
  326       3.544752065426e-10 
  327       3.506855141097e-10 
  328       3.469663829190e-10 
  329       3.433189527139e-10 
  330       3.397443534048e-10 
  331       3.362437048789e-10 
  332       3.328180058001e-10 
  333       3.294677950356e-10 
  334       3.261934750828e-10 
  335       3.229954214386e-10 
  336       3.198739822891e-10 
  337       3.168294781990e-10 
  338       3.138622018016e-10 
  339       3.109724174884e-10 
  340       3.081603610988e-10 
  341       3.054262396101e-10 
  342       3.027702308267e-10 
  343       3.001924830700e-10 
  344       2.976931148684e-10 
  345       2.952722146467e-10 
  346       2.929298404157e-10 
  347       2.906660194625e-10 
  348       2.884807480394e-10 
  349       2.863739910541e-10 
  350       2.843456817596e-10 
  351       2.823957214433e-10 
  352       2.805239791172e-10 
  353       2.787302912074e-10 
  354       2.770144612439e-10 
  355       2.753762595502e-10 
  356       2.738154229331e-10 
  357       2.723316543723e-10 
  358       2.709246227104e-10 
  359       2.695939623422e-10 
  360       2.683392729048e-10 
  361       2.671601189668e-10 
  362       2.660560297186e-10 
  363       2.650264986618e-10 
  364       2.640709832989e-10 
  365       2.631889048229e-10 
  366       2.623796478075e-10 
  367       2.616425598960e-10 
  368       2.609769514920e-10 
  369       2.603820954481e-10 
  370       2.598572267564e-10 
  371       2.594015909246e-10 
  372       2.590145918256e-10 
  373       2.586956490203e-10 
  374       2.584441493265e-10 
  375       2.582594465499e-10 
  376       2.581408612171e-10 
  377       2.580876803069e-10 
  378       2.580991569827e-10 
  379       2.581745103247e-10 
  380       2.583129250615e-10 
  381       2.585135513025e-10 
  382       2.587755042696e-10 
  383       2.590978640298e-10 
  384       2.594796752267e-10 
  385       2.599199468126e-10 
  386       2.604176517810e-10 
  387       2.609717268980e-10 
  388       2.615810724348e-10 
  389       2.622445518997e-10 
  390       2.629609917698e-10 
  391       2.637291812235e-10 
  392       2.645478718723e-10 
  393       2.654157774928e-10 
  394       2.663315737587e-10 
  395       2.672938979731e-10 
  396       2.683013488004e-10 
  397       2.693524859983e-10 
  398       2.704458301497e-10 
  399       2.715798623953e-10 
  400       2.727530241648e-10 
  401       2.739637169096e-10 
  402       2.752103018348e-10 
  403       2.764910996308e-10 
  404       2.778043902058e-10 
  405       2.791484124175e-10 
  406       2.805213638055e-10 
  407       2.819214003229e-10 
  408       2.833466360688e-10 
  409       2.847951430200e-10 
  410       2.862651446101e-10 
  411       2.877556045665e-10 
  412       2.892656584026e-10 
  413       2.907944213254e-10 
  414       2.923409881055e-10 
  415       2.939044329471e-10 
  416       2.954838093582e-10 
  417       2.970781500206e-10 
  418       2.986864666601e-10 
  419       3.003077499164e-10 
  420       3.019409692135e-10 
  421       3.035850726293e-10 
  422       3.052389867663e-10 
  423       3.069016166211e-10 
  424       3.085718454548e-10 
  425       3.102485346630e-10 
  426       3.119305236459e-10 
  427       3.136166296786e-10 
  428       3.153056477806e-10 
  429       3.169963505865e-10 
  430       3.186874882158e-10 
  431       3.203777881430e-10 
  432       3.220659550678e-10 
  433       3.237506707848e-10 
  434       3.254305940542e-10 
  435       3.271043604715e-10 
  436       3.287705823374e-10 
  437       3.304278485285e-10 
  438       3.320747243667e-10 
  439       3.337097514898e-10 
  440       3.353314477212e-10 
  441       3.369383069403e-10 
  442       3.385287989524e-10 
  443       3.401013693589e-10 
  444       3.416544394272e-10 
  445       3.431864059609e-10 
  446       3.446956411700e-10 
  447       3.461804925409e-10 
  448       3.476392827062e-10 
  449       3.490705324827e-10 
  450       3.504736381963e-10 
  451       3.518482160259e-10 
  452       3.531938808204e-10 
  453       3.545102461014e-10 
  454       3.557969240653e-10 
  455       3.570535255865e-10 
  456       3.582796602199e-10 
  457       3.594749362030e-10 
  458       3.606389604595e-10 
  459       3.617713386010e-10 
  460       3.628716749301e-10 
  461       3.639395724429e-10 
  462       3.649746328317e-10 
  463       3.659764564876e-10 
  464       3.669446425031e-10 
  465       3.678787886747e-10 
  466       3.687784915055e-10 
  467       3.696433462080e-10 
  468       3.704729467066e-10 
  469       3.712668856401e-10 
  470       3.720247543647e-10 
  471       3.727461429561e-10 
  472       3.734306402126e-10 
  473       3.740778336576e-10 
  474       3.746873095420e-10 
  475       3.752586528471e-10 
  476       3.757914472871e-10 
  477       3.762852753116e-10 
  478       3.767397181086e-10 
  479       3.771543556068e-10 
  480       3.775287664782e-10 
  481       3.778625281411e-10 
  482       3.781552167623e-10 
  483       3.784064072600e-10 
  484       3.786156733061e-10 
  485       3.787825873294e-10 
  486       3.789067205176e-10 
  487       3.789876428203e-10 
  488       3.790250510282e-10 
  489       3.790191572053e-10 
  490       3.789703118385e-10 
  491       3.788788768753e-10 
  492       3.787452257902e-10 
  493       3.785697436519e-10 
  494       3.783528271904e-10 
  495       3.780948848641e-10 
  496       3.777963369268e-10 
  497       3.774576154944e-10 
  498       3.770791646125e-10 
  499       3.766614403230e-10 
  500       3.762049107313e-10 
  501       3.757100560732e-10 
  502       3.751773687822e-10 
  503       3.746073535563e-10 
  504       3.740005274249e-10 
  505       3.733574198164e-10 
  506       3.726785726245e-10 
  507       3.719645402759e-10 
  508       3.712158897967e-10 
  509       3.704332008800e-10 
  510       3.696170659525e-10 
  511       3.687680902420e-10 
  512       3.678868918438e-10 
  513       3.669741017883e-10 
  514       3.660303641077e-10 
  515       3.650563359033e-10 
  516       3.640526874120e-10 
  517       3.630201020742e-10 
  518       3.619592766001e-10 
  519       3.608709210368e-10 
  520       3.597557588357e-10 
  521       3.586145269193e-10 
  522       3.574479757483e-10 
  523       3.562568693885e-10 
  524       3.550419855780e-10 
  525       3.538041157940e-10 
  526       3.525440653202e-10 
  527       3.512626320971e-10 
  528       3.499605424959e-10 
  529       3.486385139031e-10 
  530       3.472972758346e-10 
  531       3.459375699934e-10 
  532       3.445601503270e-10 
  533       3.431657830864e-10 
  534       3.417552468826e-10 
  535       3.403293327458e-10 
  536       3.388888441823e-10 
  537       3.374345972329e-10 
  538       3.359674205305e-10 
  539       3.344881553583e-10 
  540       3.329976557073e-10 
  541       3.314967883346e-10 
  542       3.299864328208e-10 
  543       3.284674816284e-10 
  544       3.269408401593e-10 
  545       3.254074268128e-10 
  546       3.238681730434e-10 
  547       3.223240234191e-10 
  548       3.207759356785e-10 
  549       3.192248807894e-10 
  550       3.176718430064e-10 
  551       3.161178199288e-10 
  552       3.145638225583e-10 
  553       3.130108753574e-10 
  554       3.114600163066e-10 
  555       3.099122969629e-10 
  556       3.083687825171e-10 
  557       3.068305518522e-10 
  558       3.052986976012e-10 
  559       3.037743262044e-10 
  560       3.022585579682e-10 
  561       3.007525271223e-10 
  562       2.992573818777e-10 
  563       2.977742844849e-10 
  564       2.963044112915e-10 
  565       2.948489527999e-10 
  566       2.934089890025e-10 
  567       2.919851117428e-10 
  568       2.905777927533e-10 
  569       2.891875075101e-10 
  570       2.878147352449e-10 
  571       2.864599589558e-10 
  572       2.851236654187e-10 
  573       2.838063451984e-10 
  574       2.825084926600e-10 
  575       2.812306059801e-10 
  576       2.799731871582e-10 
  577       2.787367420276e-10 
  578       2.775217802669e-10 
  579       2.763288154111e-10 
  580       2.751583648630e-10 
  581       2.740109499044e-10 
  582       2.728870957073e-10 
  583       2.717873313450e-10 
  584       2.707121898038e-10 
  585       2.696622079937e-10 
  586       2.686379267599e-10 
  587       2.676398908942e-10 
  588       2.666686491459e-10 
  589       2.657247542334e-10 
  590       2.648087628551e-10 
  591       2.639212357010e-10 
  592       2.630627374636e-10 
  593       2.622338368494e-10 
  594       2.614351065899e-10 
  595       2.606671234533e-10 
  596       2.599304682551e-10 
  597       2.592257258699e-10 
  598       2.585534852424e-10 
  599       2.579143393986e-10 
  600       2.573088854572e-10 
  601       2.567377246406e-10 
  602       2.562014622866e-10 
  603       2.557007078592e-10 
  604       2.552360749598e-10 
  605       2.548080567446e-10 
  606       2.544166488566e-10 
  607       2.540617174361e-10 
  608       2.537431228636e-10 
  609       2.534607197305e-10 
  610       2.532143568093e-10 
  611       2.530038770242e-10 
  612       2.528291174217e-10 
  613       2.526899091409e-10 
  614       2.525860773838e-10 
  615       2.525174413861e-10 
  616       2.524838143877e-10 
  617       2.524850036025e-10 
  618       2.525208101899e-10 
  619       2.525910292244e-10 
  620       2.526954496663e-10 
  621       2.528338543326e-10 
  622       2.530060198667e-10 
  623       2.532117167095e-10 
  624       2.534507090697e-10 
  625       2.537227548940e-10 
  626       2.540276058379e-10 
  627       2.543650072359e-10 
  628       2.547346980724e-10 
  629       2.551364109514e-10 
  630       2.555698720677e-10 
  631       2.560348011772e-10 
  632       2.565309115670e-10 
  633       2.570579100262e-10 
  634       2.576154968164e-10 
  635       2.582033656417e-10 
  636       2.588212036201e-10 
  637       2.594686912527e-10 
  638       2.601455023953e-10 
  639       2.608513042283e-10 
  640       2.615857572272e-10 
  641       2.623485151331e-10 
  642       2.631392249233e-10 
  643       2.639575267816e-10 
  644       2.648030180469e-10 
  645       2.656751442234e-10 
  646       2.665733054451e-10 
  647       2.674968922356e-10 
  648       2.684452854669e-10 
  649       2.694178563206e-10 
  650       2.704139662473e-10 
  651       2.714329669267e-10 
  652       2.724742002279e-10 
  653       2.735369981693e-10 
  654       2.746206828788e-10 
  655       2.757245665536e-10 
  656       2.768479514204e-10 
  657       2.779901296957e-10 
  658       2.791503835453e-10 
  659       2.803279850450e-10 
  660       2.815221961400e-10 
  661       2.827322686057e-10 
  662       2.839574440070e-10 
  663       2.851969536589e-10 
  664       2.864500185863e-10 
  665       2.877158494842e-10 
  666       2.889936466777e-10 
  667       2.902826000819e-10 
  668       2.915818891623e-10 
  669       2.928906828946e-10 
  670       2.942081397246e-10 
  671       2.955334075289e-10 
  672       2.968656235742e-10 
  673       2.982039144778e-10 
  674       2.995473961675e-10 
  675       3.008951738419e-10 
  676       3.022463419301e-10 
  677       3.035999840520e-10 
  678       3.049551729781e-10 
  679       3.063109705900e-10 
  680       3.076664278400e-10 
  681       3.090205847116e-10 
  682       3.103724701792e-10 
  683       3.117211708364e-10 
  684       3.130660384704e-10 
  685       3.144064868394e-10 
  686       3.157419233836e-10 
  687       3.170717492026e-10 
  688       3.183953590333e-10 
  689       3.197121412274e-10 
  690       3.210214777293e-10 
  691       3.223227440539e-10 
  692       3.236153092637e-10 
  693       3.248985359472e-10 
  694       3.261717801963e-10 
  695       3.274343915839e-10 
  696       3.286857131417e-10 
  697       3.299250813379e-10 
  698       3.311518260550e-10 
  699       3.323652705672e-10 
  700       3.335647315184e-10 
  701       3.347495188998e-10 
  702       3.359189360274e-10 
  703       3.370722795201e-10 
  704       3.382088392771e-10 
  705       3.393278984556e-10 
  706       3.404287334485e-10 
  707       3.415106138623e-10 
  708       3.425728024946e-10 
  709       3.436145553118e-10 
  710       3.446351214270e-10 
  711       3.456337430773e-10 
  712       3.466096556020e-10 
  713       3.475620874199e-10 
  714       3.484902600070e-10 
  715       3.493933878746e-10 
  716       3.502706785465e-10 
  717       3.511213325371e-10 
  718       3.519445433288e-10 
  719       3.527394973498e-10 
  720       3.535053739519e-10 
  721       3.542413453881e-10 
  722       3.549466923121e-10 
  723       3.556211528824e-10 
  724       3.562645806655e-10 
  725       3.568768297575e-10 
  726       3.574577547878e-10 
  727       3.580072109238e-10 
  728       3.585250538749e-10 
  729       3.590111398967e-10 
  730       3.594653257956e-10 
  731       3.598874689326e-10 
  732       3.602774272279e-10 
  733       3.606350591650e-10 
  734       3.609602237949e-10 
  735       3.612527807406e-10 
  736       3.615125902010e-10 
  737       3.617395129555e-10 
  738       3.619334103679e-10 
  739       3.620941443910e-10 
  740       3.622215775707e-10 
  741       3.623155730501e-10 
  742       3.623759945740e-10 
  743       3.624027064932e-10 
  744       3.623955737683e-10 
  745       3.623544619745e-10 
  746       3.622792373055e-10 
  747       3.621697665779e-10 
  748       3.620259172355e-10 
  749       3.618475573533e-10 
  750       3.616345556421e-10 
  751       3.613867814524e-10 
  752       3.611041047789e-10 
  753       3.607863962649e-10 
  754       3.604335272060e-10 
  755       3.600453695549e-10 
  756       3.596217959253e-10 
  757       3.591626795964e-10 
  758       3.586678945171e-10 
  759       3.581373153101e-10 
  760       3.575708172762e-10 
  761       3.569683570212e-10 
  762       3.563302160223e-10 
  763       3.556567617390e-10 
  764       3.549483674345e-10 
  765       3.542054121970e-10 
  766       3.534282809600e-10 
  767       3.526173645238e-10 
  768       3.517730595762e-10 
  769       3.508957687134e-10 
  770       3.499859004610e-10 
  771       3.490438692950e-10 
  772       3.480700956625e-10 
  773       3.470650060032e-10 
  774       3.460290327694e-10 
  775       3.449626144479e-10 
  776       3.438661955804e-10 
  777       3.427402267844e-10 
  778       3.415851647745e-10 
  779       3.404014723831e-10 
  780       3.391896185812e-10 
  781       3.379500784997e-10 
  782       3.366833334501e-10 
  783       3.353898709452e-10 
  784       3.340701847208e-10 
  785       3.327247747557e-10 
  786       3.313541472933e-10 
  787       3.299588148624e-10 
  788       3.285392962978e-10 
  789       3.270961167618e-10 
  790       3.256298077646e-10 
  791       3.241409071856e-10 
  792       3.226299592941e-10 
  793       3.210975147704e-10 
  794       3.195441307267e-10 
  795       3.179703707280e-10 
  796       3.163768048131e-10 
  797       3.147640095153e-10 
  798       3.131325678838e-10 
  799       3.114830695042e-10 
  800       3.098161064628e-10 
  801       3.081322611165e-10 
  802       3.064321181413e-10 
  803       3.047162685889e-10 
  804       3.029853099071e-10 
  805       3.012398459601e-10 
  806       2.994804870481e-10 
  807       2.977078499282e-10 
  808       2.959225578339e-10 
  809       2.941252404961e-10 
  810       2.923165341621e-10 
  811       2.904970816172e-10 
  812       2.886675322035e-10 
  813       2.868285418410e-10 
  814       2.849807730477e-10 
  815       2.831248949591e-10 
  816       2.812615833493e-10 
  817       2.793915206503e-10 
  818       2.775153959730e-10 
  819       2.756339051268e-10 
  820       2.737477506398e-10 
  821       2.718576417794e-10 
  822       2.699642945721e-10 
  823       2.680684318237e-10 
  824       2.661707831396e-10 
  825       2.642720849452e-10 
  826       2.623730805054e-10 
  827       2.604745199455e-10 
  828       2.585771602710e-10 
  829       2.566817653877e-10 
  830       2.547891061221e-10 
  831       2.528999602418e-10 
  832       2.510151124749e-10 
  833       2.491353545309e-10 
  834       2.472614851208e-10 
  835       2.453943099767e-10 
  836       2.435346418728e-10 
  837       2.416833006449e-10 
  838       2.398411132109e-10 
  839       2.380088382876e-10 
  840       2.361869390642e-10 
  841       2.343758066140e-10 
  842       2.325758348470e-10 
  843       2.307874205172e-10 
  844       2.290109632300e-10 
  845       2.272468654493e-10 
  846       2.254955325051e-10 
  847       2.237573726009e-10 
  848       2.220327968208e-10 
  849       2.203222191371e-10 
  850       2.186260564176e-10 
  851       2.169447284328e-10 
  852       2.152786578633e-10 
  853       2.136282703075e-10 
  854       2.119939942884e-10 
  855       2.103762612615e-10 
  856       2.087755056216e-10 
  857       2.071921647106e-10 
  858       2.056266788248e-10 
  859       2.040794912219e-10 
  860       2.025510481289e-10 
  861       2.010417987489e-10 
  862       1.995521952689e-10 
  863       1.980826928669e-10 
  864       1.966337497193e-10 
  865       1.952058270084e-10 
  866       1.937993889296e-10 
  867       1.924149026987e-10 
  868       1.910528385594e-10 
  869       1.897136697907e-10 
  870       1.883978727141e-10 
  871       1.871059267009e-10 
  872       1.858383141799e-10 
  873       1.845955206444e-10 
  874       1.833780346596e-10 
  875       1.821863478701e-10 
  876       1.810209550074e-10 
  877       1.798823538968e-10 
  878       1.787709564388e-10 
  879       1.776868199161e-10 
  880       1.766299112333e-10 
  881       1.756001955323e-10 
  882       1.745976361856e-10 
  883       1.736221947897e-10 
  884       1.726738311586e-10 
  885       1.717525033175e-10 
  886       1.708581674963e-10 
  887       1.699907781229e-10 
  888       1.691502878169e-10 
  889       1.683366473830e-10 
  890       1.675498058048e-10 
  891       1.667897102377e-10 
  892       1.660563060031e-10 
  893       1.653495365816e-10 
  894       1.646693436062e-10 
  895       1.640156668566e-10 
  896       1.633884442518e-10 
  897       1.627876118445e-10 
  898       1.622131038137e-10 
  899       1.616648524591e-10 
  900       1.611427881939e-10 
  901       1.606468395389e-10 
  902       1.601769331153e-10 
  903       1.597329936391e-10 
  904       1.593149439138e-10 
  905       1.589227048244e-10 
  906       1.585561953309e-10 
  907       1.582153324614e-10 
  908       1.579000313060e-10 
  909       1.576102050105e-10 
  910       1.573457647691e-10 
  911       1.571066198189e-10 
  912       1.568926774326e-10 
  913       1.567038429127e-10 
  914       1.565400195844e-10 
  915       1.564011087894e-10 
  916       1.562870098796e-10 
  917       1.561975767547e-10 
  918       1.561324867306e-10 
  919       1.560913695702e-10 
  920       1.560738507374e-10 
  921       1.560795513838e-10 
  922       1.561080883365e-10 
  923       1.561590740853e-10 
  924       1.562321167698e-10 
  925       1.563268201671e-10 
  926       1.564427836789e-10 
  927       1.565796023187e-10 
  928       1.567368666993e-10 
  929       1.569141630201e-10 
  930       1.571110730544e-10 
  931       1.573271741367e-10 
  932       1.575620391501e-10 
  933       1.578152365133e-10 
  934       1.580863301684e-10 
  935       1.583748795680e-10 
  936       1.586804396622e-10 
  937       1.590025608866e-10 
  938       1.593407891489e-10 
  939       1.596946658167e-10 
  940       1.600637277048e-10 
  941       1.604475070622e-10 
  942       1.608455315596e-10 
  943       1.612573242768e-10 
  944       1.616824036900e-10 
  945       1.621202836589e-10 
  946       1.625704734143e-10 
  947       1.630324775452e-10 
  948       1.635057959863e-10 
  949       1.639899240053e-10 
  950       1.644843521899e-10 
  951       1.649885664355e-10 
  952       1.655020479325e-10 
  953       1.660242731534e-10 
  954       1.665547138402e-10 
  955       1.670928369918e-10 
  956       1.676381276480e-10 
  957       1.681901576494e-10 
  958       1.687485179028e-10 
  959       1.693127956699e-10 
  960       1.698825745576e-10 
  961       1.704574345084e-10 
  962       1.710369517905e-10 
  963       1.716206989883e-10 
  964       1.722082449928e-10 
  965       1.727991549916e-10 
  966       1.733929904594e-10 
  967       1.739893091483e-10 
  968       1.745876650780e-10 
  969       1.751876085263e-10 
  970       1.757886860193e-10 
  971       1.763904403216e-10 
  972       1.769924104269e-10 
  973       1.775941315478e-10 
  974       1.781951351069e-10 
  975       1.787949487262e-10 
  976       1.793930962181e-10 
  977       1.799890975754e-10 
  978       1.805824689616e-10 
  979       1.811727227014e-10 
  980       1.817593672708e-10 
  981       1.823419072875e-10 
  982       1.829198435012e-10 
  983       1.834926727839e-10 
  984       1.840598881202e-10 
  985       1.846209785977e-10 
  986       1.851754293970e-10 
  987       1.857227217827e-10 
  988       1.862623330927e-10 
  989       1.867937367294e-10 
  990       1.873164021497e-10 
  991       1.878297948550e-10 
  992       1.883333763819e-10 
  993       1.888266042925e-10 
  994       1.893089321644e-10 
  995       1.897798737833e-10 
  996       1.902391967704e-10 
  997       1.906867317782e-10 
  998       1.911223085441e-10 
  999       1.915457558884e-10 
 1000       1.919569017127e-10 
 1001       1.923555729979e-10 
 1002       1.927415958021e-10 
 1003       1.931147952588e-10 
 1004       1.934749955750e-10 
 1005       1.938220200292e-10 
 1006       1.941556909696e-10 
 1007       1.944758298122e-10 
 1008       1.947822570386e-10 
 1009       1.950747921945e-10 
 1010       1.953532538875e-10 
 1011       1.956174597851e-10 
 1012       1.958672266132e-10 
 1013       1.961023701536e-10 
 1014       1.963227052427e-10 
 1015       1.965280457692e-10 
 1016       1.967182046721e-10 
 1017       1.968929939390e-10 
 1018       1.970522246044e-10 
 1019       1.971957067471e-10 
 1020       1.973232494890e-10 
 1021       1.974346609927e-10 
 1022       1.975297484598e-10 
 1023       1.976083181289e-10 
 1024       1.976701752739e-10 
 1025       1.977151242016e-10 
 1026       1.977429682504e-10 
 1027       1.977535097878e-10 
 1028       1.977465502090e-10 
 1029       1.977218899344e-10 
 1030       1.976793284084e-10 
 1031       1.976186640967e-10 
 1032       1.975396944851e-10 
 1033       1.974422160772e-10 
 1034       1.973260823534e-10 
 1035       1.971913785501e-10 
 1036       1.970382493461e-10 
 1037       1.968668411301e-10 
 1038       1.966773020055e-10 
 1039       1.964697817946e-10 
 1040       1.962444320435e-10 
 1041       1.960014060266e-10 
 1042       1.957408587510e-10 
 1043       1.954629469614e-10 
 1044       1.951678291444e-10 
 1045       1.948556655332e-10 
 1046       1.945266181122e-10 
 1047       1.941808506215e-10 
 1048       1.938185285616e-10 
 1049       1.934398191979e-10 
 1050       1.930448915653e-10 
 1051       1.926339164727e-10 
 1052       1.922070665077e-10 
 1053       1.917645160412e-10 
 1054       1.913064412319e-10 
 1055       1.908330200309e-10 
 1056       1.903444321861e-10 
 1057       1.898408592473e-10 
 1058       1.893224845703e-10 
 1059       1.887894933214e-10 
 1060       1.882420724827e-10 
 1061       1.876804108556e-10 
 1062       1.871046990665e-10 
 1063       1.865151295705e-10 
 1064       1.859118966566e-10 
 1065       1.852951964517e-10 
 1066       1.846652269258e-10 
 1067       1.840221878962e-10 
 1068       1.833662810319e-10 
 1069       1.826977098588e-10 
 1070       1.820166797638e-10 
 1071       1.813233979995e-10 
 1072       1.806180736886e-10 
 1073       1.799009336290e-10 
 1074       1.791722699335e-10 
 1075       1.784323930478e-10 
 1076       1.776816160152e-10 
 1077       1.769202544829e-10 
 1078       1.761486267083e-10 
 1079       1.753670535654e-10 
 1080       1.745758585504e-10 
 1081       1.737753677888e-10 
 1082       1.729659100410e-10 
 1083       1.721478167085e-10 
 1084       1.713214218406e-10 
 1085       1.704870621404e-10 
 1086       1.696450769706e-10 
 1087       1.687958083606e-10 
 1088       1.679396010119e-10 
 1089       1.670768023047e-10 
 1090       1.662077623042e-10 
 1091       1.653328337667e-10 
 1092       1.644523721458e-10 
 1093       1.635667355987e-10 
 1094       1.626762849923e-10 
 1095       1.617813839097e-10 
 1096       1.608823986560e-10 
 1097       1.599796982651e-10 
 1098       1.590736545053e-10 
 1099       1.581646418859e-10 
 1100       1.572530376636e-10 
 1101       1.563392218481e-10 
 1102       1.554235772091e-10 
 1103       1.545064892817e-10 
 1104       1.535883463734e-10 
 1105       1.526695395699e-10 
 1106       1.517504627414e-10 
 1107       1.508315125489e-10 
 1108       1.499130884501e-10 
 1109       1.489955927062e-10 
 1110       1.480794303878e-10 
 1111       1.471650093810e-10 
 1112       1.462527113776e-10 
 1113       1.453428044145e-10 
 1114       1.444355291974e-10 
 1115       1.435311280162e-10 
 1116       1.426298447482e-10 
 1117       1.417319248616e-10 
 1118       1.408376154190e-10 
 1119       1.399471650808e-10 
 1120       1.390608241085e-10 
 1121       1.381788443682e-10 
 1122       1.373014793342e-10 
 1123       1.364289840919e-10 
 1124       1.355616153418e-10 
 1125       1.346996314024e-10 
 1126       1.338432922141e-10 
 1127       1.329928593423e-10 
 1128       1.321485959807e-10 
 1129       1.313107669551e-10 
 1130       1.304796387267e-10 
 1131       1.296554793950e-10 
 1132       1.288385587021e-10 
 1133       1.280291480354e-10 
 1134       1.272275204314e-10 
 1135       1.264339505788e-10 
 1136       1.256487148222e-10 
 1137       1.248720911655e-10 
 1138       1.241043592749e-10 
 1139       1.233458004831e-10 
 1140       1.225966977918e-10 
 1141       1.218573358758e-10 
 1142       1.211280010860e-10 
 1143       1.204089814533e-10 
 1144       1.197005666913e-10 
 1145       1.190030482003e-10 
 1146       1.183167190706e-10 
 1147       1.176418740857e-10 
 1148       1.169788097259e-10 
 1149       1.163278241716e-10 
 1150       1.156892173069e-10 
 1151       1.150632436856e-10 
 1152       1.144499707697e-10 
 1153       1.138494188977e-10 
 1154       1.132616081577e-10 
 1155       1.126865583869e-10 
 1156       1.121242891703e-10 
 1157       1.115748198401e-10 
 1158       1.110381694748e-10 
 1159       1.105143568984e-10 
 1160       1.100034006796e-10 
 1161       1.095053191306e-10 
 1162       1.090201303068e-10 
 1163       1.085478520057e-10 
 1164       1.080885017658e-10 
 1165       1.076420968662e-10 
 1166       1.072086543256e-10 
 1167       1.067881909012e-10 
 1168       1.063807230884e-10 
 1169       1.059862671193e-10 
 1170       1.056048389623e-10 
 1171       1.052364543212e-10 
 1172       1.048811286343e-10 
 1173       1.045388770734e-10 
 1174       1.042097145434e-10 
 1175       1.038936556808e-10 
 1176       1.035907148536e-10 
 1177       1.033009061597e-10 
 1178       1.030242434268e-10 
 1179       1.027607402109e-10 
 1180       1.025104097959e-10 
 1181       1.022732651926e-10 
 1182       1.020493191378e-10 
 1183       1.018385840936e-10 
 1184       1.016410722464e-10 
 1185       1.014567955061e-10 
 1186       1.012857655054e-10 
 1187       1.011279935988e-10 
 1188       1.009834908617e-10 
 1189       1.008522680898e-10 
 1190       1.007343044557e-10 
 1191       1.006294530601e-10 
 1192       1.005375342189e-10 
 1193       1.004583666968e-10 
 1194       1.003917677040e-10 
 1195       1.003375528924e-10 
 1196       1.002955363522e-10 
 1197       1.002655306086e-10 
 1198       1.002473466181e-10 
 1199       1.002407937650e-10 
 1200       1.002456798580e-10 
 1201       1.002618111266e-10 
 1202       1.002889922179e-10 
 1203       1.003270261925e-10 
 1204       1.003757145217e-10 
 1205       1.004348570833e-10 
 1206       1.005042521589e-10 
 1207       1.005836964297e-10 
 1208       1.006729849734e-10 
 1209       1.007719112603e-10 
 1210       1.008802671506e-10 
 1211       1.009978428899e-10 
 1212       1.011244271064e-10 
 1213       1.012598068073e-10 
 1214       1.014037673749e-10 
 1215       1.015560925636e-10 
 1216       1.017165644963e-10 
 1217       1.018849636605e-10 
 1218       1.020610689053e-10 
 1219       1.022446574376e-10 
 1220       1.024355048190e-10 
 1221       1.026333849615e-10 
 1222       1.028380701250e-10 
 1223       1.030493309131e-10 
 1224       1.032669362698e-10 
 1225       1.034906534761e-10 
 1226       1.037202481463e-10 
 1227       1.039554842247e-10 
 1228       1.041961239822e-10 
 1229       1.044419302439e-10 
 1230       1.046926731097e-10 
 1231       1.049481233072e-10 
 1232       1.052080499634e-10 
 1233       1.054722206023e-10 
 1234       1.057404011408e-10 
 1235       1.060123558857e-10 
 1236       1.062878475305e-10 
 1237       1.065666371519e-10 
 1238       1.068484842064e-10 
 1239       1.071331465272e-10 
 1240       1.074203803208e-10 
 1241       1.077099401637e-10 
 1242       1.080015789989e-10 
 1243       1.082950481328e-10 
 1244       1.085900972319e-10 
 1245       1.088864743191e-10 
 1246       1.091839257710e-10 
 1247       1.094821963140e-10 
 1248       1.097810290213e-10 
 1249       1.100801653095e-10 
 1250       1.103793449354e-10 
 1251       1.106783059923e-10 
 1252       1.109767849070e-10 
 1253       1.112745164367e-10 
 1254       1.115712336652e-10 
 1255       1.118666679995e-10 
 1256       1.121605491673e-10 
 1257       1.124526052128e-10 
 1258       1.127425624937e-10 
 1259       1.130301456781e-10 
 1260       1.133150777407e-10 
 1261       1.135970799600e-10 
 1262       1.138758719148e-10 
 1263       1.141511714804e-10 
 1264       1.144226948261e-10 
 1265       1.146901564113e-10 
 1266       1.149532689825e-10 
 1267       1.152117435696e-10 
 1268       1.154653183163e-10 
 1269       1.157138453408e-10 
 1270       1.159572048696e-10 
 1271       1.161952764943e-10 
 1272       1.164279391698e-10 
 1273       1.166550712140e-10 
 1274       1.168765503057e-10 
 1275       1.170922534842e-10 
 1276       1.173020571476e-10 
 1277       1.175058370518e-10 
 1278       1.177034683096e-10 
 1279       1.178948253890e-10 
 1280       1.180797821125e-10 
 1281       1.182582116557e-10 
 1282       1.184299865463e-10 
 1283       1.185949786625e-10 
 1284       1.187530592323e-10 
 1285       1.189040988324e-10 
 1286       1.190479673865e-10 
 1287       1.191845341645e-10 
 1288       1.193136677813e-10 
 1289       1.194352361955e-10 
 1290       1.195491067085e-10 
 1291       1.196551459631e-10 
 1292       1.197532199421e-10 
 1293       1.198431939678e-10 
 1294       1.199249327002e-10 
 1295       1.199983001362e-10 
 1296       1.200631596082e-10 
 1297       1.201193737831e-10 
 1298       1.201668046609e-10 
 1299       1.202053135739e-10 
 1300       1.202347611853e-10 
 1301       1.202550074879e-10 
 1302       1.202659118032e-10 
 1303       1.202673327801e-10 
 1304       1.202591283936e-10 
 1305       1.202411559440e-10 
 1306       1.202132720553e-10 
 1307       1.201753650995e-10 
 1308       1.201274528670e-10 
 1309       1.200695859864e-10 
 1310       1.200018155997e-10 
 1311       1.199241933629e-10 
 1312       1.198367714477e-10 
 1313       1.197396025421e-10 
 1314       1.196327398521e-10 
 1315       1.195162371022e-10 
 1316       1.193901485367e-10 
 1317       1.192545289212e-10 
 1318       1.191094335429e-10 
 1319       1.189549182126e-10 
 1320       1.187910392653e-10 
 1321       1.186178535611e-10 
 1322       1.184354184871e-10 
 1323       1.182437919575e-10 
 1324       1.180430324155e-10 
 1325       1.178331988342e-10 
 1326       1.176143507173e-10 
 1327       1.173865481008e-10 
 1328       1.171498515537e-10 
 1329       1.169043221793e-10 
 1330       1.166500216163e-10 
 1331       1.163870120397e-10 
 1332       1.161153561622e-10 
 1333       1.158351172352e-10 
 1334       1.155463590496e-10 
 1335       1.152491459375e-10 
 1336       1.149435427728e-10 
 1337       1.146296149726e-10 
 1338       1.143074284981e-10 
 1339       1.139770498558e-10 
 1340       1.136385460987e-10 
 1341       1.132919848273e-10 
 1342       1.129374341906e-10 
 1343       1.125749628874e-10 
 1344       1.122046401674e-10 
 1345       1.118265358322e-10 
 1346       1.114407349636e-10 
 1347       1.110473822813e-10 
 1348       1.106466382694e-10 
 1349       1.102386644948e-10 
 1350       1.098236236096e-10 
 1351       1.094016793528e-10 
 1352       1.089729965526e-10 
 1353       1.085377411285e-10 
 1354       1.080960800932e-10 
 1355       1.076481815549e-10 
 1356       1.071942147193e-10 
 1357       1.067343498915e-10 
 1358       1.062687584786e-10 
 1359       1.057976129909e-10 
 1360       1.053210870450e-10 
 1361       1.048393553651e-10 
 1362       1.043525937855e-10 
 1363       1.038609792524e-10 
 1364       1.033646898264e-10 
 1365       1.028639046839e-10 
 1366       1.023588041200e-10 
 1367       1.018495695500e-10 
 1368       1.013363835115e-10 
 1369       1.008194296670e-10 
 1370       1.002988928052e-10 
 1371       9.977495884374e-11 
 1372       9.924781483104e-11 
 1373       9.871764894830e-11 
 1374       9.818465051168e-11 
 1375       9.764900997434e-11 
 1376       9.711091892857e-11 
 1377       9.657057010782e-11 
 1378       9.602815738879e-11 
 1379       9.548387579356e-11 
 1380       9.493792149159e-11 
 1381       9.439049180186e-11 
 1382       9.384178519494e-11 
 1383       9.329200129506e-11 
 1384       9.274134088217e-11 
 1385       9.218999669356e-11 
 1386       9.163812571802e-11 
 1387       9.108587661325e-11 
 1388       9.053339888137e-11 
 1389       8.998084287037e-11 
 1390       8.942835977568e-11 
 1391       8.887610164163e-11 
 1392       8.832422136300e-11 
 1393       8.777287268647e-11 
 1394       8.722221021216e-11 
 1395       8.667238939514e-11 
 1396       8.612356654690e-11 
 1397       8.557589883692e-11 
 1398       8.502954429410e-11 
 1399       8.448466180832e-11 
 1400       8.394141113193e-11 
 1401       8.339995288124e-11 
 1402       8.286044853805e-11 
 1403       8.232306045115e-11 
 1404       8.178795183779e-11 
 1405       8.125528678526e-11 
 1406       8.072523025231e-11 
 1407       8.019794807073e-11 
 1408       7.967360694681e-11 
 1409       7.915237446284e-11 
 1410       7.863441907868e-11 
 1411       7.811991013316e-11 
 1412       7.760901784571e-11 
 1413       7.710191331774e-11 
 1414       7.659876853425e-11 
 1415       7.609975636527e-11 
 1416       7.560505056740e-11 
 1417       7.511482578530e-11 
 1418       7.462925755320e-11 
 1419       7.414852229640e-11 
 1420       7.367279733279e-11 
 1421       7.320226087433e-11 
 1422       7.273709202859e-11 
 1423       7.227747080023e-11 
 1424       7.182355504426e-11 
 1425       7.137541106379e-11 
 1426       7.093308230252e-11 
 1427       7.049661232845e-11 
 1428       7.006604483403e-11 
 1429       6.964142363631e-11 
 1430       6.922279267704e-11 
 1431       6.881019602288e-11 
 1432       6.840367786549e-11 
 1433       6.800328252170e-11 
 1434       6.760905443362e-11 
 1435       6.722103816885e-11 
 1436       6.683927842052e-11 
 1437       6.646382000755e-11 
 1438       6.609470787469e-11 
 1439       6.573198709273e-11 
 1440       6.537570285861e-11 
 1441       6.502590049556e-11 
 1442       6.468262545329e-11 
 1443       6.434592330806e-11 
 1444       6.401583976287e-11 
 1445       6.369242064761e-11 
 1446       6.337571191916e-11 
 1447       6.306575966157e-11 
 1448       6.276261008619e-11 
 1449       6.246630953181e-11 
 1450       6.217690446481e-11 
 1451       6.189444147929e-11 
 1452       6.161896729723e-11 
 1453       6.135052876862e-11 
 1454       6.108917287161e-11 
 1455       6.083494671263e-11 
 1456       6.058789752658e-11 
 1457       6.034807267692e-11 
 1458       6.011551965585e-11 
 1459       5.989028608444e-11 
 1460       5.967241971277e-11 
 1461       5.946196842006e-11 
 1462       5.925898021484e-11 
 1463       5.906348358669e-11 
 1464       5.887542834618e-11 
 1465       5.869474419380e-11 
 1466       5.852136031372e-11 
 1467       5.835520537281e-11 
 1468       5.819620751970e-11 
 1469       5.804429438384e-11 
 1470       5.789939307451e-11 
 1471       5.776143017987e-11 
 1472       5.763033176602e-11 
 1473       5.750602337602e-11 
 1474       5.738843002895e-11 
 1475       5.727747621894e-11 
 1476       5.717308591419e-11 
 1477       5.707518255608e-11 
 1478       5.698368905812e-11 
 1479       5.689852780509e-11 
 1480       5.681962065199e-11 
 1481       5.674688892315e-11 
 1482       5.668025341123e-11 
 1483       5.661963437627e-11 
 1484       5.656495154477e-11 
 1485       5.651612410867e-11 
 1486       5.647307072443e-11 
 1487       5.643570951208e-11 
 1488       5.640395805422e-11 
 1489       5.637773339512e-11 
 1490       5.635695203969e-11 
 1491       5.634152995260e-11 
 1492       5.633138255725e-11 
 1493       5.632642473488e-11 
 1494       5.632657082355e-11 
 1495       5.633173461722e-11 
 1496       5.634182936477e-11 
 1497       5.635676776907e-11 
 1498       5.637646198598e-11 
 1499       5.640082362345e-11 
 1500       5.642976374050e-11 
 1501       5.646319284630e-11 
 1502       5.650101638993e-11 
 1503       5.654312118365e-11 
 1504       5.658938884550e-11 
 1505       5.663970029539e-11 
 1506       5.669393575391e-11 
 1507       5.675197474111e-11 
 1508       5.681369607532e-11 
 1509       5.687897787194e-11 
 1510       5.694769754225e-11 
 1511       5.701973179223e-11 
 1512       5.709495662130e-11 
 1513       5.717324732120e-11 
 1514       5.725447847475e-11 
 1515       5.733852395464e-11 
 1516       5.742525692227e-11 
 1517       5.751454982652e-11 
 1518       5.760627440259e-11 
 1519       5.770030167073e-11 
 1520       5.779650193514e-11 
 1521       5.789474478269e-11 
 1522       5.799489908175e-11 
 1523       5.809683298103e-11 
 1524       5.820041390831e-11 
 1525       5.830550856929e-11 
 1526       5.841198294640e-11 
 1527       5.851970229756e-11 
 1528       5.862853115501e-11 
 1529       5.873833332413e-11 
 1530       5.884897188219e-11 
 1531       5.896030917721e-11 
 1532       5.907220682670e-11 
 1533       5.918452571654e-11 
 1534       5.929712599971e-11 
 1535       5.940986709512e-11 
 1536       5.952260768643e-11 
 1537       5.963520572082e-11 
 1538       5.974751840782e-11 
 1539       5.985940221808e-11 
 1540       5.997071288221e-11 
 1541       6.008131610417e-11 
 1542       6.019111981521e-11 
 1543       6.030004222369e-11 
 1544       6.040800112764e-11 
 1545       6.051491391409e-11 
 1546       6.062069755841e-11 
 1547       6.072526862364e-11 
 1548       6.082854325986e-11 
 1549       6.093043720350e-11 
 1550       6.103086577672e-11 
 1551       6.112974388674e-11 
 1552       6.122698602515e-11 
 1553       6.132250626732e-11 
 1554       6.141621827166e-11 
 1555       6.150803527906e-11 
 1556       6.159787011214e-11 
 1557       6.168563517465e-11 
 1558       6.177124245080e-11 
 1559       6.185460350460e-11 
 1560       6.193562947920e-11 
 1561       6.201423109624e-11 
 1562       6.209031865520e-11 
 1563       6.216380203271e-11 
 1564       6.223459068195e-11 
 1565       6.230259363193e-11 
 1566       6.236771948688e-11 
 1567       6.242987642557e-11 
 1568       6.248897220067e-11 
 1569       6.254491413807e-11 
 1570       6.259760913625e-11 
 1571       6.264696366559e-11 
 1572       6.269288376776e-11 
 1573       6.273527505502e-11 
 1574       6.277404270957e-11 
 1575       6.280909148292e-11 
 1576       6.284032569521e-11 
 1577       6.286764923456e-11 
 1578       6.289096555640e-11 
 1579       6.291017768285e-11 
 1580       6.292520451780e-11 
 1581       6.293602995884e-11 
 1582       6.294265423875e-11 
 1583       6.294507765112e-11 
 1584       6.294330055048e-11 
 1585       6.293732335240e-11 
 1586       6.292714653365e-11 
 1587       6.291277063230e-11 
 1588       6.289419624788e-11 
 1589       6.287142404147e-11 
 1590       6.284445473584e-11 
 1591       6.281328911560e-11 
 1592       6.277792802730e-11 
 1593       6.273837237955e-11 
 1594       6.269462314318e-11 
 1595       6.264668135135e-11 
 1596       6.259454809966e-11 
 1597       6.253822454630e-11 
 1598       6.247771191218e-11 
 1599       6.241301148103e-11 
 1600       6.234412459955e-11 
 1601       6.227105267755e-11 
 1602       6.219379718803e-11 
 1603       6.211235966734e-11 
 1604       6.202674171532e-11 
 1605       6.193694499539e-11 
 1606       6.184297123470e-11 
 1607       6.174482222427e-11 
 1608       6.164249981907e-11 
 1609       6.153600593819e-11 
 1610       6.142534256498e-11 
 1611       6.131051174710e-11 
 1612       6.119151559674e-11 
 1613       6.106835629069e-11 
 1614       6.094103607048e-11 
 1615       6.080955724251e-11 
 1616       6.067392217817e-11 
 1617       6.053413331400e-11 
 1618       6.039019315175e-11 
 1619       6.024211477350e-11 
 1620       6.008995349040e-11 
 1621       5.993377548015e-11 
 1622       5.977364729862e-11 
 1623       5.960963588047e-11 
 1624       5.944180853974e-11 
 1625       5.927023297049e-11 
 1626       5.909497724738e-11 
 1627       5.891610982628e-11 
 1628       5.873369954489e-11 
 1629       5.854781562337e-11 
 1630       5.835852766487e-11 
 1631       5.816590565624e-11 
 1632       5.797001996856e-11 
 1633       5.777094135778e-11 
 1634       5.756874096534e-11 
 1635       5.736349031873e-11 
 1636       5.715526133217e-11 
 1637       5.694412630714e-11 
 1638       5.673015793306e-11 
 1639       5.651342928784e-11 
 1640       5.629401383853e-11 
 1641       5.607198544189e-11 
 1642       5.584741834505e-11 
 1643       5.562038718606e-11 
 1644       5.539096699454e-11 
 1645       5.515923319226e-11 
 1646       5.492526159377e-11 
 1647       5.468912840700e-11 
 1648       5.445091023387e-11 
 1649       5.421068407089e-11 
 1650       5.396852730977e-11 
 1651       5.372451773804e-11 
 1652       5.347873353965e-11 
 1653       5.323125329558e-11 
 1654       5.298215598442e-11 
 1655       5.273152098305e-11 
 1656       5.247942806716e-11 
 1657       5.222595741193e-11 
 1658       5.197118886418e-11 
 1659       5.171519975080e-11 
 1660       5.145806705219e-11 
 1661       5.119986812954e-11 
 1662       5.094068072534e-11 
 1663       5.068058296403e-11 
 1664       5.041965335252e-11 
 1665       5.015797078079e-11 
 1666       4.989561452245e-11 
 1667       4.963266423536e-11 
 1668       4.936919996214e-11 
 1669       4.910530213080e-11 
 1670       4.884105155529e-11 
 1671       4.857652943610e-11 
 1672       4.831181736079e-11 
 1673       4.804699730463e-11 
 1674       4.778215163111e-11 
 1675       4.751736309258e-11 
 1676       4.725271483077e-11 
 1677       4.698829037741e-11 
 1678       4.672417365478e-11 
 1679       4.646044897628e-11 
 1680       4.619720104706e-11 
 1681       4.593451496451e-11 
 1682       4.567247621892e-11 
 1683       4.541117069399e-11 
 1684       4.515068466746e-11 
 1685       4.489110481166e-11 
 1686       4.463251819407e-11 
 1687       4.437501227793e-11 
 1688       4.411867492280e-11 
 1689       4.386359438512e-11 
 1690       4.360985931884e-11 
 1691       4.335755877592e-11 
 1692       4.310678220698e-11 
 1693       4.285761946182e-11 
 1694       4.261016079003e-11 
 1695       4.236449684154e-11 
 1696       4.212071866724e-11 
 1697       4.187890838919e-11 
 1698       4.163911112235e-11 
 1699       4.140136281194e-11 
 1700       4.116569954195e-11 
 1701       4.093215753536e-11 
 1702       4.070077315428e-11 
 1703       4.047158290020e-11 
 1704       4.024462341413e-11 
 1705       4.001993147678e-11 
 1706       3.979754400882e-11 
 1707       3.957749807096e-11 
 1708       3.935983086424e-11 
 1709       3.914457973015e-11 
 1710       3.893178215085e-11 
 1711       3.872147574934e-11 
 1712       3.851369828967e-11 
 1713       3.830848767710e-11 
 1714       3.810588195830e-11 
 1715       3.790591932156e-11 
 1716       3.770863809694e-11 
 1717       3.751407675648e-11 
 1718       3.732227391437e-11 
 1719       3.713326832718e-11 
 1720       3.694709889399e-11 
 1721       3.676380465662e-11 
 1722       3.658342479980e-11 
 1723       3.640599865136e-11 
 1724       3.623156568243e-11 
 1725       3.606016550760e-11 
 1726       3.589183788513e-11 
 1727       3.572662271715e-11 
 1728       3.556456004981e-11 
 1729       3.540569007349e-11 
 1730       3.525005312299e-11 
 1731       3.509768967772e-11 
 1732       3.494864036188e-11 
 1733       3.480294594463e-11 
 1734       3.466064734032e-11 
 1735       3.452178560864e-11 
 1736       3.438639167049e-11 
 1737       3.425445536030e-11 
 1738       3.412595611323e-11 
 1739       3.400087322561e-11 
 1740       3.387918585472e-11 
 1741       3.376087301857e-11 
 1742       3.364591359568e-11 
 1743       3.353428632487e-11 
 1744       3.342596980500e-11 
 1745       3.332094249478e-11 
 1746       3.321918271256e-11 
 1747       3.312066863607e-11 
 1748       3.302537830224e-11 
 1749       3.293328960693e-11 
 1750       3.284438030477e-11 
 1751       3.275862800887e-11 
 1752       3.267601019065e-11 
 1753       3.259650417961e-11 
 1754       3.252008716308e-11 
 1755       3.244673618605e-11 
 1756       3.237642815088e-11 
 1757       3.230913981713e-11 
 1758       3.224484780133e-11 
 1759       3.218352857676e-11 
 1760       3.212515847320e-11 
 1761       3.206971367674e-11 
 1762       3.201717022955e-11 
 1763       3.196750402965e-11 
 1764       3.192069083071e-11 
 1765       3.187670624178e-11 
 1766       3.183552572715e-11 
 1767       3.179712460604e-11 
 1768       3.176147805244e-11 
 1769       3.172856109485e-11 
 1770       3.169834861610e-11 
 1771       3.167081535309e-11 
 1772       3.164593589658e-11 
 1773       3.162368469097e-11 
 1774       3.160403603410e-11 
 1775       3.158695954734e-11 
 1776       3.157240654570e-11 
 1777       3.156032355491e-11 
 1778       3.155065683052e-11 
 1779       3.154335235749e-11 
 1780       3.153835584978e-11 
 1781       3.153561274997e-11 
 1782       3.153506822888e-11 
 1783       3.153666718516e-11 
 1784       3.154035424487e-11 
 1785       3.154607376114e-11 
 1786       3.155376981375e-11 
 1787       3.156338620872e-11 
 1788       3.157486647793e-11 
 1789       3.158815387875e-11 
 1790       3.160319139361e-11 
 1791       3.161992172960e-11 
 1792       3.163828731814e-11 
 1793       3.165823031449e-11 
 1794       3.167969259746e-11 
 1795       3.170261576892e-11 
 1796       3.172694115348e-11 
 1797       3.175260979804e-11 
 1798       3.177956247145e-11 
 1799       3.180773966407e-11 
 1800       3.183708158739e-11 
 1801       3.186752817366e-11 
 1802       3.189901907546e-11 
 1803       3.193149366533e-11 
 1804       3.196489103536e-11 
 1805       3.199914999681e-11 
 1806       3.203420907971e-11 
 1807       3.207000653248e-11 
 1808       3.210648032149e-11 
 1809       3.214356813073e-11 
 1810       3.218120736138e-11 
 1811       3.221933513140e-11 
 1812       3.225788827517e-11 
 1813       3.229680334310e-11 
 1814       3.233601960756e-11 
 1815       3.237548810818e-11 
 1816       3.241516267877e-11 
 1817       3.245499694725e-11 
 1818       3.249494433544e-11 
 1819       3.253495805870e-11 
 1820       3.257499112569e-11 
 1821       3.261499633809e-11 
 1822       3.265492629026e-11 
 1823       3.269473336905e-11 
 1824       3.273436975341e-11 
 1825       3.277378741419e-11 
 1826       3.281293811381e-11 
 1827       3.285177340599e-11 
 1828       3.289024463547e-11 
 1829       3.292830293769e-11 
 1830       3.296589923859e-11 
 1831       3.300298425421e-11 
 1832       3.303950849052e-11 
 1833       3.307542224304e-11 
 1834       3.311067559662e-11 
 1835       3.314521842514e-11 
 1836       3.317900039118e-11 
 1837       3.321197094583e-11 
 1838       3.324407932831e-11 
 1839       3.327527456573e-11 
 1840       3.330550547282e-11 
 1841       3.333472065162e-11 
 1842       3.336286849119e-11 
 1843       3.338989716734e-11 
 1844       3.341575464237e-11 
 1845       3.344038866473e-11 
 1846       3.346374676877e-11 
 1847       3.348577627447e-11 
 1848       3.350642428712e-11 
 1849       3.352563769705e-11 
 1850       3.354336317936e-11 
 1851       3.355954719361e-11 
 1852       3.357413598356e-11 
 1853       3.358708277432e-11 
 1854       3.359836942653e-11 
 1855       3.360798495266e-11 
 1856       3.361591833499e-11 
 1857       3.362215852563e-11 
 1858       3.362669444648e-11 
 1859       3.362951498917e-11 
 1860       3.363060901506e-11 
 1861       3.362996535517e-11 
 1862       3.362757281018e-11 
 1863       3.362342015039e-11 
 1864       3.361749611568e-11 
 1865       3.360978941546e-11 
 1866       3.360028872869e-11 
 1867       3.358898270379e-11 
 1868       3.357585995862e-11 
 1869       3.356090908050e-11 
 1870       3.354411862608e-11 
 1871       3.352547712140e-11 
 1872       3.350497306182e-11 
 1873       3.348259491194e-11 
 1874       3.345833110568e-11 
 1875       3.343217004612e-11 
 1876       3.340410010555e-11 
 1877       3.337410962543e-11 
 1878       3.334218691632e-11 
 1879       3.330832025787e-11 
 1880       3.327249789878e-11 
 1881       3.323470805679e-11 
 1882       3.319493891861e-11 
 1883       3.315317863992e-11 
 1884       3.310941534532e-11 
 1885       3.306363712829e-11 
 1886       3.301583205117e-11 
 1887       3.296598814513e-11 
 1888       3.291409341013e-11 
 1889       3.286013581489e-11 
 1890       3.280410329685e-11 
 1891       3.274598376214e-11 
 1892       3.268577114169e-11 
 1893       3.262348361081e-11 
 1894       3.255914551046e-11 
 1895       3.249278130409e-11 
 1896       3.242441557781e-11 
 1897       3.235407304057e-11 
 1898       3.228177852430e-11 
 1899       3.220755698411e-11 
 1900       3.213143349844e-11 
 1901       3.205343326925e-11 
 1902       3.197358162216e-11 
 1903       3.189190400665e-11 
 1904       3.180842599623e-11 
 1905       3.172317328856e-11 
 1906       3.163617170571e-11 
 1907       3.154744719423e-11 
 1908       3.145702582539e-11 
 1909       3.136493379534e-11 
 1910       3.127119742524e-11 
 1911       3.117584316147e-11 
 1912       3.107889757580e-11 
 1913       3.098038736552e-11 
 1914       3.088033935367e-11 
 1915       3.077878048915e-11 
 1916       3.067573784693e-11 
 1917       3.057123862820e-11 
 1918       3.046531016057e-11 
 1919       3.035797989819e-11 
 1920       3.024927542195e-11 
 1921       3.013922443967e-11 
 1922       3.002785478622e-11 
 1923       2.991519442374e-11 
 1924       2.980127144176e-11 
 1925       2.968611405742e-11 
 1926       2.956975061561e-11 
 1927       2.945220958915e-11 
 1928       2.933351957895e-11 
 1929       2.921370931419e-11 
 1930       2.909280765249e-11 
 1931       2.897084493509e-11 
 1932       2.884785706333e-11 
 1933       2.872388145340e-11 
 1934       2.859895568437e-11 
 1935       2.847311749836e-11 
 1936       2.834640480081e-11 
 1937       2.821885566062e-11 
 1938       2.809050831044e-11 
 1939       2.796140114683e-11 
 1940       2.783157273048e-11 
 1941       2.770106178647e-11 
 1942       2.756990720442e-11 
 1943       2.743814803873e-11 
 1944       2.730582350881e-11 
 1945       2.717297299928e-11 
 1946       2.703963606017e-11 
 1947       2.690585240715e-11 
 1948       2.677166192176e-11 
 1949       2.663710465156e-11 
 1950       2.650222081042e-11 
 1951       2.636705077870e-11 
 1952       2.623163510345e-11 
 1953       2.609601449865e-11 
 1954       2.596022984539e-11 
 1955       2.582432219213e-11 
 1956       2.568833275487e-11 
 1957       2.555230291740e-11 
 1958       2.541627423146e-11 
 1959       2.528028841703e-11 
 1960       2.514438736248e-11 
 1961       2.500861312480e-11 
 1962       2.487300792984e-11 
 1963       2.473761417248e-11 
 1964       2.460247441689e-11 
 1965       2.446763139669e-11 
 1966       2.433312801522e-11 
 1967       2.419900734571e-11 
 1968       2.406531263153e-11 
 1969       2.393208728636e-11 
 1970       2.379937164369e-11 
 1971       2.366719317844e-11 
 1972       2.353557621307e-11 
 1973       2.340454516191e-11 
 1974       2.327412453123e-11 
 1975       2.314433891938e-11 
 1976       2.301521301688e-11 
 1977       2.288677160655e-11 
 1978       2.275903956361e-11 
 1979       2.263204185582e-11 
 1980       2.250580354354e-11 
 1981       2.238034977990e-11 
 1982       2.225570581088e-11 
 1983       2.213189697545e-11 
 1984       2.200894870564e-11 
 1985       2.188688652668e-11 
 1986       2.176573605714e-11 
 1987       2.164552300898e-11 
 1988       2.152627318773e-11 
 1989       2.140801249253e-11 
 1990       2.129076691633e-11 
 1991       2.117456254592e-11 
 1992       2.105942556209e-11 
 1993       2.094538223975e-11 
 1994       2.083245894801e-11 
 1995       2.072068215031e-11 
 1996       2.061007840454e-11 
 1997       2.050067436312e-11 
 1998       2.039249677318e-11 
 1999       2.028557247660e-11 
 2000       2.017992841017e-11 
 2001       2.007559160567e-11 
 2002       1.997258919002e-11 
 2003       1.987094838537e-11 
 2004       1.977069650920e-11 
 2005       1.967186097448e-11 
 2006       1.957446928971e-11 
 2007       1.947854905912e-11 
 2008       1.938412798272e-11 
 2009       1.929122896456e-11 
 2010       1.919985539826e-11 
 2011       1.911000577454e-11 
 2012       1.902167856324e-11 
 2013       1.893487221338e-11 
 2014       1.884958515305e-11 
 2015       1.876581578944e-11 
 2016       1.868356250876e-11 
 2017       1.860282367623e-11 
 2018       1.852359763607e-11 
 2019       1.844588271140e-11 
 2020       1.836967720428e-11 
 2021       1.829497939565e-11 
 2022       1.822178754528e-11 
 2023       1.815009989176e-11 
 2024       1.807991465246e-11 
 2025       1.801123002350e-11 
 2026       1.794404417973e-11 
 2027       1.787835527465e-11 
 2028       1.781416144046e-11 
 2029       1.775146078793e-11 
 2030       1.769025140646e-11 
 2031       1.763053136398e-11 
 2032       1.757229870694e-11 
 2033       1.751555146030e-11 
 2034       1.746028762747e-11 
 2035       1.740650519028e-11 
 2036       1.735420210896e-11 
 2037       1.730337632210e-11 
 2038       1.725402574661e-11 
 2039       1.720614827772e-11 
 2040       1.715974178890e-11 
 2041       1.711480413186e-11 
 2042       1.707133313652e-11 
 2043       1.702932661095e-11 
 2044       1.698878234137e-11 
 2045       1.694969809210e-11 
 2046       1.691207160553e-11 
 2047       1.687590060208e-11 
 2048       1.684117963503e-11 
 2049       1.680789063037e-11 
 2050       1.677601227928e-11 
 2051       1.674552317700e-11 
 2052       1.671640182271e-11 
 2053       1.668862661943e-11 
 2054       1.666217587387e-11 
 2055       1.663702779631e-11 
 2056       1.661316050051e-11 
 2057       1.659055200355e-11 
 2058       1.656918022573e-11 
 2059       1.654902299042e-11 
 2060       1.653005802399e-11 
 2061       1.651226295564e-11 
 2062       1.649561531730e-11 
 2063       1.648009254348e-11 
 2064       1.646567197120e-11 
 2065       1.645233083982e-11 
 2066       1.644004629093e-11 
 2067       1.642879536825e-11 
 2068       1.641855501748e-11 
 2069       1.640930208619e-11 
 2070       1.640101332369e-11 
 2071       1.639366538092e-11 
 2072       1.638723481032e-11 
 2073       1.638169806571e-11 
 2074       1.637703150217e-11 
 2075       1.637321137591e-11 
 2076       1.637021384415e-11 
 2077       1.636801496500e-11 
 2078       1.636659069736e-11 
 2079       1.636591690073e-11 
 2080       1.636596933519e-11 
 2081       1.636672366118e-11 
 2082       1.636815543942e-11 
 2083       1.637024013082e-11 
 2084       1.637295309628e-11 
 2085       1.637626959666e-11 
 2086       1.638016479256e-11 
 2087       1.638461395834e-11 
 2088       1.638959312568e-11 
 2089       1.639507844425e-11 
 2090       1.640104596798e-11 
 2091       1.640747165488e-11 
 2092       1.641433136697e-11 
 2093       1.642160087017e-11 
 2094       1.642925583414e-11 
 2095       1.643727183221e-11 
 2096       1.644562434124e-11 
 2097       1.645428874151e-11 
 2098       1.646324031659e-11 
 2099       1.647245425326e-11 
 2100       1.648190564133e-11 
 2101       1.649156947359e-11 
 2102       1.650142064567e-11 
 2103       1.651143395591e-11 
 2104       1.652158410524e-11 
 2105       1.653184569710e-11 
 2106       1.654219323730e-11 
 2107       1.655260113389e-11 
 2108       1.656304369705e-11 
 2109       1.657349513902e-11 
 2110       1.658392957391e-11 
 2111       1.659432101762e-11 
 2112       1.660464338775e-11 
 2113       1.661487050344e-11 
 2114       1.662497608525e-11 
 2115       1.663493375510e-11 
 2116       1.664471703610e-11 
 2117       1.665429935244e-11 
 2118       1.666365402931e-11 
 2119       1.667275429273e-11 
 2120       1.668157326949e-11 
 2121       1.669008398698e-11 
 2122       1.669825937312e-11 
 2123       1.670607225621e-11 
 2124       1.671349536483e-11 
 2125       1.672050132772e-11 
 2126       1.672706543537e-11 
 2127       1.673317394584e-11 
 2128       1.673881583589e-11 
 2129       1.674398004442e-11 
 2130       1.674865547246e-11 
 2131       1.675283098309e-11 
 2132       1.675649540140e-11 
 2133       1.675963751449e-11 
 2134       1.676224607136e-11 
 2135       1.676430978294e-11 
 2136       1.676581732196e-11 
 2137       1.676675732300e-11 
 2138       1.676711838238e-11 
 2139       1.676688905815e-11 
 2140       1.676605787003e-11 
 2141       1.676461329937e-11 
 2142       1.676254378913e-11 
 2143       1.675983774378e-11 
 2144       1.675648352934e-11 
 2145       1.675246947325e-11 
 2146       1.674778386441e-11 
 2147       1.674241495305e-11 
 2148       1.673635095077e-11 
 2149       1.672958003044e-11 
 2150       1.672209032617e-11 
 2151       1.671386993329e-11 
 2152       1.670490690829e-11 
 2153       1.669518926876e-11 
 2154       1.668470499338e-11 
 2155       1.667344202185e-11 
 2156       1.666138825486e-11 
 2157       1.664853155405e-11 
 2158       1.663485974195e-11 
 2159       1.662036060197e-11 
 2160       1.660502187832e-11 
 2161       1.658883127597e-11 
 2162       1.657177646064e-11 
 2163       1.655384505874e-11 
 2164       1.653502465731e-11 
 2165       1.651530587447e-11 
 2166       1.649469159358e-11 
 2167       1.647318779141e-11 
 2168       1.645080047341e-11 
 2169       1.642753567371e-11 
 2170       1.640339945517e-11 
 2171       1.637839790942e-11 
 2172       1.635253715687e-11 
 2173       1.632582334678e-11 
 2174       1.629826265728e-11 
 2175       1.626986129540e-11 
 2176       1.624062549711e-11 
 2177       1.621056152736e-11 
 2178       1.617967568011e-11 
 2179       1.614797427836e-11 
 2180       1.611546367420e-11 
 2181       1.608215024885e-11 
 2182       1.604804041266e-11 
 2183       1.601314060518e-11 
 2184       1.597745729519e-11 
 2185       1.594099698072e-11 
 2186       1.590376618911e-11 
 2187       1.586577147702e-11 
 2188       1.582701943047e-11 
 2189       1.578751666491e-11 
 2190       1.574726982519e-11 
 2191       1.570628558567e-11 
 2192       1.566457065019e-11 
 2193       1.562213175215e-11 
 2194       1.557897565453e-11 
 2195       1.553510914992e-11 
 2196       1.549053906056e-11 
 2197       1.544527223838e-11 
 2198       1.539931556503e-11 
 2199       1.535267595192e-11 
 2200       1.530536034025e-11 
 2201       1.525737570106e-11 
 2202       1.520872903523e-11 
 2203       1.515942737356e-11 
 2204       1.510947918754e-11 
 2205       1.505889863190e-11 
 2206       1.500770133031e-11 
 2207       1.495590296725e-11 
 2208       1.490351928812e-11 
 2209       1.485056609922e-11 
 2210       1.479705926792e-11 
 2211       1.474301472267e-11 
 2212       1.468844845308e-11 
 2213       1.463337651002e-11 
 2214       1.457781500563e-11 
 2215       1.452178011346e-11 
 2216       1.446528806851e-11 
 2217       1.440835516726e-11 
 2218       1.435099776781e-11 
 2219       1.429323228993e-11 
 2220       1.423507521508e-11 
 2221       1.417654308655e-11 
 2222       1.411765250949e-11 
 2223       1.405842015099e-11 
 2224       1.399886274016e-11 
 2225       1.393899706817e-11 
 2226       1.387883998836e-11 
 2227       1.381840841629e-11 
 2228       1.375771932981e-11 
 2229       1.369678976911e-11 
 2230       1.363563683686e-11 
 2231       1.357427769819e-11 
 2232       1.351272958083e-11 
 2233       1.345100977513e-11 
 2234       1.338913563418e-11 
 2235       1.332712457384e-11 
 2236       1.326499407282e-11 
 2237       1.320276167276e-11 
 2238       1.314044497831e-11 
 2239       1.307806165717e-11 
 2240       1.301562944017e-11 
 2241       1.295316612137e-11 
 2242       1.289068955809e-11 
 2243       1.282821690467e-11 
 2244       1.276576230816e-11 
 2245       1.270333919770e-11 
 2246       1.264096104959e-11 
 2247       1.257864138731e-11 
 2248       1.251639378158e-11 
 2249       1.245423185040e-11 
 2250       1.239216925912e-11 
 2251       1.233021972048e-11 
 2252       1.226839699466e-11 
 2253       1.220671488937e-11 
 2254       1.214518725982e-11 
 2255       1.208382800887e-11 
 2256       1.202265108699e-11 
 2257       1.196167049241e-11 
 2258       1.190090027106e-11 
 2259       1.184035451672e-11 
 2260       1.178004737103e-11 
 2261       1.171999302352e-11 
 2262       1.166020571172e-11 
 2263       1.160069972115e-11 
 2264       1.154148938541e-11 
 2265       1.148258908625e-11 
 2266       1.142401325354e-11 
 2267       1.136577636543e-11 
 2268       1.130789294833e-11 
 2269       1.125037757697e-11 
 2270       1.119324487447e-11 
 2271       1.113650951240e-11 
 2272       1.108018621080e-11 
 2273       1.102428973826e-11 
 2274       1.096883491196e-11 
 2275       1.091383659772e-11 
 2276       1.085930971005e-11 
 2277       1.080526921223e-11 
 2278       1.075173011631e-11 
 2279       1.069870748323e-11 
 2280       1.064621642280e-11 
 2281       1.059427209380e-11 
 2282       1.054288768998e-11 
 2283       1.049206838390e-11 
 2284       1.044181734430e-11 
 2285       1.039213774670e-11 
 2286       1.034303277334e-11 
 2287       1.029450561321e-11 
 2288       1.024655946205e-11 
 2289       1.019919752238e-11 
 2290       1.015242300345e-11 
 2291       1.010623912131e-11 
 2292       1.006064909877e-11 
 2293       1.001565616543e-11 
 2294       9.971263557667e-12 
 2295       9.927474518664e-12 
 2296       9.884292298394e-12 
 2297       9.841720153638e-12 
 2298       9.799761347986e-12 
 2299       9.758419151844e-12 
 2300       9.717696842439e-12 
 2301       9.677597703826e-12 
 2302       9.638125026892e-12 
 2303       9.599282109365e-12 
 2304       9.561072255814e-12 
 2305       9.523498777660e-12 
 2306       9.486564993179e-12 
 2307       9.450274227508e-12 
 2308       9.414629812653e-12 
 2309       9.379635087489e-12 
 2310       9.345293397774e-12 
 2311       9.311608096146e-12 
 2312       9.278582542136e-12 
 2313       9.246220102168e-12 
 2314       9.214524149568e-12 
 2315       9.183498064570e-12 
 2316       9.153145234319e-12 
 2317       9.123469052880e-12 
 2318       9.094472921239e-12 
 2319       9.066160247315e-12 
 2320       9.038534445959e-12 
 2321       9.011597196005e-12 
 2322       8.985343199365e-12 
 2323       8.959765388886e-12 
 2324       8.934856668268e-12 
 2325       8.910609912042e-12 
 2326       8.887017965525e-12 
 2327       8.864073644797e-12 
 2328       8.841769736660e-12 
 2329       8.820098998612e-12 
 2330       8.799054158806e-12 
 2331       8.778627916026e-12 
 2332       8.758812939644e-12 
 2333       8.739601869597e-12 
 2334       8.720987316344e-12 
 2335       8.702961860842e-12 
 2336       8.685518054505e-12 
 2337       8.668648419176e-12 
 2338       8.652345447092e-12 
 2339       8.636601600853e-12 
 2340       8.621409313384e-12 
 2341       8.606760987907e-12 
 2342       8.592648997906e-12 
 2343       8.579065687091e-12 
 2344       8.566003369372e-12 
 2345       8.553454328818e-12 
 2346       8.541410819628e-12 
 2347       8.529865066098e-12 
 2348       8.518809262588e-12 
 2349       8.508235573485e-12 
 2350       8.498136133177e-12 
 2351       8.488503046011e-12 
 2352       8.479328386269e-12 
 2353       8.470604198128e-12 
 2354       8.462322495630e-12 
 2355       8.454475262649e-12 
 2356       8.447054452856e-12 
 2357       8.440051989688e-12 
 2358       8.433459766312e-12 
 2359       8.427269645598e-12 
 2360       8.421473043362e-12 
 2361       8.416059675372e-12 
 2362       8.411018802506e-12 
 2363       8.406339646720e-12 
 2364       8.402011391006e-12 
 2365       8.398023179351e-12 
 2366       8.394364116693e-12 
 2367       8.391023268881e-12 
 2368       8.387989662630e-12 
 2369       8.385252285482e-12 
 2370       8.382800085763e-12 
 2371       8.380621972538e-12 
 2372       8.378706815575e-12 
 2373       8.377043445295e-12 
 2374       8.375620652739e-12 
 2375       8.374427189516e-12 
 2376       8.373451767771e-12 
 2377       8.372683060134e-12 
 2378       8.372109699683e-12 
 2379       8.371720279902e-12 
 2380       8.371503354637e-12 
 2381       8.371447438053e-12 
 2382       8.371541004595e-12 
 2383       8.371772488943e-12 
 2384       8.372130285974e-12 
 2385       8.372602750715e-12 
 2386       8.373178198302e-12 
 2387       8.373844903941e-12 
 2388       8.374591102864e-12 
 2389       8.375404990284e-12 
 2390       8.376274721360e-12 
 2391       8.377188411147e-12 
 2392       8.378134134560e-12 
 2393       8.379099926326e-12 
 2394       8.380073780949e-12 
 2395       8.381043652662e-12 
 2396       8.381997455388e-12 
 2397       8.382923062697e-12 
 2398       8.383808307764e-12 
 2399       8.384641791118e-12 
 2400       8.385415309362e-12 
 2401       8.386121441193e-12 
 2402       8.386752740930e-12 
 2403       8.387301738492e-12 
 2404       8.387760939366e-12 
 2405       8.388122824590e-12 
 2406       8.388379850720e-12 
 2407       8.388524449812e-12 
 2408       8.388549029390e-12 
 2409       8.388445972425e-12 
 2410       8.388207637311e-12 
 2411       8.387826357832e-12 
 2412       8.387294443148e-12 
 2413       8.386604177760e-12 
 2414       8.385747821491e-12 
 2415       8.384717609455e-12 
 2416       8.383505752038e-12 
 2417       8.382104434870e-12 
 2418       8.380505818798e-12 
 2419       8.378702039863e-12 
 2420       8.376685209274e-12 
 2421       8.374447413382e-12 
 2422       8.371980713657e-12 
 2423       8.369277146660e-12 
 2424       8.366328724020e-12 
 2425       8.363127432408e-12 
 2426       8.359665233510e-12 
 2427       8.355934064004e-12 
 2428       8.351925835534e-12 
 2429       8.347632434685e-12 
 2430       8.343045722958e-12 
 2431       8.338157536742e-12 
 2432       8.332959687294e-12 
 2433       8.327443960708e-12 
 2434       8.321602117894e-12 
 2435       8.315425894551e-12 
 2436       8.308907001141e-12 
 2437       8.302037122866e-12 
 2438       8.294809516132e-12 
 2439       8.287223808474e-12 
 2440       8.279281227411e-12 
 2441       8.270983006575e-12 
 2442       8.262330385720e-12 
 2443       8.253324610729e-12 
 2444       8.243966933622e-12 
 2445       8.234258612559e-12 
 2446       8.224200911852e-12 
 2447       8.213795101969e-12 
 2448       8.203042459542e-12 
 2449       8.191944267372e-12 
 2450       8.180501814440e-12 
 2451       8.168716395909e-12 
 2452       8.156589313135e-12 
 2453       8.144121873673e-12 
 2454       8.131315391280e-12 
 2455       8.118171185930e-12 
 2456       8.104690583814e-12 
 2457       8.090874917347e-12 
 2458       8.076725525182e-12 
 2459       8.062243752209e-12 
 2460       8.047430949565e-12 
 2461       8.032288474642e-12 
 2462       8.016817691094e-12 
 2463       8.001019968841e-12 
 2464       7.984896684079e-12 
 2465       7.968449219286e-12 
 2466       7.951678963229e-12 
 2467       7.934587310971e-12 
 2468       7.917175663877e-12 
 2469       7.899445429623e-12 
 2470       7.881398022199e-12 
 2471       7.863034861923e-12 
 2472       7.844357375440e-12 
 2473       7.825366995734e-12 
 2474       7.806065162134e-12 
 2475       7.786453320320e-12 
 2476       7.766532922331e-12 
 2477       7.746304849338e-12 
 2478       7.725767676224e-12 
 2479       7.704919396761e-12 
 2480       7.683757999906e-12 
 2481       7.662281469795e-12 
 2482       7.640487785741e-12 
 2483       7.618374922229e-12 
 2484       7.595940848912e-12 
 2485       7.573183530603e-12 
 2486       7.550100927278e-12 
 2487       7.526690994066e-12 
 2488       7.502951681244e-12 
 2489       7.478880934238e-12 
 2490       7.454476693614e-12 
 2491       7.429736895075e-12 
 2492       7.404659469457e-12 
 2493       7.379242342725e-12 
 2494       7.353483435969e-12 
 2495       7.327380665396e-12 
 2496       7.300931942332e-12 
 2497       7.274135173212e-12 
 2498       7.246988259578e-12 
 2499       7.219489098077e-12 
 2500       7.191635580451e-12 
