# dimensionless total [l(l+1)/2pi] C_l's
# for l=2 to 2500, i.e. number of multipoles equal to 2499
#
# -> if you prefer output in CAMB/HealPix/LensPix units/order, set 'format' to 'camb' in input file
# -> if you don't want to see such a header, set 'headers' to 'no' in input file
#
# 1:l     2:TT                 
    2       3.201911188176e-10 
    3       2.953655008506e-10 
    4       2.743693360326e-10 
    5       2.577162288091e-10 
    6       2.445371591313e-10 
    7       2.338953660890e-10 
    8       2.250896630315e-10 
    9       2.177240012061e-10 
   10       2.114188391150e-10 
   11       2.059826235943e-10 
   12       2.012478417605e-10 
   13       1.971163028892e-10 
   14       1.935468704588e-10 
   15       1.904722214844e-10 
   16       1.877517999953e-10 
   17       1.854403178737e-10 
   18       1.834637311150e-10 
   19       1.818411555044e-10 
   20       1.805097374684e-10 
   21       1.794725400269e-10 
   22       1.786815829345e-10 
   23       1.781347833675e-10 
   24       1.777970585786e-10 
   25       1.776691074794e-10 
   26       1.777312122832e-10 
   27       1.779908253676e-10 
   28       1.784251064892e-10 
   29       1.789815421442e-10 
   30       1.796745686219e-10 
   31       1.805201102310e-10 
   32       1.815141868621e-10 
   33       1.826561324883e-10 
   34       1.839291971342e-10 
   35       1.853047750197e-10 
   36       1.867868681952e-10 
   37       1.883800020204e-10 
   38       1.900757095761e-10 
   39       1.918585990878e-10 
   40       1.937303579586e-10 
   41       1.956916534727e-10 
   42       1.977346237311e-10 
   43       1.998479383916e-10 
   44       2.020357661770e-10 
   45       2.043033698588e-10 
   46       2.066513402929e-10 
   47       2.090751663417e-10 
   48       2.115680971945e-10 
   49       2.141316869502e-10 
   50       2.167674835009e-10 
   51       2.194737400020e-10 
   52       2.222451527735e-10 
   53       2.250753675550e-10 
   54       2.279658581962e-10 
   55       2.309188742573e-10 
   56       2.339347297595e-10 
   57       2.370116571597e-10 
   58       2.401456613252e-10 
   59       2.433323129782e-10 
   60       2.465729470363e-10 
   61       2.498696481907e-10 
   62       2.532233593586e-10 
   63       2.566338014024e-10 
   64       2.600993928496e-10 
   65       2.636181954596e-10 
   66       2.671911640011e-10 
   67       2.708194432463e-10 
   68       2.745033522327e-10 
   69       2.782423326770e-10 
   70       2.820348973902e-10 
   71       2.858785786923e-10 
   72       2.897708629872e-10 
   73       2.937123168078e-10 
   74       2.977039703860e-10 
   75       3.017463560827e-10 
   76       3.058394793172e-10 
   77       3.099827894971e-10 
   78       3.141751509478e-10 
   79       3.184148138425e-10 
   80       3.227000186240e-10 
   81       3.270309941108e-10 
   82       3.314082549506e-10 
   83       3.358319818767e-10 
   84       3.403020043692e-10 
   85       3.448177833158e-10 
   86       3.493783936731e-10 
   87       3.539825071274e-10 
   88       3.586283747558e-10 
   89       3.633142683150e-10 
   90       3.680399212365e-10 
   91       3.728052827829e-10 
   92       3.776100692207e-10 
   93       3.824537533520e-10 
   94       3.873355540468e-10 
   95       3.922544257745e-10 
   96       3.972090481356e-10 
   97       4.021978153942e-10 
   98       4.072188260091e-10 
   99       4.122702187745e-10 
  100       4.173512581949e-10 
  101       4.224613841125e-10 
  102       4.275998726264e-10 
  103       4.327658298259e-10 
  104       4.379581855231e-10 
  105       4.431756869868e-10 
  106       4.484168926753e-10 
  107       4.536801659693e-10 
  108       4.589636689057e-10 
  109       4.642653559103e-10 
  110       4.695832324165e-10 
  111       4.749161817841e-10 
  112       4.802632329727e-10 
  113       4.856233014948e-10 
  114       4.909951857516e-10 
  115       4.963775633704e-10 
  116       5.017689875403e-10 
  117       5.071678833491e-10 
  118       5.125725441197e-10 
  119       5.179811277463e-10 
  120       5.233916530310e-10 
  121       5.288019960207e-10 
  122       5.342098863427e-10 
  123       5.396131158744e-10 
  124       5.450101996968e-10 
  125       5.503997845217e-10 
  126       5.557804411881e-10 
  127       5.611506626688e-10 
  128       5.665088620777e-10 
  129       5.718533706769e-10 
  130       5.771824358837e-10 
  131       5.824942192776e-10 
  132       5.877867946075e-10 
  133       5.930581457987e-10 
  134       5.983061649598e-10 
  135       6.035286503898e-10 
  136       6.087233045855e-10 
  137       6.138878993167e-10 
  138       6.190207943509e-10 
  139       6.241204688773e-10 
  140       6.291853583303e-10 
  141       6.342138534573e-10 
  142       6.392042993856e-10 
  143       6.441549946905e-10 
  144       6.490641904626e-10 
  145       6.539300893749e-10 
  146       6.587508447507e-10 
  147       6.635245596310e-10 
  148       6.682492858419e-10 
  149       6.729230230618e-10 
  150       6.775437178895e-10 
  151       6.821092629111e-10 
  152       6.866174957678e-10 
  153       6.910663416947e-10 
  154       6.954542580063e-10 
  155       6.997798293346e-10 
  156       7.040416276702e-10 
  157       7.082382121604e-10 
  158       7.123681289072e-10 
  159       7.164299107656e-10 
  160       7.204220771419e-10 
  161       7.243431337917e-10 
  162       7.281915726180e-10 
  163       7.319658714696e-10 
  164       7.356644939389e-10 
  165       7.392858891606e-10 
  166       7.428284916094e-10 
  167       7.462907208982e-10 
  168       7.496709815766e-10 
  169       7.529676629287e-10 
  170       7.561791387715e-10 
  171       7.593038704917e-10 
  172       7.623407262204e-10 
  173       7.652886880084e-10 
  174       7.681467512014e-10 
  175       7.709139246585e-10 
  176       7.735892309725e-10 
  177       7.761717066884e-10 
  178       7.786604025235e-10 
  179       7.810543835863e-10 
  180       7.833527295961e-10 
  181       7.855545351022e-10 
  182       7.876589097036e-10 
  183       7.896649782680e-10 
  184       7.915718811514e-10 
  185       7.933787744174e-10 
  186       7.950848300566e-10 
  187       7.966892362059e-10 
  188       7.981911973682e-10 
  189       7.995899346311e-10 
  190       8.008846858871e-10 
  191       8.020747675417e-10 
  192       8.031597643521e-10 
  193       8.041393542831e-10 
  194       8.050132487160e-10 
  195       8.057811928692e-10 
  196       8.064429662189e-10 
  197       8.069983829193e-10 
  198       8.074472922238e-10 
  199       8.077895789049e-10 
  200       8.080251636754e-10 
  201       8.081540036085e-10 
  202       8.081760925587e-10 
  203       8.080914615821e-10 
  204       8.079001793575e-10 
  205       8.076023526062e-10 
  206       8.071981265135e-10 
  207       8.066876851483e-10 
  208       8.060712518847e-10 
  209       8.053490898217e-10 
  210       8.045215022043e-10 
  211       8.035888328439e-10 
  212       8.025514665391e-10 
  213       8.014098304292e-10 
  214       8.001643972846e-10 
  215       7.988156832519e-10 
  216       7.973642473606e-10 
  217       7.958106919465e-10 
  218       7.941556630745e-10 
  219       7.923998509617e-10 
  220       7.905439904006e-10 
  221       7.885888611819e-10 
  222       7.865352885178e-10 
  223       7.843841434647e-10 
  224       7.821363433466e-10 
  225       7.797928521780e-10 
  226       7.773546810868e-10 
  227       7.748228887375e-10 
  228       7.721985817543e-10 
  229       7.694829151440e-10 
  230       7.666770927190e-10 
  231       7.637823675206e-10 
  232       7.608000422416e-10 
  233       7.577314696500e-10 
  234       7.545780530113e-10 
  235       7.513412465120e-10 
  236       7.480225556826e-10 
  237       7.446235378207e-10 
  238       7.411457322362e-10 
  239       7.375904454253e-10 
  240       7.339589537021e-10 
  241       7.302525724795e-10 
  242       7.264726565435e-10 
  243       7.226206003288e-10 
  244       7.186978381933e-10 
  245       7.147058446937e-10 
  246       7.106461348597e-10 
  247       7.065202644698e-10 
  248       7.023298303255e-10 
  249       6.980764705272e-10 
  250       6.937618647483e-10 
  251       6.893877345108e-10 
  252       6.849558434599e-10 
  253       6.804679976393e-10 
  254       6.759260457662e-10 
  255       6.713318795059e-10 
  256       6.666874337472e-10 
  257       6.619946868773e-10 
  258       6.572556610565e-10 
  259       6.524724224937e-10 
  260       6.476470817211e-10 
  261       6.427817938689e-10 
  262       6.378787589411e-10 
  263       6.329402220897e-10 
  264       6.279684738900e-10 
  265       6.229658506156e-10 
  266       6.179345956581e-10 
  267       6.128764348828e-10 
  268       6.077929787490e-10 
  269       6.026858591288e-10 
  270       5.975567293481e-10 
  271       5.924072642267e-10 
  272       5.872391601186e-10 
  273       5.820541349527e-10 
  274       5.768539282727e-10 
  275       5.716403012780e-10 
  276       5.664150368637e-10 
  277       5.611799396611e-10 
  278       5.559368360782e-10 
  279       5.506875743400e-10 
  280       5.454340245285e-10 
  281       5.401780786240e-10 
  282       5.349216505445e-10 
  283       5.296666761866e-10 
  284       5.244151134658e-10 
  285       5.191689423569e-10 
  286       5.139301649342e-10 
  287       5.087008054122e-10 
  288       5.034829101857e-10 
  289       4.982785478702e-10 
  290       4.930898093425e-10 
  291       4.879188077808e-10 
  292       4.827676787054e-10 
  293       4.776385800187e-10 
  294       4.725336920459e-10 
  295       4.674552175752e-10 
  296       4.624053818983e-10 
  297       4.573862672665e-10 
  298       4.523993072580e-10 
  299       4.474457678596e-10 
  300       4.425269106475e-10 
  301       4.376439926034e-10 
  302       4.327982659303e-10 
  303       4.279909778683e-10 
  304       4.232233705108e-10 
  305       4.184966806199e-10 
  306       4.138121394427e-10 
  307       4.091709725268e-10 
  308       4.045743995366e-10 
  309       4.000236340687e-10 
  310       3.955198834682e-10 
  311       3.910643486443e-10 
  312       3.866582238862e-10 
  313       3.823026966792e-10 
  314       3.779989475203e-10 
  315       3.737481497341e-10 
  316       3.695514692890e-10 
  317       3.654100646127e-10 
  318       3.613250864082e-10 
  319       3.572976774696e-10 
  320       3.533289724982e-10 
  321       3.494200979183e-10 
  322       3.455721716927e-10 
  323       3.417863031392e-10 
  324       3.380635927460e-10 
  325       3.344051319878e-10 
  326       3.308120031415e-10 
  327       3.272852791023e-10 
  328       3.238260231994e-10 
  329       3.204352890119e-10 
  330       3.171141201847e-10 
  331       3.138635502444e-10 
  332       3.106844974353e-10 
  333       3.075774445353e-10 
  334       3.045427447076e-10 
  335       3.015807249230e-10 
  336       2.986916856623e-10 
  337       2.958759006176e-10 
  338       2.931336163949e-10 
  339       2.904650522157e-10 
  340       2.878703996187e-10 
  341       2.853498221621e-10 
  342       2.829034551256e-10 
  343       2.805314052118e-10 
  344       2.782337502487e-10 
  345       2.760105388913e-10 
  346       2.738617903235e-10 
  347       2.717874939602e-10 
  348       2.697876091493e-10 
  349       2.678620648733e-10 
  350       2.660107594516e-10 
  351       2.642335602419e-10 
  352       2.625303033429e-10 
  353       2.609007932954e-10 
  354       2.593448027850e-10 
  355       2.578620723433e-10 
  356       2.564523100504e-10 
  357       2.551151912365e-10 
  358       2.538503581839e-10 
  359       2.526574198291e-10 
  360       2.515359514644e-10 
  361       2.504854944402e-10 
  362       2.495055558665e-10 
  363       2.485956083153e-10 
  364       2.477550895221e-10 
  365       2.469834020882e-10 
  366       2.462799131821e-10 
  367       2.456439542423e-10 
  368       2.450748206782e-10 
  369       2.445717715728e-10 
  370       2.441340293842e-10 
  371       2.437608325632e-10 
  372       2.434515962836e-10 
  373       2.432057574119e-10 
  374       2.430227219082e-10 
  375       2.429018645743e-10 
  376       2.428425288013e-10 
  377       2.428440263176e-10 
  378       2.429056369371e-10 
  379       2.430266083067e-10 
  380       2.432061556548e-10 
  381       2.434434615386e-10 
  382       2.437376755928e-10 
  383       2.440879142765e-10 
  384       2.444932606223e-10 
  385       2.449527639834e-10 
  386       2.454654397817e-10 
  387       2.460302692561e-10 
  388       2.466461992100e-10 
  389       2.473121417595e-10 
  390       2.480269740812e-10 
  391       2.487895381602e-10 
  392       2.495986405380e-10 
  393       2.504530520606e-10 
  394       2.513515076261e-10 
  395       2.522927059329e-10 
  396       2.532753092276e-10 
  397       2.542979430529e-10 
  398       2.553591959955e-10 
  399       2.564576194342e-10 
  400       2.575917272875e-10 
  401       2.587599957619e-10 
  402       2.599608630996e-10 
  403       2.611927293266e-10 
  404       2.624539560006e-10 
  405       2.637428659588e-10 
  406       2.650577430658e-10 
  407       2.663968319620e-10 
  408       2.677583378109e-10 
  409       2.691404260475e-10 
  410       2.705412221261e-10 
  411       2.719590072835e-10 
  412       2.733928139647e-10 
  413       2.748418509406e-10 
  414       2.763053090796e-10 
  415       2.777823612350e-10 
  416       2.792721621314e-10 
  417       2.807738482519e-10 
  418       2.822865377248e-10 
  419       2.838093302105e-10 
  420       2.853413067881e-10 
  421       2.868815298426e-10 
  422       2.884290429514e-10 
  423       2.899828707717e-10 
  424       2.915420189265e-10 
  425       2.931054738923e-10 
  426       2.946722028854e-10 
  427       2.962411537489e-10 
  428       2.978112548396e-10 
  429       2.993814149149e-10 
  430       3.009505230194e-10 
  431       3.025174483719e-10 
  432       3.040810402523e-10 
  433       3.056401278885e-10 
  434       3.071935203429e-10 
  435       3.087400063997e-10 
  436       3.102783544513e-10 
  437       3.118073123856e-10 
  438       3.133256074726e-10 
  439       3.148319462509e-10 
  440       3.163250144155e-10 
  441       3.178034767036e-10 
  442       3.192659767821e-10 
  443       3.207111371342e-10 
  444       3.221375589463e-10 
  445       3.235438219948e-10 
  446       3.249284845330e-10 
  447       3.262900831780e-10 
  448       3.276271327975e-10 
  449       3.289381263965e-10 
  450       3.302215350043e-10 
  451       3.314760225969e-10 
  452       3.327010987193e-10 
  453       3.338964866728e-10 
  454       3.350619103938e-10 
  455       3.361970944675e-10 
  456       3.373017641408e-10 
  457       3.383756453363e-10 
  458       3.394184646652e-10 
  459       3.404299494412e-10 
  460       3.414098276936e-10 
  461       3.423578281808e-10 
  462       3.432736804039e-10 
  463       3.441571146200e-10 
  464       3.450078618554e-10 
  465       3.458256539195e-10 
  466       3.466102234179e-10 
  467       3.473613037660e-10 
  468       3.480786292022e-10 
  469       3.487619348016e-10 
  470       3.494109564893e-10 
  471       3.500254310537e-10 
  472       3.506050961602e-10 
  473       3.511496903645e-10 
  474       3.516589531259e-10 
  475       3.521326248210e-10 
  476       3.525704467569e-10 
  477       3.529721611847e-10 
  478       3.533375113129e-10 
  479       3.536662413211e-10 
  480       3.539580963729e-10 
  481       3.542128226298e-10 
  482       3.544301672643e-10 
  483       3.546098784738e-10 
  484       3.547517054934e-10 
  485       3.548553986098e-10 
  486       3.549207091745e-10 
  487       3.549473896174e-10 
  488       3.549351934600e-10 
  489       3.548838753290e-10 
  490       3.547931909699e-10 
  491       3.546630045906e-10 
  492       3.544936143655e-10 
  493       3.542854366006e-10 
  494       3.540388993415e-10 
  495       3.537544424403e-10 
  496       3.534325176220e-10 
  497       3.530735885514e-10 
  498       3.526781308999e-10 
  499       3.522466324124e-10 
  500       3.517795929734e-10 
  501       3.512775246746e-10 
  502       3.507409518810e-10 
  503       3.501704112980e-10 
  504       3.495664520380e-10 
  505       3.489296356871e-10 
  506       3.482605363720e-10 
  507       3.475597408266e-10 
  508       3.468278484589e-10 
  509       3.460654714176e-10 
  510       3.452732346589e-10 
  511       3.444517760132e-10 
  512       3.436017462520e-10 
  513       3.427238091544e-10 
  514       3.418186415740e-10 
  515       3.408869335058e-10 
  516       3.399293881526e-10 
  517       3.389467219920e-10 
  518       3.379396648430e-10 
  519       3.369089599327e-10 
  520       3.358553639635e-10 
  521       3.347796471792e-10 
  522       3.336825934321e-10 
  523       3.325650002498e-10 
  524       3.314276789017e-10 
  525       3.302714544659e-10 
  526       3.290971658960e-10 
  527       3.279056660877e-10 
  528       3.266978219458e-10 
  529       3.254745144504e-10 
  530       3.242366387244e-10 
  531       3.229850606504e-10 
  532       3.217204852811e-10 
  533       3.204435849541e-10 
  534       3.191550424629e-10 
  535       3.178555511051e-10 
  536       3.165458147310e-10 
  537       3.152265477917e-10 
  538       3.138984753873e-10 
  539       3.125623333153e-10 
  540       3.112188681189e-10 
  541       3.098688371353e-10 
  542       3.085130085439e-10 
  543       3.071521614145e-10 
  544       3.057870857561e-10 
  545       3.044185825645e-10 
  546       3.030474638709e-10 
  547       3.016745527904e-10 
  548       3.003006835699e-10 
  549       2.989267016367e-10 
  550       2.975534636465e-10 
  551       2.961818375321e-10 
  552       2.948127025510e-10 
  553       2.934469493347e-10 
  554       2.920854799360e-10 
  555       2.907292078778e-10 
  556       2.893790582012e-10 
  557       2.880359675142e-10 
  558       2.867008840394e-10 
  559       2.853747676625e-10 
  560       2.840585899808e-10 
  561       2.827533343514e-10 
  562       2.814599959392e-10 
  563       2.801795817655e-10 
  564       2.789131107563e-10 
  565       2.776616137903e-10 
  566       2.764261337476e-10 
  567       2.752077255577e-10 
  568       2.740074562476e-10 
  569       2.728264049907e-10 
  570       2.716656631546e-10 
  571       2.705262028841e-10 
  572       2.694084790707e-10 
  573       2.683128173273e-10 
  574       2.672395445355e-10 
  575       2.661889888454e-10 
  576       2.651614796755e-10 
  577       2.641573477128e-10 
  578       2.631769249128e-10 
  579       2.622205444992e-10 
  580       2.612885409644e-10 
  581       2.603812500691e-10 
  582       2.594990088424e-10 
  583       2.586421555817e-10 
  584       2.578110298529e-10 
  585       2.570059724902e-10 
  586       2.562273255961e-10 
  587       2.554754325415e-10 
  588       2.547506379655e-10 
  589       2.540532877757e-10 
  590       2.533837291478e-10 
  591       2.527423105260e-10 
  592       2.521293816225e-10 
  593       2.515452934179e-10 
  594       2.509903981610e-10 
  595       2.504650493690e-10 
  596       2.499696018270e-10 
  597       2.495044115886e-10 
  598       2.490698359753e-10 
  599       2.486662335771e-10 
  600       2.482939642520e-10 
  601       2.479533891260e-10 
  602       2.476448705934e-10 
  603       2.473687723168e-10 
  604       2.471254592266e-10 
  605       2.469152975214e-10 
  606       2.467386546680e-10 
  607       2.465958994011e-10 
  608       2.464874017237e-10 
  609       2.464135329065e-10 
  610       2.463746654886e-10 
  611       2.463710654754e-10 
  612       2.464025661116e-10 
  613       2.464688863298e-10 
  614       2.465697378132e-10 
  615       2.467048249611e-10 
  616       2.468738448543e-10 
  617       2.470764872205e-10 
  618       2.473124343996e-10 
  619       2.475813613093e-10 
  620       2.478829354102e-10 
  621       2.482168166714e-10 
  622       2.485826575358e-10 
  623       2.489801028856e-10 
  624       2.494087900075e-10 
  625       2.498683485584e-10 
  626       2.503584005304e-10 
  627       2.508785602165e-10 
  628       2.514284341758e-10 
  629       2.520076211992e-10 
  630       2.526157122743e-10 
  631       2.532522905513e-10 
  632       2.539169313079e-10 
  633       2.546092019152e-10 
  634       2.553286618027e-10 
  635       2.560748624239e-10 
  636       2.568473472214e-10 
  637       2.576456515930e-10 
  638       2.584693028561e-10 
  639       2.593178202139e-10 
  640       2.601907147204e-10 
  641       2.610874892459e-10 
  642       2.620076384424e-10 
  643       2.629506487089e-10 
  644       2.639159981569e-10 
  645       2.649031565758e-10 
  646       2.659115853982e-10 
  647       2.669407376654e-10 
  648       2.679900579926e-10 
  649       2.690589825345e-10 
  650       2.701469389507e-10 
  651       2.712533412539e-10 
  652       2.723775742987e-10 
  653       2.735190088774e-10 
  654       2.746770067691e-10 
  655       2.758509207042e-10 
  656       2.770400943277e-10 
  657       2.782438621640e-10 
  658       2.794615495798e-10 
  659       2.806924727490e-10 
  660       2.819359386161e-10 
  661       2.831912448603e-10 
  662       2.844576798595e-10 
  663       2.857345226540e-10 
  664       2.870210429108e-10 
  665       2.883165008874e-10 
  666       2.896201473955e-10 
  667       2.909312237653e-10 
  668       2.922489618093e-10 
  669       2.935725837864e-10 
  670       2.949013023654e-10 
  671       2.962343205894e-10 
  672       2.975708318397e-10 
  673       2.989100197994e-10 
  674       3.002510584178e-10 
  675       3.015931118739e-10 
  676       3.029353345409e-10 
  677       3.042768709494e-10 
  678       3.056168557521e-10 
  679       3.069544136873e-10 
  680       3.082886595429e-10 
  681       3.096186981205e-10 
  682       3.109436241992e-10 
  683       3.122625224995e-10 
  684       3.135744676474e-10 
  685       3.148785241384e-10 
  686       3.161737463011e-10 
  687       3.174591782617e-10 
  688       3.187338539072e-10 
  689       3.199967968501e-10 
  690       3.212470203918e-10 
  691       3.224836191491e-10 
  692       3.237060461267e-10 
  693       3.249138414192e-10 
  694       3.261065410658e-10 
  695       3.272836770369e-10 
  696       3.284447772213e-10 
  697       3.295893654129e-10 
  698       3.307169612977e-10 
  699       3.318270804410e-10 
  700       3.329192342739e-10 
  701       3.339929300807e-10 
  702       3.350476709856e-10 
  703       3.360829559397e-10 
  704       3.370982797080e-10 
  705       3.380931328562e-10 
  706       3.390670017379e-10 
  707       3.400193684811e-10 
  708       3.409497109758e-10 
  709       3.418575028604e-10 
  710       3.427422135089e-10 
  711       3.436033080178e-10 
  712       3.444402471929e-10 
  713       3.452524875366e-10 
  714       3.460394812346e-10 
  715       3.468006761427e-10 
  716       3.475355157741e-10 
  717       3.482434392863e-10 
  718       3.489238814675e-10 
  719       3.495762727246e-10 
  720       3.502000390689e-10 
  721       3.507946021041e-10 
  722       3.513593790128e-10 
  723       3.518937825432e-10 
  724       3.523972209966e-10 
  725       3.528690982140e-10 
  726       3.533088135630e-10 
  727       3.537157619251e-10 
  728       3.540893336822e-10 
  729       3.544289147039e-10 
  730       3.547338863342e-10 
  731       3.550037376925e-10 
  732       3.552384050600e-10 
  733       3.554379392387e-10 
  734       3.556023938631e-10 
  735       3.557318254124e-10 
  736       3.558262932224e-10 
  737       3.558858594981e-10 
  738       3.559105893250e-10 
  739       3.559005506824e-10 
  740       3.558558144545e-10 
  741       3.557764544429e-10 
  742       3.556625473791e-10 
  743       3.555141729361e-10 
  744       3.553314137408e-10 
  745       3.551143553860e-10 
  746       3.548630864427e-10 
  747       3.545776984722e-10 
  748       3.542582860381e-10 
  749       3.539049467185e-10 
  750       3.535177811185e-10 
  751       3.530968928815e-10 
  752       3.526423887022e-10 
  753       3.521543783383e-10 
  754       3.516329746226e-10 
  755       3.510782934753e-10 
  756       3.504904539161e-10 
  757       3.498695780765e-10 
  758       3.492157912114e-10 
  759       3.485292217119e-10 
  760       3.478100011169e-10 
  761       3.470582641257e-10 
  762       3.462741486097e-10 
  763       3.454577956248e-10 
  764       3.446093494236e-10 
  765       3.437289574671e-10 
  766       3.428167704376e-10 
  767       3.418729422499e-10 
  768       3.408976300643e-10 
  769       3.398909942982e-10 
  770       3.388531986383e-10 
  771       3.377844622227e-10 
  772       3.366852172453e-10 
  773       3.355559543573e-10 
  774       3.343971707905e-10 
  775       3.332093703801e-10 
  776       3.319930635872e-10 
  777       3.307487675213e-10 
  778       3.294770059631e-10 
  779       3.281783093874e-10 
  780       3.268532149852e-10 
  781       3.255022666870e-10 
  782       3.241260151847e-10 
  783       3.227250179551e-10 
  784       3.212998392819e-10 
  785       3.198510502786e-10 
  786       3.183792289112e-10 
  787       3.168849600207e-10 
  788       3.153688353459e-10 
  789       3.138314535460e-10 
  790       3.122734202233e-10 
  791       3.106953479457e-10 
  792       3.090978562696e-10 
  793       3.074815717623e-10 
  794       3.058471280247e-10 
  795       3.041951657143e-10 
  796       3.025263325672e-10 
  797       3.008412834216e-10 
  798       2.991406802395e-10 
  799       2.974251921303e-10 
  800       2.956954953725e-10 
  801       2.939522734373e-10 
  802       2.921962170105e-10 
  803       2.904280240156e-10 
  804       2.886483996364e-10 
  805       2.868580563393e-10 
  806       2.850577138964e-10 
  807       2.832480994080e-10 
  808       2.814299473251e-10 
  809       2.796039994722e-10 
  810       2.777710050702e-10 
  811       2.759316826926e-10 
  812       2.740866053408e-10 
  813       2.722363133462e-10 
  814       2.703813522639e-10 
  815       2.685222728894e-10 
  816       2.666596312731e-10 
  817       2.647939887371e-10 
  818       2.629259118902e-10 
  819       2.610559726439e-10 
  820       2.591847482282e-10 
  821       2.573128212070e-10 
  822       2.554407794942e-10 
  823       2.535692163690e-10 
  824       2.516987304922e-10 
  825       2.498299259213e-10 
  826       2.479634121266e-10 
  827       2.460998040067e-10 
  828       2.442397219045e-10 
  829       2.423837916225e-10 
  830       2.405326444389e-10 
  831       2.386869171233e-10 
  832       2.368472519521e-10 
  833       2.350142967244e-10 
  834       2.331887047779e-10 
  835       2.313711350042e-10 
  836       2.295622518651e-10 
  837       2.277627254077e-10 
  838       2.259732312805e-10 
  839       2.241944507489e-10 
  840       2.224270707113e-10 
  841       2.206717837144e-10 
  842       2.189292879689e-10 
  843       2.172002873657e-10 
  844       2.154854914911e-10 
  845       2.137856156427e-10 
  846       2.121013808454e-10 
  847       2.104335138665e-10 
  848       2.087827472321e-10 
  849       2.071498192422e-10 
  850       2.055354739869e-10 
  851       2.039403705926e-10 
  852       2.023648092231e-10 
  853       2.008090004098e-10 
  854       1.992731553965e-10 
  855       1.977574861392e-10 
  856       1.962622053077e-10 
  857       1.947875262856e-10 
  858       1.933336631712e-10 
  859       1.919008307785e-10 
  860       1.904892446374e-10 
  861       1.890991209948e-10 
  862       1.877306768152e-10 
  863       1.863841297810e-10 
  864       1.850596982938e-10 
  865       1.837576014748e-10 
  866       1.824780591654e-10 
  867       1.812212919281e-10 
  868       1.799875210471e-10 
  869       1.787769685289e-10 
  870       1.775898571032e-10 
  871       1.764264102234e-10 
  872       1.752868520675e-10 
  873       1.741714075386e-10 
  874       1.730803022656e-10 
  875       1.720137626042e-10 
  876       1.709720156370e-10 
  877       1.699552891749e-10 
  878       1.689638117573e-10 
  879       1.679978126529e-10 
  880       1.670575218606e-10 
  881       1.661431701098e-10 
  882       1.652549888615e-10 
  883       1.643932103089e-10 
  884       1.635580673778e-10 
  885       1.627497937276e-10 
  886       1.619686237520e-10 
  887       1.612147925796e-10 
  888       1.604885360743e-10 
  889       1.597900908368e-10 
  890       1.591196942044e-10 
  891       1.584775092679e-10 
  892       1.578633985727e-10 
  893       1.572771467112e-10 
  894       1.567185349600e-10 
  895       1.561873412693e-10 
  896       1.556833402526e-10 
  897       1.552063031758e-10 
  898       1.547559979467e-10 
  899       1.543321891043e-10 
  900       1.539346378082e-10 
  901       1.535631018280e-10 
  902       1.532173355325e-10 
  903       1.528970898794e-10 
  904       1.526021124044e-10 
  905       1.523321472107e-10 
  906       1.520869349584e-10 
  907       1.518662128536e-10 
  908       1.516697146382e-10 
  909       1.514971705791e-10 
  910       1.513483074572e-10 
  911       1.512228485574e-10 
  912       1.511205136576e-10 
  913       1.510410190182e-10 
  914       1.509840773712e-10 
  915       1.509493979102e-10 
  916       1.509366862789e-10 
  917       1.509456445614e-10 
  918       1.509759712708e-10 
  919       1.510273613389e-10 
  920       1.510995061057e-10 
  921       1.511920933087e-10 
  922       1.513048070719e-10 
  923       1.514373278959e-10 
  924       1.515893326464e-10 
  925       1.517604945444e-10 
  926       1.519504831551e-10 
  927       1.521589643772e-10 
  928       1.523856004327e-10 
  929       1.526300498559e-10 
  930       1.528919674829e-10 
  931       1.531709934940e-10 
  932       1.534667203746e-10 
  933       1.537787254149e-10 
  934       1.541065815978e-10 
  935       1.544498575872e-10 
  936       1.548081177151e-10 
  937       1.551809219701e-10 
  938       1.555678259848e-10 
  939       1.559683810241e-10 
  940       1.563821339727e-10 
  941       1.568086273230e-10 
  942       1.572473991634e-10 
  943       1.576979831654e-10 
  944       1.581599085720e-10 
  945       1.586327001856e-10 
  946       1.591158783554e-10 
  947       1.596089589658e-10 
  948       1.601114534239e-10 
  949       1.606228686475e-10 
  950       1.611427070527e-10 
  951       1.616704665424e-10 
  952       1.622056404934e-10 
  953       1.627477177446e-10 
  954       1.632961825852e-10 
  955       1.638505147419e-10 
  956       1.644101893671e-10 
  957       1.649746770268e-10 
  958       1.655434436885e-10 
  959       1.661159507089e-10 
  960       1.666916548216e-10 
  961       1.672700081255e-10 
  962       1.678504580722e-10 
  963       1.684324474538e-10 
  964       1.690154143913e-10 
  965       1.695987923219e-10 
  966       1.701820099872e-10 
  967       1.707644914206e-10 
  968       1.713456559360e-10 
  969       1.719249181148e-10 
  970       1.725016877942e-10 
  971       1.730754203400e-10 
  972       1.736457683185e-10 
  973       1.742124320819e-10 
  974       1.747751096842e-10 
  975       1.753334968755e-10 
  976       1.758872870965e-10 
  977       1.764361714721e-10 
  978       1.769798388066e-10 
  979       1.775179755770e-10 
  980       1.780502659278e-10 
  981       1.785763916653e-10 
  982       1.790960322515e-10 
  983       1.796088647987e-10 
  984       1.801145640635e-10 
  985       1.806128024411e-10 
  986       1.811032499597e-10 
  987       1.815855742746e-10 
  988       1.820594406625e-10 
  989       1.825245120158e-10 
  990       1.829804488369e-10 
  991       1.834269092321e-10 
  992       1.838635489064e-10 
  993       1.842900211572e-10 
  994       1.847059768692e-10 
  995       1.851110645078e-10 
  996       1.855049301143e-10 
  997       1.858872172992e-10 
  998       1.862575672374e-10 
  999       1.866156186617e-10 
 1000       1.869610078575e-10 
 1001       1.872933686566e-10 
 1002       1.876123324321e-10 
 1003       1.879175280921e-10 
 1004       1.882085820743e-10 
 1005       1.884851183399e-10 
 1006       1.887467583681e-10 
 1007       1.889931211505e-10 
 1008       1.892238231850e-10 
 1009       1.894384784701e-10 
 1010       1.896366984996e-10 
 1011       1.898181598840e-10 
 1012       1.899828082992e-10 
 1013       1.901306574733e-10 
 1014       1.902617218285e-10 
 1015       1.903760164828e-10 
 1016       1.904735572526e-10 
 1017       1.905543606550e-10 
 1018       1.906184439093e-10 
 1019       1.906658249400e-10 
 1020       1.906965223783e-10 
 1021       1.907105555648e-10 
 1022       1.907079445514e-10 
 1023       1.906887101036e-10 
 1024       1.906528737026e-10 
 1025       1.906004575476e-10 
 1026       1.905314845577e-10 
 1027       1.904459783746e-10 
 1028       1.903439633644e-10 
 1029       1.902254646196e-10 
 1030       1.900905079620e-10 
 1031       1.899391199440e-10 
 1032       1.897713278515e-10 
 1033       1.895871597058e-10 
 1034       1.893866442656e-10 
 1035       1.891698110295e-10 
 1036       1.889366902382e-10 
 1037       1.886873128763e-10 
 1038       1.884217106748e-10 
 1039       1.881399161132e-10 
 1040       1.878419624219e-10 
 1041       1.875278835839e-10 
 1042       1.871977143375e-10 
 1043       1.868514901780e-10 
 1044       1.864892473603e-10 
 1045       1.861110229010e-10 
 1046       1.857168545804e-10 
 1047       1.853067809447e-10 
 1048       1.848808413084e-10 
 1049       1.844390757564e-10 
 1050       1.839815251460e-10 
 1051       1.835082677347e-10 
 1052       1.830195296165e-10 
 1053       1.825155758246e-10 
 1054       1.819966738521e-10 
 1055       1.814630936577e-10 
 1056       1.809151076721e-10 
 1057       1.803529908037e-10 
 1058       1.797770204456e-10 
 1059       1.791874764808e-10 
 1060       1.785846412891e-10 
 1061       1.779687997529e-10 
 1062       1.773402392633e-10 
 1063       1.766992497267e-10 
 1064       1.760461235704e-10 
 1065       1.753811557491e-10 
 1066       1.747046437510e-10 
 1067       1.740168876038e-10 
 1068       1.733181898813e-10 
 1069       1.726088557088e-10 
 1070       1.718891927702e-10 
 1071       1.711595113134e-10 
 1072       1.704201241567e-10 
 1073       1.696713466951e-10 
 1074       1.689134969064e-10 
 1075       1.681468953572e-10 
 1076       1.673718652092e-10 
 1077       1.665887322254e-10 
 1078       1.657978247761e-10 
 1079       1.649994738452e-10 
 1080       1.641940130363e-10 
 1081       1.633817785788e-10 
 1082       1.625631093343e-10 
 1083       1.617383468025e-10 
 1084       1.609078351274e-10 
 1085       1.600719211036e-10 
 1086       1.592309541823e-10 
 1087       1.583852864775e-10 
 1088       1.575352727723e-10 
 1089       1.566812705248e-10 
 1090       1.558236398747e-10 
 1091       1.549627299354e-10 
 1092       1.540988374594e-10 
 1093       1.532322476321e-10 
 1094       1.523632477394e-10 
 1095       1.514921271725e-10 
 1096       1.506191774332e-10 
 1097       1.497446921381e-10 
 1098       1.488689670235e-10 
 1099       1.479922999504e-10 
 1100       1.471149909092e-10 
 1101       1.462373420242e-10 
 1102       1.453596575588e-10 
 1103       1.444822439200e-10 
 1104       1.436054096633e-10 
 1105       1.427294654975e-10 
 1106       1.418547242891e-10 
 1107       1.409815010678e-10 
 1108       1.401101130306e-10 
 1109       1.392408795469e-10 
 1110       1.383741221634e-10 
 1111       1.375101646085e-10 
 1112       1.366493327973e-10 
 1113       1.357919548365e-10 
 1114       1.349383610290e-10 
 1115       1.340888838785e-10 
 1116       1.332438580949e-10 
 1117       1.324036205983e-10 
 1118       1.315685105243e-10 
 1119       1.307388692288e-10 
 1120       1.299150402923e-10 
 1121       1.290973695252e-10 
 1122       1.282862049724e-10 
 1123       1.274818969178e-10 
 1124       1.266847978896e-10 
 1125       1.258952626647e-10 
 1126       1.251136482735e-10 
 1127       1.243403140049e-10 
 1128       1.235756214109e-10 
 1129       1.228199343112e-10 
 1130       1.220736187986e-10 
 1131       1.213369979370e-10 
 1132       1.206102152074e-10 
 1133       1.198933693070e-10 
 1134       1.191865592964e-10 
 1135       1.184898845996e-10 
 1136       1.178034450049e-10 
 1137       1.171273406649e-10 
 1138       1.164616720978e-10 
 1139       1.158065401872e-10 
 1140       1.151620461831e-10 
 1141       1.145282917024e-10 
 1142       1.139053787290e-10 
 1143       1.132934096149e-10 
 1144       1.126924870804e-10 
 1145       1.121027142148e-10 
 1146       1.115241944766e-10 
 1147       1.109570316944e-10 
 1148       1.104013300676e-10 
 1149       1.098571941661e-10 
 1150       1.093247289317e-10 
 1151       1.088040396784e-10 
 1152       1.082952320925e-10 
 1153       1.077984122338e-10 
 1154       1.073136865355e-10 
 1155       1.068411618052e-10 
 1156       1.063809452253e-10 
 1157       1.059331443534e-10 
 1158       1.054978671229e-10 
 1159       1.050752218436e-10 
 1160       1.046653172023e-10 
 1161       1.042682622631e-10 
 1162       1.038841664679e-10 
 1163       1.035131396375e-10 
 1164       1.031552919713e-10 
 1165       1.028107340485e-10 
 1166       1.024795768283e-10 
 1167       1.021619316505e-10 
 1168       1.018579102360e-10 
 1169       1.015676246875e-10 
 1170       1.012911874898e-10 
 1171       1.010286713894e-10 
 1172       1.007799884834e-10 
 1173       1.005450096222e-10 
 1174       1.003236043915e-10 
 1175       1.001156411084e-10 
 1176       9.992098681916e-11 
 1177       9.973950729587e-11 
 1178       9.957106703356e-11 
 1179       9.941552924720e-11 
 1180       9.927275586873e-11 
 1181       9.914260754411e-11 
 1182       9.902494363033e-11 
 1183       9.891962219241e-11 
 1184       9.882650000046e-11 
 1185       9.874543252668e-11 
 1186       9.867627394239e-11 
 1187       9.861887711507e-11 
 1188       9.857309360534e-11 
 1189       9.853877366404e-11 
 1190       9.851576622921e-11 
 1191       9.850391892313e-11 
 1192       9.850307804937e-11 
 1193       9.851308858974e-11 
 1194       9.853379420142e-11 
 1195       9.856503721387e-11 
 1196       9.860665862594e-11 
 1197       9.865849810286e-11 
 1198       9.872039397327e-11 
 1199       9.879218322623e-11 
 1200       9.887370150827e-11 
 1201       9.896478312037e-11 
 1202       9.906526101504e-11 
 1203       9.917496679331e-11 
 1204       9.929373070175e-11 
 1205       9.942138162952e-11 
 1206       9.955774710537e-11 
 1207       9.970265329465e-11 
 1208       9.985592499640e-11 
 1209       1.000173856403e-10 
 1210       1.001868572837e-10 
 1211       1.003641526037e-10 
 1212       1.005490507731e-10 
 1213       1.007413212874e-10 
 1214       1.009407319397e-10 
 1215       1.011470488168e-10 
 1216       1.013600362960e-10 
 1217       1.015794570414e-10 
 1218       1.018050720000e-10 
 1219       1.020366403982e-10 
 1220       1.022739197383e-10 
 1221       1.025166657947e-10 
 1222       1.027646326103e-10 
 1223       1.030175724931e-10 
 1224       1.032752360120e-10 
 1225       1.035373719940e-10 
 1226       1.038037275197e-10 
 1227       1.040740479204e-10 
 1228       1.043480767739e-10 
 1229       1.046255559012e-10 
 1230       1.049062253629e-10 
 1231       1.051898234554e-10 
 1232       1.054760867072e-10 
 1233       1.057647498756e-10 
 1234       1.060555459427e-10 
 1235       1.063482061119e-10 
 1236       1.066424598046e-10 
 1237       1.069380346560e-10 
 1238       1.072346565117e-10 
 1239       1.075320494244e-10 
 1240       1.078299356497e-10 
 1241       1.081280356429e-10 
 1242       1.084260680552e-10 
 1243       1.087237497301e-10 
 1244       1.090207956996e-10 
 1245       1.093169191810e-10 
 1246       1.096118315728e-10 
 1247       1.099052424514e-10 
 1248       1.101968595671e-10 
 1249       1.104863888410e-10 
 1250       1.107735343610e-10 
 1251       1.110580226641e-10 
 1252       1.113396759023e-10 
 1253       1.116183395245e-10 
 1254       1.118938580665e-10 
 1255       1.121660751490e-10 
 1256       1.124348334762e-10 
 1257       1.126999748336e-10 
 1258       1.129613400863e-10 
 1259       1.132187691777e-10 
 1260       1.134721011271e-10 
 1261       1.137211740282e-10 
 1262       1.139658250476e-10 
 1263       1.142058904226e-10 
 1264       1.144412054594e-10 
 1265       1.146716045319e-10 
 1266       1.148969210794e-10 
 1267       1.151169876049e-10 
 1268       1.153316356735e-10 
 1269       1.155406959106e-10 
 1270       1.157439980000e-10 
 1271       1.159413706822e-10 
 1272       1.161326417528e-10 
 1273       1.163176380602e-10 
 1274       1.164961855047e-10 
 1275       1.166681090358e-10 
 1276       1.168332326512e-10 
 1277       1.169913793943e-10 
 1278       1.171423713532e-10 
 1279       1.172860296584e-10 
 1280       1.174221744811e-10 
 1281       1.175506250315e-10 
 1282       1.176711995574e-10 
 1283       1.177837153415e-10 
 1284       1.178879887007e-10 
 1285       1.179838349834e-10 
 1286       1.180710685686e-10 
 1287       1.181495028634e-10 
 1288       1.182189503016e-10 
 1289       1.182792223418e-10 
 1290       1.183301294657e-10 
 1291       1.183715157463e-10 
 1292       1.184033629841e-10 
 1293       1.184256877468e-10 
 1294       1.184385069066e-10 
 1295       1.184418376415e-10 
 1296       1.184356974357e-10 
 1297       1.184201040802e-10 
 1298       1.183950756738e-10 
 1299       1.183606306236e-10 
 1300       1.183167876461e-10 
 1301       1.182635657673e-10 
 1302       1.182009843238e-10 
 1303       1.181290629635e-10 
 1304       1.180478216465e-10 
 1305       1.179572806452e-10 
 1306       1.178574605457e-10 
 1307       1.177483822481e-10 
 1308       1.176300669675e-10 
 1309       1.175025362343e-10 
 1310       1.173658118954e-10 
 1311       1.172199161147e-10 
 1312       1.170648713736e-10 
 1313       1.169007004723e-10 
 1314       1.167274265297e-10 
 1315       1.165450729850e-10 
 1316       1.163536635978e-10 
 1317       1.161532224488e-10 
 1318       1.159437739411e-10 
 1319       1.157253428003e-10 
 1320       1.154979540754e-10 
 1321       1.152616331399e-10 
 1322       1.150164056917e-10 
 1323       1.147622977547e-10 
 1324       1.144993356790e-10 
 1325       1.142275461418e-10 
 1326       1.139469561478e-10 
 1327       1.136575930304e-10 
 1328       1.133594844523e-10 
 1329       1.130526584058e-10 
 1330       1.127371432141e-10 
 1331       1.124129872942e-10 
 1332       1.120803186833e-10 
 1333       1.117392861679e-10 
 1334       1.113900395828e-10 
 1335       1.110327298126e-10 
 1336       1.106675087942e-10 
 1337       1.102945295188e-10 
 1338       1.099139460339e-10 
 1339       1.095259134451e-10 
 1340       1.091305879188e-10 
 1341       1.087281266834e-10 
 1342       1.083186880322e-10 
 1343       1.079024313248e-10 
 1344       1.074795169896e-10 
 1345       1.070501065255e-10 
 1346       1.066143625043e-10 
 1347       1.061724485724e-10 
 1348       1.057245294531e-10 
 1349       1.052707709488e-10 
 1350       1.048113399424e-10 
 1351       1.043464044002e-10 
 1352       1.038761333735e-10 
 1353       1.034006970005e-10 
 1354       1.029202665086e-10 
 1355       1.024350142167e-10 
 1356       1.019451135367e-10 
 1357       1.014507389759e-10 
 1358       1.009520661390e-10 
 1359       1.004492717301e-10 
 1360       9.994253355491e-11 
 1361       9.943203052249e-11 
 1362       9.891794264766e-11 
 1363       9.840045105285e-11 
 1364       9.787973797019e-11 
 1365       9.735598674360e-11 
 1366       9.682938183081e-11 
 1367       9.630010880541e-11 
 1368       9.576835435895e-11 
 1369       9.523430630294e-11 
 1370       9.469815357095e-11 
 1371       9.416008043018e-11 
 1372       9.362024904449e-11 
 1373       9.307881672951e-11 
 1374       9.253594172786e-11 
 1375       9.199178321086e-11 
 1376       9.144650128024e-11 
 1377       9.090025696976e-11 
 1378       9.035321224696e-11 
 1379       8.980553001482e-11 
 1380       8.925737411342e-11 
 1381       8.870890932168e-11 
 1382       8.816030135901e-11 
 1383       8.761171688698e-11 
 1384       8.706332351105e-11 
 1385       8.651528978222e-11 
 1386       8.596778519873e-11 
 1387       8.542098020776e-11 
 1388       8.487504620707e-11 
 1389       8.433015554672e-11 
 1390       8.378648153077e-11 
 1391       8.324419841891e-11 
 1392       8.270348142822e-11 
 1393       8.216450673478e-11 
 1394       8.162745147541e-11 
 1395       8.109249374933e-11 
 1396       8.055981261984e-11 
 1397       8.002958811605e-11 
 1398       7.950200123450e-11 
 1399       7.897723394088e-11 
 1400       7.845546917172e-11 
 1401       7.793689083608e-11 
 1402       7.742168381721e-11 
 1403       7.691003397425e-11 
 1404       7.640212814391e-11 
 1405       7.589815414216e-11 
 1406       7.539830076593e-11 
 1407       7.490275779477e-11 
 1408       7.441171599254e-11 
 1409       7.392536710911e-11 
 1410       7.344390388204e-11 
 1411       7.296749727867e-11 
 1412       7.249622796100e-11 
 1413       7.203015411386e-11 
 1414       7.156933414034e-11 
 1415       7.111382666210e-11 
 1416       7.066369051971e-11 
 1417       7.021898477293e-11 
 1418       6.977976870106e-11 
 1419       6.934610180322e-11 
 1420       6.891804379869e-11 
 1421       6.849565462721e-11 
 1422       6.807899444931e-11 
 1423       6.766812364660e-11 
 1424       6.726310282211e-11 
 1425       6.686399280060e-11 
 1426       6.647085462885e-11 
 1427       6.608374957601e-11 
 1428       6.570273913388e-11 
 1429       6.532788501727e-11 
 1430       6.495924916426e-11 
 1431       6.459689373656e-11 
 1432       6.424088111978e-11 
 1433       6.389127392379e-11 
 1434       6.354813498303e-11 
 1435       6.321152735677e-11 
 1436       6.288151432950e-11 
 1437       6.255815941118e-11 
 1438       6.224152633761e-11 
 1439       6.193167907070e-11 
 1440       6.162868179880e-11 
 1441       6.133259893703e-11 
 1442       6.104349512758e-11 
 1443       6.076143524000e-11 
 1444       6.048648437159e-11 
 1445       6.021870784761e-11 
 1446       5.995817122169e-11 
 1447       5.970494027609e-11 
 1448       5.945908102201e-11 
 1449       5.922065969997e-11 
 1450       5.898974278002e-11 
 1451       5.876637559425e-11 
 1452       5.855051799768e-11 
 1453       5.834210805946e-11 
 1454       5.814108337102e-11 
 1455       5.794738104514e-11 
 1456       5.776093771511e-11 
 1457       5.758168953377e-11 
 1458       5.740957217262e-11 
 1459       5.724452082094e-11 
 1460       5.708647018488e-11 
 1461       5.693535448653e-11 
 1462       5.679110746304e-11 
 1463       5.665366236574e-11 
 1464       5.652295195919e-11 
 1465       5.639890852030e-11 
 1466       5.628146383744e-11 
 1467       5.617054920952e-11 
 1468       5.606609544509e-11 
 1469       5.596803286145e-11 
 1470       5.587629128373e-11 
 1471       5.579080004400e-11 
 1472       5.571148798034e-11 
 1473       5.563828343601e-11 
 1474       5.557111425845e-11 
 1475       5.550990779845e-11 
 1476       5.545459090922e-11 
 1477       5.540508994549e-11 
 1478       5.536133076259e-11 
 1479       5.532323871559e-11 
 1480       5.529073865838e-11 
 1481       5.526375494272e-11 
 1482       5.524221141742e-11 
 1483       5.522603142737e-11 
 1484       5.521513781267e-11 
 1485       5.520945290773e-11 
 1486       5.520889854034e-11 
 1487       5.521339603080e-11 
 1488       5.522286619100e-11 
 1489       5.523722932352e-11 
 1490       5.525640522072e-11 
 1491       5.528030724277e-11 
 1492       5.530882448989e-11 
 1493       5.534183945342e-11 
 1494       5.537923391981e-11 
 1495       5.542088896940e-11 
 1496       5.546668497520e-11 
 1497       5.551650160167e-11 
 1498       5.557021780349e-11 
 1499       5.562771182433e-11 
 1500       5.568886119567e-11 
 1501       5.575354273553e-11 
 1502       5.582163254726e-11 
 1503       5.589300601833e-11 
 1504       5.596753781913e-11 
 1505       5.604510190167e-11 
 1506       5.612557149846e-11 
 1507       5.620881912121e-11 
 1508       5.629471655964e-11 
 1509       5.638313488024e-11 
 1510       5.647394442510e-11 
 1511       5.656701481061e-11 
 1512       5.666221492629e-11 
 1513       5.675941293358e-11 
 1514       5.685847626455e-11 
 1515       5.695927162076e-11 
 1516       5.706166497198e-11 
 1517       5.716552155500e-11 
 1518       5.727070587239e-11 
 1519       5.737708169127e-11 
 1520       5.748451204214e-11 
 1521       5.759285921759e-11 
 1522       5.770198477112e-11 
 1523       5.781174951590e-11 
 1524       5.792201352356e-11 
 1525       5.803263612297e-11 
 1526       5.814347589899e-11 
 1527       5.825439069130e-11 
 1528       5.836523759312e-11 
 1529       5.847587295003e-11 
 1530       5.858615235873e-11 
 1531       5.869594114875e-11 
 1532       5.880514593951e-11 
 1533       5.891368338235e-11 
 1534       5.902146970426e-11 
 1535       5.912842070716e-11 
 1536       5.923445176729e-11 
 1537       5.933947783444e-11 
 1538       5.944341343134e-11 
 1539       5.954617265292e-11 
 1540       5.964766916564e-11 
 1541       5.974781620683e-11 
 1542       5.984652658398e-11 
 1543       5.994371267403e-11 
 1544       6.003928642274e-11 
 1545       6.013315934398e-11 
 1546       6.022524251901e-11 
 1547       6.031544659586e-11 
 1548       6.040368178860e-11 
 1549       6.048985787664e-11 
 1550       6.057388420411e-11 
 1551       6.065566967910e-11 
 1552       6.073512277302e-11 
 1553       6.081215151991e-11 
 1554       6.088666351572e-11 
 1555       6.095856591769e-11 
 1556       6.102776544359e-11 
 1557       6.109416837110e-11 
 1558       6.115768053706e-11 
 1559       6.121820733684e-11 
 1560       6.127565372364e-11 
 1561       6.132992420778e-11 
 1562       6.138092285605e-11 
 1563       6.142855329098e-11 
 1564       6.147271869021e-11 
 1565       6.151332178575e-11 
 1566       6.155026486334e-11 
 1567       6.158344976173e-11 
 1568       6.161277787202e-11 
 1569       6.163815013695e-11 
 1570       6.165946705024e-11 
 1571       6.167664545457e-11 
 1572       6.168966910808e-11 
 1573       6.169853858738e-11 
 1574       6.170325453170e-11 
 1575       6.170381764303e-11 
 1576       6.170022868626e-11 
 1577       6.169248848929e-11 
 1578       6.168059794321e-11 
 1579       6.166455800234e-11 
 1580       6.164436968447e-11 
 1581       6.162003407090e-11 
 1582       6.159155230662e-11 
 1583       6.155892560043e-11 
 1584       6.152215522506e-11 
 1585       6.148124251731e-11 
 1586       6.143618887818e-11 
 1587       6.138699577302e-11 
 1588       6.133366473161e-11 
 1589       6.127619734834e-11 
 1590       6.121459528232e-11 
 1591       6.114886025750e-11 
 1592       6.107899406284e-11 
 1593       6.100499855239e-11 
 1594       6.092687564546e-11 
 1595       6.084462732673e-11 
 1596       6.075825564638e-11 
 1597       6.066776272023e-11 
 1598       6.057315072989e-11 
 1599       6.047442192283e-11 
 1600       6.037157861259e-11 
 1601       6.026462317883e-11 
 1602       6.015355806752e-11 
 1603       6.003838579106e-11 
 1604       5.991910892840e-11 
 1605       5.979573012515e-11 
 1606       5.966825209375e-11 
 1607       5.953667761359e-11 
 1608       5.940100953112e-11 
 1609       5.926125076001e-11 
 1610       5.911740428126e-11 
 1611       5.896948378141e-11 
 1612       5.881754567258e-11 
 1613       5.866165736348e-11 
 1614       5.850188664832e-11 
 1615       5.833830170745e-11 
 1616       5.817097110797e-11 
 1617       5.799996380436e-11 
 1618       5.782534913909e-11 
 1619       5.764719684327e-11 
 1620       5.746557703723e-11 
 1621       5.728056023119e-11 
 1622       5.709221732584e-11 
 1623       5.690061961298e-11 
 1624       5.670583877617e-11 
 1625       5.650794689129e-11 
 1626       5.630701642722e-11 
 1627       5.610312024642e-11 
 1628       5.589633160560e-11 
 1629       5.568672415629e-11 
 1630       5.547437194549e-11 
 1631       5.525934941631e-11 
 1632       5.504173140853e-11 
 1633       5.482159315930e-11 
 1634       5.459901030371e-11 
 1635       5.437405887542e-11 
 1636       5.414681530732e-11 
 1637       5.391735643209e-11 
 1638       5.368575948285e-11 
 1639       5.345210209383e-11 
 1640       5.321646230091e-11 
 1641       5.297891854228e-11 
 1642       5.273954965909e-11 
 1643       5.249843489602e-11 
 1644       5.225565390195e-11 
 1645       5.201128673054e-11 
 1646       5.176541384089e-11 
 1647       5.151811609813e-11 
 1648       5.126947477406e-11 
 1649       5.101957154777e-11 
 1650       5.076848850627e-11 
 1651       5.051630680162e-11 
 1652       5.026310260810e-11 
 1653       5.000895113047e-11 
 1654       4.975392794473e-11 
 1655       4.949810899874e-11 
 1656       4.924157061270e-11 
 1657       4.898438947978e-11 
 1658       4.872664266667e-11 
 1659       4.846840761411e-11 
 1660       4.820976213750e-11 
 1661       4.795078442741e-11 
 1662       4.769155305022e-11 
 1663       4.743214694859e-11 
 1664       4.717264544210e-11 
 1665       4.691312822777e-11 
 1666       4.665367538064e-11 
 1667       4.639436735431e-11 
 1668       4.613528498157e-11 
 1669       4.587650947486e-11 
 1670       4.561812242693e-11 
 1671       4.536020581133e-11 
 1672       4.510284198303e-11 
 1673       4.484611367895e-11 
 1674       4.459010401853e-11 
 1675       4.433489650428e-11 
 1676       4.408057502239e-11 
 1677       4.382722384322e-11 
 1678       4.357492762195e-11 
 1679       4.332377139906e-11 
 1680       4.307384060094e-11 
 1681       4.282522104044e-11 
 1682       4.257799891746e-11 
 1683       4.233226081945e-11 
 1684       4.208809372205e-11 
 1685       4.184558498959e-11 
 1686       4.160482237569e-11 
 1687       4.136589402382e-11 
 1688       4.112888846783e-11 
 1689       4.089389463256e-11 
 1690       4.066100183437e-11 
 1691       4.043028976063e-11 
 1692       4.020179831213e-11 
 1693       3.997555750084e-11 
 1694       3.975159744749e-11 
 1695       3.952994838167e-11 
 1696       3.931064064202e-11 
 1697       3.909370467633e-11 
 1698       3.887917104171e-11 
 1699       3.866707040473e-11 
 1700       3.845743354155e-11 
 1701       3.825029133807e-11 
 1702       3.804567479009e-11 
 1703       3.784361500341e-11 
 1704       3.764414319402e-11 
 1705       3.744729068822e-11 
 1706       3.725308892275e-11 
 1707       3.706156944497e-11 
 1708       3.687276391297e-11 
 1709       3.668670409571e-11 
 1710       3.650342187320e-11 
 1711       3.632294923662e-11 
 1712       3.614531828843e-11 
 1713       3.597056124258e-11 
 1714       3.579871042460e-11 
 1715       3.562979827177e-11 
 1716       3.546385733324e-11 
 1717       3.530092027020e-11 
 1718       3.514101985601e-11 
 1719       3.498418897633e-11 
 1720       3.483046062929e-11 
 1721       3.467986792560e-11 
 1722       3.453244408872e-11 
 1723       3.438822245500e-11 
 1724       3.424723647381e-11 
 1725       3.410951970769e-11 
 1726       3.397510583248e-11 
 1727       3.384402863750e-11 
 1728       3.371632202565e-11 
 1729       3.359202001358e-11 
 1730       3.347115673181e-11 
 1731       3.335375623203e-11 
 1732       3.323980181446e-11 
 1733       3.312926644148e-11 
 1734       3.302212290671e-11 
 1735       3.291834383474e-11 
 1736       3.281790168089e-11 
 1737       3.272076873091e-11 
 1738       3.262691710072e-11 
 1739       3.253631873616e-11 
 1740       3.244894541274e-11 
 1741       3.236476873532e-11 
 1742       3.228376013790e-11 
 1743       3.220589088332e-11 
 1744       3.213113206303e-11 
 1745       3.205945459677e-11 
 1746       3.199082923237e-11 
 1747       3.192522654543e-11 
 1748       3.186261693910e-11 
 1749       3.180297064377e-11 
 1750       3.174625771683e-11 
 1751       3.169244804242e-11 
 1752       3.164151133113e-11 
 1753       3.159341711976e-11 
 1754       3.154813477104e-11 
 1755       3.150563347339e-11 
 1756       3.146588224061e-11 
 1757       3.142884991167e-11 
 1758       3.139450515038e-11 
 1759       3.136281644520e-11 
 1760       3.133375210892e-11 
 1761       3.130728027839e-11 
 1762       3.128336891432e-11 
 1763       3.126198580093e-11 
 1764       3.124309854575e-11 
 1765       3.122667457932e-11 
 1766       3.121268115494e-11 
 1767       3.120108534840e-11 
 1768       3.119185405771e-11 
 1769       3.118495400285e-11 
 1770       3.118035172548e-11 
 1771       3.117801009800e-11 
 1772       3.117787781964e-11 
 1773       3.117989983303e-11 
 1774       3.118402080665e-11 
 1775       3.119018513442e-11 
 1776       3.119833693528e-11 
 1777       3.120842005284e-11 
 1778       3.122037805493e-11 
 1779       3.123415423325e-11 
 1780       3.124969160292e-11 
 1781       3.126693290212e-11 
 1782       3.128582059169e-11 
 1783       3.130629685470e-11 
 1784       3.132830359609e-11 
 1785       3.135178244223e-11 
 1786       3.137667474058e-11 
 1787       3.140292155921e-11 
 1788       3.143046368650e-11 
 1789       3.145924163064e-11 
 1790       3.148919561931e-11 
 1791       3.152026559925e-11 
 1792       3.155239123585e-11 
 1793       3.158551191277e-11 
 1794       3.161956673154e-11 
 1795       3.165449451115e-11 
 1796       3.169023378768e-11 
 1797       3.172672281384e-11 
 1798       3.176389955865e-11 
 1799       3.180170170698e-11 
 1800       3.184006665919e-11 
 1801       3.187893153070e-11 
 1802       3.191823315162e-11 
 1803       3.195790806633e-11 
 1804       3.199789253309e-11 
 1805       3.203812252365e-11 
 1806       3.207853372283e-11 
 1807       3.211906152814e-11 
 1808       3.215964104939e-11 
 1809       3.220020710825e-11 
 1810       3.224069423789e-11 
 1811       3.228104093146e-11 
 1812       3.232120242583e-11 
 1813       3.236113802037e-11 
 1814       3.240080683715e-11 
 1815       3.244016782073e-11 
 1816       3.247917973793e-11 
 1817       3.251780117755e-11 
 1818       3.255599055014e-11 
 1819       3.259370608777e-11 
 1820       3.263090584376e-11 
 1821       3.266754769248e-11 
 1822       3.270358932907e-11 
 1823       3.273898826920e-11 
 1824       3.277370184884e-11 
 1825       3.280768722400e-11 
 1826       3.284090137053e-11 
 1827       3.287330108381e-11 
 1828       3.290484297855e-11 
 1829       3.293548348856e-11 
 1830       3.296517886644e-11 
 1831       3.299388518344e-11 
 1832       3.302155832910e-11 
 1833       3.304815401112e-11 
 1834       3.307362775501e-11 
 1835       3.309793490393e-11 
 1836       3.312103061841e-11 
 1837       3.314286987612e-11 
 1838       3.316340747160e-11 
 1839       3.318259801606e-11 
 1840       3.320039593707e-11 
 1841       3.321675547842e-11 
 1842       3.323163069976e-11 
 1843       3.324497547646e-11 
 1844       3.325674349927e-11 
 1845       3.326688827418e-11 
 1846       3.327536312207e-11 
 1847       3.328212117857e-11 
 1848       3.328711539373e-11 
 1849       3.329029853183e-11 
 1850       3.329162317112e-11 
 1851       3.329104936216e-11 
 1852       3.328856766958e-11 
 1853       3.328417631199e-11 
 1854       3.327787352000e-11 
 1855       3.326965753621e-11 
 1856       3.325952661524e-11 
 1857       3.324747902375e-11 
 1858       3.323351304051e-11 
 1859       3.321762695636e-11 
 1860       3.319981907426e-11 
 1861       3.318008770934e-11 
 1862       3.315843118888e-11 
 1863       3.313484785239e-11 
 1864       3.310933605157e-11 
 1865       3.308189415039e-11 
 1866       3.305252052508e-11 
 1867       3.302121356418e-11 
 1868       3.298797166855e-11 
 1869       3.295279325138e-11 
 1870       3.291567673826e-11 
 1871       3.287662056717e-11 
 1872       3.283562318849e-11 
 1873       3.279268306508e-11 
 1874       3.274779867224e-11 
 1875       3.270096849780e-11 
 1876       3.265219104209e-11 
 1877       3.260146481798e-11 
 1878       3.254878835094e-11 
 1879       3.249416017901e-11 
 1880       3.243757885286e-11 
 1881       3.237904293581e-11 
 1882       3.231855100385e-11 
 1883       3.225610164565e-11 
 1884       3.219169346263e-11 
 1885       3.212532506894e-11 
 1886       3.205699509148e-11 
 1887       3.198670216999e-11 
 1888       3.191444495699e-11 
 1889       3.184022211786e-11 
 1890       3.176403233086e-11 
 1891       3.168587957044e-11 
 1892       3.160578900193e-11 
 1893       3.152379120992e-11 
 1894       3.143991692635e-11 
 1895       3.135419703065e-11 
 1896       3.126666255001e-11 
 1897       3.117734465955e-11 
 1898       3.108627468250e-11 
 1899       3.099348409045e-11 
 1900       3.089900450352e-11 
 1901       3.080286769058e-11 
 1902       3.070510556942e-11 
 1903       3.060575020699e-11 
 1904       3.050483381959e-11 
 1905       3.040238877306e-11 
 1906       3.029844758299e-11 
 1907       3.019304291492e-11 
 1908       3.008620758457e-11 
 1909       2.997797455798e-11 
 1910       2.986837695177e-11 
 1911       2.975744803332e-11 
 1912       2.964522122097e-11 
 1913       2.953173008421e-11 
 1914       2.941700834394e-11 
 1915       2.930108987258e-11 
 1916       2.918400869434e-11 
 1917       2.906579898542e-11 
 1918       2.894649507418e-11 
 1919       2.882613144135e-11 
 1920       2.870474272025e-11 
 1921       2.858236369698e-11 
 1922       2.845902931062e-11 
 1923       2.833477465345e-11 
 1924       2.820963497111e-11 
 1925       2.808364566286e-11 
 1926       2.795684228174e-11 
 1927       2.782926053477e-11 
 1928       2.770093628318e-11 
 1929       2.757190554261e-11 
 1930       2.744220448328e-11 
 1931       2.731186935866e-11 
 1932       2.718093629042e-11 
 1933       2.704944148225e-11 
 1934       2.691742129148e-11 
 1935       2.678491222925e-11 
 1936       2.665195096072e-11 
 1937       2.651857430530e-11 
 1938       2.638481923680e-11 
 1939       2.625072288368e-11 
 1940       2.611632252920e-11 
 1941       2.598165561166e-11 
 1942       2.584675972458e-11 
 1943       2.571167261692e-11 
 1944       2.557643219323e-11 
 1945       2.544107651393e-11 
 1946       2.530564379541e-11 
 1947       2.517017241033e-11 
 1948       2.503470088775e-11 
 1949       2.489926791337e-11 
 1950       2.476391232968e-11 
 1951       2.462867313622e-11 
 1952       2.449358948975e-11 
 1953       2.435870070445e-11 
 1954       2.422404625212e-11 
 1955       2.408966576237e-11 
 1956       2.395559902286e-11 
 1957       2.382188597944e-11 
 1958       2.368856673640e-11 
 1959       2.355568155664e-11 
 1960       2.342327086190e-11 
 1961       2.329137523291e-11 
 1962       2.316003540965e-11 
 1963       2.302929229150e-11 
 1964       2.289918693746e-11 
 1965       2.276976056636e-11 
 1966       2.264105455705e-11 
 1967       2.251311044858e-11 
 1968       2.238596994044e-11 
 1969       2.225967489273e-11 
 1970       2.213426732636e-11 
 1971       2.200978512280e-11 
 1972       2.188624908794e-11 
 1973       2.176367579255e-11 
 1974       2.164208186411e-11 
 1975       2.152148398686e-11 
 1976       2.140189890187e-11 
 1977       2.128334340714e-11 
 1978       2.116583435760e-11 
 1979       2.104938866525e-11 
 1980       2.093402329917e-11 
 1981       2.081975528563e-11 
 1982       2.070660170812e-11 
 1983       2.059457970745e-11 
 1984       2.048370648179e-11 
 1985       2.037399928675e-11 
 1986       2.026547543544e-11 
 1987       2.015815229857e-11 
 1988       2.005204730445e-11 
 1989       1.994717793912e-11 
 1990       1.984356174639e-11 
 1991       1.974121632791e-11 
 1992       1.964015934323e-11 
 1993       1.954040850989e-11 
 1994       1.944198160345e-11 
 1995       1.934489645760e-11 
 1996       1.924917096419e-11 
 1997       1.915482307332e-11 
 1998       1.906187079339e-11 
 1999       1.897033219119e-11 
 2000       1.888022539194e-11 
 2001       1.879156857939e-11 
 2002       1.870437999583e-11 
 2003       1.861867794224e-11 
 2004       1.853448077828e-11 
 2005       1.845180692240e-11 
 2006       1.837067485188e-11 
 2007       1.829110310295e-11 
 2008       1.821311027077e-11 
 2009       1.813671500958e-11 
 2010       1.806193603272e-11 
 2011       1.798878731089e-11 
 2012       1.791726362850e-11 
 2013       1.784735492232e-11 
 2014       1.777905107370e-11 
 2015       1.771234190847e-11 
 2016       1.764721719688e-11 
 2017       1.758366665353e-11 
 2018       1.752167993727e-11 
 2019       1.746124665116e-11 
 2020       1.740235634236e-11 
 2021       1.734499850208e-11 
 2022       1.728916256549e-11 
 2023       1.723483791166e-11 
 2024       1.718201386346e-11 
 2025       1.713067968750e-11 
 2026       1.708082459407e-11 
 2027       1.703243773702e-11 
 2028       1.698550821374e-11 
 2029       1.694002506504e-11 
 2030       1.689597727509e-11 
 2031       1.685335377137e-11 
 2032       1.681214342453e-11 
 2033       1.677233504840e-11 
 2034       1.673391739984e-11 
 2035       1.669687917869e-11 
 2036       1.666120902773e-11 
 2037       1.662689553255e-11 
 2038       1.659392722150e-11 
 2039       1.656229256562e-11 
 2040       1.653197997856e-11 
 2041       1.650297781648e-11 
 2042       1.647527437802e-11 
 2043       1.644885790419e-11 
 2044       1.642371657832e-11 
 2045       1.639983852595e-11 
 2046       1.637721181479e-11 
 2047       1.635582445462e-11 
 2048       1.633566439722e-11 
 2049       1.631671953632e-11 
 2050       1.629897770749e-11 
 2051       1.628242464491e-11 
 2052       1.626703783598e-11 
 2053       1.625279262267e-11 
 2054       1.623966424065e-11 
 2055       1.622762781909e-11 
 2056       1.621665838053e-11 
 2057       1.620673084078e-11 
 2058       1.619782000879e-11 
 2059       1.618990058645e-11 
 2060       1.618294716853e-11 
 2061       1.617693424252e-11 
 2062       1.617183618848e-11 
 2063       1.616762727893e-11 
 2064       1.616428167871e-11 
 2065       1.616177344483e-11 
 2066       1.616007652637e-11 
 2067       1.615916476429e-11 
 2068       1.615901189138e-11 
 2069       1.615959153205e-11 
 2070       1.616087720222e-11 
 2071       1.616284230920e-11 
 2072       1.616546015156e-11 
 2073       1.616870391897e-11 
 2074       1.617254669208e-11 
 2075       1.617696144238e-11 
 2076       1.618192103210e-11 
 2077       1.618739821402e-11 
 2078       1.619336563137e-11 
 2079       1.619979581772e-11 
 2080       1.620666119677e-11 
 2081       1.621393408232e-11 
 2082       1.622158667803e-11 
 2083       1.622959107737e-11 
 2084       1.623791926344e-11 
 2085       1.624654310886e-11 
 2086       1.625543437561e-11 
 2087       1.626456471492e-11 
 2088       1.627390566714e-11 
 2089       1.628342866157e-11 
 2090       1.629310501639e-11 
 2091       1.630290743644e-11 
 2092       1.631281451867e-11 
 2093       1.632280627797e-11 
 2094       1.633286265200e-11 
 2095       1.634296350109e-11 
 2096       1.635308860811e-11 
 2097       1.636321767842e-11 
 2098       1.637333033976e-11 
 2099       1.638340614217e-11 
 2100       1.639342455786e-11 
 2101       1.640336498117e-11 
 2102       1.641320672843e-11 
 2103       1.642292903791e-11 
 2104       1.643251106969e-11 
 2105       1.644193190558e-11 
 2106       1.645117054904e-11 
 2107       1.646020592509e-11 
 2108       1.646901688017e-11 
 2109       1.647758218213e-11 
 2110       1.648588052005e-11 
 2111       1.649389050421e-11 
 2112       1.650159066597e-11 
 2113       1.650895945768e-11 
 2114       1.651597525258e-11 
 2115       1.652261634475e-11 
 2116       1.652886094896e-11 
 2117       1.653468720060e-11 
 2118       1.654007315560e-11 
 2119       1.654499679032e-11 
 2120       1.654943600148e-11 
 2121       1.655336860603e-11 
 2122       1.655677234110e-11 
 2123       1.655962486387e-11 
 2124       1.656190375150e-11 
 2125       1.656358650104e-11 
 2126       1.656465052932e-11 
 2127       1.656507317288e-11 
 2128       1.656483168784e-11 
 2129       1.656390324984e-11 
 2130       1.656226495396e-11 
 2131       1.655989712337e-11 
 2132       1.655679326042e-11 
 2133       1.655295016378e-11 
 2134       1.654836462578e-11 
 2135       1.654303343248e-11 
 2136       1.653695336360e-11 
 2137       1.653012119256e-11 
 2138       1.652253368646e-11 
 2139       1.651418760606e-11 
 2140       1.650507970581e-11 
 2141       1.649520673381e-11 
 2142       1.648456543182e-11 
 2143       1.647315253526e-11 
 2144       1.646096477318e-11 
 2145       1.644799886829e-11 
 2146       1.643425153694e-11 
 2147       1.641971948910e-11 
 2148       1.640439942838e-11 
 2149       1.638828805200e-11 
 2150       1.637138205080e-11 
 2151       1.635367810924e-11 
 2152       1.633517290537e-11 
 2153       1.631586311087e-11 
 2154       1.629574539099e-11 
 2155       1.627481640458e-11 
 2156       1.625307280408e-11 
 2157       1.623051123549e-11 
 2158       1.620712833842e-11 
 2159       1.618292074602e-11 
 2160       1.615788508503e-11 
 2161       1.613201797573e-11 
 2162       1.610531603196e-11 
 2163       1.607777586112e-11 
 2164       1.604939406413e-11 
 2165       1.602016723548e-11 
 2166       1.599009196318e-11 
 2167       1.595916482876e-11 
 2168       1.592738240728e-11 
 2169       1.589474126733e-11 
 2170       1.586123797100e-11 
 2171       1.582687165122e-11 
 2172       1.579165176280e-11 
 2173       1.575559038361e-11 
 2174       1.571869964211e-11 
 2175       1.568099171739e-11 
 2176       1.564247883923e-11 
 2177       1.560317328815e-11 
 2178       1.556308739549e-11 
 2179       1.552223354345e-11 
 2180       1.548062416517e-11 
 2181       1.543827174477e-11 
 2182       1.539518881743e-11 
 2183       1.535138796946e-11 
 2184       1.530688183830e-11 
 2185       1.526168311265e-11 
 2186       1.521580453251e-11 
 2187       1.516925888921e-11 
 2188       1.512205902552e-11 
 2189       1.507421783566e-11 
 2190       1.502574826540e-11 
 2191       1.497666331210e-11 
 2192       1.492697602478e-11 
 2193       1.487669950417e-11 
 2194       1.482584690278e-11 
 2195       1.477443142496e-11 
 2196       1.472246632694e-11 
 2197       1.466996491693e-11 
 2198       1.461694055514e-11 
 2199       1.456340665389e-11 
 2200       1.450937667759e-11 
 2201       1.445486414288e-11 
 2202       1.439988261867e-11 
 2203       1.434444572616e-11 
 2204       1.428856713895e-11 
 2205       1.423226058308e-11 
 2206       1.417553983707e-11 
 2207       1.411841873204e-11 
 2208       1.406091115170e-11 
 2209       1.400303103246e-11 
 2210       1.394479236345e-11 
 2211       1.388620949504e-11 
 2212       1.382729806631e-11 
 2213       1.376807408380e-11 
 2214       1.370855361376e-11 
 2215       1.364875278217e-11 
 2216       1.358868777487e-11 
 2217       1.352837483758e-11 
 2218       1.346783027597e-11 
 2219       1.340707045576e-11 
 2220       1.334611180276e-11 
 2221       1.328497080294e-11 
 2222       1.322366400251e-11 
 2223       1.316220800799e-11 
 2224       1.310061948625e-11 
 2225       1.303891516462e-11 
 2226       1.297711183093e-11 
 2227       1.291522633357e-11 
 2228       1.285327558158e-11 
 2229       1.279127654473e-11 
 2230       1.272924625354e-11 
 2231       1.266720179938e-11 
 2232       1.260516033455e-11 
 2233       1.254313907232e-11 
 2234       1.248115528701e-11 
 2235       1.241922631406e-11 
 2236       1.235736955010e-11 
 2237       1.229560245300e-11 
 2238       1.223394254197e-11 
 2239       1.217240739759e-11 
 2240       1.211101466193e-11 
 2241       1.204978203854e-11 
 2242       1.198872729260e-11 
 2243       1.192786825093e-11 
 2244       1.186722280210e-11 
 2245       1.180680889646e-11 
 2246       1.174664454623e-11 
 2247       1.168674782557e-11 
 2248       1.162713687064e-11 
 2249       1.156782987965e-11 
 2250       1.150884511297e-11 
 2251       1.145019922380e-11 
 2252       1.139190223822e-11 
 2253       1.133396254262e-11 
 2254       1.127638855015e-11 
 2255       1.121918870077e-11 
 2256       1.116237146121e-11 
 2257       1.110594532508e-11 
 2258       1.104991881283e-11 
 2259       1.099430047183e-11 
 2260       1.093909887636e-11 
 2261       1.088432262769e-11 
 2262       1.082998035402e-11 
 2263       1.077608071060e-11 
 2264       1.072263237972e-11 
 2265       1.066964407073e-11 
 2266       1.061712452007e-11 
 2267       1.056508249132e-11 
 2268       1.051352677521e-11 
 2269       1.046246618965e-11 
 2270       1.041190957977e-11 
 2271       1.036186581793e-11 
 2272       1.031234380377e-11 
 2273       1.026335246421e-11 
 2274       1.021490075352e-11 
 2275       1.016699765329e-11 
 2276       1.011965217252e-11 
 2277       1.007287334761e-11 
 2278       1.002667024241e-11 
 2279       9.981051948220e-12 
 2280       9.936027583847e-12 
 2281       9.891606295621e-12 
 2282       9.847797257424e-12 
 2283       9.804609670719e-12 
 2284       9.762052764580e-12 
 2285       9.720135795720e-12 
 2286       9.678868048517e-12 
 2287       9.638258835046e-12 
 2288       9.598317495103e-12 
 2289       9.559053396238e-12 
 2290       9.520475933783e-12 
 2291       9.482592419945e-12 
 2292       9.445401736307e-12 
 2293       9.408900640819e-12 
 2294       9.373085875035e-12 
 2295       9.337954164088e-12 
 2296       9.303502216668e-12 
 2297       9.269726725009e-12 
 2298       9.236624364863e-12 
 2299       9.204191795483e-12 
 2300       9.172425659605e-12 
 2301       9.141322583423e-12 
 2302       9.110879176574e-12 
 2303       9.081092032116e-12 
 2304       9.051957726509e-12 
 2305       9.023472819595e-12 
 2306       8.995633854578e-12 
 2307       8.968437358004e-12 
 2308       8.941879839742e-12 
 2309       8.915957792963e-12 
 2310       8.890667694122e-12 
 2311       8.866006002936e-12 
 2312       8.841969162367e-12 
 2313       8.818553598599e-12 
 2314       8.795755721022e-12 
 2315       8.773571922206e-12 
 2316       8.751998577890e-12 
 2317       8.731032046955e-12 
 2318       8.710668671405e-12 
 2319       8.690904776353e-12 
 2320       8.671736669993e-12 
 2321       8.653160643588e-12 
 2322       8.635172971443e-12 
 2323       8.617769910891e-12 
 2324       8.600947702271e-12 
 2325       8.584702568906e-12 
 2326       8.569030717088e-12 
 2327       8.553928336054e-12 
 2328       8.539391597967e-12 
 2329       8.525416657900e-12 
 2330       8.511999653810e-12 
 2331       8.499135630212e-12 
 2332       8.486815301835e-12 
 2333       8.475028269598e-12 
 2334       8.463764095033e-12 
 2335       8.453012300237e-12 
 2336       8.442762367832e-12 
 2337       8.433003740923e-12 
 2338       8.423725823049e-12 
 2339       8.414917978144e-12 
 2340       8.406569530493e-12 
 2341       8.398669764686e-12 
 2342       8.391207925576e-12 
 2343       8.384173218236e-12 
 2344       8.377554807916e-12 
 2345       8.371341819996e-12 
 2346       8.365523339946e-12 
 2347       8.360088413281e-12 
 2348       8.355026045519e-12 
 2349       8.350325202133e-12 
 2350       8.345974808514e-12 
 2351       8.341963749921e-12 
 2352       8.338280871443e-12 
 2353       8.334914977952e-12 
 2354       8.331854834059e-12 
 2355       8.329089164075e-12 
 2356       8.326606651961e-12 
 2357       8.324395941289e-12 
 2358       8.322445635197e-12 
 2359       8.320744296347e-12 
 2360       8.319280446879e-12 
 2361       8.318042568367e-12 
 2362       8.317019101779e-12 
 2363       8.316198447432e-12 
 2364       8.315568964946e-12 
 2365       8.315118973203e-12 
 2366       8.314836750303e-12 
 2367       8.314710533520e-12 
 2368       8.314728519259e-12 
 2369       8.314878863012e-12 
 2370       8.315149679314e-12 
 2371       8.315529507217e-12 
 2372       8.316008709930e-12 
 2373       8.316578083734e-12 
 2374       8.317228393217e-12 
 2375       8.317950371243e-12 
 2376       8.318734718913e-12 
 2377       8.319572105536e-12 
 2378       8.320453168596e-12 
 2379       8.321368513714e-12 
 2380       8.322308714616e-12 
 2381       8.323264313104e-12 
 2382       8.324225819015e-12 
 2383       8.325183710192e-12 
 2384       8.326128432449e-12 
 2385       8.327050399540e-12 
 2386       8.327939993119e-12 
 2387       8.328787562714e-12 
 2388       8.329583425688e-12 
 2389       8.330317867209e-12 
 2390       8.330981140212e-12 
 2391       8.331563465369e-12 
 2392       8.332055031057e-12 
 2393       8.332445993318e-12 
 2394       8.332726475831e-12 
 2395       8.332886569876e-12 
 2396       8.332916334302e-12 
 2397       8.332805795491e-12 
 2398       8.332544947326e-12 
 2399       8.332123751158e-12 
 2400       8.331532135770e-12 
 2401       8.330759997345e-12 
 2402       8.329797199435e-12 
 2403       8.328633572921e-12 
 2404       8.327258915984e-12 
 2405       8.325662994072e-12 
 2406       8.323835539863e-12 
 2407       8.321766253233e-12 
 2408       8.319444801224e-12 
 2409       8.316860818008e-12 
 2410       8.314003904855e-12 
 2411       8.310864969056e-12 
 2412       8.307440249656e-12 
 2413       8.303727316101e-12 
 2414       8.299723731497e-12 
 2415       8.295427052602e-12 
 2416       8.290834829821e-12 
 2417       8.285944607200e-12 
 2418       8.280753922417e-12 
 2419       8.275260306781e-12 
 2420       8.269461285224e-12 
 2421       8.263354376292e-12 
 2422       8.256937092145e-12 
 2423       8.250206938545e-12 
 2424       8.243161414853e-12 
 2425       8.235798014024e-12 
 2426       8.228114222599e-12 
 2427       8.220107520698e-12 
 2428       8.211775382019e-12 
 2429       8.203115273827e-12 
 2430       8.194124656948e-12 
 2431       8.184800985767e-12 
 2432       8.175141708221e-12 
 2433       8.165144265788e-12 
 2434       8.154806093487e-12 
 2435       8.144124619870e-12 
 2436       8.133097267016e-12 
 2437       8.121721450522e-12 
 2438       8.109994579504e-12 
 2439       8.097914056585e-12 
 2440       8.085477277889e-12 
 2441       8.072681633041e-12 
 2442       8.059524505152e-12 
 2443       8.046003270821e-12 
 2444       8.032115300127e-12 
 2445       8.017857956618e-12 
 2446       8.003228597313e-12 
 2447       7.988224572689e-12 
 2448       7.972843226680e-12 
 2449       7.957081896668e-12 
 2450       7.940937913477e-12 
 2451       7.924409899670e-12 
 2452       7.907501672923e-12 
 2453       7.890218365952e-12 
 2454       7.872565130356e-12 
 2455       7.854547136638e-12 
 2456       7.836169574216e-12 
 2457       7.817437651454e-12 
 2458       7.798356595675e-12 
 2459       7.778931653181e-12 
 2460       7.759168089279e-12 
 2461       7.739071188292e-12 
 2462       7.718646253586e-12 
 2463       7.697898607587e-12 
 2464       7.676833591801e-12 
 2465       7.655456566837e-12 
 2466       7.633772912420e-12 
 2467       7.611788027418e-12 
 2468       7.589507329858e-12 
 2469       7.566936256949e-12 
 2470       7.544080265099e-12 
 2471       7.520944829934e-12 
 2472       7.497535446323e-12 
 2473       7.473857628393e-12 
 2474       7.449916909552e-12 
 2475       7.425718842506e-12 
 2476       7.401268999284e-12 
 2477       7.376572971250e-12 
 2478       7.351636369130e-12 
 2479       7.326464823032e-12 
 2480       7.301063982458e-12 
 2481       7.275439516334e-12 
 2482       7.249597113023e-12 
 2483       7.223542480347e-12 
 2484       7.197281345610e-12 
 2485       7.170819455611e-12 
 2486       7.144162576670e-12 
 2487       7.117316494648e-12 
 2488       7.090287014962e-12 
 2489       7.063079962608e-12 
 2490       7.035701182183e-12 
 2491       7.008153673103e-12 
 2492       6.980428976833e-12 
 2493       6.952515739071e-12 
 2494       6.924402569914e-12 
 2495       6.896078043820e-12 
 2496       6.867530699577e-12 
 2497       6.838749040263e-12 
 2498       6.809721533211e-12 
 2499       6.780436609978e-12 
 2500       6.750882666306e-12 
