# dimensionless total [l(l+1)/2pi] C_l's
# for l=2 to 2500, i.e. number of multipoles equal to 2499
#
# -> if you prefer output in CAMB/HealPix/LensPix units/order, set 'format' to 'camb' in input file
# -> if you don't want to see such a header, set 'headers' to 'no' in input file
#
# 1:l     2:TT                 
    2       3.047831757614e-10 
    3       2.766006813951e-10 
    4       2.531843606328e-10 
    5       2.347454785252e-10 
    6       2.202764022679e-10 
    7       2.087818275211e-10 
    8       1.994632254658e-10 
    9       1.918450731761e-10 
   10       1.855544173127e-10 
   11       1.803805970093e-10 
   12       1.761140422699e-10 
   13       1.725759431636e-10 
   14       1.697040048027e-10 
   15       1.673898377581e-10 
   16       1.656055193122e-10 
   17       1.642788786090e-10 
   18       1.633008242628e-10 
   19       1.627108052000e-10 
   20       1.624790145650e-10 
   21       1.625769969067e-10 
   22       1.629145733152e-10 
   23       1.634889391559e-10 
   24       1.642843132841e-10 
   25       1.653004080995e-10 
   26       1.665141377376e-10 
   27       1.679248183881e-10 
   28       1.695047551639e-10 
   29       1.712011138699e-10 
   30       1.730238023588e-10 
   31       1.749864613285e-10 
   32       1.770863647969e-10 
   33       1.793221783648e-10 
   34       1.816788285441e-10 
   35       1.841316254124e-10 
   36       1.866839430232e-10 
   37       1.893400976885e-10 
   38       1.920939458618e-10 
   39       1.949330725599e-10 
   40       1.978557838841e-10 
   41       2.008580439612e-10 
   42       2.039279717525e-10 
   43       2.070515297209e-10 
   44       2.102334032487e-10 
   45       2.134814263170e-10 
   46       2.168004438642e-10 
   47       2.201920026796e-10 
   48       2.236553101418e-10 
   49       2.271911512621e-10 
   50       2.307985447288e-10 
   51       2.344733330624e-10 
   52       2.382079381954e-10 
   53       2.419942276410e-10 
   54       2.458335408849e-10 
   55       2.497288152196e-10 
   56       2.536815893985e-10 
   57       2.576918896394e-10 
   58       2.617581156272e-10 
   59       2.658781558106e-10 
   60       2.700532946558e-10 
   61       2.742850129124e-10 
   62       2.785737672522e-10 
   63       2.829189179429e-10 
   64       2.873186565225e-10 
   65       2.917708952030e-10 
   66       2.962763164687e-10 
   67       3.008358419488e-10 
   68       3.054496831018e-10 
   69       3.101172957901e-10 
   70       3.148373348563e-10 
   71       3.196076086982e-10 
   72       3.244259085983e-10 
   73       3.292927819493e-10 
   74       3.342092117386e-10 
   75       3.391757639401e-10 
   76       3.441925620615e-10 
   77       3.492592616914e-10 
   78       3.543750250462e-10 
   79       3.595384955172e-10 
   80       3.647482589356e-10 
   81       3.700043756156e-10 
   82       3.753070691558e-10 
   83       3.806562471674e-10 
   84       3.860514848342e-10 
   85       3.914920084733e-10 
   86       3.969766790949e-10 
   87       4.025039759633e-10 
   88       4.080719801570e-10 
   89       4.136788049378e-10 
   90       4.193240000636e-10 
   91       4.250073385030e-10 
   92       4.307283796269e-10 
   93       4.364864594632e-10 
   94       4.422806809501e-10 
   95       4.481099041908e-10 
   96       4.539727367077e-10 
   97       4.598675236958e-10 
   98       4.657923382777e-10 
   99       4.717452765193e-10 
  100       4.777254112253e-10 
  101       4.837319557643e-10 
  102       4.897639653839e-10 
  103       4.958203311586e-10 
  104       5.018997739384e-10 
  105       5.080008382967e-10 
  106       5.141218864786e-10 
  107       5.202610923494e-10 
  108       5.264164353420e-10 
  109       5.325856944063e-10 
  110       5.387666927305e-10 
  111       5.449580804894e-10 
  112       5.511586414119e-10 
  113       5.573670474154e-10 
  114       5.635818550182e-10 
  115       5.698015017531e-10 
  116       5.760243025795e-10 
  117       5.822484462967e-10 
  118       5.884719919563e-10 
  119       5.946928652754e-10 
  120       6.009088550494e-10 
  121       6.071176095643e-10 
  122       6.133166330103e-10 
  123       6.195034915476e-10 
  124       6.256764659519e-10 
  125       6.318339675351e-10 
  126       6.379743332895e-10 
  127       6.440958239500e-10 
  128       6.501966220569e-10 
  129       6.562748300177e-10 
  130       6.623284681698e-10 
  131       6.683554728426e-10 
  132       6.743536944199e-10 
  133       6.803208954025e-10 
  134       6.862547484701e-10 
  135       6.921528345440e-10 
  136       6.980126408491e-10 
  137       7.038317262723e-10 
  138       7.096082408498e-10 
  139       7.153404566123e-10 
  140       7.210266042447e-10 
  141       7.266648722104e-10 
  142       7.322534058753e-10 
  143       7.377903066325e-10 
  144       7.432736310258e-10 
  145       7.487013898746e-10 
  146       7.540715473974e-10 
  147       7.593820203367e-10 
  148       7.646306770826e-10 
  149       7.698153367973e-10 
  150       7.749337685393e-10 
  151       7.799836903873e-10 
  152       7.849627685649e-10 
  153       7.898687622853e-10 
  154       7.946999752769e-10 
  155       7.994548447472e-10 
  156       8.041317993000e-10 
  157       8.087292588028e-10 
  158       8.132456342519e-10 
  159       8.176793276398e-10 
  160       8.220287318212e-10 
  161       8.262922303789e-10 
  162       8.304681974908e-10 
  163       8.345549977958e-10 
  164       8.385509862606e-10 
  165       8.424545080454e-10 
  166       8.462638983708e-10 
  167       8.499774823839e-10 
  168       8.535935750245e-10 
  169       8.571104808919e-10 
  170       8.605264941108e-10 
  171       8.638400044200e-10 
  172       8.670498256433e-10 
  173       8.701548944785e-10 
  174       8.731541670378e-10 
  175       8.760466191471e-10 
  176       8.788312466467e-10 
  177       8.815070656900e-10 
  178       8.840731130439e-10 
  179       8.865284463883e-10 
  180       8.888721446158e-10 
  181       8.911033081315e-10 
  182       8.932210591527e-10 
  183       8.952245420085e-10 
  184       8.971129234398e-10 
  185       8.988853928987e-10 
  186       9.005411628486e-10 
  187       9.020794690635e-10 
  188       9.034995709281e-10 
  189       9.048007517373e-10 
  190       9.059823189960e-10 
  191       9.070436623492e-10 
  192       9.079844316008e-10 
  193       9.088043726554e-10 
  194       9.095032715733e-10 
  195       9.100809550592e-10 
  196       9.105372909504e-10 
  197       9.108721887050e-10 
  198       9.110855998903e-10 
  199       9.111775186709e-10 
  200       9.111479822976e-10 
  201       9.109970715950e-10 
  202       9.107249114500e-10 
  203       9.103316713005e-10 
  204       9.098175656233e-10 
  205       9.091828544224e-10 
  206       9.084278437177e-10 
  207       9.075528860327e-10 
  208       9.065583808834e-10 
  209       9.054447752662e-10 
  210       9.042125641464e-10 
  211       9.028622909466e-10 
  212       9.013945480347e-10 
  213       8.998099702591e-10 
  214       8.981092140551e-10 
  215       8.962929778705e-10 
  216       8.943620094591e-10 
  217       8.923171063510e-10 
  218       8.901591163224e-10 
  219       8.878889378656e-10 
  220       8.855075206591e-10 
  221       8.830158660376e-10 
  222       8.804150274617e-10 
  223       8.777061109885e-10 
  224       8.748902757409e-10 
  225       8.719687343782e-10 
  226       8.689427535657e-10 
  227       8.658136544451e-10 
  228       8.625828131039e-10 
  229       8.592516610460e-10 
  230       8.558216856614e-10 
  231       8.522944306963e-10 
  232       8.486714967229e-10 
  233       8.449545416097e-10 
  234       8.411452809915e-10 
  235       8.372454887389e-10 
  236       8.332569974290e-10 
  237       8.291816988149e-10 
  238       8.250214566310e-10 
  239       8.207778381755e-10 
  240       8.164523673773e-10 
  241       8.120466112826e-10 
  242       8.075621803395e-10 
  243       8.030007286832e-10 
  244       7.983639544210e-10 
  245       7.936535999175e-10 
  246       7.888714520794e-10 
  247       7.840193426409e-10 
  248       7.790991484485e-10 
  249       7.741127917462e-10 
  250       7.690622404604e-10 
  251       7.639495084851e-10 
  252       7.587766559670e-10 
  253       7.535457895905e-10 
  254       7.482590628627e-10 
  255       7.429186763984e-10 
  256       7.375268782055e-10 
  257       7.320859639696e-10 
  258       7.265982773396e-10 
  259       7.210662102122e-10 
  260       7.154922030172e-10 
  261       7.098787450028e-10 
  262       7.042283745203e-10 
  263       6.985436793092e-10 
  264       6.928272967826e-10 
  265       6.870819143119e-10 
  266       6.813101099292e-10 
  267       6.755138642662e-10 
  268       6.696950226667e-10 
  269       6.638554523990e-10 
  270       6.579970426711e-10 
  271       6.521217046464e-10 
  272       6.462313714585e-10 
  273       6.403279982274e-10 
  274       6.344135620743e-10 
  275       6.284900621374e-10 
  276       6.225595195872e-10 
  277       6.166239776419e-10 
  278       6.106855015830e-10 
  279       6.047461787704e-10 
  280       5.988081186581e-10 
  281       5.928734528096e-10 
  282       5.869443349133e-10 
  283       5.810229407978e-10 
  284       5.751114684474e-10 
  285       5.692121380177e-10 
  286       5.633271918509e-10 
  287       5.574588944910e-10 
  288       5.516095326997e-10 
  289       5.457814154713e-10 
  290       5.399768740487e-10 
  291       5.341982619382e-10 
  292       5.284479549256e-10 
  293       5.227283510910e-10 
  294       5.170418708247e-10 
  295       5.113909568422e-10 
  296       5.057780742001e-10 
  297       5.002055262214e-10 
  298       4.946748923248e-10 
  299       4.891875628416e-10 
  300       4.837449204042e-10 
  301       4.783483397121e-10 
  302       4.729991872980e-10 
  303       4.676988212930e-10 
  304       4.624485911931e-10 
  305       4.572498376244e-10 
  306       4.521038921095e-10 
  307       4.470120768331e-10 
  308       4.419757044076e-10 
  309       4.369960776394e-10 
  310       4.320744892942e-10 
  311       4.272122218633e-10 
  312       4.224105473293e-10 
  313       4.176707269316e-10 
  314       4.129940109329e-10 
  315       4.083816383842e-10 
  316       4.038348368913e-10 
  317       3.993548223805e-10 
  318       3.949427988641e-10 
  319       3.905999582065e-10 
  320       3.863274798901e-10 
  321       3.821265307810e-10 
  322       3.779982648947e-10 
  323       3.739438231624e-10 
  324       3.699643331961e-10 
  325       3.660609090552e-10 
  326       3.622346510118e-10 
  327       3.584866453168e-10 
  328       3.548179639655e-10 
  329       3.512296644637e-10 
  330       3.477227895933e-10 
  331       3.442983671785e-10 
  332       3.409573030541e-10 
  333       3.377000552944e-10 
  334       3.345269453105e-10 
  335       3.314382630159e-10 
  336       3.284342664766e-10 
  337       3.255151815610e-10 
  338       3.226812015898e-10 
  339       3.199324869859e-10 
  340       3.172691649243e-10 
  341       3.146913289820e-10 
  342       3.121990387881e-10 
  343       3.097923196734e-10 
  344       3.074711623203e-10 
  345       3.052355224134e-10 
  346       3.030853202882e-10 
  347       3.010204405823e-10 
  348       2.990407318843e-10 
  349       2.971460063844e-10 
  350       2.953360395239e-10 
  351       2.936105696451e-10 
  352       2.919692976416e-10 
  353       2.904118866079e-10 
  354       2.889379614893e-10 
  355       2.875471087319e-10 
  356       2.862388759326e-10 
  357       2.850127714888e-10 
  358       2.838682642485e-10 
  359       2.828047831601e-10 
  360       2.818217169224e-10 
  361       2.809184136343e-10 
  362       2.800941804450e-10 
  363       2.793482832039e-10 
  364       2.786799461100e-10 
  365       2.780883513627e-10 
  366       2.775726388108e-10 
  367       2.771319056030e-10 
  368       2.767652058378e-10 
  369       2.764715502129e-10 
  370       2.762499056757e-10 
  371       2.760992709007e-10 
  372       2.760189066922e-10 
  373       2.760081139043e-10 
  374       2.760661581431e-10 
  375       2.761922694824e-10 
  376       2.763856421799e-10 
  377       2.766454343925e-10 
  378       2.769707678928e-10 
  379       2.773607277844e-10 
  380       2.778143622181e-10 
  381       2.783306821074e-10 
  382       2.789086608448e-10 
  383       2.795472340173e-10 
  384       2.802452991220e-10 
  385       2.810017152828e-10 
  386       2.818153029654e-10 
  387       2.826848436934e-10 
  388       2.836090797645e-10 
  389       2.845867139657e-10 
  390       2.856164092896e-10 
  391       2.866967886503e-10 
  392       2.878264345989e-10 
  393       2.890038890395e-10 
  394       2.902276529450e-10 
  395       2.914961860733e-10 
  396       2.928079066825e-10 
  397       2.941611912473e-10 
  398       2.955543741744e-10 
  399       2.969857475189e-10 
  400       2.984535606995e-10 
  401       2.999560202148e-10 
  402       3.014912893590e-10 
  403       3.030574879377e-10 
  404       3.046526919839e-10 
  405       3.062749334735e-10 
  406       3.079222000416e-10 
  407       3.095924346979e-10 
  408       3.112835355430e-10 
  409       3.129933554837e-10 
  410       3.147197019495e-10 
  411       3.164605685670e-10 
  412       3.182148397836e-10 
  413       3.199816105823e-10 
  414       3.217599566523e-10 
  415       3.235489342688e-10 
  416       3.253475801734e-10 
  417       3.271549114544e-10 
  418       3.289699254271e-10 
  419       3.307915995136e-10 
  420       3.326188911235e-10 
  421       3.344507375340e-10 
  422       3.362860557700e-10 
  423       3.381237424842e-10 
  424       3.399626738380e-10 
  425       3.418017053807e-10 
  426       3.436396719305e-10 
  427       3.454753874547e-10 
  428       3.473076449493e-10 
  429       3.491352163200e-10 
  430       3.509568522619e-10 
  431       3.527712821397e-10 
  432       3.545772138686e-10 
  433       3.563733337936e-10 
  434       3.581583065704e-10 
  435       3.599307750453e-10 
  436       3.616893601354e-10 
  437       3.634326607093e-10 
  438       3.651592534664e-10 
  439       3.668676928183e-10 
  440       3.685565107680e-10 
  441       3.702242167907e-10 
  442       3.718692977137e-10 
  443       3.734902175971e-10 
  444       3.750854176133e-10 
  445       3.766533159280e-10 
  446       3.781923075799e-10 
  447       3.797007643610e-10 
  448       3.811770346970e-10 
  449       3.826194435276e-10 
  450       3.840262921863e-10 
  451       3.853961016144e-10 
  452       3.867283508750e-10 
  453       3.880227622034e-10 
  454       3.892790598486e-10 
  455       3.904969700967e-10 
  456       3.916762212939e-10 
  457       3.928165438708e-10 
  458       3.939176703650e-10 
  459       3.949793354451e-10 
  460       3.960012759341e-10 
  461       3.969832308325e-10 
  462       3.979249413425e-10 
  463       3.988261508906e-10 
  464       3.996866051517e-10 
  465       4.005060520724e-10 
  466       4.012842418941e-10 
  467       4.020209271771e-10 
  468       4.027158628237e-10 
  469       4.033688061016e-10 
  470       4.039795166675e-10 
  471       4.045477565907e-10 
  472       4.050732903761e-10 
  473       4.055558849884e-10 
  474       4.059953098747e-10 
  475       4.063913369888e-10 
  476       4.067437408139e-10 
  477       4.070522983868e-10 
  478       4.073167893209e-10 
  479       4.075369958295e-10 
  480       4.077127027498e-10 
  481       4.078436975662e-10 
  482       4.079297704335e-10 
  483       4.079707142005e-10 
  484       4.079663244336e-10 
  485       4.079163994401e-10 
  486       4.078207402919e-10 
  487       4.076791508486e-10 
  488       4.074914377812e-10 
  489       4.072574105956e-10 
  490       4.069768816560e-10 
  491       4.066497790164e-10 
  492       4.062764885438e-10 
  493       4.058575219765e-10 
  494       4.053934051113e-10 
  495       4.048846778831e-10 
  496       4.043318944447e-10 
  497       4.037356232460e-10 
  498       4.030964471136e-10 
  499       4.024149633303e-10 
  500       4.016917837147e-10 
  501       4.009275347003e-10 
  502       4.001228574157e-10 
  503       3.992784077636e-10 
  504       3.983948565002e-10 
  505       3.974728893151e-10 
  506       3.965132069107e-10 
  507       3.955165250815e-10 
  508       3.944835747937e-10 
  509       3.934151022649e-10 
  510       3.923118690432e-10 
  511       3.911746520872e-10 
  512       3.900042438449e-10 
  513       3.888014523340e-10 
  514       3.875671012204e-10 
  515       3.863020298988e-10 
  516       3.850070935713e-10 
  517       3.836831633273e-10 
  518       3.823311262230e-10 
  519       3.809518853610e-10 
  520       3.795463599694e-10 
  521       3.781154854818e-10 
  522       3.766602136163e-10 
  523       3.751815124556e-10 
  524       3.736803665260e-10 
  525       3.721577768770e-10 
  526       3.706147611611e-10 
  527       3.690523537128e-10 
  528       3.674716056287e-10 
  529       3.658735848465e-10 
  530       3.642593762248e-10 
  531       3.626300231447e-10 
  532       3.609863503955e-10 
  533       3.593291365913e-10 
  534       3.576591722642e-10 
  535       3.559772599187e-10 
  536       3.542842140868e-10 
  537       3.525808613824e-10 
  538       3.508680405557e-10 
  539       3.491466025485e-10 
  540       3.474174105482e-10 
  541       3.456813400429e-10 
  542       3.439392788760e-10 
  543       3.421921273007e-10 
  544       3.404407980346e-10 
  545       3.386862163149e-10 
  546       3.369293199522e-10 
  547       3.351710593860e-10 
  548       3.334123977389e-10 
  549       3.316543108712e-10 
  550       3.298977874359e-10 
  551       3.281438289332e-10 
  552       3.263934497651e-10 
  553       3.246476772900e-10 
  554       3.229075518775e-10 
  555       3.211741269633e-10 
  556       3.194484691033e-10 
  557       3.177316580286e-10 
  558       3.160247867002e-10 
  559       3.143289613636e-10 
  560       3.126453016033e-10 
  561       3.109749403978e-10 
  562       3.093190241740e-10 
  563       3.076787128618e-10 
  564       3.060551799491e-10 
  565       3.044496125362e-10 
  566       3.028632113903e-10 
  567       3.012971910006e-10 
  568       2.997527796328e-10 
  569       2.982312193836e-10 
  570       2.967337662354e-10 
  571       2.952615369662e-10 
  572       2.938150454779e-10 
  573       2.923946547509e-10 
  574       2.910007289174e-10 
  575       2.896336332598e-10 
  576       2.882937342092e-10 
  577       2.869813993436e-10 
  578       2.856969973863e-10 
  579       2.844408982046e-10 
  580       2.832134728079e-10 
  581       2.820150933461e-10 
  582       2.808461331082e-10 
  583       2.797069665204e-10 
  584       2.785979691448e-10 
  585       2.775195176777e-10 
  586       2.764719899479e-10 
  587       2.754557649151e-10 
  588       2.744712226684e-10 
  589       2.735187444246e-10 
  590       2.725987125267e-10 
  591       2.717115104423e-10 
  592       2.708575227617e-10 
  593       2.700371351967e-10 
  594       2.692507345789e-10 
  595       2.684987088577e-10 
  596       2.677814470994e-10 
  597       2.670993394850e-10 
  598       2.664527773087e-10 
  599       2.658421529766e-10 
  600       2.652678600049e-10 
  601       2.647302930180e-10 
  602       2.642298477476e-10 
  603       2.637669210304e-10 
  604       2.633419108069e-10 
  605       2.629552161195e-10 
  606       2.626072371112e-10 
  607       2.622983750240e-10 
  608       2.620290321968e-10 
  609       2.617996120646e-10 
  610       2.616105191560e-10 
  611       2.614620393359e-10 
  612       2.613539773982e-10 
  613       2.612860108282e-10 
  614       2.612578087371e-10 
  615       2.612690318217e-10 
  616       2.613193323248e-10 
  617       2.614083539945e-10 
  618       2.615357320448e-10 
  619       2.617010931153e-10 
  620       2.619040552312e-10 
  621       2.621442277631e-10 
  622       2.624212113871e-10 
  623       2.627345980450e-10 
  624       2.630839709039e-10 
  625       2.634689043161e-10 
  626       2.638889637796e-10 
  627       2.643437058975e-10 
  628       2.648326783382e-10 
  629       2.653554197955e-10 
  630       2.659114599482e-10 
  631       2.665003194205e-10 
  632       2.671215097416e-10 
  633       2.677745333059e-10 
  634       2.684588833328e-10 
  635       2.691740438267e-10 
  636       2.699194895371e-10 
  637       2.706946859184e-10 
  638       2.714990890900e-10 
  639       2.723321457961e-10 
  640       2.731932933657e-10 
  641       2.740819596729e-10 
  642       2.749975630963e-10 
  643       2.759395124794e-10 
  644       2.769072070903e-10 
  645       2.779000365818e-10 
  646       2.789173809515e-10 
  647       2.799586105013e-10 
  648       2.810230857981e-10 
  649       2.821101576328e-10 
  650       2.832191669812e-10 
  651       2.843494434429e-10 
  652       2.855003006018e-10 
  653       2.866710404827e-10 
  654       2.878609550222e-10 
  655       2.890693260278e-10 
  656       2.902954251378e-10 
  657       2.915385137809e-10 
  658       2.927978431353e-10 
  659       2.940726540886e-10 
  660       2.953621771973e-10 
  661       2.966656326462e-10 
  662       2.979822302081e-10 
  663       2.993111692030e-10 
  664       3.006516384581e-10 
  665       3.020028162670e-10 
  666       3.033638703495e-10 
  667       3.047339578107e-10 
  668       3.061122251009e-10 
  669       3.074978079753e-10 
  670       3.088898314528e-10 
  671       3.102874097765e-10 
  672       3.116896463724e-10 
  673       3.130956338094e-10 
  674       3.145044537588e-10 
  675       3.159151769535e-10 
  676       3.173268631479e-10 
  677       3.187385610775e-10 
  678       3.201493084180e-10 
  679       3.215581317452e-10 
  680       3.229640464943e-10 
  681       3.243660569197e-10 
  682       3.257631560544e-10 
  683       3.271543256692e-10 
  684       3.285385362330e-10 
  685       3.299147468716e-10 
  686       3.312819053276e-10 
  687       3.326389479198e-10 
  688       3.339847995028e-10 
  689       3.353183734267e-10 
  690       3.366385714962e-10 
  691       3.379443887176e-10 
  692       3.392352300456e-10 
  693       3.405106002398e-10 
  694       3.417699996684e-10 
  695       3.430129242943e-10 
  696       3.442388656609e-10 
  697       3.454473108779e-10 
  698       3.466377426071e-10 
  699       3.478096390481e-10 
  700       3.489624739245e-10 
  701       3.500957164694e-10 
  702       3.512088314113e-10 
  703       3.523012789601e-10 
  704       3.533725147927e-10 
  705       3.544219900389e-10 
  706       3.554491512675e-10 
  707       3.564534404715e-10 
  708       3.574342950547e-10 
  709       3.583911478170e-10 
  710       3.593234269404e-10 
  711       3.602305559748e-10 
  712       3.611119538238e-10 
  713       3.619670347308e-10 
  714       3.627952082643e-10 
  715       3.635958793043e-10 
  716       3.643684480279e-10 
  717       3.651123098948e-10 
  718       3.658268556337e-10 
  719       3.665114712278e-10 
  720       3.671655379006e-10 
  721       3.677884321021e-10 
  722       3.683795254941e-10 
  723       3.689381849364e-10 
  724       3.694637724725e-10 
  725       3.699556453154e-10 
  726       3.704131558335e-10 
  727       3.708356515366e-10 
  728       3.712224750613e-10 
  729       3.715729641572e-10 
  730       3.718864516727e-10 
  731       3.721623894784e-10 
  732       3.724007229807e-10 
  733       3.726015240524e-10 
  734       3.727648677855e-10 
  735       3.728908325050e-10 
  736       3.729794997819e-10 
  737       3.730309544477e-10 
  738       3.730452846070e-10 
  739       3.730225816522e-10 
  740       3.729629402764e-10 
  741       3.728664584870e-10 
  742       3.727332376198e-10 
  743       3.725633823525e-10 
  744       3.723570007178e-10 
  745       3.721142041178e-10 
  746       3.718351073370e-10 
  747       3.715198285563e-10 
  748       3.711684893666e-10 
  749       3.707812147821e-10 
  750       3.703581332542e-10 
  751       3.698993766853e-10 
  752       3.694050804420e-10 
  753       3.688753833689e-10 
  754       3.683104278024e-10 
  755       3.677103595841e-10 
  756       3.670753280745e-10 
  757       3.664054861667e-10 
  758       3.657009902999e-10 
  759       3.649620004730e-10 
  760       3.641886802585e-10 
  761       3.633811968158e-10 
  762       3.625397209050e-10 
  763       3.616644269004e-10 
  764       3.607554928044e-10 
  765       3.598131002607e-10 
  766       3.588374345684e-10 
  767       3.578286846951e-10 
  768       3.567870432911e-10 
  769       3.557127067025e-10 
  770       3.546058749853e-10 
  771       3.534668057945e-10 
  772       3.522959771438e-10 
  773       3.510939277528e-10 
  774       3.498612034747e-10 
  775       3.485983573207e-10 
  776       3.473059494845e-10 
  777       3.459845473666e-10 
  778       3.446347255992e-10 
  779       3.432570660703e-10 
  780       3.418521579483e-10 
  781       3.404205977067e-10 
  782       3.389629891483e-10 
  783       3.374799434297e-10 
  784       3.359720790861e-10 
  785       3.344400220555e-10 
  786       3.328844057031e-10 
  787       3.313058708461e-10 
  788       3.297050657780e-10 
  789       3.280826462931e-10 
  790       3.264392757111e-10 
  791       3.247756249014e-10 
  792       3.230923723077e-10 
  793       3.213902039725e-10 
  794       3.196698135614e-10 
  795       3.179319023881e-10 
  796       3.161771794381e-10 
  797       3.144063613940e-10 
  798       3.126201726593e-10 
  799       3.108193453835e-10 
  800       3.090046194859e-10 
  801       3.071767426808e-10 
  802       3.053364705015e-10 
  803       3.034845663249e-10 
  804       3.016218013963e-10 
  805       2.997489548533e-10 
  806       2.978668137507e-10 
  807       2.959761730850e-10 
  808       2.940778358186e-10 
  809       2.921726129046e-10 
  810       2.902613233112e-10 
  811       2.883447491825e-10 
  812       2.864235003882e-10 
  813       2.844981475851e-10 
  814       2.825692668764e-10 
  815       2.806374398279e-10 
  816       2.787032534843e-10 
  817       2.767673003854e-10 
  818       2.748301785826e-10 
  819       2.728924916550e-10 
  820       2.709548487261e-10 
  821       2.690178644796e-10 
  822       2.670821591760e-10 
  823       2.651483586690e-10 
  824       2.632170944214e-10 
  825       2.612890035221e-10 
  826       2.593647287016e-10 
  827       2.574449183491e-10 
  828       2.555302265280e-10 
  829       2.536213129932e-10 
  830       2.517188432062e-10 
  831       2.498234883527e-10 
  832       2.479359253579e-10 
  833       2.460568369032e-10 
  834       2.441869114427e-10 
  835       2.423268432191e-10 
  836       2.404773322804e-10 
  837       2.386390844960e-10 
  838       2.368128115730e-10 
  839       2.349992310725e-10 
  840       2.331990664262e-10 
  841       2.314130469523e-10 
  842       2.296419078720e-10 
  843       2.278863903260e-10 
  844       2.261472413904e-10 
  845       2.244252140934e-10 
  846       2.227210674313e-10 
  847       2.210355663851e-10 
  848       2.193694819365e-10 
  849       2.177235910847e-10 
  850       2.160986768621e-10 
  851       2.144954288864e-10 
  852       2.129141431122e-10 
  853       2.113550169621e-10 
  854       2.098182483240e-10 
  855       2.083040355511e-10 
  856       2.068125774618e-10 
  857       2.053440733394e-10 
  858       2.038987229324e-10 
  859       2.024767264536e-10 
  860       2.010782845807e-10 
  861       1.997035984556e-10 
  862       1.983528696846e-10 
  863       1.970263003381e-10 
  864       1.957240929505e-10 
  865       1.944464505198e-10 
  866       1.931935765080e-10 
  867       1.919656748404e-10 
  868       1.907629499058e-10 
  869       1.895856065561e-10 
  870       1.884338501063e-10 
  871       1.873078863343e-10 
  872       1.862079214810e-10 
  873       1.851341622497e-10 
  874       1.840868158061e-10 
  875       1.830660897784e-10 
  876       1.820721922569e-10 
  877       1.811053317940e-10 
  878       1.801657174038e-10 
  879       1.792535585623e-10 
  880       1.783690652070e-10 
  881       1.775124477367e-10 
  882       1.766839170118e-10 
  883       1.758836843534e-10 
  884       1.751119615440e-10 
  885       1.743689608266e-10 
  886       1.736548949050e-10 
  887       1.729699769435e-10 
  888       1.723144205668e-10 
  889       1.716884398599e-10 
  890       1.710922493676e-10 
  891       1.705259858649e-10 
  892       1.699894722609e-10 
  893       1.694824498258e-10 
  894       1.690046560585e-10 
  895       1.685558246742e-10 
  896       1.681356855928e-10 
  897       1.677439649269e-10 
  898       1.673803849697e-10 
  899       1.670446641830e-10 
  900       1.667365171857e-10 
  901       1.664556547410e-10 
  902       1.662017837454e-10 
  903       1.659746072161e-10 
  904       1.657738242789e-10 
  905       1.655991301571e-10 
  906       1.654502161586e-10 
  907       1.653267696643e-10 
  908       1.652284741164e-10 
  909       1.651550090060e-10 
  910       1.651060498614e-10 
  911       1.650812682362e-10 
  912       1.650803316970e-10 
  913       1.651029038118e-10 
  914       1.651486441377e-10 
  915       1.652172082094e-10 
  916       1.653082475268e-10 
  917       1.654214095432e-10 
  918       1.655563376533e-10 
  919       1.657126711816e-10 
  920       1.658900453696e-10 
  921       1.660880913649e-10 
  922       1.663064362082e-10 
  923       1.665447028222e-10 
  924       1.668025099991e-10 
  925       1.670794723889e-10 
  926       1.673752004872e-10 
  927       1.676893006237e-10 
  928       1.680213749495e-10 
  929       1.683710214259e-10 
  930       1.687378338120e-10 
  931       1.691213945847e-10 
  932       1.695212536004e-10 
  933       1.699369490751e-10 
  934       1.703680146090e-10 
  935       1.708139791735e-10 
  936       1.712743670986e-10 
  937       1.717486980596e-10 
  938       1.722364870644e-10 
  939       1.727372444403e-10 
  940       1.732504758216e-10 
  941       1.737756821360e-10 
  942       1.743123595920e-10 
  943       1.748599996659e-10 
  944       1.754180890891e-10 
  945       1.759861098346e-10 
  946       1.765635391047e-10 
  947       1.771498493176e-10 
  948       1.777445080946e-10 
  949       1.783469782474e-10 
  950       1.789567177647e-10 
  951       1.795731797996e-10 
  952       1.801958126567e-10 
  953       1.808240597787e-10 
  954       1.814573597341e-10 
  955       1.820951462039e-10 
  956       1.827368479686e-10 
  957       1.833818888954e-10 
  958       1.840296879253e-10 
  959       1.846796590600e-10 
  960       1.853312113492e-10 
  961       1.859837488774e-10 
  962       1.866366707510e-10 
  963       1.872893710857e-10 
  964       1.879412389930e-10 
  965       1.885916585679e-10 
  966       1.892400088752e-10 
  967       1.898856639373e-10 
  968       1.905279927208e-10 
  969       1.911663591238e-10 
  970       1.918001219629e-10 
  971       1.924286927894e-10 
  972       1.930517103183e-10 
  973       1.936688685971e-10 
  974       1.942798594093e-10 
  975       1.948843722684e-10 
  976       1.954820944125e-10 
  977       1.960727107986e-10 
  978       1.966559040973e-10 
  979       1.972313546866e-10 
  980       1.977987406469e-10 
  981       1.983577377554e-10 
  982       1.989080194799e-10 
  983       1.994492569741e-10 
  984       1.999811190712e-10 
  985       2.005032722789e-10 
  986       2.010153807734e-10 
  987       2.015171063941e-10 
  988       2.020081086379e-10 
  989       2.024880446537e-10 
  990       2.029565692365e-10 
  991       2.034133348222e-10 
  992       2.038579914820e-10 
  993       2.042901869164e-10 
  994       2.047095664501e-10 
  995       2.051157730262e-10 
  996       2.055084472003e-10 
  997       2.058872271357e-10 
  998       2.062517485971e-10 
  999       2.066016449452e-10 
 1000       2.069365471313e-10 
 1001       2.072560836915e-10 
 1002       2.075598807412e-10 
 1003       2.078475619697e-10 
 1004       2.081187486341e-10 
 1005       2.083730595543e-10 
 1006       2.086101111071e-10 
 1007       2.088295172205e-10 
 1008       2.090308893686e-10 
 1009       2.092138365653e-10 
 1010       2.093779653595e-10 
 1011       2.095229525397e-10 
 1012       2.096487644129e-10 
 1013       2.097554406827e-10 
 1014       2.098430220294e-10 
 1015       2.099115501126e-10 
 1016       2.099610675740e-10 
 1017       2.099916180405e-10 
 1018       2.100032461271e-10 
 1019       2.099959974400e-10 
 1020       2.099699185792e-10 
 1021       2.099250571419e-10 
 1022       2.098614617250e-10 
 1023       2.097791819282e-10 
 1024       2.096782683571e-10 
 1025       2.095587726260e-10 
 1026       2.094207473606e-10 
 1027       2.092642462017e-10 
 1028       2.090893238071e-10 
 1029       2.088960358554e-10 
 1030       2.086844390486e-10 
 1031       2.084545911149e-10 
 1032       2.082065508119e-10 
 1033       2.079403779296e-10 
 1034       2.076561332928e-10 
 1035       2.073538787649e-10 
 1036       2.070336772499e-10 
 1037       2.066955926962e-10 
 1038       2.063396900989e-10 
 1039       2.059660355032e-10 
 1040       2.055746960069e-10 
 1041       2.051657397637e-10 
 1042       2.047392359862e-10 
 1043       2.042952549483e-10 
 1044       2.038338679887e-10 
 1045       2.033551475137e-10 
 1046       2.028591670001e-10 
 1047       2.023460009978e-10 
 1048       2.018157251335e-10 
 1049       2.012684161129e-10 
 1050       2.007041517242e-10 
 1051       2.001230473169e-10 
 1052       1.995253657894e-10 
 1053       1.989114091361e-10 
 1054       1.982814821172e-10 
 1055       1.976358922649e-10 
 1056       1.969749498910e-10 
 1057       1.962989680932e-10 
 1058       1.956082627625e-10 
 1059       1.949031525896e-10 
 1060       1.941839590724e-10 
 1061       1.934510065222e-10 
 1062       1.927046220713e-10 
 1063       1.919451356793e-10 
 1064       1.911728801405e-10 
 1065       1.903881910903e-10 
 1066       1.895914070127e-10 
 1067       1.887828692465e-10 
 1068       1.879629219929e-10 
 1069       1.871319123220e-10 
 1070       1.862901901796e-10 
 1071       1.854381083944e-10 
 1072       1.845760226847e-10 
 1073       1.837042916655e-10 
 1074       1.828232768553e-10 
 1075       1.819333426827e-10 
 1076       1.810348564938e-10 
 1077       1.801281885589e-10 
 1078       1.792137120793e-10 
 1079       1.782918031942e-10 
 1080       1.773628409878e-10 
 1081       1.764272074961e-10 
 1082       1.754852877136e-10 
 1083       1.745374696005e-10 
 1084       1.735841440896e-10 
 1085       1.726257050929e-10 
 1086       1.716625495087e-10 
 1087       1.706950772285e-10 
 1088       1.697236911439e-10 
 1089       1.687487971535e-10 
 1090       1.677708041698e-10 
 1091       1.667901057251e-10 
 1092       1.658070245066e-10 
 1093       1.648218670920e-10 
 1094       1.638349422885e-10 
 1095       1.628465611376e-10 
 1096       1.618570369204e-10 
 1097       1.608666851621e-10 
 1098       1.598758236378e-10 
 1099       1.588847723769e-10 
 1100       1.578938536684e-10 
 1101       1.569033920662e-10 
 1102       1.559137143937e-10 
 1103       1.549251497489e-10 
 1104       1.539380295100e-10 
 1105       1.529526873397e-10 
 1106       1.519694591908e-10 
 1107       1.509886833107e-10 
 1108       1.500107002473e-10 
 1109       1.490358528530e-10 
 1110       1.480644862907e-10 
 1111       1.470969480381e-10 
 1112       1.461335878932e-10 
 1113       1.451747579794e-10 
 1114       1.442208127501e-10 
 1115       1.432721089940e-10 
 1116       1.423290058404e-10 
 1117       1.413918647638e-10 
 1118       1.404610495891e-10 
 1119       1.395369264971e-10 
 1120       1.386198640286e-10 
 1121       1.377102330904e-10 
 1122       1.368084069597e-10 
 1123       1.359147612895e-10 
 1124       1.350296741136e-10 
 1125       1.341535258514e-10 
 1126       1.332866993133e-10 
 1127       1.324295797055e-10 
 1128       1.315825546351e-10 
 1129       1.307460141152e-10 
 1130       1.299203505699e-10 
 1131       1.291059084668e-10 
 1132       1.283028324909e-10 
 1133       1.275112174192e-10 
 1134       1.267311583152e-10 
 1135       1.259627505296e-10 
 1136       1.252060897006e-10 
 1137       1.244612717539e-10 
 1138       1.237283929036e-10 
 1139       1.230075496518e-10 
 1140       1.222988387896e-10 
 1141       1.216023573971e-10 
 1142       1.209182028437e-10 
 1143       1.202464727886e-10 
 1144       1.195872651808e-10 
 1145       1.189406782599e-10 
 1146       1.183068105560e-10 
 1147       1.176857608903e-10 
 1148       1.170776283754e-10 
 1149       1.164825124152e-10 
 1150       1.159005127059e-10 
 1151       1.153317292360e-10 
 1152       1.147762622864e-10 
 1153       1.142342124312e-10 
 1154       1.137056805377e-10 
 1155       1.131907677666e-10 
 1156       1.126895755728e-10 
 1157       1.122022057053e-10 
 1158       1.117287602079e-10 
 1159       1.112693414189e-10 
 1160       1.108240519723e-10 
 1161       1.103929947972e-10 
 1162       1.099762731190e-10 
 1163       1.095739904591e-10 
 1164       1.091862506353e-10 
 1165       1.088131577626e-10 
 1166       1.084548162530e-10 
 1167       1.081113308159e-10 
 1168       1.077828064588e-10 
 1169       1.074693484871e-10 
 1170       1.071710625049e-10 
 1171       1.068880120581e-10 
 1172       1.066200909861e-10 
 1173       1.063671494776e-10 
 1174       1.061290362797e-10 
 1175       1.059055986943e-10 
 1176       1.056966825754e-10 
 1177       1.055021323248e-10 
 1178       1.053217908893e-10 
 1179       1.051554997573e-10 
 1180       1.050030989551e-10 
 1181       1.048644270440e-10 
 1182       1.047393211165e-10 
 1183       1.046276167930e-10 
 1184       1.045291482186e-10 
 1185       1.044437480596e-10 
 1186       1.043712475002e-10 
 1187       1.043114762389e-10 
 1188       1.042642624856e-10 
 1189       1.042294329576e-10 
 1190       1.042068128766e-10 
 1191       1.041962259654e-10 
 1192       1.041974944442e-10 
 1193       1.042104390275e-10 
 1194       1.042348789205e-10 
 1195       1.042706318162e-10 
 1196       1.043175138911e-10 
 1197       1.043753398029e-10 
 1198       1.044439226863e-10 
 1199       1.045230741501e-10 
 1200       1.046126042735e-10 
 1201       1.047123216030e-10 
 1202       1.048220331490e-10 
 1203       1.049415443819e-10 
 1204       1.050706592297e-10 
 1205       1.052091800736e-10 
 1206       1.053569077453e-10 
 1207       1.055136415235e-10 
 1208       1.056791791303e-10 
 1209       1.058533167278e-10 
 1210       1.060358489152e-10 
 1211       1.062265622246e-10 
 1212       1.064252155306e-10 
 1213       1.066315593977e-10 
 1214       1.068453425554e-10 
 1215       1.070663118940e-10 
 1216       1.072942124609e-10 
 1217       1.075287874567e-10 
 1218       1.077697782311e-10 
 1219       1.080169242792e-10 
 1220       1.082699632375e-10 
 1221       1.085286308801e-10 
 1222       1.087926611145e-10 
 1223       1.090617859780e-10 
 1224       1.093357356337e-10 
 1225       1.096142383665e-10 
 1226       1.098970205793e-10 
 1227       1.101838067890e-10 
 1228       1.104743196227e-10 
 1229       1.107682798137e-10 
 1230       1.110654061976e-10 
 1231       1.113654157083e-10 
 1232       1.116680233745e-10 
 1233       1.119729423153e-10 
 1234       1.122798837364e-10 
 1235       1.125885569264e-10 
 1236       1.128986692527e-10 
 1237       1.132099261577e-10 
 1238       1.135220311549e-10 
 1239       1.138346858248e-10 
 1240       1.141475898112e-10 
 1241       1.144604408172e-10 
 1242       1.147729346013e-10 
 1243       1.150847649736e-10 
 1244       1.153956237916e-10 
 1245       1.157052009566e-10 
 1246       1.160131844097e-10 
 1247       1.163192601278e-10 
 1248       1.166231121198e-10 
 1249       1.169244224225e-10 
 1250       1.172228710969e-10 
 1251       1.175181638013e-10 
 1252       1.178101148698e-10 
 1253       1.180985651967e-10 
 1254       1.183833547460e-10 
 1255       1.186643225494e-10 
 1256       1.189413067043e-10 
 1257       1.192141443728e-10 
 1258       1.194826717788e-10 
 1259       1.197467242071e-10 
 1260       1.200061360013e-10 
 1261       1.202607405618e-10 
 1262       1.205103703444e-10 
 1263       1.207548568580e-10 
 1264       1.209940306634e-10 
 1265       1.212277213711e-10 
 1266       1.214557576393e-10 
 1267       1.216779671729e-10 
 1268       1.218941767209e-10 
 1269       1.221042120750e-10 
 1270       1.223078980676e-10 
 1271       1.225050585702e-10 
 1272       1.226955164917e-10 
 1273       1.228790937760e-10 
 1274       1.230556114011e-10 
 1275       1.232248893765e-10 
 1276       1.233867467419e-10 
 1277       1.235410015651e-10 
 1278       1.236874709405e-10 
 1279       1.238259709870e-10 
 1280       1.239563168465e-10 
 1281       1.240783226818e-10 
 1282       1.241918016750e-10 
 1283       1.242965660258e-10 
 1284       1.243924269494e-10 
 1285       1.244791946749e-10 
 1286       1.245566784435e-10 
 1287       1.246246865066e-10 
 1288       1.246830261243e-10 
 1289       1.247315035630e-10 
 1290       1.247699240943e-10 
 1291       1.247981290102e-10 
 1292       1.248161071320e-10 
 1293       1.248238845607e-10 
 1294       1.248214877750e-10 
 1295       1.248089436323e-10 
 1296       1.247862793695e-10 
 1297       1.247535226038e-10 
 1298       1.247107013336e-10 
 1299       1.246578439394e-10 
 1300       1.245949791846e-10 
 1301       1.245221362166e-10 
 1302       1.244393445673e-10 
 1303       1.243466341541e-10 
 1304       1.242440352810e-10 
 1305       1.241315786393e-10 
 1306       1.240092953082e-10 
 1307       1.238772167562e-10 
 1308       1.237353748414e-10 
 1309       1.235838018129e-10 
 1310       1.234225303113e-10 
 1311       1.232515933698e-10 
 1312       1.230710244147e-10 
 1313       1.228808572667e-10 
 1314       1.226811261416e-10 
 1315       1.224718656511e-10 
 1316       1.222531108037e-10 
 1317       1.220248970057e-10 
 1318       1.217872600617e-10 
 1319       1.215402361760e-10 
 1320       1.212838619530e-10 
 1321       1.210181743983e-10 
 1322       1.207432109195e-10 
 1323       1.204590093272e-10 
 1324       1.201656078356e-10 
 1325       1.198630450636e-10 
 1326       1.195513600356e-10 
 1327       1.192305921822e-10 
 1328       1.189007813414e-10 
 1329       1.185619677592e-10 
 1330       1.182141920906e-10 
 1331       1.178575153003e-10 
 1332       1.174920786032e-10 
 1333       1.171180441839e-10 
 1334       1.167355753593e-10 
 1335       1.163448365801e-10 
 1336       1.159459934336e-10 
 1337       1.155392126458e-10 
 1338       1.151246620834e-10 
 1339       1.147025107559e-10 
 1340       1.142729288186e-10 
 1341       1.138360875736e-10 
 1342       1.133921594732e-10 
 1343       1.129413181213e-10 
 1344       1.124837382759e-10 
 1345       1.120195958515e-10 
 1346       1.115490679210e-10 
 1347       1.110723327179e-10 
 1348       1.105895696390e-10 
 1349       1.101009592458e-10 
 1350       1.096066832677e-10 
 1351       1.091069246033e-10 
 1352       1.086018673231e-10 
 1353       1.080916966717e-10 
 1354       1.075765990699e-10 
 1355       1.070567621169e-10 
 1356       1.065323745926e-10 
 1357       1.060036264597e-10 
 1358       1.054707088662e-10 
 1359       1.049338141472e-10 
 1360       1.043931358273e-10 
 1361       1.038488686230e-10 
 1362       1.033012084446e-10 
 1363       1.027503523986e-10 
 1364       1.021964987899e-10 
 1365       1.016398471239e-10 
 1366       1.010805981089e-10 
 1367       1.005189536581e-10 
 1368       9.995511689198e-11 
 1369       9.938929214054e-11 
 1370       9.882168494531e-11 
 1371       9.825249450753e-11 
 1372       9.768189093950e-11 
 1373       9.711003777496e-11 
 1374       9.653709950297e-11 
 1375       9.596324156970e-11 
 1376       9.538863038014e-11 
 1377       9.481343329980e-11 
 1378       9.423781865650e-11 
 1379       9.366195574204e-11 
 1380       9.308601481399e-11 
 1381       9.251016709737e-11 
 1382       9.193458478643e-11 
 1383       9.135944104633e-11 
 1384       9.078491001493e-11 
 1385       9.021116680445e-11 
 1386       8.963838750329e-11 
 1387       8.906674917768e-11 
 1388       8.849642987345e-11 
 1389       8.792760861778e-11 
 1390       8.736046542089e-11 
 1391       8.679518127779e-11 
 1392       8.623193817002e-11 
 1393       8.567091906738e-11 
 1394       8.511230792964e-11 
 1395       8.455628970830e-11 
 1396       8.400305034832e-11 
 1397       8.345277678981e-11 
 1398       8.290565696984e-11 
 1399       8.236187982407e-11 
 1400       8.182163528858e-11 
 1401       8.128511430155e-11 
 1402       8.075250880499e-11 
 1403       8.022401174647e-11 
 1404       7.969981708091e-11 
 1405       7.918011977221e-11 
 1406       7.866511579508e-11 
 1407       7.815500213671e-11 
 1408       7.764997679852e-11 
 1409       7.715023879789e-11 
 1410       7.665598816992e-11 
 1411       7.616740127407e-11 
 1412       7.568455643084e-11 
 1413       7.520750751786e-11 
 1414       7.473630859517e-11 
 1415       7.427101390555e-11 
 1416       7.381167787470e-11 
 1417       7.335835511150e-11 
 1418       7.291110040828e-11 
 1419       7.246996874103e-11 
 1420       7.203501526966e-11 
 1421       7.160629533825e-11 
 1422       7.118386447529e-11 
 1423       7.076777839391e-11 
 1424       7.035809299215e-11 
 1425       6.995486435317e-11 
 1426       6.955814874554e-11 
 1427       6.916800262344e-11 
 1428       6.878448262693e-11 
 1429       6.840764558220e-11 
 1430       6.803754850178e-11 
 1431       6.767424858482e-11 
 1432       6.731780321732e-11 
 1433       6.696826997238e-11 
 1434       6.662570661043e-11 
 1435       6.629017107948e-11 
 1436       6.596172151539e-11 
 1437       6.564041624206e-11 
 1438       6.532631377175e-11 
 1439       6.501947280524e-11 
 1440       6.471995223214e-11 
 1441       6.442781113109e-11 
 1442       6.414310877006e-11 
 1443       6.386590460652e-11 
 1444       6.359625828774e-11 
 1445       6.333422965102e-11 
 1446       6.307987872392e-11 
 1447       6.283326572453e-11 
 1448       6.259445106170e-11 
 1449       6.236349533526e-11 
 1450       6.214045933633e-11 
 1451       6.192538195834e-11 
 1452       6.171821368630e-11 
 1453       6.151888243767e-11 
 1454       6.132731558964e-11 
 1455       6.114343997812e-11 
 1456       6.096718189676e-11 
 1457       6.079846709588e-11 
 1458       6.063722078152e-11 
 1459       6.048336761435e-11 
 1460       6.033683170875e-11 
 1461       6.019753663171e-11 
 1462       6.006540540185e-11 
 1463       5.994036048843e-11 
 1464       5.982232381030e-11 
 1465       5.971121673490e-11 
 1466       5.960696007726e-11 
 1467       5.950947409895e-11 
 1468       5.941867850711e-11 
 1469       5.933449245339e-11 
 1470       5.925683453299e-11 
 1471       5.918562278361e-11 
 1472       5.912077468442e-11 
 1473       5.906220715509e-11 
 1474       5.900983655477e-11 
 1475       5.896357868103e-11 
 1476       5.892334876890e-11 
 1477       5.888906148982e-11 
 1478       5.886063095066e-11 
 1479       5.883797069268e-11 
 1480       5.882099369050e-11 
 1481       5.880961235115e-11 
 1482       5.880373851299e-11 
 1483       5.880328344471e-11 
 1484       5.880815784436e-11 
 1485       5.881827183829e-11 
 1486       5.883353498014e-11 
 1487       5.885385624985e-11 
 1488       5.887914405263e-11 
 1489       5.890930621794e-11 
 1490       5.894424999850e-11 
 1491       5.898387691140e-11 
 1492       5.902806720818e-11 
 1493       5.907669525039e-11 
 1494       5.912963465234e-11 
 1495       5.918675827979e-11 
 1496       5.924793824870e-11 
 1497       5.931304592386e-11 
 1498       5.938195191767e-11 
 1499       5.945452608883e-11 
 1500       5.953063754104e-11 
 1501       5.961015462168e-11 
 1502       5.969294492058e-11 
 1503       5.977887526868e-11 
 1504       5.986781173675e-11 
 1505       5.995961963411e-11 
 1506       6.005416350732e-11 
 1507       6.015130713891e-11 
 1508       6.025091354606e-11 
 1509       6.035284497932e-11 
 1510       6.045696292133e-11 
 1511       6.056312808552e-11 
 1512       6.067120041481e-11 
 1513       6.078103908033e-11 
 1514       6.089250248012e-11 
 1515       6.100544823784e-11 
 1516       6.111973320147e-11 
 1517       6.123521344205e-11 
 1518       6.135174425233e-11 
 1519       6.146918014554e-11 
 1520       6.158737485405e-11 
 1521       6.170618132813e-11 
 1522       6.182545173460e-11 
 1523       6.194503745555e-11 
 1524       6.206478908710e-11 
 1525       6.218455643805e-11 
 1526       6.230418852860e-11 
 1527       6.242353358909e-11 
 1528       6.254243905866e-11 
 1529       6.266075158398e-11 
 1530       6.277831701800e-11 
 1531       6.289499241623e-11 
 1532       6.301068215393e-11 
 1533       6.312530215145e-11 
 1534       6.323876790724e-11 
 1535       6.335099449714e-11 
 1536       6.346189657372e-11 
 1537       6.357138836561e-11 
 1538       6.367938367678e-11 
 1539       6.378579588594e-11 
 1540       6.389053794576e-11 
 1541       6.399352238228e-11 
 1542       6.409466129419e-11 
 1543       6.419386635216e-11 
 1544       6.429104879814e-11 
 1545       6.438611944474e-11 
 1546       6.447898867448e-11 
 1547       6.456956643917e-11 
 1548       6.465776225919e-11 
 1549       6.474348522284e-11 
 1550       6.482664398565e-11 
 1551       6.490714676970e-11 
 1552       6.498490136296e-11 
 1553       6.505981511857e-11 
 1554       6.513179495420e-11 
 1555       6.520074735138e-11 
 1556       6.526657835477e-11 
 1557       6.532919357155e-11 
 1558       6.538849817066e-11 
 1559       6.544439688221e-11 
 1560       6.549679399674e-11 
 1561       6.554559336456e-11 
 1562       6.559069839508e-11 
 1563       6.563201205612e-11 
 1564       6.566943687325e-11 
 1565       6.570287492907e-11 
 1566       6.573222786259e-11 
 1567       6.575739686850e-11 
 1568       6.577828269653e-11 
 1569       6.579478565075e-11 
 1570       6.580680558889e-11 
 1571       6.581425975334e-11 
 1572       6.581713644701e-11 
 1573       6.581544185592e-11 
 1574       6.580918226307e-11 
 1575       6.579836404867e-11 
 1576       6.578299369028e-11 
 1577       6.576307776299e-11 
 1578       6.573862293969e-11 
 1579       6.570963599116e-11 
 1580       6.567612378633e-11 
 1581       6.563809329241e-11 
 1582       6.559555157514e-11 
 1583       6.554850579892e-11 
 1584       6.549696322705e-11 
 1585       6.544093122187e-11 
 1586       6.538041724498e-11 
 1587       6.531542885742e-11 
 1588       6.524597371986e-11 
 1589       6.517205959279e-11 
 1590       6.509369433669e-11 
 1591       6.501088591225e-11 
 1592       6.492364238051e-11 
 1593       6.483197190313e-11 
 1594       6.473588274247e-11 
 1595       6.463538326188e-11 
 1596       6.453048192583e-11 
 1597       6.442118730009e-11 
 1598       6.430750805197e-11 
 1599       6.418945295047e-11 
 1600       6.406703086647e-11 
 1601       6.394025077293e-11 
 1602       6.380912174507e-11 
 1603       6.367365296057e-11 
 1604       6.353385369973e-11 
 1605       6.338973334571e-11 
 1606       6.324130138465e-11 
 1607       6.308856740592e-11 
 1608       6.293154110228e-11 
 1609       6.277023227005e-11 
 1610       6.260465080936e-11 
 1611       6.243481735768e-11 
 1612       6.226079529605e-11 
 1613       6.208265903388e-11 
 1614       6.190048340265e-11 
 1615       6.171434365654e-11 
 1616       6.152431547311e-11 
 1617       6.133047495401e-11 
 1618       6.113289862566e-11 
 1619       6.093166343987e-11 
 1620       6.072684677461e-11 
 1621       6.051852643461e-11 
 1622       6.030678065207e-11 
 1623       6.009168808737e-11 
 1624       5.987332782970e-11 
 1625       5.965177939776e-11 
 1626       5.942712274045e-11 
 1627       5.919943823753e-11 
 1628       5.896880670032e-11 
 1629       5.873530937237e-11 
 1630       5.849902793011e-11 
 1631       5.826004448361e-11 
 1632       5.801844157716e-11 
 1633       5.777430219002e-11 
 1634       5.752770973707e-11 
 1635       5.727874806951e-11 
 1636       5.702750147551e-11 
 1637       5.677405468091e-11 
 1638       5.651849284991e-11 
 1639       5.626090158571e-11 
 1640       5.600136693124e-11 
 1641       5.573997536980e-11 
 1642       5.547681382574e-11 
 1643       5.521196966519e-11 
 1644       5.494553069668e-11 
 1645       5.467758517184e-11 
 1646       5.440822178609e-11 
 1647       5.413752967931e-11 
 1648       5.386559843653e-11 
 1649       5.359251808858e-11 
 1650       5.331837911281e-11 
 1651       5.304327030682e-11 
 1652       5.276727238779e-11 
 1653       5.249046433778e-11 
 1654       5.221292552611e-11 
 1655       5.193473570992e-11 
 1656       5.165597503480e-11 
 1657       5.137672403534e-11 
 1658       5.109706363570e-11 
 1659       5.081707515027e-11 
 1660       5.053684028417e-11 
 1661       5.025644113389e-11 
 1662       4.997596018786e-11 
 1663       4.969548032702e-11 
 1664       4.941508482543e-11 
 1665       4.913485735087e-11 
 1666       4.885488196538e-11 
 1667       4.857524312587e-11 
 1668       4.829602568471e-11 
 1669       4.801731489031e-11 
 1670       4.773919638773e-11 
 1671       4.746175621920e-11 
 1672       4.718508082479e-11 
 1673       4.690925704294e-11 
 1674       4.663437211107e-11 
 1675       4.636051366614e-11 
 1676       4.608776974527e-11 
 1677       4.581622878630e-11 
 1678       4.554597962841e-11 
 1679       4.527711151265e-11 
 1680       4.500971408257e-11 
 1681       4.474387738480e-11 
 1682       4.447969186964e-11 
 1683       4.421724839161e-11 
 1684       4.395663821008e-11 
 1685       4.369795298983e-11 
 1686       4.344128480166e-11 
 1687       4.318672612294e-11 
 1688       4.293436983822e-11 
 1689       4.268430923983e-11 
 1690       4.243663802844e-11 
 1691       4.219143935067e-11 
 1692       4.194875280709e-11 
 1693       4.170860715995e-11 
 1694       4.147103127033e-11 
 1695       4.123605409832e-11 
 1696       4.100370470312e-11 
 1697       4.077401224316e-11 
 1698       4.054700597623e-11 
 1699       4.032271525962e-11 
 1700       4.010116955024e-11 
 1701       3.988239840472e-11 
 1702       3.966643147958e-11 
 1703       3.945329853132e-11 
 1704       3.924302941659e-11 
 1705       3.903565409224e-11 
 1706       3.883120261554e-11 
 1707       3.862970514424e-11 
 1708       3.843119193670e-11 
 1709       3.823569335206e-11 
 1710       3.804323985032e-11 
 1711       3.785386199250e-11 
 1712       3.766759044073e-11 
 1713       3.748445595843e-11 
 1714       3.730448941036e-11 
 1715       3.712772176283e-11 
 1716       3.695418408376e-11 
 1717       3.678390754284e-11 
 1718       3.661692341165e-11 
 1719       3.645326306378e-11 
 1720       3.629295797498e-11 
 1721       3.613603972323e-11 
 1722       3.598253998894e-11 
 1723       3.583249055501e-11 
 1724       3.568592330701e-11 
 1725       3.554287023328e-11 
 1726       3.540336342503e-11 
 1727       3.526743507652e-11 
 1728       3.513511748516e-11 
 1729       3.500644305163e-11 
 1730       3.488144428002e-11 
 1731       3.476014319222e-11 
 1732       3.464251947310e-11 
 1733       3.452854205633e-11 
 1734       3.441817968536e-11 
 1735       3.431140091311e-11 
 1736       3.420817410170e-11 
 1737       3.410846742210e-11 
 1738       3.401224885391e-11 
 1739       3.391948618499e-11 
 1740       3.383014701119e-11 
 1741       3.374419873609e-11 
 1742       3.366160857062e-11 
 1743       3.358234353283e-11 
 1744       3.350637044760e-11 
 1745       3.343365594626e-11 
 1746       3.336416646639e-11 
 1747       3.329786825146e-11 
 1748       3.323472735057e-11 
 1749       3.317470961811e-11 
 1750       3.311778071351e-11 
 1751       3.306390610090e-11 
 1752       3.301305104884e-11 
 1753       3.296518063003e-11 
 1754       3.292025972098e-11 
 1755       3.287825300174e-11 
 1756       3.283912495557e-11 
 1757       3.280283986870e-11 
 1758       3.276936182997e-11 
 1759       3.273865473058e-11 
 1760       3.271068226375e-11 
 1761       3.268540792447e-11 
 1762       3.266279500916e-11 
 1763       3.264280661540e-11 
 1764       3.262540564161e-11 
 1765       3.261055478678e-11 
 1766       3.259821655015e-11 
 1767       3.258835323093e-11 
 1768       3.258092692798e-11 
 1769       3.257589953952e-11 
 1770       3.257323276287e-11 
 1771       3.257288482783e-11 
 1772       3.257480066826e-11 
 1773       3.257892166868e-11 
 1774       3.258518892285e-11 
 1775       3.259354323325e-11 
 1776       3.260392511070e-11 
 1777       3.261627477392e-11 
 1778       3.263053214914e-11 
 1779       3.264663686964e-11 
 1780       3.266452827534e-11 
 1781       3.268414541239e-11 
 1782       3.270542703275e-11 
 1783       3.272831159372e-11 
 1784       3.275273725758e-11 
 1785       3.277864189114e-11 
 1786       3.280596306532e-11 
 1787       3.283463805471e-11 
 1788       3.286460383718e-11 
 1789       3.289579709344e-11 
 1790       3.292815420660e-11 
 1791       3.296161126181e-11 
 1792       3.299610404575e-11 
 1793       3.303156804627e-11 
 1794       3.306793845196e-11 
 1795       3.310515015169e-11 
 1796       3.314313773426e-11 
 1797       3.318183548788e-11 
 1798       3.322117739984e-11 
 1799       3.326109715602e-11 
 1800       3.330152814053e-11 
 1801       3.334240343521e-11 
 1802       3.338365581930e-11 
 1803       3.342521776892e-11 
 1804       3.346702145673e-11 
 1805       3.350899875146e-11 
 1806       3.355108121751e-11 
 1807       3.359320011450e-11 
 1808       3.363528639689e-11 
 1809       3.367727071353e-11 
 1810       3.371908340722e-11 
 1811       3.376065935464e-11 
 1812       3.380195252954e-11 
 1813       3.384292155636e-11 
 1814       3.388352488037e-11 
 1815       3.392372076741e-11 
 1816       3.396346730363e-11 
 1817       3.400272239531e-11 
 1818       3.404144376852e-11 
 1819       3.407958896895e-11 
 1820       3.411711536165e-11 
 1821       3.415398013075e-11 
 1822       3.419014027925e-11 
 1823       3.422555262876e-11 
 1824       3.426017381925e-11 
 1825       3.429396030883e-11 
 1826       3.432686837348e-11 
 1827       3.435885410679e-11 
 1828       3.438987341978e-11 
 1829       3.441988204056e-11 
 1830       3.444883551417e-11 
 1831       3.447668920229e-11 
 1832       3.450339828300e-11 
 1833       3.452891775055e-11 
 1834       3.455320241510e-11 
 1835       3.457620690246e-11 
 1836       3.459788565389e-11 
 1837       3.461819292581e-11 
 1838       3.463708278958e-11 
 1839       3.465450913126e-11 
 1840       3.467042565131e-11 
 1841       3.468478586444e-11 
 1842       3.469754309926e-11 
 1843       3.470865049813e-11 
 1844       3.471806101684e-11 
 1845       3.472572742440e-11 
 1846       3.473160230280e-11 
 1847       3.473563804675e-11 
 1848       3.473778686344e-11 
 1849       3.473800077228e-11 
 1850       3.473623160468e-11 
 1851       3.473243907419e-11 
 1852       3.472661505716e-11 
 1853       3.471875950359e-11 
 1854       3.470887238414e-11 
 1855       3.469695369017e-11 
 1856       3.468300343385e-11 
 1857       3.466702164809e-11 
 1858       3.464900838666e-11 
 1859       3.462896372420e-11 
 1860       3.460688775625e-11 
 1861       3.458278059928e-11 
 1862       3.455664239077e-11 
 1863       3.452847328918e-11 
 1864       3.449827347405e-11 
 1865       3.446604314601e-11 
 1866       3.443178252681e-11 
 1867       3.439549185936e-11 
 1868       3.435717140780e-11 
 1869       3.431682145748e-11 
 1870       3.427444231504e-11 
 1871       3.423003430843e-11 
 1872       3.418359778696e-11 
 1873       3.413513312132e-11 
 1874       3.408464070364e-11 
 1875       3.403212094748e-11 
 1876       3.397757428794e-11 
 1877       3.392100118163e-11 
 1878       3.386240210674e-11 
 1879       3.380177756308e-11 
 1880       3.373912807211e-11 
 1881       3.367445417695e-11 
 1882       3.360775644248e-11 
 1883       3.353903545531e-11 
 1884       3.346829182386e-11 
 1885       3.339552617839e-11 
 1886       3.332073917101e-11 
 1887       3.324393147577e-11 
 1888       3.316510378864e-11 
 1889       3.308425682757e-11 
 1890       3.300139133256e-11 
 1891       3.291651340948e-11 
 1892       3.282965060686e-11 
 1893       3.274083596363e-11 
 1894       3.265010267679e-11 
 1895       3.255748410160e-11 
 1896       3.246301375184e-11 
 1897       3.236672530000e-11 
 1898       3.226865257747e-11 
 1899       3.216882957483e-11 
 1900       3.206729044199e-11 
 1901       3.196406948845e-11 
 1902       3.185920118351e-11 
 1903       3.175272015648e-11 
 1904       3.164466119689e-11 
 1905       3.153505925471e-11 
 1906       3.142394944060e-11 
 1907       3.131136702606e-11 
 1908       3.119734744372e-11 
 1909       3.108192628748e-11 
 1910       3.096513931279e-11 
 1911       3.084702243685e-11 
 1912       3.072761173881e-11 
 1913       3.060694345998e-11 
 1914       3.048505400408e-11 
 1915       3.036197993744e-11 
 1916       3.023775798921e-11 
 1917       3.011242505157e-11 
 1918       2.998601817997e-11 
 1919       2.985857459333e-11 
 1920       2.973013167426e-11 
 1921       2.960072696928e-11 
 1922       2.947039818902e-11 
 1923       2.933918320847e-11 
 1924       2.920712006716e-11 
 1925       2.907424696939e-11 
 1926       2.894060228447e-11 
 1927       2.880622454688e-11 
 1928       2.867115245655e-11 
 1929       2.853542487903e-11 
 1930       2.839908084574e-11 
 1931       2.826215919672e-11 
 1932       2.812469750559e-11 
 1933       2.798673314688e-11 
 1934       2.784830365296e-11 
 1935       2.770944671419e-11 
 1936       2.757020017918e-11 
 1937       2.743060205496e-11 
 1938       2.729069050722e-11 
 1939       2.715050386047e-11 
 1940       2.701008059828e-11 
 1941       2.686945936346e-11 
 1942       2.672867895828e-11 
 1943       2.658777834469e-11 
 1944       2.644679664449e-11 
 1945       2.630577313955e-11 
 1946       2.616474727203e-11 
 1947       2.602375864456e-11 
 1948       2.588284702047e-11 
 1949       2.574205232395e-11 
 1950       2.560141464032e-11 
 1951       2.546097421620e-11 
 1952       2.532077145969e-11 
 1953       2.518084694062e-11 
 1954       2.504124139074e-11 
 1955       2.490199570391e-11 
 1956       2.476315093631e-11 
 1957       2.462474830666e-11 
 1958       2.448682919642e-11 
 1959       2.434943514998e-11 
 1960       2.421260787488e-11 
 1961       2.407638924201e-11 
 1962       2.394082128582e-11 
 1963       2.380594620450e-11 
 1964       2.367180636023e-11 
 1965       2.353844427935e-11 
 1966       2.340590265255e-11 
 1967       2.327422433515e-11 
 1968       2.314345234721e-11 
 1969       2.301362987379e-11 
 1970       2.288480026516e-11 
 1971       2.275700240469e-11 
 1972       2.263025677471e-11 
 1973       2.250457928756e-11 
 1974       2.237998590863e-11 
 1975       2.225649265634e-11 
 1976       2.213411560226e-11 
 1977       2.201287087114e-11 
 1978       2.189277464097e-11 
 1979       2.177384314308e-11 
 1980       2.165609266215e-11 
 1981       2.153953953630e-11 
 1982       2.142420015715e-11 
 1983       2.131009096989e-11 
 1984       2.119722847331e-11 
 1985       2.108562921990e-11 
 1986       2.097530981589e-11 
 1987       2.086628692132e-11 
 1988       2.075857725009e-11 
 1989       2.065219757005e-11 
 1990       2.054716470302e-11 
 1991       2.044349552489e-11 
 1992       2.034120696566e-11 
 1993       2.024031600951e-11 
 1994       2.014083969486e-11 
 1995       2.004279511443e-11 
 1996       1.994619941532e-11 
 1997       1.985106979902e-11 
 1998       1.975742352154e-11 
 1999       1.966527789344e-11 
 2000       1.957465027986e-11 
 2001       1.948555810065e-11 
 2002       1.939801883038e-11 
 2003       1.931204999840e-11 
 2004       1.922766918894e-11 
 2005       1.914489404116e-11 
 2006       1.906374224917e-11 
 2007       1.898423156216e-11 
 2008       1.890637978439e-11 
 2009       1.883020477532e-11 
 2010       1.875572444963e-11 
 2011       1.868295181980e-11 
 2012       1.861188008437e-11 
 2013       1.854249743127e-11 
 2014       1.847479198537e-11 
 2015       1.840875180841e-11 
 2016       1.834436489889e-11 
 2017       1.828161919200e-11 
 2018       1.822050255955e-11 
 2019       1.816100280985e-11 
 2020       1.810310768764e-11 
 2021       1.804680487402e-11 
 2022       1.799208198634e-11 
 2023       1.793892657813e-11 
 2024       1.788732613903e-11 
 2025       1.783726809465e-11 
 2026       1.778873980655e-11 
 2027       1.774172857211e-11 
 2028       1.769622162448e-11 
 2029       1.765220613245e-11 
 2030       1.760966920042e-11 
 2031       1.756859786826e-11 
 2032       1.752897911125e-11 
 2033       1.749079984002e-11 
 2034       1.745404690042e-11 
 2035       1.741870707347e-11 
 2036       1.738476707522e-11 
 2037       1.735221355676e-11 
 2038       1.732103310405e-11 
 2039       1.729121223785e-11 
 2040       1.726273741369e-11 
 2041       1.723559502169e-11 
 2042       1.720977138658e-11 
 2043       1.718525276754e-11 
 2044       1.716202535813e-11 
 2045       1.714007528623e-11 
 2046       1.711938861393e-11 
 2047       1.709995133744e-11 
 2048       1.708174938705e-11 
 2049       1.706476862699e-11 
 2050       1.704899485537e-11 
 2051       1.703441186809e-11 
 2052       1.702099563570e-11 
 2053       1.700872008482e-11 
 2054       1.699755903021e-11 
 2055       1.698748617466e-11 
 2056       1.697847510880e-11 
 2057       1.697049931102e-11 
 2058       1.696353214728e-11 
 2059       1.695754687100e-11 
 2060       1.695251662290e-11 
 2061       1.694841443088e-11 
 2062       1.694521320986e-11 
 2063       1.694288576164e-11 
 2064       1.694140477478e-11 
 2065       1.694074282444e-11 
 2066       1.694087237226e-11 
 2067       1.694176576618e-11 
 2068       1.694339524035e-11 
 2069       1.694573291496e-11 
 2070       1.694875079609e-11 
 2071       1.695242077560e-11 
 2072       1.695671463098e-11 
 2073       1.696160402519e-11 
 2074       1.696706050653e-11 
 2075       1.697305550851e-11 
 2076       1.697956034972e-11 
 2077       1.698654623365e-11 
 2078       1.699398424857e-11 
 2079       1.700184536741e-11 
 2080       1.701010044759e-11 
 2081       1.701872023090e-11 
 2082       1.702767534333e-11 
 2083       1.703693629497e-11 
 2084       1.704647347984e-11 
 2085       1.705625717578e-11 
 2086       1.706625754426e-11 
 2087       1.707644463028e-11 
 2088       1.708678836223e-11 
 2089       1.709725855172e-11 
 2090       1.710782489348e-11 
 2091       1.711845869249e-11 
 2092       1.712913805915e-11 
 2093       1.713984275021e-11 
 2094       1.715055244466e-11 
 2095       1.716124674367e-11 
 2096       1.717190517050e-11 
 2097       1.718250717033e-11 
 2098       1.719303211028e-11 
 2099       1.720345927923e-11 
 2100       1.721376788775e-11 
 2101       1.722393706803e-11 
 2102       1.723394587377e-11 
 2103       1.724377328007e-11 
 2104       1.725339818339e-11 
 2105       1.726279940138e-11 
 2106       1.727195567286e-11 
 2107       1.728084565767e-11 
 2108       1.728944793664e-11 
 2109       1.729774101141e-11 
 2110       1.730570330444e-11 
 2111       1.731331315881e-11 
 2112       1.732054883823e-11 
 2113       1.732738852687e-11 
 2114       1.733381032930e-11 
 2115       1.733979227039e-11 
 2116       1.734531229523e-11 
 2117       1.735034826901e-11 
 2118       1.735487797696e-11 
 2119       1.735887912422e-11 
 2120       1.736232933579e-11 
 2121       1.736520615639e-11 
 2122       1.736748705042e-11 
 2123       1.736914940180e-11 
 2124       1.737017051396e-11 
 2125       1.737052760966e-11 
 2126       1.737019783096e-11 
 2127       1.736915823912e-11 
 2128       1.736738581446e-11 
 2129       1.736485745633e-11 
 2130       1.736154998297e-11 
 2131       1.735744362858e-11 
 2132       1.735253256088e-11 
 2133       1.734681443561e-11 
 2134       1.734028690594e-11 
 2135       1.733294762250e-11 
 2136       1.732479423332e-11 
 2137       1.731582438389e-11 
 2138       1.730603571713e-11 
 2139       1.729542587338e-11 
 2140       1.728399249042e-11 
 2141       1.727173320347e-11 
 2142       1.725864564518e-11 
 2143       1.724472744561e-11 
 2144       1.722997623229e-11 
 2145       1.721438963013e-11 
 2146       1.719796526152e-11 
 2147       1.718070074624e-11 
 2148       1.716259370152e-11 
 2149       1.714364174200e-11 
 2150       1.712384247976e-11 
 2151       1.710319352430e-11 
 2152       1.708169248255e-11 
 2153       1.705933695886e-11 
 2154       1.703612455501e-11 
 2155       1.701205287020e-11 
 2156       1.698711950105e-11 
 2157       1.696132204161e-11 
 2158       1.693465808334e-11 
 2159       1.690712521513e-11 
 2160       1.687872102329e-11 
 2161       1.684944309155e-11 
 2162       1.681928900106e-11 
 2163       1.678825633038e-11 
 2164       1.675634265550e-11 
 2165       1.672354554982e-11 
 2166       1.668986258417e-11 
 2167       1.665529132677e-11 
 2168       1.661982934327e-11 
 2169       1.658347419676e-11 
 2170       1.654622344769e-11 
 2171       1.650807725330e-11 
 2172       1.646904618461e-11 
 2173       1.642914346214e-11 
 2174       1.638838236132e-11 
 2175       1.634677621267e-11 
 2176       1.630433840180e-11 
 2177       1.626108236948e-11 
 2178       1.621702161173e-11 
 2179       1.617216967986e-11 
 2180       1.612654018058e-11 
 2181       1.608014677598e-11 
 2182       1.603300318370e-11 
 2183       1.598512317690e-11 
 2184       1.593652058442e-11 
 2185       1.588720929075e-11 
 2186       1.583720323616e-11 
 2187       1.578651641674e-11 
 2188       1.573516288450e-11 
 2189       1.568315674736e-11 
 2190       1.563051216930e-11 
 2191       1.557724337037e-11 
 2192       1.552336462679e-11 
 2193       1.546889027099e-11 
 2194       1.541383469168e-11 
 2195       1.535821233393e-11 
 2196       1.530203769922e-11 
 2197       1.524532534552e-11 
 2198       1.518808988734e-11 
 2199       1.513034599581e-11 
 2200       1.507210839873e-11 
 2201       1.501339188065e-11 
 2202       1.495421128292e-11 
 2203       1.489458150379e-11 
 2204       1.483451749842e-11 
 2205       1.477403427899e-11 
 2206       1.471314691476e-11 
 2207       1.465187053212e-11 
 2208       1.459022031465e-11 
 2209       1.452821150322e-11 
 2210       1.446585939602e-11 
 2211       1.440317954977e-11 
 2212       1.434018838457e-11 
 2213       1.427690258320e-11 
 2214       1.421333889038e-11 
 2215       1.414951411291e-11 
 2216       1.408544511966e-11 
 2217       1.402114884171e-11 
 2218       1.395664227236e-11 
 2219       1.389194246727e-11 
 2220       1.382706654445e-11 
 2221       1.376203168442e-11 
 2222       1.369685513019e-11 
 2223       1.363155418739e-11 
 2224       1.356614622434e-11 
 2225       1.350064867207e-11 
 2226       1.343507902446e-11 
 2227       1.336945483825e-11 
 2228       1.330379373316e-11 
 2229       1.323811339190e-11 
 2230       1.317243156031e-11 
 2231       1.310676604739e-11 
 2232       1.304113472537e-11 
 2233       1.297555552978e-11 
 2234       1.291004645956e-11 
 2235       1.284462557707e-11 
 2236       1.277931100820e-11 
 2237       1.271412094242e-11 
 2238       1.264907363289e-11 
 2239       1.258418739646e-11 
 2240       1.251948061382e-11 
 2241       1.245497172950e-11 
 2242       1.239067925199e-11 
 2243       1.232662175380e-11 
 2244       1.226281787151e-11 
 2245       1.219928630584e-11 
 2246       1.213604582177e-11 
 2247       1.207311524855e-11 
 2248       1.201051347981e-11 
 2249       1.194825947359e-11 
 2250       1.188637225246e-11 
 2251       1.182486909121e-11 
 2252       1.176376006699e-11 
 2253       1.170305347384e-11 
 2254       1.164275763190e-11 
 2255       1.158288088744e-11 
 2256       1.152343161283e-11 
 2257       1.146441820662e-11 
 2258       1.140584909357e-11 
 2259       1.134773272462e-11 
 2260       1.129007757700e-11 
 2261       1.123289215418e-11 
 2262       1.117618498595e-11 
 2263       1.111996462843e-11 
 2264       1.106423966410e-11 
 2265       1.100901870180e-11 
 2266       1.095431037682e-11 
 2267       1.090012335086e-11 
 2268       1.084646631211e-11 
 2269       1.079334797523e-11 
 2270       1.074077708143e-11 
 2271       1.068876239846e-11 
 2272       1.063731272063e-11 
 2273       1.058643686888e-11 
 2274       1.053614369079e-11 
 2275       1.048644206056e-11 
 2276       1.043734087911e-11 
 2277       1.038884907408e-11 
 2278       1.034097559984e-11 
 2279       1.029372943752e-11 
 2280       1.024711959508e-11 
 2281       1.020115510728e-11 
 2282       1.015584503574e-11 
 2283       1.011119846897e-11 
 2284       1.006722452237e-11 
 2285       1.002393233830e-11 
 2286       9.981331086074e-12 
 2287       9.939429961988e-12 
 2288       9.898238189370e-12 
 2289       9.857765018588e-12 
 2290       9.818019727086e-12 
 2291       9.779009427108e-12 
 2292       9.740732473507e-12 
 2293       9.703185013863e-12 
 2294       9.666363176937e-12 
 2295       9.630263072653e-12 
 2296       9.594880792068e-12 
 2297       9.560212407358e-12 
 2298       9.526253971787e-12 
 2299       9.493001519692e-12 
 2300       9.460451066455e-12 
 2301       9.428598608484e-12 
 2302       9.397440123187e-12 
 2303       9.366971568955e-12 
 2304       9.337188885132e-12 
 2305       9.308087991999e-12 
 2306       9.279664790747e-12 
 2307       9.251915163459e-12 
 2308       9.224834973083e-12 
 2309       9.198420063410e-12 
 2310       9.172666259057e-12 
 2311       9.147569365436e-12 
 2312       9.123125168738e-12 
 2313       9.099329435908e-12 
 2314       9.076177914621e-12 
 2315       9.053666333264e-12 
 2316       9.031790400908e-12 
 2317       9.010545807290e-12 
 2318       8.989928222787e-12 
 2319       8.969933298395e-12 
 2320       8.950556665709e-12 
 2321       8.931793936895e-12 
 2322       8.913640704672e-12 
 2323       8.896092542287e-12 
 2324       8.879145003494e-12 
 2325       8.862793622531e-12 
 2326       8.847033914096e-12 
 2327       8.831861373329e-12 
 2328       8.817271475782e-12 
 2329       8.803259677403e-12 
 2330       8.789821414512e-12 
 2331       8.776951046093e-12 
 2332       8.764638673471e-12 
 2333       8.752873300613e-12 
 2334       8.741643889958e-12 
 2335       8.730939362366e-12 
 2336       8.720748597074e-12 
 2337       8.711060431650e-12 
 2338       8.701863661948e-12 
 2339       8.693147042059e-12 
 2340       8.684899284270e-12 
 2341       8.677109059013e-12 
 2342       8.669764994823e-12 
 2343       8.662855678291e-12 
 2344       8.656369654016e-12 
 2345       8.650295424563e-12 
 2346       8.644621450413e-12 
 2347       8.639336149920e-12 
 2348       8.634427899266e-12 
 2349       8.629885032410e-12 
 2350       8.625695841048e-12 
 2351       8.621848574565e-12 
 2352       8.618331439986e-12 
 2353       8.615132601936e-12 
 2354       8.612240182588e-12 
 2355       8.609642261623e-12 
 2356       8.607326876180e-12 
 2357       8.605282020810e-12 
 2358       8.603495647435e-12 
 2359       8.601955665294e-12 
 2360       8.600649940906e-12 
 2361       8.599566298017e-12 
 2362       8.598692517558e-12 
 2363       8.598016337598e-12 
 2364       8.597525453299e-12 
 2365       8.597207516868e-12 
 2366       8.597050137513e-12 
 2367       8.597040881397e-12 
 2368       8.597167271591e-12 
 2369       8.597416788028e-12 
 2370       8.597776867461e-12 
 2371       8.598235450780e-12 
 2372       8.598782628768e-12 
 2373       8.599409006419e-12 
 2374       8.600105156458e-12 
 2375       8.600861619306e-12 
 2376       8.601668903049e-12 
 2377       8.602517483399e-12 
 2378       8.603397803663e-12 
 2379       8.604300274709e-12 
 2380       8.605215274929e-12 
 2381       8.606133150209e-12 
 2382       8.607044213891e-12 
 2383       8.607938746739e-12 
 2384       8.608806996909e-12 
 2385       8.609639179910e-12 
 2386       8.610425478572e-12 
 2387       8.611156043011e-12 
 2388       8.611820990596e-12 
 2389       8.612410405914e-12 
 2390       8.612914340734e-12 
 2391       8.613322813979e-12 
 2392       8.613625811682e-12 
 2393       8.613813286962e-12 
 2394       8.613875159981e-12 
 2395       8.613801317918e-12 
 2396       8.613581614927e-12 
 2397       8.613205872109e-12 
 2398       8.612663877473e-12 
 2399       8.611945385906e-12 
 2400       8.611040119137e-12 
 2401       8.609937765700e-12 
 2402       8.608627980906e-12 
 2403       8.607100386803e-12 
 2404       8.605344572144e-12 
 2405       8.603350092353e-12 
 2406       8.601106469493e-12 
 2407       8.598603192226e-12 
 2408       8.595829715785e-12 
 2409       8.592775461934e-12 
 2410       8.589429818941e-12 
 2411       8.585783550783e-12 
 2412       8.581833034204e-12 
 2413       8.577576047325e-12 
 2414       8.573010362726e-12 
 2415       8.568133747441e-12 
 2416       8.562943962956e-12 
 2417       8.557438765200e-12 
 2418       8.551615904543e-12 
 2419       8.545473125788e-12 
 2420       8.539008168169e-12 
 2421       8.532218765343e-12 
 2422       8.525102645386e-12 
 2423       8.517657530790e-12 
 2424       8.509881138453e-12 
 2425       8.501771179679e-12 
 2426       8.493325360171e-12 
 2427       8.484541380023e-12 
 2428       8.475416933720e-12 
 2429       8.465949710129e-12 
 2430       8.456137392495e-12 
 2431       8.445977658438e-12 
 2432       8.435468179943e-12 
 2433       8.424606623361e-12 
 2434       8.413390649397e-12 
 2435       8.401817913113e-12 
 2436       8.389886063915e-12 
 2437       8.377592745553e-12 
 2438       8.364935596113e-12 
 2439       8.351912248015e-12 
 2440       8.338520328004e-12 
 2441       8.324757457148e-12 
 2442       8.310621250832e-12 
 2443       8.296109318752e-12 
 2444       8.281219264911e-12 
 2445       8.265948687613e-12 
 2446       8.250295179458e-12 
 2447       8.234256327338e-12 
 2448       8.217829712431e-12 
 2449       8.201012910195e-12 
 2450       8.183803490365e-12 
 2451       8.166200339326e-12 
 2452       8.148207635889e-12 
 2453       8.129830899255e-12 
 2454       8.111075668817e-12 
 2455       8.091947504177e-12 
 2456       8.072451985170e-12 
 2457       8.052594711884e-12 
 2458       8.032381304682e-12 
 2459       8.011817404224e-12 
 2460       7.990908671486e-12 
 2461       7.969660787783e-12 
 2462       7.948079454789e-12 
 2463       7.926170394562e-12 
 2464       7.903939349559e-12 
 2465       7.881392082663e-12 
 2466       7.858534377200e-12 
 2467       7.835372036966e-12 
 2468       7.811910886239e-12 
 2469       7.788156769812e-12 
 2470       7.764115553004e-12 
 2471       7.739793121686e-12 
 2472       7.715195382304e-12 
 2473       7.690328261895e-12 
 2474       7.665197708113e-12 
 2475       7.639809689248e-12 
 2476       7.614170194249e-12 
 2477       7.588285232743e-12 
 2478       7.562160835058e-12 
 2479       7.535803052243e-12 
 2480       7.509217956090e-12 
 2481       7.482411639157e-12 
 2482       7.455390214786e-12 
 2483       7.428159817126e-12 
 2484       7.400726601154e-12 
 2485       7.373096742697e-12 
 2486       7.345276438453e-12 
 2487       7.317271906012e-12 
 2488       7.289089383875e-12 
 2489       7.260735131481e-12 
 2490       7.232215429222e-12 
 2491       7.203533519975e-12 
 2492       7.174680413987e-12 
 2493       7.145644029983e-12 
 2494       7.116412248709e-12 
 2495       7.086972912895e-12 
 2496       7.057313827220e-12 
 2497       7.027422758272e-12 
 2498       6.997287434512e-12 
 2499       6.966895546231e-12 
 2500       6.936234745519e-12 
