# dimensionless total [l(l+1)/2pi] C_l's
# for l=2 to 2500, i.e. number of multipoles equal to 2499
#
# -> if you prefer output in CAMB/HealPix/LensPix units/order, set 'format' to 'camb' in input file
# -> if you don't want to see such a header, set 'headers' to 'no' in input file
#
# 1:l     2:TT                 
    2       2.630268309242e-10 
    3       2.325808464887e-10 
    4       2.093166231367e-10 
    5       1.922159789656e-10 
    6       1.796886347847e-10 
    7       1.704221723668e-10 
    8       1.634953940052e-10 
    9       1.582838373384e-10 
   10       1.543411784509e-10 
   11       1.513724093557e-10 
   12       1.492072676187e-10 
   13       1.477092054035e-10 
   14       1.466570212051e-10 
   15       1.460200344219e-10 
   16       1.457409374534e-10 
   17       1.458874173821e-10 
   18       1.462684953121e-10 
   19       1.468734924335e-10 
   20       1.476928440423e-10 
   21       1.487358471242e-10 
   22       1.499678531480e-10 
   23       1.513807777089e-10 
   24       1.529399093963e-10 
   25       1.546277080889e-10 
   26       1.564139453539e-10 
   27       1.583140180537e-10 
   28       1.603361774709e-10 
   29       1.624676123312e-10 
   30       1.647091484470e-10 
   31       1.670489795483e-10 
   32       1.694624661638e-10 
   33       1.719524430866e-10 
   34       1.745205937878e-10 
   35       1.771605046236e-10 
   36       1.798751694106e-10 
   37       1.826635137056e-10 
   38       1.855144342373e-10 
   39       1.884131147440e-10 
   40       1.913650876911e-10 
   41       1.943786403674e-10 
   42       1.974576986026e-10 
   43       2.006027145044e-10 
   44       2.038147996819e-10 
   45       2.070920701721e-10 
   46       2.104280075014e-10 
   47       2.138110650067e-10 
   48       2.172291472716e-10 
   49       2.206854601650e-10 
   50       2.241864523494e-10 
   51       2.277371907769e-10 
   52       2.313412156378e-10 
   53       2.350007532877e-10 
   54       2.387177531971e-10 
   55       2.424928648430e-10 
   56       2.463249759576e-10 
   57       2.502110824868e-10 
   58       2.541461585489e-10 
   59       2.581250710281e-10 
   60       2.621491379134e-10 
   61       2.662208658784e-10 
   62       2.703419800695e-10 
   63       2.745133633744e-10 
   64       2.787349956904e-10 
   65       2.830064586559e-10 
   66       2.873287104993e-10 
   67       2.917025796196e-10 
   68       2.961281882165e-10 
   69       3.006049073751e-10 
   70       3.051313121524e-10 
   71       3.097051366624e-10 
   72       3.143241268913e-10 
   73       3.189888884682e-10 
   74       3.237005069011e-10 
   75       3.284596742791e-10 
   76       3.332666648532e-10 
   77       3.381213106188e-10 
   78       3.430229768967e-10 
   79       3.479705379156e-10 
   80       3.529628047224e-10 
   81       3.579999482179e-10 
   82       3.630822798357e-10 
   83       3.682098053681e-10 
   84       3.733822089248e-10 
   85       3.785988368909e-10 
   86       3.838586818851e-10 
   87       3.891603667178e-10 
   88       3.945021283495e-10 
   89       3.998822296914e-10 
   90       4.053003040052e-10 
   91       4.107561928214e-10 
   92       4.162495273734e-10 
   93       4.217797189647e-10 
   94       4.273459493374e-10 
   95       4.329471610395e-10 
   96       4.385820477930e-10 
   97       4.442490448616e-10 
   98       4.499463194185e-10 
   99       4.556720648925e-10 
  100       4.614254523975e-10 
  101       4.672057967979e-10 
  102       4.730122588806e-10 
  103       4.788438394074e-10 
  104       4.846993731677e-10 
  105       4.905775230303e-10 
  106       4.964767739963e-10 
  107       5.023954272514e-10 
  108       5.083315942183e-10 
  109       5.142831906087e-10 
  110       5.202481713860e-10 
  111       5.262252825875e-10 
  112       5.322133950356e-10 
  113       5.382112684910e-10 
  114       5.442175480721e-10 
  115       5.502307606752e-10 
  116       5.562493113949e-10 
  117       5.622714799436e-10 
  118       5.682954170721e-10 
  119       5.743191409894e-10 
  120       5.803405337828e-10 
  121       5.863573378377e-10 
  122       5.923671522583e-10 
  123       5.983676376013e-10 
  124       6.043571643370e-10 
  125       6.103342324850e-10 
  126       6.162972680515e-10 
  127       6.222446210883e-10 
  128       6.281745637520e-10 
  129       6.340852883629e-10 
  130       6.399749054641e-10 
  131       6.458414418804e-10 
  132       6.516828387777e-10 
  133       6.574969497216e-10 
  134       6.632815387367e-10 
  135       6.690342783656e-10 
  136       6.747527477280e-10 
  137       6.804345958887e-10 
  138       6.860780551503e-10 
  139       6.916814774429e-10 
  140       6.972431728974e-10 
  141       7.027614089534e-10 
  142       7.082344094678e-10 
  143       7.136603538232e-10 
  144       7.190373760360e-10 
  145       7.243635638646e-10 
  146       7.296369579179e-10 
  147       7.348555507635e-10 
  148       7.400172860359e-10 
  149       7.451200575450e-10 
  150       7.501617083843e-10 
  151       7.551400300390e-10 
  152       7.600527614947e-10 
  153       7.648977284709e-10 
  154       7.696732775614e-10 
  155       7.743778809293e-10 
  156       7.790099996313e-10 
  157       7.835680834397e-10 
  158       7.880505706638e-10 
  159       7.924558879725e-10 
  160       7.967824502158e-10 
  161       8.010286602471e-10 
  162       8.051929087447e-10 
  163       8.092735740341e-10 
  164       8.132690219099e-10 
  165       8.171776054575e-10 
  166       8.209976648753e-10 
  167       8.247275272967e-10 
  168       8.283655066117e-10 
  169       8.319099032891e-10 
  170       8.353590041985e-10 
  171       8.387111908998e-10 
  172       8.419652750177e-10 
  173       8.451201906204e-10 
  174       8.481748885311e-10 
  175       8.511283365926e-10 
  176       8.539795199318e-10 
  177       8.567274412244e-10 
  178       8.593711209589e-10 
  179       8.619095977015e-10 
  180       8.643419283605e-10 
  181       8.666671884507e-10 
  182       8.688844723579e-10 
  183       8.709928936037e-10 
  184       8.729915851093e-10 
  185       8.748796994607e-10 
  186       8.766564091727e-10 
  187       8.783209069538e-10 
  188       8.798724059704e-10 
  189       8.813101401112e-10 
  190       8.826333642521e-10 
  191       8.838414128204e-10 
  192       8.849338798443e-10 
  193       8.859104529485e-10 
  194       8.867708567216e-10 
  195       8.875148531703e-10 
  196       8.881422421754e-10 
  197       8.886528619469e-10 
  198       8.890465894790e-10 
  199       8.893233410058e-10 
  200       8.894830724561e-10 
  201       8.895257799090e-10 
  202       8.894515000490e-10 
  203       8.892603106215e-10 
  204       8.889523308875e-10 
  205       8.885277220795e-10 
  206       8.879866878565e-10 
  207       8.873294747590e-10 
  208       8.865563726649e-10 
  209       8.856677152440e-10 
  210       8.846638804139e-10 
  211       8.835452907949e-10 
  212       8.823124141653e-10 
  213       8.809657632675e-10 
  214       8.795058942669e-10 
  215       8.779334090683e-10 
  216       8.762489564070e-10 
  217       8.744532323023e-10 
  218       8.725469805110e-10 
  219       8.705309929810e-10 
  220       8.684061103046e-10 
  221       8.661732221726e-10 
  222       8.638332678272e-10 
  223       8.613872365161e-10 
  224       8.588361679457e-10 
  225       8.561811527349e-10 
  226       8.534233328684e-10 
  227       8.505639021503e-10 
  228       8.476041066580e-10 
  229       8.445452451953e-10 
  230       8.413886697462e-10 
  231       8.381357859283e-10 
  232       8.347880534465e-10 
  233       8.313469865467e-10 
  234       8.278141544687e-10 
  235       8.241911819006e-10 
  236       8.204797494317e-10 
  237       8.166815940066e-10 
  238       8.127984302222e-10 
  239       8.088317079931e-10 
  240       8.047828410846e-10 
  241       8.006532852332e-10 
  242       7.964445384332e-10 
  243       7.921581412233e-10 
  244       7.877956769730e-10 
  245       7.833587721695e-10 
  246       7.788490967038e-10 
  247       7.742683641576e-10 
  248       7.696183320897e-10 
  249       7.649008023229e-10 
  250       7.601176212298e-10 
  251       7.552706800204e-10 
  252       7.503619150278e-10 
  253       7.453933079950e-10 
  254       7.403668863618e-10 
  255       7.352847235510e-10 
  256       7.301489392550e-10 
  257       7.249616997225e-10 
  258       7.197252180450e-10 
  259       7.144417544433e-10 
  260       7.091136165541e-10 
  261       7.037431597168e-10 
  262       6.983327872596e-10 
  263       6.928849507864e-10 
  264       6.874021504632e-10 
  265       6.818869353049e-10 
  266       6.763417538191e-10 
  267       6.707684963640e-10 
  268       6.651689284973e-10 
  269       6.595448384142e-10 
  270       6.538980369818e-10 
  271       6.482303577723e-10 
  272       6.425436570971e-10 
  273       6.368398140401e-10 
  274       6.311207304919e-10 
  275       6.253883311832e-10 
  276       6.196445637185e-10 
  277       6.138913986103e-10 
  278       6.081308293121e-10 
  279       6.023648722526e-10 
  280       5.965955668695e-10 
  281       5.908249756428e-10 
  282       5.850551841288e-10 
  283       5.792883009939e-10 
  284       5.735264580482e-10 
  285       5.677718102791e-10 
  286       5.620265358854e-10 
  287       5.562928363106e-10 
  288       5.505729362769e-10 
  289       5.448690838187e-10 
  290       5.391835503166e-10 
  291       5.335186305309e-10 
  292       5.278766426356e-10 
  293       5.222599282517e-10 
  294       5.166708524811e-10 
  295       5.111118039408e-10 
  296       5.055851947957e-10 
  297       5.000932831356e-10 
  298       4.946376304643e-10 
  299       4.892196178498e-10 
  300       4.838406209936e-10 
  301       4.785020100239e-10 
  302       4.732051492884e-10 
  303       4.679513971469e-10 
  304       4.627421057644e-10 
  305       4.575786209038e-10 
  306       4.524622817190e-10 
  307       4.473944205474e-10 
  308       4.423763627030e-10 
  309       4.374094262691e-10 
  310       4.324949218912e-10 
  311       4.276341525701e-10 
  312       4.228284134542e-10 
  313       4.180789916328e-10 
  314       4.133871659289e-10 
  315       4.087542066917e-10 
  316       4.041813755900e-10 
  317       3.996699254047e-10 
  318       3.952210998215e-10 
  319       3.908361332241e-10 
  320       3.865162504870e-10 
  321       3.822626667680e-10 
  322       3.780765873016e-10 
  323       3.739592071914e-10 
  324       3.699117112030e-10 
  325       3.659352735571e-10 
  326       3.620310577221e-10 
  327       3.582002162072e-10 
  328       3.544438903550e-10 
  329       3.507632101343e-10 
  330       3.471592939333e-10 
  331       3.436332483521e-10 
  332       3.401860568676e-10 
  333       3.368182408852e-10 
  334       3.335301834907e-10 
  335       3.303222389177e-10 
  336       3.271947322197e-10 
  337       3.241479589426e-10 
  338       3.211821847968e-10 
  339       3.182976453293e-10 
  340       3.154945455963e-10 
  341       3.127730598349e-10 
  342       3.101333311359e-10 
  343       3.075754711155e-10 
  344       3.050995595879e-10 
  345       3.027056442374e-10 
  346       3.003937402906e-10 
  347       2.981638301887e-10 
  348       2.960158632595e-10 
  349       2.939497553900e-10 
  350       2.919653886984e-10 
  351       2.900626112063e-10 
  352       2.882412365111e-10 
  353       2.865010434579e-10 
  354       2.848417758122e-10 
  355       2.832631419318e-10 
  356       2.817648144390e-10 
  357       2.803464298930e-10 
  358       2.790075884621e-10 
  359       2.777478535957e-10 
  360       2.765667516971e-10 
  361       2.754637717948e-10 
  362       2.744383652158e-10 
  363       2.734899452569e-10 
  364       2.726178868575e-10 
  365       2.718215262717e-10 
  366       2.711001607403e-10 
  367       2.704530481633e-10 
  368       2.698794067722e-10 
  369       2.693784148017e-10 
  370       2.689492101626e-10 
  371       2.685909475670e-10 
  372       2.683029730385e-10 
  373       2.680846555831e-10 
  374       2.679353300746e-10 
  375       2.678542969771e-10 
  376       2.678408220668e-10 
  377       2.678941361546e-10 
  378       2.680134348081e-10 
  379       2.681978780736e-10 
  380       2.684465901986e-10 
  381       2.687586593539e-10 
  382       2.691331373554e-10 
  383       2.695690393870e-10 
  384       2.700653437221e-10 
  385       2.706209914462e-10 
  386       2.712348861790e-10 
  387       2.719058937964e-10 
  388       2.726328421529e-10 
  389       2.734145208036e-10 
  390       2.742496807267e-10 
  391       2.751370340453e-10 
  392       2.760752537497e-10 
  393       2.770629734197e-10 
  394       2.780987869469e-10 
  395       2.791812482563e-10 
  396       2.803088710292e-10 
  397       2.814801284250e-10 
  398       2.826934528034e-10 
  399       2.839472354466e-10 
  400       2.852398262815e-10 
  401       2.865695336020e-10 
  402       2.879346237910e-10 
  403       2.893333210427e-10 
  404       2.907638070847e-10 
  405       2.922242209002e-10 
  406       2.937126584504e-10 
  407       2.952271723961e-10 
  408       2.967657718206e-10 
  409       2.983264219516e-10 
  410       2.999072501081e-10 
  411       3.015071721463e-10 
  412       3.031252876559e-10 
  413       3.047606756084e-10 
  414       3.064123942269e-10 
  415       3.080794808545e-10 
  416       3.097609518234e-10 
  417       3.114558023243e-10 
  418       3.131630062752e-10 
  419       3.148815161901e-10 
  420       3.166102630490e-10 
  421       3.183481561657e-10 
  422       3.200940830581e-10 
  423       3.218469093160e-10 
  424       3.236054784713e-10 
  425       3.253686118661e-10 
  426       3.271351085224e-10 
  427       3.289037450107e-10 
  428       3.306732753194e-10 
  429       3.324424307235e-10 
  430       3.342099196539e-10 
  431       3.359744275663e-10 
  432       3.377346168103e-10 
  433       3.394891264985e-10 
  434       3.412365723752e-10 
  435       3.429755466860e-10 
  436       3.447046180464e-10 
  437       3.464223313110e-10 
  438       3.481272074427e-10 
  439       3.498177433812e-10 
  440       3.514924119128e-10 
  441       3.531496615387e-10 
  442       3.547879163447e-10 
  443       3.564055758698e-10 
  444       3.580010149752e-10 
  445       3.595725837138e-10 
  446       3.611186071989e-10 
  447       3.626373854730e-10 
  448       3.641271933775e-10 
  449       3.655865127585e-10 
  450       3.670147376272e-10 
  451       3.684114915679e-10 
  452       3.697763974706e-10 
  453       3.711090775382e-10 
  454       3.724091532931e-10 
  455       3.736762455847e-10 
  456       3.749099745962e-10 
  457       3.761099598516e-10 
  458       3.772758202229e-10 
  459       3.784071739370e-10 
  460       3.795036385825e-10 
  461       3.805648311174e-10 
  462       3.815903678753e-10 
  463       3.825798645732e-10 
  464       3.835329363178e-10 
  465       3.844491976133e-10 
  466       3.853282623675e-10 
  467       3.861697438998e-10 
  468       3.869732549477e-10 
  469       3.877384076736e-10 
  470       3.884648136725e-10 
  471       3.891520839785e-10 
  472       3.897998290719e-10 
  473       3.904076588865e-10 
  474       3.909751828165e-10 
  475       3.915020097231e-10 
  476       3.919877479423e-10 
  477       3.924320052914e-10 
  478       3.928343890760e-10 
  479       3.931945060975e-10 
  480       3.935119626596e-10 
  481       3.937863645756e-10 
  482       3.940173171753e-10 
  483       3.942044253124e-10 
  484       3.943472933708e-10 
  485       3.944455252724e-10 
  486       3.944987244836e-10 
  487       3.945064940226e-10 
  488       3.944685649343e-10 
  489       3.943851859129e-10 
  490       3.942567453055e-10 
  491       3.940836437659e-10 
  492       3.938662943256e-10 
  493       3.936051224662e-10 
  494       3.933005661904e-10 
  495       3.929530760941e-10 
  496       3.925631154376e-10 
  497       3.921311602176e-10 
  498       3.916576992386e-10 
  499       3.911432341847e-10 
  500       3.905882796910e-10 
  501       3.899933634155e-10 
  502       3.893590261105e-10 
  503       3.886858216944e-10 
  504       3.879743173233e-10 
  505       3.872250934624e-10 
  506       3.864387439581e-10 
  507       3.856158761091e-10 
  508       3.847571107385e-10 
  509       3.838630822650e-10 
  510       3.829344387749e-10 
  511       3.819718420937e-10 
  512       3.809759678572e-10 
  513       3.799475055839e-10 
  514       3.788871587461e-10 
  515       3.777956448419e-10 
  516       3.766736954664e-10 
  517       3.755220563836e-10 
  518       3.743414875981e-10 
  519       3.731327634265e-10 
  520       3.718966725694e-10 
  521       3.706340181824e-10 
  522       3.693456179484e-10 
  523       3.680323041489e-10 
  524       3.666949237357e-10 
  525       3.653343384023e-10 
  526       3.639514246560e-10 
  527       3.625470465380e-10 
  528       3.611219728117e-10 
  529       3.596769576287e-10 
  530       3.582127677331e-10 
  531       3.567301825212e-10 
  532       3.552299941014e-10 
  533       3.537130073538e-10 
  534       3.521800399903e-10 
  535       3.506319226144e-10 
  536       3.490694987809e-10 
  537       3.474936250559e-10 
  538       3.459051710764e-10 
  539       3.443050196104e-10 
  540       3.426940666167e-10 
  541       3.410732213044e-10 
  542       3.394434061933e-10 
  543       3.378055571732e-10 
  544       3.361606235640e-10 
  545       3.345095681755e-10 
  546       3.328533673675e-10 
  547       3.311930111088e-10 
  548       3.295295030382e-10 
  549       3.278638605234e-10 
  550       3.261971147213e-10 
  551       3.245303106375e-10 
  552       3.228645071866e-10 
  553       3.212007772518e-10 
  554       3.195402077444e-10 
  555       3.178838996644e-10 
  556       3.162329681594e-10 
  557       3.145885425853e-10 
  558       3.129517665656e-10 
  559       3.113237980514e-10 
  560       3.097058093813e-10 
  561       3.080989873410e-10 
  562       3.065045332235e-10 
  563       3.049236628887e-10 
  564       3.033576068230e-10 
  565       3.018076101998e-10 
  566       3.002747999886e-10 
  567       2.987597824065e-10 
  568       2.972630352286e-10 
  569       2.957850398117e-10 
  570       2.943262811041e-10 
  571       2.928872476556e-10 
  572       2.914684316282e-10 
  573       2.900703288053e-10 
  574       2.886934386026e-10 
  575       2.873382640781e-10 
  576       2.860053119418e-10 
  577       2.846950925662e-10 
  578       2.834081199965e-10 
  579       2.821449119603e-10 
  580       2.809059898781e-10 
  581       2.796918788733e-10 
  582       2.785031077823e-10 
  583       2.773402091646e-10 
  584       2.762037193130e-10 
  585       2.750941782637e-10 
  586       2.740121298063e-10 
  587       2.729581214943e-10 
  588       2.719327046546e-10 
  589       2.709364343981e-10 
  590       2.699698696299e-10 
  591       2.690335730589e-10 
  592       2.681281112085e-10 
  593       2.672540544263e-10 
  594       2.664119768944e-10 
  595       2.656024566396e-10 
  596       2.648260755434e-10 
  597       2.640834193521e-10 
  598       2.633750776870e-10 
  599       2.627016440544e-10 
  600       2.620637158560e-10 
  601       2.614618943988e-10 
  602       2.608967849052e-10 
  603       2.603689965232e-10 
  604       2.598791423365e-10 
  605       2.594277111936e-10 
  606       2.590146797854e-10 
  607       2.586398912468e-10 
  608       2.583031824601e-10 
  609       2.580043840239e-10 
  610       2.577433202207e-10 
  611       2.575198089851e-10 
  612       2.573336618723e-10 
  613       2.571846840260e-10 
  614       2.570726741468e-10 
  615       2.569974244598e-10 
  616       2.569587206836e-10 
  617       2.569563419979e-10 
  618       2.569900610118e-10 
  619       2.570596437318e-10 
  620       2.571648495305e-10 
  621       2.573054311142e-10 
  622       2.574811344913e-10 
  623       2.576916989405e-10 
  624       2.579368569789e-10 
  625       2.582163343302e-10 
  626       2.585298498927e-10 
  627       2.588771157080e-10 
  628       2.592578369284e-10 
  629       2.596717117857e-10 
  630       2.601184315590e-10 
  631       2.605976805430e-10 
  632       2.611091360164e-10 
  633       2.616524682094e-10 
  634       2.622273402728e-10 
  635       2.628334082452e-10 
  636       2.634703210219e-10 
  637       2.641377203228e-10 
  638       2.648352406606e-10 
  639       2.655625093087e-10 
  640       2.663191462699e-10 
  641       2.671047642441e-10 
  642       2.679189685967e-10 
  643       2.687613573267e-10 
  644       2.696314875233e-10 
  645       2.705287739662e-10 
  646       2.714525881677e-10 
  647       2.724022916350e-10 
  648       2.733772358289e-10 
  649       2.743767621218e-10 
  650       2.754002017569e-10 
  651       2.764468758062e-10 
  652       2.775160951289e-10 
  653       2.786071603304e-10 
  654       2.797193617203e-10 
  655       2.808519792710e-10 
  656       2.820042825764e-10 
  657       2.831755308101e-10 
  658       2.843649726841e-10 
  659       2.855718464073e-10 
  660       2.867953796437e-10 
  661       2.880347894711e-10 
  662       2.892892823397e-10 
  663       2.905580540305e-10 
  664       2.918402896134e-10 
  665       2.931351634065e-10 
  666       2.944418389337e-10 
  667       2.957594688838e-10 
  668       2.970871950689e-10 
  669       2.984241483824e-10 
  670       2.997694487583e-10 
  671       3.011222051290e-10 
  672       3.024815153841e-10 
  673       3.038464663287e-10 
  674       3.052161336422e-10 
  675       3.065895818365e-10 
  676       3.079658642146e-10 
  677       3.093440228290e-10 
  678       3.107230884404e-10 
  679       3.121020804759e-10 
  680       3.134800069877e-10 
  681       3.148558646115e-10 
  682       3.162286385250e-10 
  683       3.175973768702e-10 
  684       3.189614158469e-10 
  685       3.203201593419e-10 
  686       3.216730048780e-10 
  687       3.230193435914e-10 
  688       3.243585602093e-10 
  689       3.256900330280e-10 
  690       3.270131338898e-10 
  691       3.283272281611e-10 
  692       3.296316747100e-10 
  693       3.309258258835e-10 
  694       3.322090274858e-10 
  695       3.334806187551e-10 
  696       3.347399323421e-10 
  697       3.359862942867e-10 
  698       3.372190239964e-10 
  699       3.384374342233e-10 
  700       3.396408310424e-10 
  701       3.408285138284e-10 
  702       3.419997752339e-10 
  703       3.431539011668e-10 
  704       3.442901707679e-10 
  705       3.454078563888e-10 
  706       3.465062235690e-10 
  707       3.475845310138e-10 
  708       3.486420305722e-10 
  709       3.496779672138e-10 
  710       3.506915790072e-10 
  711       3.516820970971e-10 
  712       3.526487456819e-10 
  713       3.535907419918e-10 
  714       3.545072962657e-10 
  715       3.553976117297e-10 
  716       3.562608845736e-10 
  717       3.570963039298e-10 
  718       3.579030518496e-10 
  719       3.586803032819e-10 
  720       3.594272260503e-10 
  721       3.601429808305e-10 
  722       3.608268413993e-10 
  723       3.614785580890e-10 
  724       3.620980016297e-10 
  725       3.626850435490e-10 
  726       3.632395561771e-10 
  727       3.637614126523e-10 
  728       3.642504869257e-10 
  729       3.647066537672e-10 
  730       3.651297887702e-10 
  731       3.655197683569e-10 
  732       3.658764697841e-10 
  733       3.661997711479e-10 
  734       3.664895513889e-10 
  735       3.667456902981e-10 
  736       3.669680685216e-10 
  737       3.671565675658e-10 
  738       3.673110698034e-10 
  739       3.674314584776e-10 
  740       3.675176177083e-10 
  741       3.675694324968e-10 
  742       3.675867887313e-10 
  743       3.675695731920e-10 
  744       3.675176735566e-10 
  745       3.674309784054e-10 
  746       3.673093772264e-10 
  747       3.671527604210e-10 
  748       3.669610193088e-10 
  749       3.667340461332e-10 
  750       3.664717340665e-10 
  751       3.661739772153e-10 
  752       3.658406706254e-10 
  753       3.654717102874e-10 
  754       3.650669931422e-10 
  755       3.646264170854e-10 
  756       3.641498809736e-10 
  757       3.636372846289e-10 
  758       3.630885288443e-10 
  759       3.625035153896e-10 
  760       3.618821470155e-10 
  761       3.612244078169e-10 
  762       3.605306059974e-10 
  763       3.598011357683e-10 
  764       3.590363974354e-10 
  765       3.582367974209e-10 
  766       3.574027482849e-10 
  767       3.565346687477e-10 
  768       3.556329837115e-10 
  769       3.546981242825e-10 
  770       3.537305277923e-10 
  771       3.527306378204e-10 
  772       3.516989042156e-10 
  773       3.506357831184e-10 
  774       3.495417369821e-10 
  775       3.484172345958e-10 
  776       3.472627511050e-10 
  777       3.460787680348e-10 
  778       3.448657733107e-10 
  779       3.436242612811e-10 
  780       3.423547327390e-10 
  781       3.410576949440e-10 
  782       3.397336616442e-10 
  783       3.383831530976e-10 
  784       3.370066960949e-10 
  785       3.356048239806e-10 
  786       3.341780766753e-10 
  787       3.327270006972e-10 
  788       3.312521491848e-10 
  789       3.297540819176e-10 
  790       3.282333653392e-10 
  791       3.266905725783e-10 
  792       3.251262834711e-10 
  793       3.235410845829e-10 
  794       3.219355692301e-10 
  795       3.203103375022e-10 
  796       3.186659962836e-10 
  797       3.170031592753e-10 
  798       3.153224470172e-10 
  799       3.136244869095e-10 
  800       3.119099053094e-10 
  801       3.101793036164e-10 
  802       3.084332817940e-10 
  803       3.066724462764e-10 
  804       3.048974099883e-10 
  805       3.031087923660e-10 
  806       3.013072193775e-10 
  807       2.994933235429e-10 
  808       2.976677439546e-10 
  809       2.958311262984e-10 
  810       2.939841228731e-10 
  811       2.921273926112e-10 
  812       2.902616010997e-10 
  813       2.883874205999e-10 
  814       2.865055300681e-10 
  815       2.846166151761e-10 
  816       2.827213683313e-10 
  817       2.808204886974e-10 
  818       2.789146822148e-10 
  819       2.770046616207e-10 
  820       2.750911464699e-10 
  821       2.731748631549e-10 
  822       2.712565449264e-10 
  823       2.693369319139e-10 
  824       2.674167711457e-10 
  825       2.654968165698e-10 
  826       2.635778290739e-10 
  827       2.616605765059e-10 
  828       2.597458336945e-10 
  829       2.578343824694e-10 
  830       2.559270116819e-10 
  831       2.540245172249e-10 
  832       2.521277020540e-10 
  833       2.502373762072e-10 
  834       2.483543568257e-10 
  835       2.464794681741e-10 
  836       2.446135416611e-10 
  837       2.427574158596e-10 
  838       2.409119365273e-10 
  839       2.390778766413e-10 
  840       2.372556949361e-10 
  841       2.354457732057e-10 
  842       2.336484959150e-10 
  843       2.318642502073e-10 
  844       2.300934259106e-10 
  845       2.283364155443e-10 
  846       2.265936143264e-10 
  847       2.248654201801e-10 
  848       2.231522337403e-10 
  849       2.214544583609e-10 
  850       2.197725001212e-10 
  851       2.181067678329e-10 
  852       2.164576730467e-10 
  853       2.148256300593e-10 
  854       2.132110559200e-10 
  855       2.116143704377e-10 
  856       2.100359961874e-10 
  857       2.084763585172e-10 
  858       2.069358855550e-10 
  859       2.054150082155e-10 
  860       2.039141602066e-10 
  861       2.024337780364e-10 
  862       2.009743010201e-10 
  863       1.995361712866e-10 
  864       1.981198337854e-10 
  865       1.967257362933e-10 
  866       1.953543294212e-10 
  867       1.940060666210e-10 
  868       1.926814041923e-10 
  869       1.913808012891e-10 
  870       1.901047199267e-10 
  871       1.888536249887e-10 
  872       1.876279842332e-10 
  873       1.864282683001e-10 
  874       1.852549507178e-10 
  875       1.841085079099e-10 
  876       1.829894192019e-10 
  877       1.818981668282e-10 
  878       1.808351453401e-10 
  879       1.798003881659e-10 
  880       1.787938365177e-10 
  881       1.778154295709e-10 
  882       1.768651044570e-10 
  883       1.759427962559e-10 
  884       1.750484379889e-10 
  885       1.741819606112e-10 
  886       1.733432930050e-10 
  887       1.725323619716e-10 
  888       1.717490922247e-10 
  889       1.709934063827e-10 
  890       1.702652249615e-10 
  891       1.695644663673e-10 
  892       1.688910468892e-10 
  893       1.682448806918e-10 
  894       1.676258798083e-10 
  895       1.670339541326e-10 
  896       1.664690114126e-10 
  897       1.659309572426e-10 
  898       1.654196950557e-10 
  899       1.649351261174e-10 
  900       1.644771495172e-10 
  901       1.640456621620e-10 
  902       1.636405587689e-10 
  903       1.632617318572e-10 
  904       1.629090717418e-10 
  905       1.625824665256e-10 
  906       1.622818020921e-10 
  907       1.620069620984e-10 
  908       1.617578279677e-10 
  909       1.615342788819e-10 
  910       1.613361917746e-10 
  911       1.611634413235e-10 
  912       1.610158999434e-10 
  913       1.608934377785e-10 
  914       1.607959226956e-10 
  915       1.607232202763e-10 
  916       1.606751938100e-10 
  917       1.606516631031e-10 
  918       1.606522802018e-10 
  919       1.606766516761e-10 
  920       1.607243796103e-10 
  921       1.607950615902e-10 
  922       1.608882906899e-10 
  923       1.610036554586e-10 
  924       1.611407399071e-10 
  925       1.612991234954e-10 
  926       1.614783811187e-10 
  927       1.616780830947e-10 
  928       1.618977951502e-10 
  929       1.621370784083e-10 
  930       1.623954893748e-10 
  931       1.626725799253e-10 
  932       1.629678972917e-10 
  933       1.632809840495e-10 
  934       1.636113781043e-10 
  935       1.639586126789e-10 
  936       1.643222162996e-10 
  937       1.647017127837e-10 
  938       1.650966212259e-10 
  939       1.655064559851e-10 
  940       1.659307266717e-10 
  941       1.663689381339e-10 
  942       1.668205904446e-10 
  943       1.672851788886e-10 
  944       1.677621939490e-10 
  945       1.682511212945e-10 
  946       1.687514417656e-10 
  947       1.692626313620e-10 
  948       1.697841612291e-10 
  949       1.703154976451e-10 
  950       1.708561020075e-10 
  951       1.714054308201e-10 
  952       1.719629356799e-10 
  953       1.725280632640e-10 
  954       1.731002553159e-10 
  955       1.736789486331e-10 
  956       1.742636022102e-10 
  957       1.748537791508e-10 
  958       1.754490659809e-10 
  959       1.760490455962e-10 
  960       1.766532972519e-10 
  961       1.772613965537e-10 
  962       1.778729154477e-10 
  963       1.784874222112e-10 
  964       1.791044814427e-10 
  965       1.797236540528e-10 
  966       1.803444972539e-10 
  967       1.809665645512e-10 
  968       1.815894057330e-10 
  969       1.822125668606e-10 
  970       1.828355902593e-10 
  971       1.834580145086e-10 
  972       1.840793744323e-10 
  973       1.846992010894e-10 
  974       1.853170217640e-10 
  975       1.859323599559e-10 
  976       1.865447353712e-10 
  977       1.871536639123e-10 
  978       1.877586576687e-10 
  979       1.883592249069e-10 
  980       1.889548700613e-10 
  981       1.895450937242e-10 
  982       1.901293926365e-10 
  983       1.907072596778e-10 
  984       1.912781838570e-10 
  985       1.918416503027e-10 
  986       1.923971402534e-10 
  987       1.929441310480e-10 
  988       1.934820961164e-10 
  989       1.940105049694e-10 
  990       1.945288231896e-10 
  991       1.950365124215e-10 
  992       1.955330303620e-10 
  993       1.960178307507e-10 
  994       1.964903633604e-10 
  995       1.969501413183e-10 
  996       1.973969441717e-10 
  997       1.978306177844e-10 
  998       1.982510072741e-10 
  999       1.986579570117e-10 
 1000       1.990513106192e-10 
 1001       1.994309109685e-10 
 1002       1.997966001799e-10 
 1003       2.001482196209e-10 
 1004       2.004856099043e-10 
 1005       2.008086108870e-10 
 1006       2.011170616686e-10 
 1007       2.014108005898e-10 
 1008       2.016896652309e-10 
 1009       2.019534924107e-10 
 1010       2.022021181846e-10 
 1011       2.024353778433e-10 
 1012       2.026531059115e-10 
 1013       2.028551361462e-10 
 1014       2.030413015355e-10 
 1015       2.032114342969e-10 
 1016       2.033653658761e-10 
 1017       2.035029269452e-10 
 1018       2.036239474015e-10 
 1019       2.037282563662e-10 
 1020       2.038156821825e-10 
 1021       2.038860524144e-10 
 1022       2.039391938453e-10 
 1023       2.039749324765e-10 
 1024       2.039930935256e-10 
 1025       2.039935014252e-10 
 1026       2.039759798214e-10 
 1027       2.039403515724e-10 
 1028       2.038864387470e-10 
 1029       2.038140626230e-10 
 1030       2.037230436860e-10 
 1031       2.036132016277e-10 
 1032       2.034843553448e-10 
 1033       2.033363229371e-10 
 1034       2.031689796962e-10 
 1035       2.029824329709e-10 
 1036       2.027768497695e-10 
 1037       2.025523989987e-10 
 1038       2.023092514691e-10 
 1039       2.020475798997e-10 
 1040       2.017675589233e-10 
 1041       2.014693650917e-10 
 1042       2.011531768801e-10 
 1043       2.008191746928e-10 
 1044       2.004675408682e-10 
 1045       2.000984596832e-10 
 1046       1.997121173591e-10 
 1047       1.993087020661e-10 
 1048       1.988884039284e-10 
 1049       1.984514150296e-10 
 1050       1.979979294172e-10 
 1051       1.975281431082e-10 
 1052       1.970422540936e-10 
 1053       1.965404623440e-10 
 1054       1.960229698143e-10 
 1055       1.954899804487e-10 
 1056       1.949417001860e-10 
 1057       1.943783369645e-10 
 1058       1.938001007271e-10 
 1059       1.932072034263e-10 
 1060       1.925998590291e-10 
 1061       1.919782835224e-10 
 1062       1.913426949178e-10 
 1063       1.906933132567e-10 
 1064       1.900303606153e-10 
 1065       1.893540611098e-10 
 1066       1.886646409013e-10 
 1067       1.879623282007e-10 
 1068       1.872473532743e-10 
 1069       1.865199484483e-10 
 1070       1.857803481138e-10 
 1071       1.850287887325e-10 
 1072       1.842655088410e-10 
 1073       1.834907621503e-10 
 1074       1.827048570280e-10 
 1075       1.819081175634e-10 
 1076       1.811008705290e-10 
 1077       1.802834453867e-10 
 1078       1.794561742945e-10 
 1079       1.786193921125e-10 
 1080       1.777734364096e-10 
 1081       1.769186474697e-10 
 1082       1.760553682983e-10 
 1083       1.751839446291e-10 
 1084       1.743047249297e-10 
 1085       1.734180604088e-10 
 1086       1.725243050221e-10 
 1087       1.716238154790e-10 
 1088       1.707169512489e-10 
 1089       1.698040745676e-10 
 1090       1.688855504435e-10 
 1091       1.679617466646e-10 
 1092       1.670330338042e-10 
 1093       1.660997852278e-10 
 1094       1.651623770995e-10 
 1095       1.642211883880e-10 
 1096       1.632766008734e-10 
 1097       1.623289991536e-10 
 1098       1.613787706503e-10 
 1099       1.604263056161e-10 
 1100       1.594719971403e-10 
 1101       1.585162411555e-10 
 1102       1.575594364441e-10 
 1103       1.566019846446e-10 
 1104       1.556442902583e-10 
 1105       1.546867606551e-10 
 1106       1.537298060806e-10 
 1107       1.527738396621e-10 
 1108       1.518192774150e-10 
 1109       1.508665382493e-10 
 1110       1.499160439763e-10 
 1111       1.489682193145e-10 
 1112       1.480234596135e-10 
 1113       1.470820335482e-10 
 1114       1.461441791583e-10 
 1115       1.452101360191e-10 
 1116       1.442801452441e-10 
 1117       1.433544494886e-10 
 1118       1.424332929530e-10 
 1119       1.415169213860e-10 
 1120       1.406055820880e-10 
 1121       1.396995239141e-10 
 1122       1.387989972777e-10 
 1123       1.379042541535e-10 
 1124       1.370155480810e-10 
 1125       1.361331341678e-10 
 1126       1.352572690927e-10 
 1127       1.343882111090e-10 
 1128       1.335262200478e-10 
 1129       1.326715573216e-10 
 1130       1.318244859271e-10 
 1131       1.309852704486e-10 
 1132       1.301541770616e-10 
 1133       1.293314735356e-10 
 1134       1.285174292378e-10 
 1135       1.277123151361e-10 
 1136       1.269164038027e-10 
 1137       1.261299694168e-10 
 1138       1.253532877686e-10 
 1139       1.245866362619e-10 
 1140       1.238302939181e-10 
 1141       1.230845413787e-10 
 1142       1.223496609093e-10 
 1143       1.216259364022e-10 
 1144       1.209136533804e-10 
 1145       1.202130990002e-10 
 1146       1.195245620549e-10 
 1147       1.188483329781e-10 
 1148       1.181847038466e-10 
 1149       1.175339683843e-10 
 1150       1.168964219646e-10 
 1151       1.162723129662e-10 
 1152       1.156616961545e-10 
 1153       1.150645774447e-10 
 1154       1.144809623801e-10 
 1155       1.139108561312e-10 
 1156       1.133542634942e-10 
 1157       1.128111888905e-10 
 1158       1.122816363648e-10 
 1159       1.117656095848e-10 
 1160       1.112631118393e-10 
 1161       1.107741460375e-10 
 1162       1.102987147081e-10 
 1163       1.098368199975e-10 
 1164       1.093884636692e-10 
 1165       1.089536471028e-10 
 1166       1.085323712923e-10 
 1167       1.081246368454e-10 
 1168       1.077304439823e-10 
 1169       1.073497925345e-10 
 1170       1.069826819439e-10 
 1171       1.066291112613e-10 
 1172       1.062890791456e-10 
 1173       1.059625838625e-10 
 1174       1.056496232836e-10 
 1175       1.053501948850e-10 
 1176       1.050642957463e-10 
 1177       1.047919225495e-10 
 1178       1.045330715777e-10 
 1179       1.042877387145e-10 
 1180       1.040559194422e-10 
 1181       1.038376088411e-10 
 1182       1.036328015882e-10 
 1183       1.034414919562e-10 
 1184       1.032636738124e-10 
 1185       1.030993406172e-10 
 1186       1.029484854237e-10 
 1187       1.028111008758e-10 
 1188       1.026871792077e-10 
 1189       1.025767122422e-10 
 1190       1.024796609100e-10 
 1191       1.023958633971e-10 
 1192       1.023251258671e-10 
 1193       1.022672528346e-10 
 1194       1.022220471620e-10 
 1195       1.021893100555e-10 
 1196       1.021688410618e-10 
 1197       1.021604380639e-10 
 1198       1.021638972777e-10 
 1199       1.021790132482e-10 
 1200       1.022055788460e-10 
 1201       1.022433852633e-10 
 1202       1.022922220102e-10 
 1203       1.023518769113e-10 
 1204       1.024221361018e-10 
 1205       1.025027840237e-10 
 1206       1.025936034224e-10 
 1207       1.026943753426e-10 
 1208       1.028048791249e-10 
 1209       1.029248924020e-10 
 1210       1.030541910950e-10 
 1211       1.031925494097e-10 
 1212       1.033397398328e-10 
 1213       1.034955331285e-10 
 1214       1.036596983344e-10 
 1215       1.038320027580e-10 
 1216       1.040122119730e-10 
 1217       1.042000898156e-10 
 1218       1.043953983809e-10 
 1219       1.045978980187e-10 
 1220       1.048073473305e-10 
 1221       1.050235031655e-10 
 1222       1.052461206165e-10 
 1223       1.054749530169e-10 
 1224       1.057097519365e-10 
 1225       1.059502671780e-10 
 1226       1.061962467733e-10 
 1227       1.064474369795e-10 
 1228       1.067035822758e-10 
 1229       1.069644299368e-10 
 1230       1.072297438212e-10 
 1231       1.074992907401e-10 
 1232       1.077728358908e-10 
 1233       1.080501428533e-10 
 1234       1.083309735873e-10 
 1235       1.086150884288e-10 
 1236       1.089022460864e-10 
 1237       1.091922036384e-10 
 1238       1.094847165293e-10 
 1239       1.097795385663e-10 
 1240       1.100764219162e-10 
 1241       1.103751171020e-10 
 1242       1.106753729994e-10 
 1243       1.109769368336e-10 
 1244       1.112795541762e-10 
 1245       1.115829689412e-10 
 1246       1.118869233824e-10 
 1247       1.121911580896e-10 
 1248       1.124954119852e-10 
 1249       1.127994223214e-10 
 1250       1.131029246762e-10 
 1251       1.134056529506e-10 
 1252       1.137073393649e-10 
 1253       1.140077144555e-10 
 1254       1.143065070714e-10 
 1255       1.146034443714e-10 
 1256       1.148982518200e-10 
 1257       1.151906531845e-10 
 1258       1.154803705317e-10 
 1259       1.157671242245e-10 
 1260       1.160506329182e-10 
 1261       1.163306135578e-10 
 1262       1.166067813741e-10 
 1263       1.168788498808e-10 
 1264       1.171465308707e-10 
 1265       1.174095344128e-10 
 1266       1.176675688488e-10 
 1267       1.179203407895e-10 
 1268       1.181675859028e-10 
 1269       1.184091616712e-10 
 1270       1.186449556968e-10 
 1271       1.188748550066e-10 
 1272       1.190987460512e-10 
 1273       1.193165147039e-10 
 1274       1.195280462598e-10 
 1275       1.197332254345e-10 
 1276       1.199319363631e-10 
 1277       1.201240625991e-10 
 1278       1.203094871139e-10 
 1279       1.204880922948e-10 
 1280       1.206597599449e-10 
 1281       1.208243712813e-10 
 1282       1.209818069347e-10 
 1283       1.211319469478e-10 
 1284       1.212746707746e-10 
 1285       1.214098572794e-10 
 1286       1.215373847353e-10 
 1287       1.216571308239e-10 
 1288       1.217689726334e-10 
 1289       1.218727866583e-10 
 1290       1.219684487980e-10 
 1291       1.220558343555e-10 
 1292       1.221348180372e-10 
 1293       1.222052739508e-10 
 1294       1.222670756051e-10 
 1295       1.223200959084e-10 
 1296       1.223642071679e-10 
 1297       1.223992810884e-10 
 1298       1.224251887711e-10 
 1299       1.224418007129e-10 
 1300       1.224489868054e-10 
 1301       1.224466163333e-10 
 1302       1.224345579739e-10 
 1303       1.224126797960e-10 
 1304       1.223808492586e-10 
 1305       1.223389332099e-10 
 1306       1.222867978866e-10 
 1307       1.222243416457e-10 
 1308       1.221515935647e-10 
 1309       1.220686159426e-10 
 1310       1.219754716676e-10 
 1311       1.218722242189e-10 
 1312       1.217589376674e-10 
 1313       1.216356766772e-10 
 1314       1.215025065071e-10 
 1315       1.213594930114e-10 
 1316       1.212067026413e-10 
 1317       1.210442024465e-10 
 1318       1.208720600759e-10 
 1319       1.206903437792e-10 
 1320       1.204991224082e-10 
 1321       1.202984654177e-10 
 1322       1.200884428673e-10 
 1323       1.198691254221e-10 
 1324       1.196405843541e-10 
 1325       1.194028915440e-10 
 1326       1.191561194815e-10 
 1327       1.189003412674e-10 
 1328       1.186356306143e-10 
 1329       1.183620618482e-10 
 1330       1.180797099096e-10 
 1331       1.177886503548e-10 
 1332       1.174889593570e-10 
 1333       1.171807137077e-10 
 1334       1.168639908182e-10 
 1335       1.165388687203e-10 
 1336       1.162054260680e-10 
 1337       1.158637421384e-10 
 1338       1.155138968335e-10 
 1339       1.151559706809e-10 
 1340       1.147900448351e-10 
 1341       1.144162010792e-10 
 1342       1.140345218259e-10 
 1343       1.136450901184e-10 
 1344       1.132479896323e-10 
 1345       1.128433046764e-10 
 1346       1.124311337564e-10 
 1347       1.120116304251e-10 
 1348       1.115849628783e-10 
 1349       1.111513004351e-10 
 1350       1.107108135401e-10 
 1351       1.102636737654e-10 
 1352       1.098100538128e-10 
 1353       1.093501275161e-10 
 1354       1.088840698429e-10 
 1355       1.084120568972e-10 
 1356       1.079342659212e-10 
 1357       1.074508752976e-10 
 1358       1.069620645518e-10 
 1359       1.064680143537e-10 
 1360       1.059689065205e-10 
 1361       1.054649240183e-10 
 1362       1.049562509645e-10 
 1363       1.044430726298e-10 
 1364       1.039255754405e-10 
 1365       1.034039469805e-10 
 1366       1.028783759938e-10 
 1367       1.023490523860e-10 
 1368       1.018161672273e-10 
 1369       1.012799127538e-10 
 1370       1.007404823702e-10 
 1371       1.001980706519e-10 
 1372       9.965287334702e-11 
 1373       9.910508737844e-11 
 1374       9.855491084622e-11 
 1375       9.800254302963e-11 
 1376       9.744818438926e-11 
 1377       9.689203656925e-11 
 1378       9.633430239938e-11 
 1379       9.577518589727e-11 
 1380       9.521489227048e-11 
 1381       9.465362791873e-11 
 1382       9.409160043599e-11 
 1383       9.352901861264e-11 
 1384       9.296609243768e-11 
 1385       9.240302202763e-11 
 1386       9.183996428132e-11 
 1387       9.127706587737e-11 
 1388       9.071447431681e-11 
 1389       9.015233792463e-11 
 1390       8.959080585115e-11 
 1391       8.903002807355e-11 
 1392       8.847015539728e-11 
 1393       8.791133945756e-11 
 1394       8.735373272080e-11 
 1395       8.679748848611e-11 
 1396       8.624276088670e-11 
 1397       8.568970489138e-11 
 1398       8.513847630601e-11 
 1399       8.458923177496e-11 
 1400       8.404212878258e-11 
 1401       8.349732565461e-11 
 1402       8.295498155973e-11 
 1403       8.241525651092e-11 
 1404       8.187831136699e-11 
 1405       8.134430783402e-11 
 1406       8.081340846681e-11 
 1407       8.028577667035e-11 
 1408       7.976157670127e-11 
 1409       7.924097366930e-11 
 1410       7.872413353875e-11 
 1411       7.821122312995e-11 
 1412       7.770241012070e-11 
 1413       7.719786304777e-11 
 1414       7.669775130832e-11 
 1415       7.620224516136e-11 
 1416       7.571151572924e-11 
 1417       7.522573499910e-11 
 1418       7.474507582431e-11 
 1419       7.426971192593e-11 
 1420       7.379981789420e-11 
 1421       7.333556918998e-11 
 1422       7.287714214621e-11 
 1423       7.242471396936e-11 
 1424       7.197843880259e-11 
 1425       7.153837564326e-11 
 1426       7.110455968799e-11 
 1427       7.067702620393e-11 
 1428       7.025581052874e-11 
 1429       6.984094807065e-11 
 1430       6.943247430852e-11 
 1431       6.903042479187e-11 
 1432       6.863483514094e-11 
 1433       6.824574104670e-11 
 1434       6.786317827094e-11 
 1435       6.748718264626e-11 
 1436       6.711779007617e-11 
 1437       6.675503653510e-11 
 1438       6.639895806845e-11 
 1439       6.604959079264e-11 
 1440       6.570697089514e-11 
 1441       6.537113463454e-11 
 1442       6.504211834057e-11 
 1443       6.471995841414e-11 
 1444       6.440469132743e-11 
 1445       6.409635362386e-11 
 1446       6.379498191819e-11 
 1447       6.350061289657e-11 
 1448       6.321328331654e-11 
 1449       6.293303000709e-11 
 1450       6.265988986872e-11 
 1451       6.239389987348e-11 
 1452       6.213509706501e-11 
 1453       6.188351855857e-11 
 1454       6.163920154110e-11 
 1455       6.140218327127e-11 
 1456       6.117250107950e-11 
 1457       6.095019236804e-11 
 1458       6.073529461096e-11 
 1459       6.052784535427e-11 
 1460       6.032788221588e-11 
 1461       6.013544288570e-11 
 1462       5.995056512569e-11 
 1463       5.977326739628e-11 
 1464       5.960349052390e-11 
 1465       5.944115545043e-11 
 1466       5.928618255279e-11 
 1467       5.913849164192e-11 
 1468       5.899800196172e-11 
 1469       5.886463218802e-11 
 1470       5.873830042754e-11 
 1471       5.861892421685e-11 
 1472       5.850642052132e-11 
 1473       5.840070573407e-11 
 1474       5.830169567496e-11 
 1475       5.820930558953e-11 
 1476       5.812345014794e-11 
 1477       5.804404344396e-11 
 1478       5.797099899391e-11 
 1479       5.790422973563e-11 
 1480       5.784364802743e-11 
 1481       5.778916564705e-11 
 1482       5.774069379062e-11 
 1483       5.769814307162e-11 
 1484       5.766142351984e-11 
 1485       5.763044458032e-11 
 1486       5.760511511235e-11 
 1487       5.758534338838e-11 
 1488       5.757103709302e-11 
 1489       5.756210332196e-11 
 1490       5.755844858096e-11 
 1491       5.755997878480e-11 
 1492       5.756659925624e-11 
 1493       5.757821472495e-11 
 1494       5.759472932652e-11 
 1495       5.761604660137e-11 
 1496       5.764206949376e-11 
 1497       5.767270035069e-11 
 1498       5.770784092089e-11 
 1499       5.774739235379e-11 
 1500       5.779125519847e-11 
 1501       5.783932940258e-11 
 1502       5.789151108253e-11 
 1503       5.794768280152e-11 
 1504       5.800772319474e-11 
 1505       5.807151018838e-11 
 1506       5.813892099843e-11 
 1507       5.820983212948e-11 
 1508       5.828411937348e-11 
 1509       5.836165780855e-11 
 1510       5.844232179774e-11 
 1511       5.852598498786e-11 
 1512       5.861252030821e-11 
 1513       5.870179996943e-11 
 1514       5.879369546222e-11 
 1515       5.888807755620e-11 
 1516       5.898481629864e-11 
 1517       5.908378101325e-11 
 1518       5.918484029901e-11 
 1519       5.928786202891e-11 
 1520       5.939271334877e-11 
 1521       5.949926067601e-11 
 1522       5.960736969844e-11 
 1523       5.971690537304e-11 
 1524       5.982773192476e-11 
 1525       5.993971284532e-11 
 1526       6.005271089194e-11 
 1527       6.016658808619e-11 
 1528       6.028120571275e-11 
 1529       6.039642431821e-11 
 1530       6.051210370982e-11 
 1531       6.062810295433e-11 
 1532       6.074428037672e-11 
 1533       6.086049355905e-11 
 1534       6.097659933919e-11 
 1535       6.109245380965e-11 
 1536       6.120791231633e-11 
 1537       6.132282945733e-11 
 1538       6.143705908175e-11 
 1539       6.155045428843e-11 
 1540       6.166286742479e-11 
 1541       6.177416195235e-11 
 1542       6.188424816907e-11 
 1543       6.199304782369e-11 
 1544       6.210048227915e-11 
 1545       6.220647251192e-11 
 1546       6.231093911145e-11 
 1547       6.241380227950e-11 
 1548       6.251498182956e-11 
 1549       6.261439718624e-11 
 1550       6.271196738462e-11 
 1551       6.280761106968e-11 
 1552       6.290124649565e-11 
 1553       6.299279152543e-11 
 1554       6.308216362994e-11 
 1555       6.316927988754e-11 
 1556       6.325405698339e-11 
 1557       6.333641120886e-11 
 1558       6.341625846088e-11 
 1559       6.349351424139e-11 
 1560       6.356809365664e-11 
 1561       6.363991141664e-11 
 1562       6.370888183455e-11 
 1563       6.377491882602e-11 
 1564       6.383793590861e-11 
 1565       6.389784620116e-11 
 1566       6.395456242318e-11 
 1567       6.400799689427e-11 
 1568       6.405806153343e-11 
 1569       6.410466785853e-11 
 1570       6.414772698564e-11 
 1571       6.418714962845e-11 
 1572       6.422284609761e-11 
 1573       6.425472630018e-11 
 1574       6.428269973896e-11 
 1575       6.430667551192e-11 
 1576       6.432656231155e-11 
 1577       6.434226842428e-11 
 1578       6.435370172981e-11 
 1579       6.436076970059e-11 
 1580       6.436339610245e-11 
 1581       6.436157126724e-11 
 1582       6.435530228448e-11 
 1583       6.434459634242e-11 
 1584       6.432946072825e-11 
 1585       6.430990282829e-11 
 1586       6.428593012816e-11 
 1587       6.425755021299e-11 
 1588       6.422477076758e-11 
 1589       6.418759957664e-11 
 1590       6.414604452491e-11 
 1591       6.410011359740e-11 
 1592       6.404981487956e-11 
 1593       6.399515655748e-11 
 1594       6.393614691806e-11 
 1595       6.387279434921e-11 
 1596       6.380510734004e-11 
 1597       6.373309448103e-11 
 1598       6.365676446425e-11 
 1599       6.357612608354e-11 
 1600       6.349118823467e-11 
 1601       6.340195991555e-11 
 1602       6.330845022644e-11 
 1603       6.321066837010e-11 
 1604       6.310862365200e-11 
 1605       6.300232548050e-11 
 1606       6.289178336703e-11 
 1607       6.277700692633e-11 
 1608       6.265800587655e-11 
 1609       6.253479003953e-11 
 1610       6.240736934092e-11 
 1611       6.227575381040e-11 
 1612       6.213995358187e-11 
 1613       6.199997889363e-11 
 1614       6.185584008857e-11 
 1615       6.170754761436e-11 
 1616       6.155511202363e-11 
 1617       6.139854397418e-11 
 1618       6.123785422914e-11 
 1619       6.107306363527e-11 
 1620       6.090423315601e-11 
 1621       6.073143411017e-11 
 1622       6.055473821915e-11 
 1623       6.037421760753e-11 
 1624       6.018994480378e-11 
 1625       6.000199274085e-11 
 1626       5.981043475685e-11 
 1627       5.961534459569e-11 
 1628       5.941679640770e-11 
 1629       5.921486475030e-11 
 1630       5.900962458864e-11 
 1631       5.880115129625e-11 
 1632       5.858952065567e-11 
 1633       5.837480885911e-11 
 1634       5.815709250907e-11 
 1635       5.793644861904e-11 
 1636       5.771295461407e-11 
 1637       5.748668833149e-11 
 1638       5.725772802148e-11 
 1639       5.702615234778e-11 
 1640       5.679204038832e-11 
 1641       5.655547163582e-11 
 1642       5.631652599850e-11 
 1643       5.607528380067e-11 
 1644       5.583182578343e-11 
 1645       5.558623310524e-11 
 1646       5.533858734266e-11 
 1647       5.508897049091e-11 
 1648       5.483746496456e-11 
 1649       5.458415359817e-11 
 1650       5.432911964692e-11 
 1651       5.407244678728e-11 
 1652       5.381421911761e-11 
 1653       5.355452115888e-11 
 1654       5.329343785524e-11 
 1655       5.303105457470e-11 
 1656       5.276745710976e-11 
 1657       5.250273167809e-11 
 1658       5.223696323683e-11 
 1659       5.197023040804e-11 
 1660       5.170261050975e-11 
 1661       5.143418123881e-11 
 1662       5.116502067145e-11 
 1663       5.089520726384e-11 
 1664       5.062481985265e-11 
 1665       5.035393765567e-11 
 1666       5.008264027234e-11 
 1667       4.981100768431e-11 
 1668       4.953912025606e-11 
 1669       4.926705873544e-11 
 1670       4.899490425424e-11 
 1671       4.872273832878e-11 
 1672       4.845064286045e-11 
 1673       4.817870013633e-11 
 1674       4.790699282971e-11 
 1675       4.763560400069e-11 
 1676       4.736461709675e-11 
 1677       4.709411595330e-11 
 1678       4.682418479431e-11 
 1679       4.655490823279e-11 
 1680       4.628637127146e-11 
 1681       4.601865930322e-11 
 1682       4.575185811183e-11 
 1683       4.548605387239e-11 
 1684       4.522133315196e-11 
 1685       4.495778291012e-11 
 1686       4.469549049954e-11 
 1687       4.443454366654e-11 
 1688       4.417503055171e-11 
 1689       4.391703969041e-11 
 1690       4.366066001338e-11 
 1691       4.340598084733e-11 
 1692       4.315309191548e-11 
 1693       4.290208333813e-11 
 1694       4.265304563325e-11 
 1695       4.240606971706e-11 
 1696       4.216124690456e-11 
 1697       4.191865891480e-11 
 1698       4.167834779107e-11 
 1699       4.144034572253e-11 
 1700       4.120468501607e-11 
 1701       4.097139809658e-11 
 1702       4.074051750700e-11 
 1703       4.051207590857e-11 
 1704       4.028610608089e-11 
 1705       4.006264092217e-11 
 1706       3.984171344931e-11 
 1707       3.962335679811e-11 
 1708       3.940760422338e-11 
 1709       3.919448909912e-11 
 1710       3.898404491868e-11 
 1711       3.877630529491e-11 
 1712       3.857130396029e-11 
 1713       3.836907476712e-11 
 1714       3.816965168767e-11 
 1715       3.797306881431e-11 
 1716       3.777936035971e-11 
 1717       3.758856065693e-11 
 1718       3.740070415966e-11 
 1719       3.721582544227e-11 
 1720       3.703395920009e-11 
 1721       3.685514024944e-11 
 1722       3.667940352788e-11 
 1723       3.650678409431e-11 
 1724       3.633731712917e-11 
 1725       3.617103793455e-11 
 1726       3.600798193436e-11 
 1727       3.584818467451e-11 
 1728       3.569168182303e-11 
 1729       3.553850917025e-11 
 1730       3.538870262894e-11 
 1731       3.524229823448e-11 
 1732       3.509933214500e-11 
 1733       3.495984064154e-11 
 1734       3.482386012822e-11 
 1735       3.469142713236e-11 
 1736       3.456256801253e-11 
 1737       3.443726798734e-11 
 1738       3.431550184588e-11 
 1739       3.419724421595e-11 
 1740       3.408246956378e-11 
 1741       3.397115219380e-11 
 1742       3.386326624836e-11 
 1743       3.375878570747e-11 
 1744       3.365768438860e-11 
 1745       3.355993594637e-11 
 1746       3.346551387231e-11 
 1747       3.337439149461e-11 
 1748       3.328654197788e-11 
 1749       3.320193832286e-11 
 1750       3.312055336620e-11 
 1751       3.304235978020e-11 
 1752       3.296733007254e-11 
 1753       3.289543658602e-11 
 1754       3.282665149834e-11 
 1755       3.276094682182e-11 
 1756       3.269829440314e-11 
 1757       3.263866592312e-11 
 1758       3.258203289642e-11 
 1759       3.252836667131e-11 
 1760       3.247763842944e-11 
 1761       3.242981918552e-11 
 1762       3.238487978713e-11 
 1763       3.234279091443e-11 
 1764       3.230352307994e-11 
 1765       3.226704662823e-11 
 1766       3.223333173571e-11 
 1767       3.220234841037e-11 
 1768       3.217406649151e-11 
 1769       3.214845564950e-11 
 1770       3.212548538552e-11 
 1771       3.210512503131e-11 
 1772       3.208734374891e-11 
 1773       3.207211053039e-11 
 1774       3.205939419764e-11 
 1775       3.204915941042e-11 
 1776       3.204135465521e-11 
 1777       3.203592415683e-11 
 1778       3.203281186075e-11 
 1779       3.203196143262e-11 
 1780       3.203331625793e-11 
 1781       3.203681944155e-11 
 1782       3.204241380735e-11 
 1783       3.205004189779e-11 
 1784       3.205964597352e-11 
 1785       3.207116801294e-11 
 1786       3.208454971186e-11 
 1787       3.209973248301e-11 
 1788       3.211665745572e-11 
 1789       3.213526547543e-11 
 1790       3.215549710335e-11 
 1791       3.217729261603e-11 
 1792       3.220059200494e-11 
 1793       3.222533497608e-11 
 1794       3.225146094957e-11 
 1795       3.227890905925e-11 
 1796       3.230761815225e-11 
 1797       3.233752678862e-11 
 1798       3.236857324089e-11 
 1799       3.240069549369e-11 
 1800       3.243383124333e-11 
 1801       3.246791789738e-11 
 1802       3.250289257430e-11 
 1803       3.253869210300e-11 
 1804       3.257525302246e-11 
 1805       3.261251158129e-11 
 1806       3.265040373737e-11 
 1807       3.268886515739e-11 
 1808       3.272783121650e-11 
 1809       3.276723699786e-11 
 1810       3.280701729224e-11 
 1811       3.284710659765e-11 
 1812       3.288743911888e-11 
 1813       3.292794876714e-11 
 1814       3.296857280055e-11 
 1815       3.300926277861e-11 
 1816       3.304997369534e-11 
 1817       3.309066034603e-11 
 1818       3.313127732700e-11 
 1819       3.317177903535e-11 
 1820       3.321211966863e-11 
 1821       3.325225322464e-11 
 1822       3.329213350107e-11 
 1823       3.333171409531e-11 
 1824       3.337094840410e-11 
 1825       3.340978962334e-11 
 1826       3.344819074774e-11 
 1827       3.348610457057e-11 
 1828       3.352348368343e-11 
 1829       3.356028047591e-11 
 1830       3.359644713535e-11 
 1831       3.363193564657e-11 
 1832       3.366669779160e-11 
 1833       3.370068514937e-11 
 1834       3.373384909549e-11 
 1835       3.376614080193e-11 
 1836       3.379751123677e-11 
 1837       3.382791116392e-11 
 1838       3.385729114286e-11 
 1839       3.388560152834e-11 
 1840       3.391279247013e-11 
 1841       3.393881391273e-11 
 1842       3.396361559512e-11 
 1843       3.398714705045e-11 
 1844       3.400935760579e-11 
 1845       3.403019638187e-11 
 1846       3.404961229277e-11 
 1847       3.406755404568e-11 
 1848       3.408397014061e-11 
 1849       3.409880887011e-11 
 1850       3.411201831902e-11 
 1851       3.412354636416e-11 
 1852       3.413334067410e-11 
 1853       3.414135619981e-11 
 1854       3.414757771197e-11 
 1855       3.415199744109e-11 
 1856       3.415460760274e-11 
 1857       3.415540039752e-11 
 1858       3.415436801107e-11 
 1859       3.415150261402e-11 
 1860       3.414679636199e-11 
 1861       3.414024139561e-11 
 1862       3.413182984047e-11 
 1863       3.412155380713e-11 
 1864       3.410940539110e-11 
 1865       3.409537667280e-11 
 1866       3.407945971763e-11 
 1867       3.406164657586e-11 
 1868       3.404192928267e-11 
 1869       3.402029985816e-11 
 1870       3.399675030727e-11 
 1871       3.397127261983e-11 
 1872       3.394385877053e-11 
 1873       3.391450071887e-11 
 1874       3.388319040923e-11 
 1875       3.384991977076e-11 
 1876       3.381468071745e-11 
 1877       3.377746514808e-11 
 1878       3.373826494621e-11 
 1879       3.369707198016e-11 
 1880       3.365387810304e-11 
 1881       3.360867515267e-11 
 1882       3.356145495163e-11 
 1883       3.351220930723e-11 
 1884       3.346093001146e-11 
 1885       3.340760884105e-11 
 1886       3.335223755740e-11 
 1887       3.329480790657e-11 
 1888       3.323531161932e-11 
 1889       3.317374041102e-11 
 1890       3.311008598172e-11 
 1891       3.304434001608e-11 
 1892       3.297650007034e-11 
 1893       3.290658728297e-11 
 1894       3.283462880099e-11 
 1895       3.276065190563e-11 
 1896       3.268468401252e-11 
 1897       3.260675267187e-11 
 1898       3.252688556864e-11 
 1899       3.244511052275e-11 
 1900       3.236145548926e-11 
 1901       3.227594855856e-11 
 1902       3.218861795652e-11 
 1903       3.209949204472e-11 
 1904       3.200859932062e-11 
 1905       3.191596841773e-11 
 1906       3.182162810582e-11 
 1907       3.172560729109e-11 
 1908       3.162793501635e-11 
 1909       3.152864046122e-11 
 1910       3.142775294232e-11 
 1911       3.132530191343e-11 
 1912       3.122131696569e-11 
 1913       3.111582782780e-11 
 1914       3.100886436616e-11 
 1915       3.090045658513e-11 
 1916       3.079063462714e-11 
 1917       3.067942877290e-11 
 1918       3.056686944163e-11 
 1919       3.045298719117e-11 
 1920       3.033781271821e-11 
 1921       3.022137685849e-11 
 1922       3.010371058694e-11 
 1923       2.998484501789e-11 
 1924       2.986481140527e-11 
 1925       2.974364114277e-11 
 1926       2.962136576402e-11 
 1927       2.949801694281e-11 
 1928       2.937362649325e-11 
 1929       2.924822636997e-11 
 1930       2.912184866827e-11 
 1931       2.899452653301e-11 
 1932       2.886629689228e-11 
 1933       2.873719774478e-11 
 1934       2.860726725331e-11 
 1935       2.847654374491e-11 
 1936       2.834506571114e-11 
 1937       2.821287180826e-11 
 1938       2.808000085746e-11 
 1939       2.794649184506e-11 
 1940       2.781238392273e-11 
 1941       2.767771640772e-11 
 1942       2.754252878305e-11 
 1943       2.740686069775e-11 
 1944       2.727075196704e-11 
 1945       2.713424257259e-11 
 1946       2.699737266268e-11 
 1947       2.686018255247e-11 
 1948       2.672271272419e-11 
 1949       2.658500382733e-11 
 1950       2.644709667890e-11 
 1951       2.630903226361e-11 
 1952       2.617085173411e-11 
 1953       2.603259641118e-11 
 1954       2.589430778396e-11 
 1955       2.575602751016e-11 
 1956       2.561779741628e-11 
 1957       2.547965949782e-11 
 1958       2.534165591948e-11 
 1959       2.520382901542e-11 
 1960       2.506622128941e-11 
 1961       2.492887541509e-11 
 1962       2.479183423619e-11 
 1963       2.465514076671e-11 
 1964       2.451883819115e-11 
 1965       2.438296986474e-11 
 1966       2.424757931362e-11 
 1967       2.411271023510e-11 
 1968       2.397840649784e-11 
 1969       2.384471214207e-11 
 1970       2.371166775144e-11 
 1971       2.357929953863e-11 
 1972       2.344763017908e-11 
 1973       2.331668243210e-11 
 1974       2.318647914095e-11 
 1975       2.305704323300e-11 
 1976       2.292839771977e-11 
 1977       2.280056569707e-11 
 1978       2.267357034508e-11 
 1979       2.254743492848e-11 
 1980       2.242218279651e-11 
 1981       2.229783738313e-11 
 1982       2.217442220707e-11 
 1983       2.205196087195e-11 
 1984       2.193047706641e-11 
 1985       2.180999456417e-11 
 1986       2.169053722414e-11 
 1987       2.157212899055e-11 
 1988       2.145479389304e-11 
 1989       2.133855604674e-11 
 1990       2.122343965241e-11 
 1991       2.110946899650e-11 
 1992       2.099666845128e-11 
 1993       2.088506247496e-11 
 1994       2.077467561175e-11 
 1995       2.066553249198e-11 
 1996       2.055765783221e-11 
 1997       2.045107643534e-11 
 1998       2.034581319068e-11 
 1999       2.024189307407e-11 
 2000       2.013934114801e-11 
 2001       2.003818256171e-11 
 2002       1.993844255124e-11 
 2003       1.984014643959e-11 
 2004       1.974331963681e-11 
 2005       1.964798764009e-11 
 2006       1.955417603388e-11 
 2007       1.946191048996e-11 
 2008       1.937121676759e-11 
 2009       1.928211574195e-11 
 2010       1.919460844983e-11 
 2011       1.910869093523e-11 
 2012       1.902435921100e-11 
 2013       1.894160925882e-11 
 2014       1.886043702917e-11 
 2015       1.878083844126e-11 
 2016       1.870280938297e-11 
 2017       1.862634571086e-11 
 2018       1.855144325006e-11 
 2019       1.847809779427e-11 
 2020       1.840630510570e-11 
 2021       1.833606091502e-11 
 2022       1.826736092133e-11 
 2023       1.820020079208e-11 
 2024       1.813457616308e-11 
 2025       1.807048263841e-11 
 2026       1.800791579037e-11 
 2027       1.794687115948e-11 
 2028       1.788734425439e-11 
 2029       1.782933055185e-11 
 2030       1.777282549670e-11 
 2031       1.771782450174e-11 
 2032       1.766432294778e-11 
 2033       1.761231618352e-11 
 2034       1.756179952556e-11 
 2035       1.751276825830e-11 
 2036       1.746521763397e-11 
 2037       1.741914287249e-11 
 2038       1.737453916151e-11 
 2039       1.733140165631e-11 
 2040       1.728972547977e-11 
 2041       1.724950572236e-11 
 2042       1.721073744203e-11 
 2043       1.717341566421e-11 
 2044       1.713753538174e-11 
 2045       1.710309155486e-11 
 2046       1.707007911113e-11 
 2047       1.703849294538e-11 
 2048       1.700832499369e-11 
 2049       1.697955543233e-11 
 2050       1.695216141581e-11 
 2051       1.692611999705e-11 
 2052       1.690140812724e-11 
 2053       1.687800265573e-11 
 2054       1.685588032990e-11 
 2055       1.683501779499e-11 
 2056       1.681539159405e-11 
 2057       1.679697816772e-11 
 2058       1.677975385419e-11 
 2059       1.676369488898e-11 
 2060       1.674877740491e-11 
 2061       1.673497743188e-11 
 2062       1.672227089679e-11 
 2063       1.671063362341e-11 
 2064       1.670004133224e-11 
 2065       1.669046964037e-11 
 2066       1.668189406138e-11 
 2067       1.667429000519e-11 
 2068       1.666763277794e-11 
 2069       1.666189758185e-11 
 2070       1.665705951510e-11 
 2071       1.665309357169e-11 
 2072       1.664997464136e-11 
 2073       1.664767750937e-11 
 2074       1.664617685645e-11 
 2075       1.664544725864e-11 
 2076       1.664546318716e-11 
 2077       1.664619900829e-11 
 2078       1.664762898324e-11 
 2079       1.664972726801e-11 
 2080       1.665246791327e-11 
 2081       1.665582486423e-11 
 2082       1.665977196050e-11 
 2083       1.666428293600e-11 
 2084       1.666933141878e-11 
 2085       1.667489093091e-11 
 2086       1.668093488837e-11 
 2087       1.668743714057e-11 
 2088       1.669437359345e-11 
 2089       1.670172059749e-11 
 2090       1.670945440901e-11 
 2091       1.671755119001e-11 
 2092       1.672598700808e-11 
 2093       1.673473783628e-11 
 2094       1.674377955303e-11 
 2095       1.675308794198e-11 
 2096       1.676263869191e-11 
 2097       1.677240739662e-11 
 2098       1.678236955480e-11 
 2099       1.679250056994e-11 
 2100       1.680277575017e-11 
 2101       1.681317030822e-11 
 2102       1.682365936122e-11 
 2103       1.683421793065e-11 
 2104       1.684482094220e-11 
 2105       1.685544322566e-11 
 2106       1.686605951480e-11 
 2107       1.687664444728e-11 
 2108       1.688717256450e-11 
 2109       1.689761831151e-11 
 2110       1.690795603687e-11 
 2111       1.691815999259e-11 
 2112       1.692820433396e-11 
 2113       1.693806311946e-11 
 2114       1.694771031064e-11 
 2115       1.695711977201e-11 
 2116       1.696626527092e-11 
 2117       1.697512047747e-11 
 2118       1.698365896436e-11 
 2119       1.699185420678e-11 
 2120       1.699967958233e-11 
 2121       1.700710837088e-11 
 2122       1.701411375445e-11 
 2123       1.702066881712e-11 
 2124       1.702674654488e-11 
 2125       1.703231982555e-11 
 2126       1.703736440836e-11 
 2127       1.704186780519e-11 
 2128       1.704582045039e-11 
 2129       1.704921274659e-11 
 2130       1.705203506470e-11 
 2131       1.705427774384e-11 
 2132       1.705593109131e-11 
 2133       1.705698538257e-11 
 2134       1.705743086121e-11 
 2135       1.705725773887e-11 
 2136       1.705645619525e-11 
 2137       1.705501637806e-11 
 2138       1.705292840299e-11 
 2139       1.705018235366e-11 
 2140       1.704676828158e-11 
 2141       1.704267620614e-11 
 2142       1.703789611457e-11 
 2143       1.703241796187e-11 
 2144       1.702623167083e-11 
 2145       1.701932713195e-11 
 2146       1.701169420340e-11 
 2147       1.700332271104e-11 
 2148       1.699420244831e-11 
 2149       1.698432317626e-11 
 2150       1.697367462348e-11 
 2151       1.696224648606e-11 
 2152       1.695002842758e-11 
 2153       1.693701007904e-11 
 2154       1.692318103887e-11 
 2155       1.690853087284e-11 
 2156       1.689304911408e-11 
 2157       1.687672526299e-11 
 2158       1.685954878726e-11 
 2159       1.684150912179e-11 
 2160       1.682259566866e-11 
 2161       1.680279779712e-11 
 2162       1.678210484355e-11 
 2163       1.676050611138e-11 
 2164       1.673799087113e-11 
 2165       1.671455141285e-11 
 2166       1.669019222635e-11 
 2167       1.666492088301e-11 
 2168       1.663874498892e-11 
 2169       1.661167218487e-11 
 2170       1.658371014646e-11 
 2171       1.655486658408e-11 
 2172       1.652514924302e-11 
 2173       1.649456590344e-11 
 2174       1.646312438048e-11 
 2175       1.643083252424e-11 
 2176       1.639769821987e-11 
 2177       1.636372938761e-11 
 2178       1.632893398277e-11 
 2179       1.629331999588e-11 
 2180       1.625689545264e-11 
 2181       1.621966841399e-11 
 2182       1.618164697618e-11 
 2183       1.614283927078e-11 
 2184       1.610325346473e-11 
 2185       1.606289776039e-11 
 2186       1.602178039558e-11 
 2187       1.597990964362e-11 
 2188       1.593729381337e-11 
 2189       1.589394124928e-11 
 2190       1.584986033142e-11 
 2191       1.580505947555e-11 
 2192       1.575954713313e-11 
 2193       1.571333179138e-11 
 2194       1.566642197330e-11 
 2195       1.561882623777e-11 
 2196       1.557055317951e-11 
 2197       1.552161142920e-11 
 2198       1.547200965348e-11 
 2199       1.542175655498e-11 
 2200       1.537086087242e-11 
 2201       1.531933138059e-11 
 2202       1.526717689043e-11 
 2203       1.521440624905e-11 
 2204       1.516102956138e-11 
 2205       1.510706186382e-11 
 2206       1.505251947505e-11 
 2207       1.499741877677e-11 
 2208       1.494177621373e-11 
 2209       1.488560829383e-11 
 2210       1.482893158820e-11 
 2211       1.477176273124e-11 
 2212       1.471411842072e-11 
 2213       1.465601541784e-11 
 2214       1.459747054730e-11 
 2215       1.453850069742e-11 
 2216       1.447912282011e-11 
 2217       1.441935393105e-11 
 2218       1.435921110970e-11 
 2219       1.429871149940e-11 
 2220       1.423787230743e-11 
 2221       1.417671080508e-11 
 2222       1.411524432772e-11 
 2223       1.405349027491e-11 
 2224       1.399146611042e-11 
 2225       1.392918936233e-11 
 2226       1.386667762310e-11 
 2227       1.380394854966e-11 
 2228       1.374101986343e-11 
 2229       1.367790935045e-11 
 2230       1.361463486144e-11 
 2231       1.355121431183e-11 
 2232       1.348766568190e-11 
 2233       1.342400701679e-11 
 2234       1.336025642662e-11 
 2235       1.329643208653e-11 
 2236       1.323255223677e-11 
 2237       1.316863518278e-11 
 2238       1.310469929524e-11 
 2239       1.304076301015e-11 
 2240       1.297684482891e-11 
 2241       1.291296331841e-11 
 2242       1.284913711105e-11 
 2243       1.278538392388e-11 
 2244       1.272171760863e-11 
 2245       1.265815108259e-11 
 2246       1.259469730782e-11 
 2247       1.253136929125e-11 
 2248       1.246818008471e-11 
 2249       1.240514278500e-11 
 2250       1.234227053391e-11 
 2251       1.227957651828e-11 
 2252       1.221707397007e-11 
 2253       1.215477616638e-11 
 2254       1.209269642951e-11 
 2255       1.203084812701e-11 
 2256       1.196924467175e-11 
 2257       1.190789952192e-11 
 2258       1.184682618113e-11 
 2259       1.178603819843e-11 
 2260       1.172554916837e-11 
 2261       1.166537273104e-11 
 2262       1.160552257212e-11 
 2263       1.154601242297e-11 
 2264       1.148685606060e-11 
 2265       1.142806730780e-11 
 2266       1.136966003312e-11 
 2267       1.131164815099e-11 
 2268       1.125404562169e-11 
 2269       1.119686645147e-11 
 2270       1.114012469257e-11 
 2271       1.108383444325e-11 
 2272       1.102800984789e-11 
 2273       1.097266509696e-11 
 2274       1.091781442717e-11 
 2275       1.086347212144e-11 
 2276       1.080965250898e-11 
 2277       1.075636996532e-11 
 2278       1.070363891241e-11 
 2279       1.065147381860e-11 
 2280       1.059988919875e-11 
 2281       1.054889961422e-11 
 2282       1.049851757524e-11 
 2283       1.044874723291e-11 
 2284       1.039959064680e-11 
 2285       1.035104987903e-11 
 2286       1.030312699424e-11 
 2287       1.025582405962e-11 
 2288       1.020914314489e-11 
 2289       1.016308632232e-11 
 2290       1.011765566673e-11 
 2291       1.007285325547e-11 
 2292       1.002868116844e-11 
 2293       9.985141488085e-12 
 2294       9.942236299398e-12 
 2295       9.899967689918e-12 
 2296       9.858337749731e-12 
 2297       9.817348571476e-12 
 2298       9.777002250339e-12 
 2299       9.737300884060e-12 
 2300       9.698246572930e-12 
 2301       9.659841419794e-12 
 2302       9.622087530050e-12 
 2303       9.584987011654e-12 
 2304       9.548541975116e-12 
 2305       9.512754533503e-12 
 2306       9.477626802444e-12 
 2307       9.443160900122e-12 
 2308       9.409358947284e-12 
 2309       9.376223067238e-12 
 2310       9.343755385852e-12 
 2311       9.311958031560e-12 
 2312       9.280833135357e-12 
 2313       9.250382830807e-12 
 2314       9.220609254037e-12 
 2315       9.191514543742e-12 
 2316       9.163100841187e-12 
 2317       9.135370290203e-12 
 2318       9.108325037193e-12 
 2319       9.081967231130e-12 
 2320       9.056299023562e-12 
 2321       9.031320889603e-12 
 2322       9.007026579360e-12 
 2323       8.983408134664e-12 
 2324       8.960457565146e-12 
 2325       8.938166848204e-12 
 2326       8.916527928961e-12 
 2327       8.895532720234e-12 
 2328       8.875173102493e-12 
 2329       8.855440923827e-12 
 2330       8.836327999908e-12 
 2331       8.817826113954e-12 
 2332       8.799927016691e-12 
 2333       8.782622426318e-12 
 2334       8.765904028473e-12 
 2335       8.749763476193e-12 
 2336       8.734192389877e-12 
 2337       8.719182357253e-12 
 2338       8.704724933342e-12 
 2339       8.690811640415e-12 
 2340       8.677433967966e-12 
 2341       8.664583372667e-12 
 2342       8.652251278338e-12 
 2343       8.640429075906e-12 
 2344       8.629108123372e-12 
 2345       8.618279745774e-12 
 2346       8.607935235147e-12 
 2347       8.598065850492e-12 
 2348       8.588662817736e-12 
 2349       8.579717329696e-12 
 2350       8.571220546045e-12 
 2351       8.563163593271e-12 
 2352       8.555537564647e-12 
 2353       8.548333520187e-12 
 2354       8.541542486617e-12 
 2355       8.535155457334e-12 
 2356       8.529163392369e-12 
 2357       8.523557218356e-12 
 2358       8.518327828488e-12 
 2359       8.513466082489e-12 
 2360       8.508962529211e-12 
 2361       8.504806572654e-12 
 2362       8.500987300703e-12 
 2363       8.497493761975e-12 
 2364       8.494314965774e-12 
 2365       8.491439882054e-12 
 2366       8.488857441371e-12 
 2367       8.486556534844e-12 
 2368       8.484526014111e-12 
 2369       8.482754691286e-12 
 2370       8.481231338922e-12 
 2371       8.479944689959e-12 
 2372       8.478883437691e-12 
 2373       8.478036235719e-12 
 2374       8.477391697907e-12 
 2375       8.476938398346e-12 
 2376       8.476664871303e-12 
 2377       8.476559611187e-12 
 2378       8.476611072501e-12 
 2379       8.476807669802e-12 
 2380       8.477137777657e-12 
 2381       8.477589730604e-12 
 2382       8.478151823104e-12 
 2383       8.478812309506e-12 
 2384       8.479559403997e-12 
 2385       8.480381280565e-12 
 2386       8.481266072954e-12 
 2387       8.482201874624e-12 
 2388       8.483176738706e-12 
 2389       8.484178677959e-12 
 2390       8.485195664733e-12 
 2391       8.486215630920e-12 
 2392       8.487226467916e-12 
 2393       8.488216026577e-12 
 2394       8.489172117175e-12 
 2395       8.490082509361e-12 
 2396       8.490934932117e-12 
 2397       8.491717073715e-12 
 2398       8.492416581676e-12 
 2399       8.493021990539e-12 
 2400       8.493525511436e-12 
 2401       8.493920259457e-12 
 2402       8.494199327361e-12 
 2403       8.494355785556e-12 
 2404       8.494382682071e-12 
 2405       8.494273042539e-12 
 2406       8.494019870168e-12 
 2407       8.493616145721e-12 
 2408       8.493054827494e-12 
 2409       8.492328851290e-12 
 2410       8.491431130399e-12 
 2411       8.490354555573e-12 
 2412       8.489091995004e-12 
 2413       8.487636294298e-12 
 2414       8.485980276457e-12 
 2415       8.484116741853e-12 
 2416       8.482038468204e-12 
 2417       8.479738210554e-12 
 2418       8.477208701248e-12 
 2419       8.474442649907e-12 
 2420       8.471432743410e-12 
 2421       8.468171645867e-12 
 2422       8.464651998597e-12 
 2423       8.460866420105e-12 
 2424       8.456807506059e-12 
 2425       8.452467829268e-12 
 2426       8.447839939656e-12 
 2427       8.442916364243e-12 
 2428       8.437689607119e-12 
 2429       8.432152149422e-12 
 2430       8.426296449314e-12 
 2431       8.420114941959e-12 
 2432       8.413600039501e-12 
 2433       8.406744131039e-12 
 2434       8.399539582604e-12 
 2435       8.391978737137e-12 
 2436       8.384053914466e-12 
 2437       8.375757411282e-12 
 2438       8.367083139071e-12 
 2439       8.358031548701e-12 
 2440       8.348604735364e-12 
 2441       8.338804803319e-12 
 2442       8.328633865901e-12 
 2443       8.318094045530e-12 
 2444       8.307187473724e-12 
 2445       8.295916291105e-12 
 2446       8.284282647415e-12 
 2447       8.272288701518e-12 
 2448       8.259936621416e-12 
 2449       8.247228584259e-12 
 2450       8.234166776350e-12 
 2451       8.220753393161e-12 
 2452       8.206990639339e-12 
 2453       8.192880728718e-12 
 2454       8.178425884328e-12 
 2455       8.163628338406e-12 
 2456       8.148490332404e-12 
 2457       8.133014117002e-12 
 2458       8.117201952116e-12 
 2459       8.101056106908e-12 
 2460       8.084578859797e-12 
 2461       8.067772498468e-12 
 2462       8.050639319883e-12 
 2463       8.033181630290e-12 
 2464       8.015401745235e-12 
 2465       7.997301989569e-12 
 2466       7.978884697459e-12 
 2467       7.960152212401e-12 
 2468       7.941106887226e-12 
 2469       7.921751084112e-12 
 2470       7.902087174593e-12 
 2471       7.882117539571e-12 
 2472       7.861844569324e-12 
 2473       7.841270663517e-12 
 2474       7.820398231210e-12 
 2475       7.799229690873e-12 
 2476       7.777767470390e-12 
 2477       7.756013176302e-12 
 2478       7.733965096136e-12 
 2479       7.711620681329e-12 
 2480       7.688977376656e-12 
 2481       7.666032620217e-12 
 2482       7.642783843438e-12 
 2483       7.619228471060e-12 
 2484       7.595363921136e-12 
 2485       7.571187605019e-12 
 2486       7.546696927365e-12 
 2487       7.521889286118e-12 
 2488       7.496762072509e-12 
 2489       7.471312671047e-12 
 2490       7.445538459515e-12 
 2491       7.419436808964e-12 
 2492       7.393005083701e-12 
 2493       7.366240641292e-12 
 2494       7.339140832549e-12 
 2495       7.311703001526e-12 
 2496       7.283924485513e-12 
 2497       7.255802615027e-12 
 2498       7.227334713813e-12 
 2499       7.198518098828e-12 
 2500       7.169350080243e-12 
