# dimensionless total [l(l+1)/2pi] C_l's
# for l=2 to 2500, i.e. number of multipoles equal to 2499
#
# -> if you prefer output in CAMB/HealPix/LensPix units/order, set 'format' to 'camb' in input file
# -> if you don't want to see such a header, set 'headers' to 'no' in input file
#
# 1:l     2:TT                 
    2       3.068494602238e-10 
    3       2.817692617864e-10 
    4       2.612879961695e-10 
    5       2.455834323207e-10 
    6       2.334286045015e-10 
    7       2.238680881566e-10 
    8       2.161670409715e-10 
    9       2.099107389628e-10 
   10       2.047264127332e-10 
   11       2.003101705730e-10 
   12       1.964622271141e-10 
   13       1.931405677107e-10 
   14       1.903409139434e-10 
   15       1.879640656081e-10 
   16       1.858824740048e-10 
   17       1.840370442597e-10 
   18       1.825010833960e-10 
   19       1.813108210756e-10 
   20       1.803510471286e-10 
   21       1.796017933161e-10 
   22       1.790131681348e-10 
   23       1.786227783843e-10 
   24       1.784443054398e-10 
   25       1.784522948946e-10 
   26       1.785827851329e-10 
   27       1.788535272639e-10 
   28       1.792767899763e-10 
   29       1.798350364802e-10 
   30       1.805324543976e-10 
   31       1.813563945721e-10 
   32       1.822763552560e-10 
   33       1.833003884021e-10 
   34       1.844350770559e-10 
   35       1.856751218038e-10 
   36       1.870253652782e-10 
   37       1.884835118764e-10 
   38       1.900323819738e-10 
   39       1.916484226576e-10 
   40       1.933343750836e-10 
   41       1.950952380161e-10 
   42       1.969284940553e-10 
   43       1.988280725368e-10 
   44       2.007994698972e-10 
   45       2.028480951040e-10 
   46       2.049745462393e-10 
   47       2.071741680894e-10 
   48       2.094398548626e-10 
   49       2.117724248728e-10 
   50       2.141724102418e-10 
   51       2.166367970774e-10 
   52       2.191587486315e-10 
   53       2.217307101806e-10 
   54       2.243552982534e-10 
   55       2.270367289934e-10 
   56       2.297775495192e-10 
   57       2.325785028731e-10 
   58       2.354383929703e-10 
   59       2.383551721649e-10 
   60       2.413298056104e-10 
   61       2.443630672298e-10 
   62       2.474543043092e-10 
   63       2.506013438908e-10 
   64       2.538003991668e-10 
   65       2.570475737792e-10 
   66       2.603439552642e-10 
   67       2.636914361681e-10 
   68       2.670911633292e-10 
   69       2.705434889680e-10 
   70       2.740479217772e-10 
   71       2.776030780121e-10 
   72       2.812074081855e-10 
   73       2.848616473264e-10 
   74       2.885667488509e-10 
   75       2.923231199587e-10 
   76       2.961305904319e-10 
   77       2.999883814328e-10 
   78       3.038950743019e-10 
   79       3.078485793561e-10 
   80       3.118468281157e-10 
   81       3.158900570747e-10 
   82       3.199788654411e-10 
   83       3.241135094045e-10 
   84       3.282938843310e-10 
   85       3.325195069581e-10 
   86       3.367894975898e-10 
   87       3.411025622913e-10 
   88       3.454569750842e-10 
   89       3.498510369173e-10 
   90       3.542845739043e-10 
   91       3.587576424002e-10 
   92       3.632700626335e-10 
   93       3.678214080438e-10 
   94       3.724109946197e-10 
   95       3.770378702363e-10 
   96       3.817008039925e-10 
   97       3.863982755494e-10 
   98       3.911284644671e-10 
   99       3.958895865769e-10 
  100       4.006809805069e-10 
  101       4.055021559620e-10 
  102       4.103524540447e-10 
  103       4.152310407996e-10 
  104       4.201369007575e-10 
  105       4.250688304794e-10 
  106       4.300254321005e-10 
  107       4.350051068747e-10 
  108       4.400060487182e-10 
  109       4.450262377539e-10 
  110       4.500637102074e-10 
  111       4.551174212026e-10 
  112       4.601864808170e-10 
  113       4.652698839035e-10 
  114       4.703665063505e-10 
  115       4.754751013417e-10 
  116       4.805942956168e-10 
  117       4.857225857308e-10 
  118       4.908583343147e-10 
  119       4.959997663356e-10 
  120       5.011449653563e-10 
  121       5.062918697959e-10 
  122       5.114382691897e-10 
  123       5.165820166646e-10 
  124       5.217217019714e-10 
  125       5.268560490838e-10 
  126       5.319837048903e-10 
  127       5.371032371556e-10 
  128       5.422131324819e-10 
  129       5.473117942701e-10 
  130       5.523975406810e-10 
  131       5.574686025965e-10 
  132       5.625231215810e-10 
  133       5.675591478425e-10 
  134       5.725746381940e-10 
  135       5.775674540143e-10 
  136       5.825353592099e-10 
  137       5.874761882322e-10 
  138       5.923883740677e-10 
  139       5.972704712730e-10 
  140       6.021209898698e-10 
  141       6.069383943854e-10 
  142       6.117211028940e-10 
  143       6.164674860564e-10 
  144       6.211758661616e-10 
  145       6.258445161665e-10 
  146       6.304716587373e-10 
  147       6.350554652894e-10 
  148       6.395940550288e-10 
  149       6.440854939921e-10 
  150       6.485277940872e-10 
  151       6.529189121343e-10 
  152       6.572567489062e-10 
  153       6.615392904891e-10 
  154       6.657650491672e-10 
  155       6.699326618740e-10 
  156       6.740407513226e-10 
  157       6.780879257710e-10 
  158       6.820727787873e-10 
  159       6.859938890154e-10 
  160       6.898498199406e-10 
  161       6.936391196545e-10 
  162       6.973603206209e-10 
  163       7.010119394414e-10 
  164       7.045924766203e-10 
  165       7.081004163304e-10 
  166       7.115342261784e-10 
  167       7.148923569705e-10 
  168       7.181732424775e-10 
  169       7.213752992004e-10 
  170       7.244969261362e-10 
  171       7.275366082852e-10 
  172       7.304932373515e-10 
  173       7.333658174581e-10 
  174       7.361533639989e-10 
  175       7.388549038273e-10 
  176       7.414694754446e-10 
  177       7.439961291894e-10 
  178       7.464339274257e-10 
  179       7.487819447321e-10 
  180       7.510392680899e-10 
  181       7.532049970725e-10 
  182       7.552782440338e-10 
  183       7.572581342966e-10 
  184       7.591438063420e-10 
  185       7.609344119976e-10 
  186       7.626291166264e-10 
  187       7.642270993154e-10 
  188       7.657275530644e-10 
  189       7.671296849750e-10 
  190       7.684327164385e-10 
  191       7.696359467584e-10 
  192       7.707389489493e-10 
  193       7.717413890216e-10 
  194       7.726429642621e-10 
  195       7.734434036309e-10 
  196       7.741424681576e-10 
  197       7.747399513374e-10 
  198       7.752356795277e-10 
  199       7.756295123439e-10 
  200       7.759213430562e-10 
  201       7.761110989855e-10 
  202       7.761987419001e-10 
  203       7.761842684113e-10 
  204       7.760677103706e-10 
  205       7.758491352650e-10 
  206       7.755286466142e-10 
  207       7.751063843662e-10 
  208       7.745825252939e-10 
  209       7.739572833913e-10 
  210       7.732309102699e-10 
  211       7.724036955547e-10 
  212       7.714759672810e-10 
  213       7.704480957683e-10 
  214       7.693205047133e-10 
  215       7.680936616126e-10 
  216       7.667680747543e-10 
  217       7.653442936238e-10 
  218       7.638229093093e-10 
  219       7.622045549069e-10 
  220       7.604899059264e-10 
  221       7.586796806965e-10 
  222       7.567746407702e-10 
  223       7.547755913305e-10 
  224       7.526833815957e-10 
  225       7.504989052248e-10 
  226       7.482231007230e-10 
  227       7.458569518470e-10 
  228       7.434014880108e-10 
  229       7.408577846906e-10 
  230       7.382269638308e-10 
  231       7.355101942490e-10 
  232       7.327086920417e-10 
  233       7.298237209898e-10 
  234       7.268565929636e-10 
  235       7.238086683288e-10 
  236       7.206813563516e-10 
  237       7.174761156042e-10 
  238       7.141943895329e-10 
  239       7.108374079925e-10 
  240       7.074063744745e-10 
  241       7.039025301303e-10 
  242       7.003271540398e-10 
  243       6.966815634800e-10 
  244       6.929671141936e-10 
  245       6.891852006581e-10 
  246       6.853372563539e-10 
  247       6.814247540331e-10 
  248       6.774492059884e-10 
  249       6.734121643218e-10 
  250       6.693152212126e-10 
  251       6.651600091869e-10 
  252       6.609482013857e-10 
  253       6.566815118339e-10 
  254       6.523616957085e-10 
  255       6.479905496079e-10 
  256       6.435699118199e-10 
  257       6.391016625910e-10 
  258       6.345877243944e-10 
  259       6.300300621991e-10 
  260       6.254306837386e-10 
  261       6.207916397792e-10 
  262       6.161150243888e-10 
  263       6.114029752060e-10 
  264       6.066576737078e-10 
  265       6.018813454794e-10 
  266       5.970761286775e-10 
  267       5.922436709582e-10 
  268       5.873855111845e-10 
  269       5.825032093054e-10 
  270       5.775983464023e-10 
  271       5.726725247346e-10 
  272       5.677273677858e-10 
  273       5.627645203097e-10 
  274       5.577856483758e-10 
  275       5.527924394158e-10 
  276       5.477866022693e-10 
  277       5.427698672297e-10 
  278       5.377439860904e-10 
  279       5.327107321906e-10 
  280       5.276719004611e-10 
  281       5.226293074707e-10 
  282       5.175847914717e-10 
  283       5.125402124462e-10 
  284       5.074974521517e-10 
  285       5.024584141675e-10 
  286       4.974250239404e-10 
  287       4.923992288304e-10 
  288       4.873829981574e-10 
  289       4.823783232463e-10 
  290       4.773872174737e-10 
  291       4.724117163132e-10 
  292       4.674538773820e-10 
  293       4.625157804863e-10 
  294       4.575995276676e-10 
  295       4.527072432485e-10 
  296       4.478410738788e-10 
  297       4.430030292768e-10 
  298       4.381944957787e-10 
  299       4.334166991835e-10 
  300       4.286708617524e-10 
  301       4.239582020389e-10 
  302       4.192799347189e-10 
  303       4.146372704204e-10 
  304       4.100314155538e-10 
  305       4.054635721415e-10 
  306       4.009349376483e-10 
  307       3.964467048108e-10 
  308       3.920000614679e-10 
  309       3.875961903906e-10 
  310       3.832362691118e-10 
  311       3.789214697564e-10 
  312       3.746529588714e-10 
  313       3.704318972555e-10 
  314       3.662594397896e-10 
  315       3.621367352661e-10 
  316       3.580649262194e-10 
  317       3.540451487559e-10 
  318       3.500785323833e-10 
  319       3.461661998415e-10 
  320       3.423092669318e-10 
  321       3.385088423472e-10 
  322       3.347660275024e-10 
  323       3.310819163638e-10 
  324       3.274575952790e-10 
  325       3.238941428076e-10 
  326       3.203926295503e-10 
  327       3.169541179795e-10 
  328       3.135796622689e-10 
  329       3.102703081237e-10 
  330       3.070270926105e-10 
  331       3.038510439871e-10 
  332       3.007430781512e-10 
  333       2.977036833441e-10 
  334       2.947332213551e-10 
  335       2.918320293812e-10 
  336       2.890004197443e-10 
  337       2.862386796092e-10 
  338       2.835470707015e-10 
  339       2.809258290251e-10 
  340       2.783751645801e-10 
  341       2.758952610807e-10 
  342       2.734862756724e-10 
  343       2.711483386504e-10 
  344       2.688815531771e-10 
  345       2.666859949998e-10 
  346       2.645617121684e-10 
  347       2.625087247534e-10 
  348       2.605270245633e-10 
  349       2.586165748628e-10 
  350       2.567773100902e-10 
  351       2.550091355752e-10 
  352       2.533119272569e-10 
  353       2.516855314012e-10 
  354       2.501297643188e-10 
  355       2.486444120829e-10 
  356       2.472292302470e-10 
  357       2.458839435625e-10 
  358       2.446082456965e-10 
  359       2.434017989498e-10 
  360       2.422642339744e-10 
  361       2.411951494910e-10 
  362       2.401941120076e-10 
  363       2.392606555364e-10 
  364       2.383942813118e-10 
  365       2.375944575085e-10 
  366       2.368606189588e-10 
  367       2.361921668706e-10 
  368       2.355884685450e-10 
  369       2.350488570944e-10 
  370       2.345726311598e-10 
  371       2.341590993111e-10 
  372       2.338077157384e-10 
  373       2.335179493131e-10 
  374       2.332892391417e-10 
  375       2.331209943226e-10 
  376       2.330125937024e-10 
  377       2.329633856329e-10 
  378       2.329726877276e-10 
  379       2.330397866180e-10 
  380       2.331639377107e-10 
  381       2.333443649435e-10 
  382       2.335802605424e-10 
  383       2.338707847781e-10 
  384       2.342150657223e-10 
  385       2.346121990050e-10 
  386       2.350612475702e-10 
  387       2.355612414334e-10 
  388       2.361111774374e-10 
  389       2.367100190095e-10 
  390       2.373566959180e-10 
  391       2.380501040285e-10 
  392       2.387891050607e-10 
  393       2.395725263451e-10 
  394       2.403991605795e-10 
  395       2.412677655857e-10 
  396       2.421770640658e-10 
  397       2.431257433592e-10 
  398       2.441124551991e-10 
  399       2.451358154688e-10 
  400       2.461944039588e-10 
  401       2.472867641230e-10 
  402       2.484114028354e-10 
  403       2.495667901470e-10 
  404       2.507513590420e-10 
  405       2.519635051946e-10 
  406       2.532015867255e-10 
  407       2.544639239588e-10 
  408       2.557487991781e-10 
  409       2.570544563836e-10 
  410       2.583792791872e-10 
  411       2.597223319371e-10 
  412       2.610828372807e-10 
  413       2.624599996412e-10 
  414       2.638530051010e-10 
  415       2.652610212851e-10 
  416       2.666831972443e-10 
  417       2.681186633393e-10 
  418       2.695665311235e-10 
  419       2.710258932270e-10 
  420       2.724958232396e-10 
  421       2.739753755946e-10 
  422       2.754635854522e-10 
  423       2.769594685827e-10 
  424       2.784620212504e-10 
  425       2.799702200965e-10 
  426       2.814830220233e-10 
  427       2.829993640770e-10 
  428       2.845181633314e-10 
  429       2.860383167715e-10 
  430       2.875587011767e-10 
  431       2.890781730045e-10 
  432       2.905955682739e-10 
  433       2.921097024487e-10 
  434       2.936193703212e-10 
  435       2.951233458954e-10 
  436       2.966203822707e-10 
  437       2.981092115254e-10 
  438       2.995885445998e-10 
  439       3.010570711801e-10 
  440       3.025134595815e-10 
  441       3.039563566319e-10 
  442       3.053843875553e-10 
  443       3.067961558552e-10 
  444       3.081902431981e-10 
  445       3.095652092970e-10 
  446       3.109195917949e-10 
  447       3.122519061480e-10 
  448       3.135606455096e-10 
  449       3.148444842534e-10 
  450       3.161028960348e-10 
  451       3.173355555071e-10 
  452       3.185421364935e-10 
  453       3.197223119916e-10 
  454       3.208757541781e-10 
  455       3.220021344126e-10 
  456       3.231011232427e-10 
  457       3.241723904079e-10 
  458       3.252156048441e-10 
  459       3.262304346883e-10 
  460       3.272165472826e-10 
  461       3.281736091789e-10 
  462       3.291012861432e-10 
  463       3.299992431598e-10 
  464       3.308671444364e-10 
  465       3.317046534074e-10 
  466       3.325114327395e-10 
  467       3.332871443352e-10 
  468       3.340314493375e-10 
  469       3.347440081346e-10 
  470       3.354244803640e-10 
  471       3.360725249167e-10 
  472       3.366877999423e-10 
  473       3.372699628525e-10 
  474       3.378186703263e-10 
  475       3.383335783141e-10 
  476       3.388143420419e-10 
  477       3.392606160161e-10 
  478       3.396720540276e-10 
  479       3.400483091562e-10 
  480       3.403890337754e-10 
  481       3.406938795564e-10 
  482       3.409624974725e-10 
  483       3.411945378038e-10 
  484       3.413896501415e-10 
  485       3.415474833920e-10 
  486       3.416676857819e-10 
  487       3.417499048619e-10 
  488       3.417939007764e-10 
  489       3.417998897779e-10 
  490       3.417682109591e-10 
  491       3.416992139755e-10 
  492       3.415932591066e-10 
  493       3.414507173167e-10 
  494       3.412719703169e-10 
  495       3.410574106263e-10 
  496       3.408074416332e-10 
  497       3.405224776564e-10 
  498       3.402029440071e-10 
  499       3.398492770495e-10 
  500       3.394619242629e-10 
  501       3.390413443024e-10 
  502       3.385880070608e-10 
  503       3.381023937297e-10 
  504       3.375849968608e-10 
  505       3.370363204275e-10 
  506       3.364568798861e-10 
  507       3.358472022372e-10 
  508       3.352078260871e-10 
  509       3.345393017089e-10 
  510       3.338421911045e-10 
  511       3.331170680652e-10 
  512       3.323645182335e-10 
  513       3.315851391646e-10 
  514       3.307795403873e-10 
  515       3.299483434656e-10 
  516       3.290921820603e-10 
  517       3.282117019900e-10 
  518       3.273075612926e-10 
  519       3.263804302867e-10 
  520       3.254309916328e-10 
  521       3.244599403950e-10 
  522       3.234679841021e-10 
  523       3.224558428089e-10 
  524       3.214242491578e-10 
  525       3.203739484400e-10 
  526       3.193056986571e-10 
  527       3.182202468112e-10 
  528       3.171182569327e-10 
  529       3.160003801864e-10 
  530       3.148672785133e-10 
  531       3.137196246816e-10 
  532       3.125581023381e-10 
  533       3.113834060591e-10 
  534       3.101962414017e-10 
  535       3.089973249547e-10 
  536       3.077873843898e-10 
  537       3.065671585129e-10 
  538       3.053373973148e-10 
  539       3.040988620227e-10 
  540       3.028523251511e-10 
  541       3.015985705531e-10 
  542       3.003383934712e-10 
  543       2.990726005888e-10 
  544       2.978020100810e-10 
  545       2.965274516658e-10 
  546       2.952497666553e-10 
  547       2.939698080068e-10 
  548       2.926884403738e-10 
  549       2.914065401571e-10 
  550       2.901249955562e-10 
  551       2.888447066199e-10 
  552       2.875665852981e-10 
  553       2.862915554923e-10 
  554       2.850205531069e-10 
  555       2.837545261004e-10 
  556       2.824944345365e-10 
  557       2.812412506353e-10 
  558       2.799959588240e-10 
  559       2.787595557885e-10 
  560       2.775330505244e-10 
  561       2.763174643878e-10 
  562       2.751138311468e-10 
  563       2.739231970324e-10 
  564       2.727466207897e-10 
  565       2.715851737290e-10 
  566       2.704398229960e-10 
  567       2.693110779798e-10 
  568       2.681993349095e-10 
  569       2.671049928185e-10 
  570       2.660284535530e-10 
  571       2.649701217787e-10 
  572       2.639304049883e-10 
  573       2.629097135095e-10 
  574       2.619084605118e-10 
  575       2.609270620141e-10 
  576       2.599659368926e-10 
  577       2.590255068875e-10 
  578       2.581061966112e-10 
  579       2.572084335552e-10 
  580       2.563326480978e-10 
  581       2.554792735113e-10 
  582       2.546487459699e-10 
  583       2.538415045566e-10 
  584       2.530579912712e-10 
  585       2.522986510372e-10 
  586       2.515639317096e-10 
  587       2.508542840824e-10 
  588       2.501701618956e-10 
  589       2.495120218433e-10 
  590       2.488803235805e-10 
  591       2.482755297309e-10 
  592       2.476981058944e-10 
  593       2.471485206542e-10 
  594       2.466272455848e-10 
  595       2.461347552588e-10 
  596       2.456715272549e-10 
  597       2.452380421649e-10 
  598       2.448347836015e-10 
  599       2.444622382056e-10 
  600       2.441208956536e-10 
  601       2.438112486652e-10 
  602       2.435337930105e-10 
  603       2.432890275176e-10 
  604       2.430774540800e-10 
  605       2.428994659223e-10 
  606       2.427550094259e-10 
  607       2.426439141752e-10 
  608       2.425660039330e-10 
  609       2.425210966113e-10 
  610       2.425090042427e-10 
  611       2.425295329508e-10 
  612       2.425824829212e-10 
  613       2.426676483723e-10 
  614       2.427848175265e-10 
  615       2.429337725805e-10 
  616       2.431142896769e-10 
  617       2.433261388743e-10 
  618       2.435690841187e-10 
  619       2.438428832143e-10 
  620       2.441472877942e-10 
  621       2.444820432914e-10 
  622       2.448468889096e-10 
  623       2.452415575941e-10 
  624       2.456657760027e-10 
  625       2.461192644765e-10 
  626       2.466017370109e-10 
  627       2.471129012263e-10 
  628       2.476524583392e-10 
  629       2.482201031329e-10 
  630       2.488155239283e-10 
  631       2.494384025549e-10 
  632       2.500884143218e-10 
  633       2.507652279882e-10 
  634       2.514685057347e-10 
  635       2.521979031340e-10 
  636       2.529530691214e-10 
  637       2.537336459664e-10 
  638       2.545392692429e-10 
  639       2.553695678007e-10 
  640       2.562241637355e-10 
  641       2.571026723609e-10 
  642       2.580047021782e-10 
  643       2.589298548480e-10 
  644       2.598776987788e-10 
  645       2.608476892971e-10 
  646       2.618392466133e-10 
  647       2.628517820032e-10 
  648       2.638846977714e-10 
  649       2.649373872146e-10 
  650       2.660092345846e-10 
  651       2.670996150520e-10 
  652       2.682078946687e-10 
  653       2.693334303321e-10 
  654       2.704755697475e-10 
  655       2.716336513919e-10 
  656       2.728070044770e-10 
  657       2.739949489126e-10 
  658       2.751967952697e-10 
  659       2.764118447438e-10 
  660       2.776393891181e-10 
  661       2.788787107269e-10 
  662       2.801290824188e-10 
  663       2.813897675200e-10 
  664       2.826600197972e-10 
  665       2.839390834212e-10 
  666       2.852261929303e-10 
  667       2.865205731930e-10 
  668       2.878214393719e-10 
  669       2.891279968862e-10 
  670       2.904394413758e-10 
  671       2.917549586638e-10 
  672       2.930737247202e-10 
  673       2.943949056251e-10 
  674       2.957176575317e-10 
  675       2.970411266298e-10 
  676       2.983644491090e-10 
  677       2.996867511219e-10 
  678       3.010071487474e-10 
  679       3.023247479539e-10 
  680       3.036386445624e-10 
  681       3.049479242103e-10 
  682       3.062516623139e-10 
  683       3.075489933637e-10 
  684       3.088393205056e-10 
  685       3.101221103604e-10 
  686       3.113968240787e-10 
  687       3.126629173218e-10 
  688       3.139198402427e-10 
  689       3.151670374675e-10 
  690       3.164039480761e-10 
  691       3.176300055832e-10 
  692       3.188446379199e-10 
  693       3.200472674142e-10 
  694       3.212373107723e-10 
  695       3.224141790597e-10 
  696       3.235772776820e-10 
  697       3.247260063663e-10 
  698       3.258597591421e-10 
  699       3.269779243223e-10 
  700       3.280798844843e-10 
  701       3.291650164512e-10 
  702       3.302326912726e-10 
  703       3.312822742059e-10 
  704       3.323131246971e-10 
  705       3.333245963624e-10 
  706       3.343160369683e-10 
  707       3.352867884138e-10 
  708       3.362361867105e-10 
  709       3.371635619642e-10 
  710       3.380682383559e-10 
  711       3.389495341225e-10 
  712       3.398067615385e-10 
  713       3.406392268964e-10 
  714       3.414462304881e-10 
  715       3.422270665860e-10 
  716       3.429810234240e-10 
  717       3.437073831783e-10 
  718       3.444054219490e-10 
  719       3.450744097405e-10 
  720       3.457136104432e-10 
  721       3.463222818142e-10 
  722       3.468997846530e-10 
  723       3.474459127874e-10 
  724       3.479605697156e-10 
  725       3.484436600216e-10 
  726       3.488950893809e-10 
  727       3.493147645674e-10 
  728       3.497025934587e-10 
  729       3.500584850428e-10 
  730       3.503823494242e-10 
  731       3.506740978301e-10 
  732       3.509336426161e-10 
  733       3.511608972731e-10 
  734       3.513557764330e-10 
  735       3.515181958747e-10 
  736       3.516480725308e-10 
  737       3.517453244932e-10 
  738       3.518098710199e-10 
  739       3.518416325404e-10 
  740       3.518405306624e-10 
  741       3.518064881778e-10 
  742       3.517394290691e-10 
  743       3.516392785148e-10 
  744       3.515059628967e-10 
  745       3.513394098050e-10 
  746       3.511395480451e-10 
  747       3.509063076437e-10 
  748       3.506396198545e-10 
  749       3.503394171649e-10 
  750       3.500056333022e-10 
  751       3.496382032390e-10 
  752       3.492370632003e-10 
  753       3.488021506691e-10 
  754       3.483334043927e-10 
  755       3.478307643889e-10 
  756       3.472941719520e-10 
  757       3.467235696592e-10 
  758       3.461189013768e-10 
  759       3.454801122659e-10 
  760       3.448071487890e-10 
  761       3.441000294708e-10 
  762       3.433590586557e-10 
  763       3.425846168604e-10 
  764       3.417770904104e-10 
  765       3.409368714617e-10 
  766       3.400643580208e-10 
  767       3.391599539660e-10 
  768       3.382240690683e-10 
  769       3.372571190116e-10 
  770       3.362595254140e-10 
  771       3.352317158487e-10 
  772       3.341741238644e-10 
  773       3.330871890061e-10 
  774       3.319713568364e-10 
  775       3.308270789559e-10 
  776       3.296548130241e-10 
  777       3.284550227800e-10 
  778       3.272281780635e-10 
  779       3.259747548353e-10 
  780       3.246952351987e-10 
  781       3.233901074196e-10 
  782       3.220598659477e-10 
  783       3.207050114372e-10 
  784       3.193260507676e-10 
  785       3.179234970646e-10 
  786       3.164978697208e-10 
  787       3.150496944164e-10 
  788       3.135795031404e-10 
  789       3.120878342108e-10 
  790       3.105752322960e-10 
  791       3.090422484352e-10 
  792       3.074894400594e-10 
  793       3.059173710121e-10 
  794       3.043266115703e-10 
  795       3.027177384649e-10 
  796       3.010913349020e-10 
  797       2.994479905832e-10 
  798       2.977883017269e-10 
  799       2.961128710887e-10 
  800       2.944222980891e-10 
  801       2.927171489556e-10 
  802       2.909979860772e-10 
  803       2.892653778672e-10 
  804       2.875198987822e-10 
  805       2.857621293413e-10 
  806       2.839926561445e-10 
  807       2.822120718922e-10 
  808       2.804209754039e-10 
  809       2.786199716370e-10 
  810       2.768096717061e-10 
  811       2.749906929018e-10 
  812       2.731636587095e-10 
  813       2.713291988286e-10 
  814       2.694879491911e-10 
  815       2.676405519811e-10 
  816       2.657876556532e-10 
  817       2.639299149518e-10 
  818       2.620679909298e-10 
  819       2.602025509677e-10 
  820       2.583342687928e-10 
  821       2.564638244974e-10 
  822       2.545919045587e-10 
  823       2.527192018570e-10 
  824       2.508464156949e-10 
  825       2.489742518165e-10 
  826       2.471034224260e-10 
  827       2.452346462067e-10 
  828       2.433686483402e-10 
  829       2.415061605251e-10 
  830       2.396479209960e-10 
  831       2.377946745426e-10 
  832       2.359471725283e-10 
  833       2.341061729097e-10 
  834       2.322724402550e-10 
  835       2.304467457632e-10 
  836       2.286298672831e-10 
  837       2.268225893323e-10 
  838       2.250257031157e-10 
  839       2.232399309939e-10 
  840       2.214656984077e-10 
  841       2.197033580231e-10 
  842       2.179532649292e-10 
  843       2.162157766444e-10 
  844       2.144912531223e-10 
  845       2.127800567576e-10 
  846       2.110825523928e-10 
  847       2.093991073236e-10 
  848       2.077300913053e-10 
  849       2.060758765592e-10 
  850       2.044368377780e-10 
  851       2.028133521323e-10 
  852       2.012057992768e-10 
  853       1.996145613562e-10 
  854       1.980400230110e-10 
  855       1.964825713844e-10 
  856       1.949425961274e-10 
  857       1.934204894056e-10 
  858       1.919166459050e-10 
  859       1.904314628383e-10 
  860       1.889653399505e-10 
  861       1.875186795255e-10 
  862       1.860918863920e-10 
  863       1.846853679296e-10 
  864       1.832995340748e-10 
  865       1.819347973271e-10 
  866       1.805915727553e-10 
  867       1.792702780033e-10 
  868       1.779713332963e-10 
  869       1.766951614471e-10 
  870       1.754421878616e-10 
  871       1.742128405457e-10 
  872       1.730075501107e-10 
  873       1.718267497796e-10 
  874       1.706708753935e-10 
  875       1.695403654170e-10 
  876       1.684356609452e-10 
  877       1.673572057088e-10 
  878       1.663053624980e-10 
  879       1.652801608959e-10 
  880       1.642815453622e-10 
  881       1.633094584298e-10 
  882       1.623638406970e-10 
  883       1.614446308214e-10 
  884       1.605517655124e-10 
  885       1.596851795249e-10 
  886       1.588448056515e-10 
  887       1.580305747165e-10 
  888       1.572424155686e-10 
  889       1.564802550739e-10 
  890       1.557440181089e-10 
  891       1.550336275542e-10 
  892       1.543490042868e-10 
  893       1.536900671738e-10 
  894       1.530567330650e-10 
  895       1.524489167864e-10 
  896       1.518665311332e-10 
  897       1.513094868627e-10 
  898       1.507776926875e-10 
  899       1.502710552686e-10 
  900       1.497894792085e-10 
  901       1.493328670443e-10 
  902       1.489011192408e-10 
  903       1.484941341834e-10 
  904       1.481118081715e-10 
  905       1.477540354115e-10 
  906       1.474207080096e-10 
  907       1.471117159652e-10 
  908       1.468269471640e-10 
  909       1.465662873709e-10 
  910       1.463296202233e-10 
  911       1.461168272239e-10 
  912       1.459277877341e-10 
  913       1.457623789669e-10 
  914       1.456204759801e-10 
  915       1.455019516692e-10 
  916       1.454066767609e-10 
  917       1.453344823281e-10 
  918       1.452850466973e-10 
  919       1.452580067270e-10 
  920       1.452529951098e-10 
  921       1.452696403600e-10 
  922       1.453075668015e-10 
  923       1.453663945556e-10 
  924       1.454457395285e-10 
  925       1.455452133994e-10 
  926       1.456644236079e-10 
  927       1.458029733419e-10 
  928       1.459604615254e-10 
  929       1.461364828062e-10 
  930       1.463306275434e-10 
  931       1.465424817959e-10 
  932       1.467716273091e-10 
  933       1.470176415035e-10 
  934       1.472800974620e-10 
  935       1.475585639178e-10 
  936       1.478526052421e-10 
  937       1.481617814320e-10 
  938       1.484856480980e-10 
  939       1.488237564519e-10 
  940       1.491756532944e-10 
  941       1.495408810031e-10 
  942       1.499189775202e-10 
  943       1.503094763399e-10 
  944       1.507119064965e-10 
  945       1.511257925523e-10 
  946       1.515506545846e-10 
  947       1.519860081744e-10 
  948       1.524313643935e-10 
  949       1.528862297925e-10 
  950       1.533501063883e-10 
  951       1.538224916524e-10 
  952       1.543028784979e-10 
  953       1.547907552680e-10 
  954       1.552856057230e-10 
  955       1.557869090286e-10 
  956       1.562941653745e-10 
  957       1.568069732835e-10 
  958       1.573249534589e-10 
  959       1.578477232520e-10 
  960       1.583748966528e-10 
  961       1.589060842815e-10 
  962       1.594408933795e-10 
  963       1.599789278003e-10 
  964       1.605197880010e-10 
  965       1.610630710330e-10 
  966       1.616083705333e-10 
  967       1.621552767158e-10 
  968       1.627033763620e-10 
  969       1.632522528123e-10 
  970       1.638014859574e-10 
  971       1.643506522289e-10 
  972       1.648993245908e-10 
  973       1.654470725302e-10 
  974       1.659934620491e-10 
  975       1.665380556547e-10 
  976       1.670804123510e-10 
  977       1.676200876298e-10 
  978       1.681566334620e-10 
  979       1.686895982882e-10 
  980       1.692185270103e-10 
  981       1.697429609824e-10 
  982       1.702624380020e-10 
  983       1.707764923010e-10 
  984       1.712846545369e-10 
  985       1.717864517837e-10 
  986       1.722814075235e-10 
  987       1.727690416370e-10 
  988       1.732488703950e-10 
  989       1.737204064496e-10 
  990       1.741831588248e-10 
  991       1.746366329080e-10 
  992       1.750803304414e-10 
  993       1.755137495122e-10 
  994       1.759363845446e-10 
  995       1.763477885768e-10 
  996       1.767477611127e-10 
  997       1.771361630102e-10 
  998       1.775128544436e-10 
  999       1.778776949025e-10 
 1000       1.782305431898e-10 
 1001       1.785712574212e-10 
 1002       1.788996950231e-10 
 1003       1.792157127318e-10 
 1004       1.795191665919e-10 
 1005       1.798099119548e-10 
 1006       1.800878034778e-10 
 1007       1.803526951222e-10 
 1008       1.806044401525e-10 
 1009       1.808428911345e-10 
 1010       1.810678999346e-10 
 1011       1.812793177177e-10 
 1012       1.814769949466e-10 
 1013       1.816607813799e-10 
 1014       1.818305260715e-10 
 1015       1.819860773683e-10 
 1016       1.821272829098e-10 
 1017       1.822539896260e-10 
 1018       1.823660437365e-10 
 1019       1.824632907489e-10 
 1020       1.825455754576e-10 
 1021       1.826127419424e-10 
 1022       1.826646335672e-10 
 1023       1.827010929785e-10 
 1024       1.827219621041e-10 
 1025       1.827270821522e-10 
 1026       1.827162936091e-10 
 1027       1.826894362389e-10 
 1028       1.826463490814e-10 
 1029       1.825868704510e-10 
 1030       1.825108379354e-10 
 1031       1.824180883944e-10 
 1032       1.823084579582e-10 
 1033       1.821817820261e-10 
 1034       1.820379481479e-10 
 1035       1.818770554879e-10 
 1036       1.816992576107e-10 
 1037       1.815047098083e-10 
 1038       1.812935691039e-10 
 1039       1.810659942571e-10 
 1040       1.808221457683e-10 
 1041       1.805621858831e-10 
 1042       1.802862785972e-10 
 1043       1.799945896606e-10 
 1044       1.796872865825e-10 
 1045       1.793645386357e-10 
 1046       1.790265168614e-10 
 1047       1.786733940734e-10 
 1048       1.783053448631e-10 
 1049       1.779225456039e-10 
 1050       1.775251744555e-10 
 1051       1.771134113690e-10 
 1052       1.766874380913e-10 
 1053       1.762474381693e-10 
 1054       1.757935969552e-10 
 1055       1.753261016103e-10 
 1056       1.748451411102e-10 
 1057       1.743509062490e-10 
 1058       1.738435896441e-10 
 1059       1.733233857407e-10 
 1060       1.727904908164e-10 
 1061       1.722451029857e-10 
 1062       1.716874222046e-10 
 1063       1.711176502753e-10 
 1064       1.705359908509e-10 
 1065       1.699426494393e-10 
 1066       1.693378334088e-10 
 1067       1.687217519918e-10 
 1068       1.680946162899e-10 
 1069       1.674566392782e-10 
 1070       1.668080358101e-10 
 1071       1.661490226216e-10 
 1072       1.654798183363e-10 
 1073       1.648006548731e-10 
 1074       1.641118118315e-10 
 1075       1.634135825835e-10 
 1076       1.627062629190e-10 
 1077       1.619901510507e-10 
 1078       1.612655476207e-10 
 1079       1.605327557055e-10 
 1080       1.597920808225e-10 
 1081       1.590438309352e-10 
 1082       1.582883164591e-10 
 1083       1.575258502679e-10 
 1084       1.567567476986e-10 
 1085       1.559813265576e-10 
 1086       1.551999071267e-10 
 1087       1.544128121683e-10 
 1088       1.536203669319e-10 
 1089       1.528228991590e-10 
 1090       1.520207390897e-10 
 1091       1.512142194679e-10 
 1092       1.504036755473e-10 
 1093       1.495894450973e-10 
 1094       1.487718684083e-10 
 1095       1.479512882980e-10 
 1096       1.471280501169e-10 
 1097       1.463025017541e-10 
 1098       1.454749936431e-10 
 1099       1.446458787675e-10 
 1100       1.438155126668e-10 
 1101       1.429842534422e-10 
 1102       1.421524617625e-10 
 1103       1.413205008695e-10 
 1104       1.404887365841e-10 
 1105       1.396575373120e-10 
 1106       1.388272740494e-10 
 1107       1.379983203886e-10 
 1108       1.371710525244e-10 
 1109       1.363458492590e-10 
 1110       1.355230920084e-10 
 1111       1.347031648080e-10 
 1112       1.338864241795e-10 
 1113       1.330731082874e-10 
 1114       1.322634266000e-10 
 1115       1.314575899233e-10 
 1116       1.306558104034e-10 
 1117       1.298583015295e-10 
 1118       1.290652781368e-10 
 1119       1.282769564092e-10 
 1120       1.274935538824e-10 
 1121       1.267152894464e-10 
 1122       1.259423833487e-10 
 1123       1.251750571967e-10 
 1124       1.244135339612e-10 
 1125       1.236580379785e-10 
 1126       1.229087949539e-10 
 1127       1.221660319641e-10 
 1128       1.214299774602e-10 
 1129       1.207008612707e-10 
 1130       1.199789146041e-10 
 1131       1.192643700517e-10 
 1132       1.185574615910e-10 
 1133       1.178584245876e-10 
 1134       1.171674957991e-10 
 1135       1.164849133771e-10 
 1136       1.158109168704e-10 
 1137       1.151457472280e-10 
 1138       1.144896468017e-10 
 1139       1.138428593489e-10 
 1140       1.132056300357e-10 
 1141       1.125782054396e-10 
 1142       1.119608335522e-10 
 1143       1.113537637824e-10 
 1144       1.107572469590e-10 
 1145       1.101715353335e-10 
 1146       1.095968825832e-10 
 1147       1.090335438137e-10 
 1148       1.084817755620e-10 
 1149       1.079418357994e-10 
 1150       1.074139839342e-10 
 1151       1.068984364451e-10 
 1152       1.063952331602e-10 
 1153       1.059043692857e-10 
 1154       1.054258396204e-10 
 1155       1.049596385544e-10 
 1156       1.045057600679e-10 
 1157       1.040641977301e-10 
 1158       1.036349446979e-10 
 1159       1.032179937149e-10 
 1160       1.028133371101e-10 
 1161       1.024209667969e-10 
 1162       1.020408742717e-10 
 1163       1.016730506129e-10 
 1164       1.013174864796e-10 
 1165       1.009741721106e-10 
 1166       1.006430973230e-10 
 1167       1.003242515115e-10 
 1168       1.000176236465e-10 
 1169       9.972320227353e-11 
 1170       9.944097551188e-11 
 1171       9.917093105341e-11 
 1172       9.891305616139e-11 
 1173       9.866733766937e-11 
 1174       9.843376197996e-11 
 1175       9.821231506373e-11 
 1176       9.800298245794e-11 
 1177       9.780574926548e-11 
 1178       9.762060015363e-11 
 1179       9.744751935290e-11 
 1180       9.728649065588e-11 
 1181       9.713749741608e-11 
 1182       9.700052254671e-11 
 1183       9.687554851958e-11 
 1184       9.676255736386e-11 
 1185       9.666153066499e-11 
 1186       9.657244956342e-11 
 1187       9.649529475351e-11 
 1188       9.643004648236e-11 
 1189       9.637668454858e-11 
 1190       9.633516142354e-11 
 1191       9.630532125579e-11 
 1192       9.628697986949e-11 
 1193       9.627995154830e-11 
 1194       9.628404903201e-11 
 1195       9.629908351308e-11 
 1196       9.632486463314e-11 
 1197       9.636120047963e-11 
 1198       9.640789758229e-11 
 1199       9.646476090975e-11 
 1200       9.653159386607e-11 
 1201       9.660819828730e-11 
 1202       9.669437443803e-11 
 1203       9.678992100796e-11 
 1204       9.689463510842e-11 
 1205       9.700831226899e-11 
 1206       9.713074643398e-11 
 1207       9.726172995904e-11 
 1208       9.740105360768e-11 
 1209       9.754850654787e-11 
 1210       9.770387634853e-11 
 1211       9.786694897614e-11 
 1212       9.803750879129e-11 
 1213       9.821533854519e-11 
 1214       9.840021937628e-11 
 1215       9.859193080677e-11 
 1216       9.879025073915e-11 
 1217       9.899495545284e-11 
 1218       9.920581960063e-11 
 1219       9.942261620533e-11 
 1220       9.964511665628e-11 
 1221       9.987309070591e-11 
 1222       1.001063064663e-10 
 1223       1.003445304057e-10 
 1224       1.005875273453e-10 
 1225       1.008350604553e-10 
 1226       1.010868912519e-10 
 1227       1.013427795940e-10 
 1228       1.016024836790e-10 
 1229       1.018657656082e-10 
 1230       1.021324081599e-10 
 1231       1.024021982086e-10 
 1232       1.026749211720e-10 
 1233       1.029503610083e-10 
 1234       1.032283002128e-10 
 1235       1.035085198152e-10 
 1236       1.037907993763e-10 
 1237       1.040749169853e-10 
 1238       1.043606492568e-10 
 1239       1.046477713275e-10 
 1240       1.049360568534e-10 
 1241       1.052252780066e-10 
 1242       1.055152054729e-10 
 1243       1.058056084479e-10 
 1244       1.060962546347e-10 
 1245       1.063869102405e-10 
 1246       1.066773399741e-10 
 1247       1.069673070420e-10 
 1248       1.072565731464e-10 
 1249       1.075448984816e-10 
 1250       1.078320417310e-10 
 1251       1.081177600645e-10 
 1252       1.084018091349e-10 
 1253       1.086839430756e-10 
 1254       1.089639144970e-10 
 1255       1.092414744837e-10 
 1256       1.095163725917e-10 
 1257       1.097883568451e-10 
 1258       1.100571737331e-10 
 1259       1.103225682074e-10 
 1260       1.105842836787e-10 
 1261       1.108420620139e-10 
 1262       1.110956435333e-10 
 1263       1.113447670072e-10 
 1264       1.115891696533e-10 
 1265       1.118285871332e-10 
 1266       1.120627535499e-10 
 1267       1.122914014447e-10 
 1268       1.125142909408e-10 
 1269       1.127312975489e-10 
 1270       1.129423253686e-10 
 1271       1.131472780316e-10 
 1272       1.133460587016e-10 
 1273       1.135385700732e-10 
 1274       1.137247143711e-10 
 1275       1.139043933492e-10 
 1276       1.140775082898e-10 
 1277       1.142439600029e-10 
 1278       1.144036488252e-10 
 1279       1.145564746195e-10 
 1280       1.147023367735e-10 
 1281       1.148411341993e-10 
 1282       1.149727653324e-10 
 1283       1.150971281310e-10 
 1284       1.152141200751e-10 
 1285       1.153236381656e-10 
 1286       1.154255789236e-10 
 1287       1.155198383894e-10 
 1288       1.156063121221e-10 
 1289       1.156848951979e-10 
 1290       1.157554822105e-10 
 1291       1.158179672690e-10 
 1292       1.158722439980e-10 
 1293       1.159182055363e-10 
 1294       1.159557445364e-10 
 1295       1.159847531632e-10 
 1296       1.160051230936e-10 
 1297       1.160167455156e-10 
 1298       1.160195111272e-10 
 1299       1.160133101360e-10 
 1300       1.159980322579e-10 
 1301       1.159735667166e-10 
 1302       1.159398022427e-10 
 1303       1.158966270729e-10 
 1304       1.158439289489e-10 
 1305       1.157815951171e-10 
 1306       1.157095123272e-10 
 1307       1.156275969205e-10 
 1308       1.155358854639e-10 
 1309       1.154344451279e-10 
 1310       1.153233436914e-10 
 1311       1.152026495425e-10 
 1312       1.150724316805e-10 
 1313       1.149327597164e-10 
 1314       1.147837038748e-10 
 1315       1.146253349947e-10 
 1316       1.144577245314e-10 
 1317       1.142809445570e-10 
 1318       1.140950677623e-10 
 1319       1.139001674578e-10 
 1320       1.136963175751e-10 
 1321       1.134835926680e-10 
 1322       1.132620679142e-10 
 1323       1.130318191159e-10 
 1324       1.127929227019e-10 
 1325       1.125454557282e-10 
 1326       1.122894958796e-10 
 1327       1.120251214709e-10 
 1328       1.117524114484e-10 
 1329       1.114714453907e-10 
 1330       1.111823035106e-10 
 1331       1.108850666557e-10 
 1332       1.105798163105e-10 
 1333       1.102666345968e-10 
 1334       1.099456042756e-10 
 1335       1.096168087482e-10 
 1336       1.092803320576e-10 
 1337       1.089362588893e-10 
 1338       1.085846745734e-10 
 1339       1.082256650850e-10 
 1340       1.078593170463e-10 
 1341       1.074857177271e-10 
 1342       1.071049550468e-10 
 1343       1.067171175752e-10 
 1344       1.063222945340e-10 
 1345       1.059205757980e-10 
 1346       1.055120632234e-10 
 1347       1.050969047645e-10 
 1348       1.046752607303e-10 
 1349       1.042472924931e-10 
 1350       1.038131624902e-10 
 1351       1.033730342264e-10 
 1352       1.029270722760e-10 
 1353       1.024754422842e-10 
 1354       1.020183109700e-10 
 1355       1.015558461278e-10 
 1356       1.010882166293e-10 
 1357       1.006155924257e-10 
 1358       1.001381445500e-10 
 1359       9.965604511849e-11 
 1360       9.916946733315e-11 
 1361       9.867858548360e-11 
 1362       9.818357494914e-11 
 1363       9.768461220073e-11 
 1364       9.718187480309e-11 
 1365       9.667554141667e-11 
 1366       9.616579179975e-11 
 1367       9.565280681042e-11 
 1368       9.513676840863e-11 
 1369       9.461785965822e-11 
 1370       9.409626472896e-11 
 1371       9.357216889859e-11 
 1372       9.304575855481e-11 
 1373       9.251722119738e-11 
 1374       9.198674544008e-11 
 1375       9.145452101281e-11 
 1376       9.092073876358e-11 
 1377       9.038559066054e-11 
 1378       8.984926979405e-11 
 1379       8.931197037868e-11 
 1380       8.877388775524e-11 
 1381       8.823521839284e-11 
 1382       8.769615989090e-11 
 1383       8.715691098120e-11 
 1384       8.661767152988e-11 
 1385       8.607863131611e-11 
 1386       8.553993623417e-11 
 1387       8.500172173854e-11 
 1388       8.446412403627e-11 
 1389       8.392728008829e-11 
 1390       8.339132761076e-11 
 1391       8.285640507639e-11 
 1392       8.232265171577e-11 
 1393       8.179020751872e-11 
 1394       8.125921323560e-11 
 1395       8.072981037863e-11 
 1396       8.020214122327e-11 
 1397       7.967634880949e-11 
 1398       7.915257694317e-11 
 1399       7.863097019735e-11 
 1400       7.811167391362e-11 
 1401       7.759483420345e-11 
 1402       7.708059794948e-11 
 1403       7.656911280688e-11 
 1404       7.606052720471e-11 
 1405       7.555499034716e-11 
 1406       7.505265221500e-11 
 1407       7.455366356680e-11 
 1408       7.405817594035e-11 
 1409       7.356634165394e-11 
 1410       7.307831380768e-11 
 1411       7.259424628489e-11 
 1412       7.211429375337e-11 
 1413       7.163861166678e-11 
 1414       7.116735626593e-11 
 1415       7.070068458013e-11 
 1416       7.023875442852e-11 
 1417       6.978172442141e-11 
 1418       6.932975396160e-11 
 1419       6.888300324571e-11 
 1420       6.844163326550e-11 
 1421       6.800580580924e-11 
 1422       6.757568346300e-11 
 1423       6.715142961200e-11 
 1424       6.673318557612e-11 
 1425       6.632100175684e-11 
 1426       6.591490578580e-11 
 1427       6.551492532649e-11 
 1428       6.512108807418e-11 
 1429       6.473342175592e-11 
 1430       6.435195413051e-11 
 1431       6.397671298851e-11 
 1432       6.360772615217e-11 
 1433       6.324502147545e-11 
 1434       6.288862684396e-11 
 1435       6.253857017498e-11 
 1436       6.219487941742e-11 
 1437       6.185758255178e-11 
 1438       6.152670759018e-11 
 1439       6.120228257627e-11 
 1440       6.088433558527e-11 
 1441       6.057289472391e-11 
 1442       6.026798813043e-11 
 1443       5.996964397454e-11 
 1444       5.967789045744e-11 
 1445       5.939275581174e-11 
 1446       5.911426830147e-11 
 1447       5.884245622207e-11 
 1448       5.857734790035e-11 
 1449       5.831897169448e-11 
 1450       5.806735599395e-11 
 1451       5.782252921957e-11 
 1452       5.758451982345e-11 
 1453       5.735335628894e-11 
 1454       5.712906713069e-11 
 1455       5.691168089452e-11 
 1456       5.670122615751e-11 
 1457       5.649773152787e-11 
 1458       5.630122564503e-11 
 1459       5.611173717952e-11 
 1460       5.592929483302e-11 
 1461       5.575392733828e-11 
 1462       5.558566345917e-11 
 1463       5.542451435524e-11 
 1464       5.527042048282e-11 
 1465       5.512330416308e-11 
 1466       5.498308716822e-11 
 1467       5.484969072041e-11 
 1468       5.472303549082e-11 
 1469       5.460304159861e-11 
 1470       5.448962860988e-11 
 1471       5.438271553674e-11 
 1472       5.428222083621e-11 
 1473       5.418806240928e-11 
 1474       5.410015759987e-11 
 1475       5.401842319380e-11 
 1476       5.394277541785e-11 
 1477       5.387312993867e-11 
 1478       5.380940186182e-11 
 1479       5.375150573076e-11 
 1480       5.369935552581e-11 
 1481       5.365286466317e-11 
 1482       5.361194599391e-11 
 1483       5.357651180292e-11 
 1484       5.354647380797e-11 
 1485       5.352174315865e-11 
 1486       5.350223043535e-11 
 1487       5.348784564832e-11 
 1488       5.347849823657e-11 
 1489       5.347409706694e-11 
 1490       5.347455043303e-11 
 1491       5.347976605424e-11 
 1492       5.348965107474e-11 
 1493       5.350411206243e-11 
 1494       5.352305500799e-11 
 1495       5.354638532384e-11 
 1496       5.357400784310e-11 
 1497       5.360582681865e-11 
 1498       5.364174592207e-11 
 1499       5.368166824264e-11 
 1500       5.372549628633e-11 
 1501       5.377313197480e-11 
 1502       5.382447432719e-11 
 1503       5.387941248268e-11 
 1504       5.393783260800e-11 
 1505       5.399962020728e-11 
 1506       5.406466012093e-11 
 1507       5.413283652455e-11 
 1508       5.420403292773e-11 
 1509       5.427813217300e-11 
 1510       5.435501643460e-11 
 1511       5.443456721744e-11 
 1512       5.451666535592e-11 
 1513       5.460119101278e-11 
 1514       5.468802367802e-11 
 1515       5.477704216774e-11 
 1516       5.486812462298e-11 
 1517       5.496114850864e-11 
 1518       5.505599061233e-11 
 1519       5.515252704320e-11 
 1520       5.525063323086e-11 
 1521       5.535018392422e-11 
 1522       5.545105319037e-11 
 1523       5.555311441344e-11 
 1524       5.565624029344e-11 
 1525       5.576030284521e-11 
 1526       5.586517339718e-11 
 1527       5.597072259033e-11 
 1528       5.607682037700e-11 
 1529       5.618333601978e-11 
 1530       5.629013809037e-11 
 1531       5.639709446847e-11 
 1532       5.650407234060e-11 
 1533       5.661093819903e-11 
 1534       5.671755784059e-11 
 1535       5.682379636557e-11 
 1536       5.692951817658e-11 
 1537       5.703458697742e-11 
 1538       5.713886577194e-11 
 1539       5.724221686293e-11 
 1540       5.734450185094e-11 
 1541       5.744559331045e-11 
 1542       5.754540994177e-11 
 1543       5.764388175052e-11 
 1544       5.774093840013e-11 
 1545       5.783650921134e-11 
 1546       5.793052316159e-11 
 1547       5.802290888452e-11 
 1548       5.811359466942e-11 
 1549       5.820250846067e-11 
 1550       5.828957785722e-11 
 1551       5.837473011204e-11 
 1552       5.845789213157e-11 
 1553       5.853899047519e-11 
 1554       5.861795135465e-11 
 1555       5.869470063358e-11 
 1556       5.876916382688e-11 
 1557       5.884126610024e-11 
 1558       5.891093226956e-11 
 1559       5.897808680040e-11 
 1560       5.904265380747e-11 
 1561       5.910455705408e-11 
 1562       5.916371995156e-11 
 1563       5.922006555878e-11 
 1564       5.927351658154e-11 
 1565       5.932399537209e-11 
 1566       5.937142392854e-11 
 1567       5.941572389433e-11 
 1568       5.945681655771e-11 
 1569       5.949462285117e-11 
 1570       5.952906335090e-11 
 1571       5.956005827627e-11 
 1572       5.958752748926e-11 
 1573       5.961139049394e-11 
 1574       5.963156643590e-11 
 1575       5.964797410173e-11 
 1576       5.966053191848e-11 
 1577       5.966915795310e-11 
 1578       5.967376991190e-11 
 1579       5.967428514003e-11 
 1580       5.967063621373e-11 
 1581       5.966281787622e-11 
 1582       5.965084053531e-11 
 1583       5.963471471021e-11 
 1584       5.961445103175e-11 
 1585       5.959006024257e-11 
 1586       5.956155319736e-11 
 1587       5.952894086301e-11 
 1588       5.949223431888e-11 
 1589       5.945144475695e-11 
 1590       5.940658348206e-11 
 1591       5.935766191212e-11 
 1592       5.930469157828e-11 
 1593       5.924768412520e-11 
 1594       5.918665131117e-11 
 1595       5.912160500839e-11 
 1596       5.905255720315e-11 
 1597       5.897951999604e-11 
 1598       5.890250560213e-11 
 1599       5.882152635122e-11 
 1600       5.873659468802e-11 
 1601       5.864772317236e-11 
 1602       5.855492447940e-11 
 1603       5.845821139984e-11 
 1604       5.835759684010e-11 
 1605       5.825309382258e-11 
 1606       5.814471548580e-11 
 1607       5.803247508467e-11 
 1608       5.791638599064e-11 
 1609       5.779646169195e-11 
 1610       5.767271579381e-11 
 1611       5.754516201863e-11 
 1612       5.741381420620e-11 
 1613       5.727868631390e-11 
 1614       5.713979241693e-11 
 1615       5.699714670850e-11 
 1616       5.685076350002e-11 
 1617       5.670065722136e-11 
 1618       5.654684242098e-11 
 1619       5.638934262014e-11 
 1620       5.622821696241e-11 
 1621       5.606353380536e-11 
 1622       5.589536188907e-11 
 1623       5.572377033677e-11 
 1624       5.554882865544e-11 
 1625       5.537060673640e-11 
 1626       5.518917485596e-11 
 1627       5.500460367600e-11 
 1628       5.481696424460e-11 
 1629       5.462632799663e-11 
 1630       5.443276675440e-11 
 1631       5.423635272821e-11 
 1632       5.403715851704e-11 
 1633       5.383525710909e-11 
 1634       5.363072188244e-11 
 1635       5.342362660563e-11 
 1636       5.321404543830e-11 
 1637       5.300205293176e-11 
 1638       5.278772402966e-11 
 1639       5.257113406854e-11 
 1640       5.235235877849e-11 
 1641       5.213147428373e-11 
 1642       5.190855710324e-11 
 1643       5.168368415136e-11 
 1644       5.145693273842e-11 
 1645       5.122838057132e-11 
 1646       5.099810575416e-11 
 1647       5.076618678887e-11 
 1648       5.053270257578e-11 
 1649       5.029773241426e-11 
 1650       5.006135600334e-11 
 1651       4.982365344228e-11 
 1652       4.958470523124e-11 
 1653       4.934459227182e-11 
 1654       4.910339586775e-11 
 1655       4.886119772544e-11 
 1656       4.861807995462e-11 
 1657       4.837412506895e-11 
 1658       4.812941380037e-11 
 1659       4.788401851996e-11 
 1660       4.763800976024e-11 
 1661       4.739145839667e-11 
 1662       4.714443564819e-11 
 1663       4.689701307770e-11 
 1664       4.664926259262e-11 
 1665       4.640125644534e-11 
 1666       4.615306723381e-11 
 1667       4.590476790200e-11 
 1668       4.565643174044e-11 
 1669       4.540813238676e-11 
 1670       4.515994382614e-11 
 1671       4.491194039190e-11 
 1672       4.466419676595e-11 
 1673       4.441678797937e-11 
 1674       4.416978941288e-11 
 1675       4.392327679737e-11 
 1676       4.367732621440e-11 
 1677       4.343201409677e-11 
 1678       4.318741722897e-11 
 1679       4.294361274774e-11 
 1680       4.270067814255e-11 
 1681       4.245869125615e-11 
 1682       4.221773028509e-11 
 1683       4.197787378019e-11 
 1684       4.173920064711e-11 
 1685       4.150179014681e-11 
 1686       4.126572189613e-11 
 1687       4.103107586826e-11 
 1688       4.079793239326e-11 
 1689       4.056637215861e-11 
 1690       4.033647620967e-11 
 1691       4.010832595026e-11 
 1692       3.988200314312e-11 
 1693       3.965758991047e-11 
 1694       3.943516873448e-11 
 1695       3.921482245784e-11 
 1696       3.899663428422e-11 
 1697       3.878067815034e-11 
 1698       3.856698975012e-11 
 1699       3.835559526169e-11 
 1700       3.814652095338e-11 
 1701       3.793979318378e-11 
 1702       3.773543840187e-11 
 1703       3.753348314717e-11 
 1704       3.733395404979e-11 
 1705       3.713687783061e-11 
 1706       3.694228130137e-11 
 1707       3.675019136476e-11 
 1708       3.656063501458e-11 
 1709       3.637363933581e-11 
 1710       3.618923150478e-11 
 1711       3.600743878923e-11 
 1712       3.582828854845e-11 
 1713       3.565180823340e-11 
 1714       3.547802538681e-11 
 1715       3.530696764332e-11 
 1716       3.513866272956e-11 
 1717       3.497313846429e-11 
 1718       3.481042275852e-11 
 1719       3.465054361560e-11 
 1720       3.449352913135e-11 
 1721       3.433940749419e-11 
 1722       3.418820698522e-11 
 1723       3.403995597837e-11 
 1724       3.389468294049e-11 
 1725       3.375241643147e-11 
 1726       3.361318510438e-11 
 1727       3.347701770554e-11 
 1728       3.334394307469e-11 
 1729       3.321399014504e-11 
 1730       3.308718794345e-11 
 1731       3.296356559050e-11 
 1732       3.284315230063e-11 
 1733       3.272597738224e-11 
 1734       3.261207023780e-11 
 1735       3.250146036400e-11 
 1736       3.239416791320e-11 
 1737       3.229017529072e-11 
 1738       3.218945531840e-11 
 1739       3.209198065123e-11 
 1740       3.199772377709e-11 
 1741       3.190665701652e-11 
 1742       3.181875252240e-11 
 1743       3.173398227974e-11 
 1744       3.165231810540e-11 
 1745       3.157373164784e-11 
 1746       3.149819438683e-11 
 1747       3.142567763324e-11 
 1748       3.135615252872e-11 
 1749       3.128959004550e-11 
 1750       3.122596098607e-11 
 1751       3.116523598297e-11 
 1752       3.110738549850e-11 
 1753       3.105237982448e-11 
 1754       3.100018908195e-11 
 1755       3.095078322096e-11 
 1756       3.090413202029e-11 
 1757       3.086020508716e-11 
 1758       3.081897185703e-11 
 1759       3.078040159327e-11 
 1760       3.074446338696e-11 
 1761       3.071112615659e-11 
 1762       3.068035864783e-11 
 1763       3.065212943323e-11 
 1764       3.062640691200e-11 
 1765       3.060315930972e-11 
 1766       3.058235467811e-11 
 1767       3.056396089473e-11 
 1768       3.054794566274e-11 
 1769       3.053427651066e-11 
 1770       3.052292079209e-11 
 1771       3.051384568541e-11 
 1772       3.050701819361e-11 
 1773       3.050240514394e-11 
 1774       3.049997318771e-11 
 1775       3.049968560527e-11 
 1776       3.050149269287e-11 
 1777       3.050534129601e-11 
 1778       3.051117799665e-11 
 1779       3.051894911280e-11 
 1780       3.052860069813e-11 
 1781       3.054007854160e-11 
 1782       3.055332816707e-11 
 1783       3.056829483294e-11 
 1784       3.058492353172e-11 
 1785       3.060315898970e-11 
 1786       3.062294566656e-11 
 1787       3.064422775493e-11 
 1788       3.066694918009e-11 
 1789       3.069105359954e-11 
 1790       3.071648440262e-11 
 1791       3.074318471014e-11 
 1792       3.077109737399e-11 
 1793       3.080016497678e-11 
 1794       3.083032983142e-11 
 1795       3.086153398075e-11 
 1796       3.089371919719e-11 
 1797       3.092682698232e-11 
 1798       3.096079856650e-11 
 1799       3.099557490852e-11 
 1800       3.103109669518e-11 
 1801       3.106730434093e-11 
 1802       3.110413798749e-11 
 1803       3.114153750345e-11 
 1804       3.117944248390e-11 
 1805       3.121779225004e-11 
 1806       3.125652584883e-11 
 1807       3.129558205254e-11 
 1808       3.133489935846e-11 
 1809       3.137441598842e-11 
 1810       3.141406988848e-11 
 1811       3.145379872853e-11 
 1812       3.149353990188e-11 
 1813       3.153323052491e-11 
 1814       3.157281132287e-11 
 1815       3.161223832233e-11 
 1816       3.165147125227e-11 
 1817       3.169046966625e-11 
 1818       3.172919294213e-11 
 1819       3.176760028188e-11 
 1820       3.180565071128e-11 
 1821       3.184330307973e-11 
 1822       3.188051605997e-11 
 1823       3.191724814787e-11 
 1824       3.195345766219e-11 
 1825       3.198910274429e-11 
 1826       3.202414135796e-11 
 1827       3.205853128914e-11 
 1828       3.209223014567e-11 
 1829       3.212519535709e-11 
 1830       3.215738417436e-11 
 1831       3.218875366963e-11 
 1832       3.221926073601e-11 
 1833       3.224886208732e-11 
 1834       3.227751425787e-11 
 1835       3.230517360218e-11 
 1836       3.233179629477e-11 
 1837       3.235733832992e-11 
 1838       3.238175552140e-11 
 1839       3.240500350228e-11 
 1840       3.242703772464e-11 
 1841       3.244781345935e-11 
 1842       3.246728579584e-11 
 1843       3.248540964184e-11 
 1844       3.250213972315e-11 
 1845       3.251743058339e-11 
 1846       3.253123658380e-11 
 1847       3.254351190292e-11 
 1848       3.255421053643e-11 
 1849       3.256328629686e-11 
 1850       3.257069281338e-11 
 1851       3.257638353153e-11 
 1852       3.258031171300e-11 
 1853       3.258243761684e-11 
 1854       3.258275010553e-11 
 1855       3.258124520908e-11 
 1856       3.257791895905e-11 
 1857       3.257276738858e-11 
 1858       3.256578653238e-11 
 1859       3.255697242677e-11 
 1860       3.254632110965e-11 
 1861       3.253382862056e-11 
 1862       3.251949100064e-11 
 1863       3.250330429269e-11 
 1864       3.248526454112e-11 
 1865       3.246536779203e-11 
 1866       3.244361009316e-11 
 1867       3.241998749395e-11 
 1868       3.239449604550e-11 
 1869       3.236713180062e-11 
 1870       3.233789081383e-11 
 1871       3.230676914137e-11 
 1872       3.227376284119e-11 
 1873       3.223886797299e-11 
 1874       3.220208059823e-11 
 1875       3.216339678010e-11 
 1876       3.212281258358e-11 
 1877       3.208032407544e-11 
 1878       3.203592732421e-11 
 1879       3.198961840024e-11 
 1880       3.194139337569e-11 
 1881       3.189124832454e-11 
 1882       3.183917932259e-11 
 1883       3.178518244750e-11 
 1884       3.172925377876e-11 
 1885       3.167138939776e-11 
 1886       3.161158538772e-11 
 1887       3.154983783377e-11 
 1888       3.148614282293e-11 
 1889       3.142049644411e-11 
 1890       3.135289478816e-11 
 1891       3.128333394783e-11 
 1892       3.121181529620e-11 
 1893       3.113836136641e-11 
 1894       3.106300009478e-11 
 1895       3.098575955374e-11 
 1896       3.090666795206e-11 
 1897       3.082575363499e-11 
 1898       3.074304508446e-11 
 1899       3.065857091931e-11 
 1900       3.057235989540e-11 
 1901       3.048444090586e-11 
 1902       3.039484298128e-11 
 1903       3.030359528983e-11 
 1904       3.021072713751e-11 
 1905       3.011626796834e-11 
 1906       3.002024736449e-11 
 1907       2.992269504653e-11 
 1908       2.982364087358e-11 
 1909       2.972311484351e-11 
 1910       2.962114709311e-11 
 1911       2.951776789832e-11 
 1912       2.941300767436e-11 
 1913       2.930689697597e-11 
 1914       2.919946649757e-11 
 1915       2.909074707344e-11 
 1916       2.898076967792e-11 
 1917       2.886956542560e-11 
 1918       2.875716557150e-11 
 1919       2.864360151127e-11 
 1920       2.852890478135e-11 
 1921       2.841310705919e-11 
 1922       2.829624016342e-11 
 1923       2.817833605401e-11 
 1924       2.805942683254e-11 
 1925       2.793954474228e-11 
 1926       2.781872216846e-11 
 1927       2.769699163843e-11 
 1928       2.757438582183e-11 
 1929       2.745093753079e-11 
 1930       2.732667972014e-11 
 1931       2.720164592641e-11 
 1932       2.707587158818e-11 
 1933       2.694939273615e-11 
 1934       2.682224555535e-11 
 1935       2.669446638539e-11 
 1936       2.656609172062e-11 
 1937       2.643715821037e-11 
 1938       2.630770265911e-11 
 1939       2.617776202669e-11 
 1940       2.604737342853e-11 
 1941       2.591657413579e-11 
 1942       2.578540157563e-11 
 1943       2.565389333136e-11 
 1944       2.552208714266e-11 
 1945       2.539002090578e-11 
 1946       2.525773267375e-11 
 1947       2.512526065658e-11 
 1948       2.499264322144e-11 
 1949       2.485991889289e-11 
 1950       2.472712635305e-11 
 1951       2.459430444185e-11 
 1952       2.446149215718e-11 
 1953       2.432872865510e-11 
 1954       2.419605325009e-11 
 1955       2.406350541519e-11 
 1956       2.393112478222e-11 
 1957       2.379895114201e-11 
 1958       2.366702444456e-11 
 1959       2.353538479928e-11 
 1960       2.340407247515e-11 
 1961       2.327312790095e-11 
 1962       2.314259166547e-11 
 1963       2.301250451767e-11 
 1964       2.288290736694e-11 
 1965       2.275384128323e-11 
 1966       2.262534749731e-11 
 1967       2.249746740097e-11 
 1968       2.237024254716e-11 
 1969       2.224371465027e-11 
 1970       2.211792185786e-11 
 1971       2.199288753533e-11 
 1972       2.186863139834e-11 
 1973       2.174517323376e-11 
 1974       2.162253289975e-11 
 1975       2.150073032583e-11 
 1976       2.137978551301e-11 
 1977       2.125971853381e-11 
 1978       2.114054953242e-11 
 1979       2.102229872472e-11 
 1980       2.090498639842e-11 
 1981       2.078863291311e-11 
 1982       2.067325870037e-11 
 1983       2.055888426382e-11 
 1984       2.044553017925e-11 
 1985       2.033321709468e-11 
 1986       2.022196573047e-11 
 1987       2.011179687936e-11 
 1988       2.000273140660e-11 
 1989       1.989479025002e-11 
 1990       1.978799442012e-11 
 1991       1.968236500016e-11 
 1992       1.957792314621e-11 
 1993       1.947469008731e-11 
 1994       1.937268712547e-11 
 1995       1.927193563582e-11 
 1996       1.917245706667e-11 
 1997       1.907427293960e-11 
 1998       1.897740484955e-11 
 1999       1.888187446489e-11 
 2000       1.878770352753e-11 
 2001       1.869491385300e-11 
 2002       1.860352733052e-11 
 2003       1.851356592308e-11 
 2004       1.842505166759e-11 
 2005       1.833800667487e-11 
 2006       1.825245312982e-11 
 2007       1.816841329145e-11 
 2008       1.808590949300e-11 
 2009       1.800495943879e-11 
 2010       1.792556205727e-11 
 2011       1.784771154506e-11 
 2012       1.777140206080e-11 
 2013       1.769662772504e-11 
 2014       1.762338262026e-11 
 2015       1.755166079072e-11 
 2016       1.748145624252e-11 
 2017       1.741276294344e-11 
 2018       1.734557482296e-11 
 2019       1.727988577216e-11 
 2020       1.721568964371e-11 
 2021       1.715298025176e-11 
 2022       1.709175137195e-11 
 2023       1.703199674131e-11 
 2024       1.697371005821e-11 
 2025       1.691688498235e-11 
 2026       1.686151513463e-11 
 2027       1.680759409719e-11 
 2028       1.675511541327e-11 
 2029       1.670407258720e-11 
 2030       1.665445908434e-11 
 2031       1.660626833104e-11 
 2032       1.655949371456e-11 
 2033       1.651412858302e-11 
 2034       1.647016624537e-11 
 2035       1.642759997132e-11 
 2036       1.638642299128e-11 
 2037       1.634662849632e-11 
 2038       1.630820963809e-11 
 2039       1.627115952883e-11 
 2040       1.623547124122e-11 
 2041       1.620113780843e-11 
 2042       1.616815222398e-11 
 2043       1.613650744173e-11 
 2044       1.610619637582e-11 
 2045       1.607721190063e-11 
 2046       1.604954685069e-11 
 2047       1.602319402065e-11 
 2048       1.599814363097e-11 
 2049       1.597437570531e-11 
 2050       1.595186763850e-11 
 2051       1.593059672582e-11 
 2052       1.591054016282e-11 
 2053       1.589167504517e-11 
 2054       1.587397836861e-11 
 2055       1.585742702876e-11 
 2056       1.584199782101e-11 
 2057       1.582766744040e-11 
 2058       1.581441248150e-11 
 2059       1.580220943827e-11 
 2060       1.579103470394e-11 
 2061       1.578086457089e-11 
 2062       1.577167523050e-11 
 2063       1.576344277306e-11 
 2064       1.575614318762e-11 
 2065       1.574975236186e-11 
 2066       1.574424608199e-11 
 2067       1.573960003259e-11 
 2068       1.573578979652e-11 
 2069       1.573279085474e-11 
 2070       1.573057858626e-11 
 2071       1.572912826794e-11 
 2072       1.572841507442e-11 
 2073       1.572841407796e-11 
 2074       1.572910024831e-11 
 2075       1.573044845263e-11 
 2076       1.573243345531e-11 
 2077       1.573502991786e-11 
 2078       1.573821239880e-11 
 2079       1.574195535354e-11 
 2080       1.574623313420e-11 
 2081       1.575101998954e-11 
 2082       1.575629006484e-11 
 2083       1.576201740170e-11 
 2084       1.576817593800e-11 
 2085       1.577473950773e-11 
 2086       1.578168184085e-11 
 2087       1.578897735267e-11 
 2088       1.579660351810e-11 
 2089       1.580453851377e-11 
 2090       1.581276042999e-11 
 2091       1.582124727064e-11 
 2092       1.582997695306e-11 
 2093       1.583892730795e-11 
 2094       1.584807607927e-11 
 2095       1.585740092414e-11 
 2096       1.586687941271e-11 
 2097       1.587648902808e-11 
 2098       1.588620716620e-11 
 2099       1.589601113574e-11 
 2100       1.590587815800e-11 
 2101       1.591578536682e-11 
 2102       1.592570980845e-11 
 2103       1.593562844146e-11 
 2104       1.594551813662e-11 
 2105       1.595535567684e-11 
 2106       1.596511775699e-11 
 2107       1.597478098389e-11 
 2108       1.598432187610e-11 
 2109       1.599371686392e-11 
 2110       1.600294228920e-11 
 2111       1.601197440530e-11 
 2112       1.602078937693e-11 
 2113       1.602936328011e-11 
 2114       1.603767210198e-11 
 2115       1.604569174078e-11 
 2116       1.605339800571e-11 
 2117       1.606076661681e-11 
 2118       1.606777320488e-11 
 2119       1.607439331136e-11 
 2120       1.608060238824e-11 
 2121       1.608637579795e-11 
 2122       1.609168881324e-11 
 2123       1.609651661710e-11 
 2124       1.610083430265e-11 
 2125       1.610461687302e-11 
 2126       1.610784217699e-11 
 2127       1.611049973813e-11 
 2128       1.611258198627e-11 
 2129       1.611408132719e-11 
 2130       1.611499014268e-11 
 2131       1.611530079044e-11 
 2132       1.611500560410e-11 
 2133       1.611409689316e-11 
 2134       1.611256694302e-11 
 2135       1.611040801487e-11 
 2136       1.610761234573e-11 
 2137       1.610417214841e-11 
 2138       1.610007961147e-11 
 2139       1.609532689918e-11 
 2140       1.608990615154e-11 
 2141       1.608380948421e-11 
 2142       1.607702898851e-11 
 2143       1.606955673138e-11 
 2144       1.606138475534e-11 
 2145       1.605250507850e-11 
 2146       1.604290969452e-11 
 2147       1.603259057256e-11 
 2148       1.602153965728e-11 
 2149       1.600974886880e-11 
 2150       1.599721010268e-11 
 2151       1.598391522988e-11 
 2152       1.596985609678e-11 
 2153       1.595502452508e-11 
 2154       1.593941231183e-11 
 2155       1.592301122938e-11 
 2156       1.590581302537e-11 
 2157       1.588780942268e-11 
 2158       1.586899211943e-11 
 2159       1.584935278892e-11 
 2160       1.582888307963e-11 
 2161       1.580757461521e-11 
 2162       1.578541899440e-11 
 2163       1.576240779104e-11 
 2164       1.573853255406e-11 
 2165       1.571378761824e-11 
 2166       1.568817855752e-11 
 2167       1.566171378881e-11 
 2168       1.563440176642e-11 
 2169       1.560625098206e-11 
 2170       1.557726996494e-11 
 2171       1.554746728176e-11 
 2172       1.551685153682e-11 
 2173       1.548543137199e-11 
 2174       1.545321546681e-11 
 2175       1.542021253852e-11 
 2176       1.538643134211e-11 
 2177       1.535188067035e-11 
 2178       1.531656935386e-11 
 2179       1.528050626111e-11 
 2180       1.524370029853e-11 
 2181       1.520616041051e-11 
 2182       1.516789557945e-11 
 2183       1.512891482584e-11 
 2184       1.508922720823e-11 
 2185       1.504884182338e-11 
 2186       1.500776780620e-11 
 2187       1.496601432988e-11 
 2188       1.492359060588e-11 
 2189       1.488050588400e-11 
 2190       1.483676945244e-11 
 2191       1.479239063779e-11 
 2192       1.474737880515e-11 
 2193       1.470174335811e-11 
 2194       1.465549373883e-11 
 2195       1.460863942810e-11 
 2196       1.456118994532e-11 
 2197       1.451315484864e-11 
 2198       1.446454373491e-11 
 2199       1.441536623980e-11 
 2200       1.436563203781e-11 
 2201       1.431535084231e-11 
 2202       1.426453240560e-11 
 2203       1.421318651897e-11 
 2204       1.416132397042e-11 
 2205       1.410895942482e-11 
 2206       1.405610856300e-11 
 2207       1.400278712582e-11 
 2208       1.394901091429e-11 
 2209       1.389479578955e-11 
 2210       1.384015767303e-11 
 2211       1.378511254647e-11 
 2212       1.372967645201e-11 
 2213       1.367386549222e-11 
 2214       1.361769583024e-11 
 2215       1.356118368977e-11 
 2216       1.350434535519e-11 
 2217       1.344719717164e-11 
 2218       1.338975554503e-11 
 2219       1.333203694215e-11 
 2220       1.327405789076e-11 
 2221       1.321583497959e-11 
 2222       1.315738485850e-11 
 2223       1.309872423845e-11 
 2224       1.303986989166e-11 
 2225       1.298083865162e-11 
 2226       1.292164741318e-11 
 2227       1.286231313261e-11 
 2228       1.280285282769e-11 
 2229       1.274328357776e-11 
 2230       1.268362252380e-11 
 2231       1.262388686847e-11 
 2232       1.256409387623e-11 
 2233       1.250426087336e-11 
 2234       1.244440524807e-11 
 2235       1.238454445054e-11 
 2236       1.232469599299e-11 
 2237       1.226487744978e-11 
 2238       1.220510645743e-11 
 2239       1.214540071475e-11 
 2240       1.208577798284e-11 
 2241       1.202625608521e-11 
 2242       1.196685290784e-11 
 2243       1.190758528653e-11 
 2244       1.184846566098e-11 
 2245       1.178950539901e-11 
 2246       1.173071590733e-11 
 2247       1.167210863158e-11 
 2248       1.161369505640e-11 
 2249       1.155548670542e-11 
 2250       1.149749514134e-11 
 2251       1.143973196598e-11 
 2252       1.138220882030e-11 
 2253       1.132493738442e-11 
 2254       1.126792937773e-11 
 2255       1.121119655888e-11 
 2256       1.115475072584e-11 
 2257       1.109860371593e-11 
 2258       1.104276740588e-11 
 2259       1.098725371186e-11 
 2260       1.093207458954e-11 
 2261       1.087724203410e-11 
 2262       1.082276808031e-11 
 2263       1.076866480255e-11 
 2264       1.071494431484e-11 
 2265       1.066161877093e-11 
 2266       1.060870036430e-11 
 2267       1.055620132820e-11 
 2268       1.050413393573e-11 
 2269       1.045251049985e-11 
 2270       1.040134337344e-11 
 2271       1.035064494932e-11 
 2272       1.030042766033e-11 
 2273       1.025070397933e-11 
 2274       1.020148641928e-11 
 2275       1.015278753325e-11 
 2276       1.010461991450e-11 
 2277       1.005699619648e-11 
 2278       1.000992905290e-11 
 2279       9.963431197777e-12 
 2280       9.917515385452e-12 
 2281       9.872194410656e-12 
 2282       9.827479083699e-12 
 2283       9.783372141794e-12 
 2284       9.739874298758e-12 
 2285       9.696986266306e-12 
 2286       9.654708754042e-12 
 2287       9.613042469459e-12 
 2288       9.571988117931e-12 
 2289       9.531546402714e-12 
 2290       9.491718024938e-12 
 2291       9.452503683605e-12 
 2292       9.413904075582e-12 
 2293       9.375919895602e-12 
 2294       9.338551836255e-12 
 2295       9.301800587986e-12 
 2296       9.265666839092e-12 
 2297       9.230151275716e-12 
 2298       9.195254581844e-12 
 2299       9.160977439301e-12 
 2300       9.127320527746e-12 
 2301       9.094284524669e-12 
 2302       9.061870105386e-12 
 2303       9.030077943037e-12 
 2304       8.998908708579e-12 
 2305       8.968363070782e-12 
 2306       8.938441696230e-12 
 2307       8.909145249311e-12 
 2308       8.880474392214e-12 
 2309       8.852429784929e-12 
 2310       8.825012085237e-12 
 2311       8.798221948711e-12 
 2312       8.772060028710e-12 
 2313       8.746526976373e-12 
 2314       8.721623440620e-12 
 2315       8.697350068141e-12 
 2316       8.673707503398e-12 
 2317       8.650696388618e-12 
 2318       8.628317363790e-12 
 2319       8.606571066660e-12 
 2320       8.585458132727e-12 
 2321       8.564977700444e-12 
 2322       8.545122916514e-12 
 2323       8.525885402234e-12 
 2324       8.507256745678e-12 
 2325       8.489228501657e-12 
 2326       8.471792191687e-12 
 2327       8.454939303949e-12 
 2328       8.438661293251e-12 
 2329       8.422949580991e-12 
 2330       8.407795555120e-12 
 2331       8.393190570107e-12 
 2332       8.379125946896e-12 
 2333       8.365592972875e-12 
 2334       8.352582901832e-12 
 2335       8.340086953925e-12 
 2336       8.328096315640e-12 
 2337       8.316602139753e-12 
 2338       8.305595545295e-12 
 2339       8.295067617515e-12 
 2340       8.285009407842e-12 
 2341       8.275411933844e-12 
 2342       8.266266179198e-12 
 2343       8.257563093645e-12 
 2344       8.249293592959e-12 
 2345       8.241448558905e-12 
 2346       8.234018839205e-12 
 2347       8.226995247498e-12 
 2348       8.220368563304e-12 
 2349       8.214129531987e-12 
 2350       8.208268864717e-12 
 2351       8.202777238433e-12 
 2352       8.197645295804e-12 
 2353       8.192863645196e-12 
 2354       8.188422860630e-12 
 2355       8.184313481745e-12 
 2356       8.180526013766e-12 
 2357       8.177050927458e-12 
 2358       8.173878659097e-12 
 2359       8.170999610428e-12 
 2360       8.168404059526e-12 
 2361       8.166081892840e-12 
 2362       8.164022871417e-12 
 2363       8.162216719805e-12 
 2364       8.160653126021e-12 
 2365       8.159321741508e-12 
 2366       8.158212181098e-12 
 2367       8.157314022972e-12 
 2368       8.156616808617e-12 
 2369       8.156110042795e-12 
 2370       8.155783193496e-12 
 2371       8.155625691902e-12 
 2372       8.155626932348e-12 
 2373       8.155776272281e-12 
 2374       8.156063032223e-12 
 2375       8.156476495730e-12 
 2376       8.157005909354e-12 
 2377       8.157640482602e-12 
 2378       8.158369387898e-12 
 2379       8.159181760544e-12 
 2380       8.160066698681e-12 
 2381       8.161013263247e-12 
 2382       8.162010477941e-12 
 2383       8.163047329182e-12 
 2384       8.164112766072e-12 
 2385       8.165195700352e-12 
 2386       8.166285006368e-12 
 2387       8.167369521028e-12 
 2388       8.168438043765e-12 
 2389       8.169479336497e-12 
 2390       8.170482123588e-12 
 2391       8.171435091806e-12 
 2392       8.172326890288e-12 
 2393       8.173146130500e-12 
 2394       8.173881386194e-12 
 2395       8.174521193374e-12 
 2396       8.175054050251e-12 
 2397       8.175468417210e-12 
 2398       8.175752716765e-12 
 2399       8.175896309914e-12 
 2400       8.175892431783e-12 
 2401       8.175735273820e-12 
 2402       8.175419009010e-12 
 2403       8.174937791860e-12 
 2404       8.174285758377e-12 
 2405       8.173457026051e-12 
 2406       8.172445693834e-12 
 2407       8.171245842124e-12 
 2408       8.169851532744e-12 
 2409       8.168256808922e-12 
 2410       8.166455695276e-12 
 2411       8.164442197791e-12 
 2412       8.162210303803e-12 
 2413       8.159753981977e-12 
 2414       8.157067182293e-12 
 2415       8.154143836020e-12 
 2416       8.150977855706e-12 
 2417       8.147563135151e-12 
 2418       8.143893549391e-12 
 2419       8.139962954682e-12 
 2420       8.135765188476e-12 
 2421       8.131294069406e-12 
 2422       8.126543397265e-12 
 2423       8.121506952988e-12 
 2424       8.116178498634e-12 
 2425       8.110551777363e-12 
 2426       8.104620513424e-12 
 2427       8.098378412128e-12 
 2428       8.091819159837e-12 
 2429       8.084936423938e-12 
 2430       8.077723852830e-12 
 2431       8.070175075901e-12 
 2432       8.062283703511e-12 
 2433       8.054043326972e-12 
 2434       8.045447518531e-12 
 2435       8.036489831349e-12 
 2436       8.027163799483e-12 
 2437       8.017462937866e-12 
 2438       8.007382330400e-12 
 2439       7.996923404680e-12 
 2440       7.986089185904e-12 
 2441       7.974882711386e-12 
 2442       7.963307030565e-12 
 2443       7.951365205020e-12 
 2444       7.939060308482e-12 
 2445       7.926395426849e-12 
 2446       7.913373658198e-12 
 2447       7.899998112796e-12 
 2448       7.886271913118e-12 
 2449       7.872198193856e-12 
 2450       7.857780101933e-12 
 2451       7.843020796519e-12 
 2452       7.827923449039e-12 
 2453       7.812491243192e-12 
 2454       7.796727374957e-12 
 2455       7.780635052614e-12 
 2456       7.764217496751e-12 
 2457       7.747477940282e-12 
 2458       7.730419628455e-12 
 2459       7.713045818869e-12 
 2460       7.695359781485e-12 
 2461       7.677364798642e-12 
 2462       7.659064165066e-12 
 2463       7.640461187888e-12 
 2464       7.621559186650e-12 
 2465       7.602361493328e-12 
 2466       7.582871452336e-12 
 2467       7.563092420543e-12 
 2468       7.543027767289e-12 
 2469       7.522680874391e-12 
 2470       7.502055136163e-12 
 2471       7.481153959427e-12 
 2472       7.459980763523e-12 
 2473       7.438538980326e-12 
 2474       7.416832054258e-12 
 2475       7.394863442301e-12 
 2476       7.372636614010e-12 
 2477       7.350153962105e-12 
 2478       7.327413527185e-12 
 2479       7.304412253681e-12 
 2480       7.281147077505e-12 
 2481       7.257614926050e-12 
 2482       7.233812718174e-12 
 2483       7.209737364197e-12 
 2484       7.185385765891e-12 
 2485       7.160754816470e-12 
 2486       7.135841400587e-12 
 2487       7.110642394319e-12 
 2488       7.085154665166e-12 
 2489       7.059375072036e-12 
 2490       7.033300465243e-12 
 2491       7.006927686493e-12 
 2492       6.980253568882e-12 
 2493       6.953274936881e-12 
 2494       6.925988606335e-12 
 2495       6.898391384449e-12 
 2496       6.870480069783e-12 
 2497       6.842251452243e-12 
 2498       6.813702313071e-12 
 2499       6.784829424842e-12 
 2500       6.755629551450e-12 
