# dimensionless total [l(l+1)/2pi] C_l's
# for l=2 to 2500, i.e. number of multipoles equal to 2499
#
# -> if you prefer output in CAMB/HealPix/LensPix units/order, set 'format' to 'camb' in input file
# -> if you don't want to see such a header, set 'headers' to 'no' in input file
#
# 1:l     2:TT                 
    2       2.876288351837e-10 
    3       2.595654083161e-10 
    4       2.371920401677e-10 
    5       2.202685691725e-10 
    6       2.073854735226e-10 
    7       1.974008981232e-10 
    8       1.896159874350e-10 
    9       1.833646944324e-10 
   10       1.782963793595e-10 
   11       1.741992532754e-10 
   12       1.708595673198e-10 
   13       1.681354798449e-10 
   14       1.659347073969e-10 
   15       1.641455120263e-10 
   16       1.628014746366e-10 
   17       1.618424195001e-10 
   18       1.611570795819e-10 
   19       1.607646612101e-10 
   20       1.606202324709e-10 
   21       1.607194064888e-10 
   22       1.610150522038e-10 
   23       1.615200290134e-10 
   24       1.622234290725e-10 
   25       1.631067572278e-10 
   26       1.641244617207e-10 
   27       1.652800426508e-10 
   28       1.665734621305e-10 
   29       1.680093079320e-10 
   30       1.695701410458e-10 
   31       1.712213112074e-10 
   32       1.729713372138e-10 
   33       1.748300641314e-10 
   34       1.767949422318e-10 
   35       1.788644688039e-10 
   36       1.810266118470e-10 
   37       1.832621198063e-10 
   38       1.855733972378e-10 
   39       1.879633153563e-10 
   40       1.904264030563e-10 
   41       1.929529350579e-10 
   42       1.955448236714e-10 
   43       1.982034812681e-10 
   44       2.009248406296e-10 
   45       2.037025216263e-10 
   46       2.065396490322e-10 
   47       2.094397096069e-10 
   48       2.124029021882e-10 
   49       2.154258446249e-10 
   50       2.185037591845e-10 
   51       2.216384080230e-10 
   52       2.248318051241e-10 
   53       2.280837538369e-10 
   54       2.313916704428e-10 
   55       2.347521260712e-10 
   56       2.381663251967e-10 
   57       2.416356790816e-10 
   58       2.451600995659e-10 
   59       2.487378895824e-10 
   60       2.523656336729e-10 
   61       2.560397327198e-10 
   62       2.597616583829e-10 
   63       2.635336891629e-10 
   64       2.673573140786e-10 
   65       2.712331753522e-10 
   66       2.751610110943e-10 
   67       2.791395979895e-10 
   68       2.831674946733e-10 
   69       2.872455748931e-10 
   70       2.913749070276e-10 
   71       2.955559626345e-10 
   72       2.997885796128e-10 
   73       3.040719253668e-10 
   74       3.084044599692e-10 
   75       3.127838993241e-10 
   76       3.172079950223e-10 
   77       3.216771195144e-10 
   78       3.261920876220e-10 
   79       3.307533619021e-10 
   80       3.353610325579e-10 
   81       3.400147973484e-10 
   82       3.447139414993e-10 
   83       3.494573176125e-10 
   84       3.542437185448e-10 
   85       3.590731110733e-10 
   86       3.639455708627e-10 
   87       3.688608943944e-10 
   88       3.738185854816e-10 
   89       3.788178417836e-10 
   90       3.838575413208e-10 
   91       3.889362289890e-10 
   92       3.940521030748e-10 
   93       3.992034008247e-10 
   94       4.043896507800e-10 
   95       4.096105847368e-10 
   96       4.148657475730e-10 
   97       4.201544892413e-10 
   98       4.254759567613e-10 
   99       4.308290862119e-10 
  100       4.362125947240e-10 
  101       4.416249724731e-10 
  102       4.470644746712e-10 
  103       4.525291135598e-10 
  104       4.580169490863e-10 
  105       4.635270228989e-10 
  106       4.690585361797e-10 
  107       4.746105575595e-10 
  108       4.801820183921e-10 
  109       4.857717080292e-10 
  110       4.913782690953e-10 
  111       4.970001927619e-10 
  112       5.026358140230e-10 
  113       5.082833069690e-10 
  114       5.139406800620e-10 
  115       5.196057714101e-10 
  116       5.252764652568e-10 
  117       5.309513814101e-10 
  118       5.366292611516e-10 
  119       5.423087507834e-10 
  120       5.479883988582e-10 
  121       5.536666534103e-10 
  122       5.593418591863e-10 
  123       5.650122548753e-10 
  124       5.706759703403e-10 
  125       5.763310238478e-10 
  126       5.819753192994e-10 
  127       5.876066434619e-10 
  128       5.932226631979e-10 
  129       5.988211084412e-10 
  130       6.044003496981e-10 
  131       6.099588789598e-10 
  132       6.154951282111e-10 
  133       6.210074679899e-10 
  134       6.264942059469e-10 
  135       6.319535854057e-10 
  136       6.373837839222e-10 
  137       6.427829118445e-10 
  138       6.481490108726e-10 
  139       6.534800526184e-10 
  140       6.587739371650e-10 
  141       6.640284916267e-10 
  142       6.692414687088e-10 
  143       6.744105452675e-10 
  144       6.795334770191e-10 
  145       6.846085829010e-10 
  146       6.896343059466e-10 
  147       6.946090608858e-10 
  148       6.995312336014e-10 
  149       7.043991805871e-10 
  150       7.092112284037e-10 
  151       7.139656731372e-10 
  152       7.186607798553e-10 
  153       7.232947820649e-10 
  154       7.278658811691e-10 
  155       7.323722459246e-10 
  156       7.368120118987e-10 
  157       7.411832809261e-10 
  158       7.454841205670e-10 
  159       7.497125635633e-10 
  160       7.538666072963e-10 
  161       7.579443387922e-10 
  162       7.619443233015e-10 
  163       7.658652492051e-10 
  164       7.697058055914e-10 
  165       7.734646822905e-10 
  166       7.771405699096e-10 
  167       7.807321598672e-10 
  168       7.842381444284e-10 
  169       7.876572167395e-10 
  170       7.909880708628e-10 
  171       7.942294018114e-10 
  172       7.973799055840e-10 
  173       8.004382791997e-10 
  174       8.034032207327e-10 
  175       8.062734293473e-10 
  176       8.090476053327e-10 
  177       8.117244501376e-10 
  178       8.143026664050e-10 
  179       8.167809580071e-10 
  180       8.191581170197e-10 
  181       8.214332923025e-10 
  182       8.236057423843e-10 
  183       8.256747507942e-10 
  184       8.276396264172e-10 
  185       8.294997038485e-10 
  186       8.312543437490e-10 
  187       8.329029332002e-10 
  188       8.344448860593e-10 
  189       8.358796433140e-10 
  190       8.372066734377e-10 
  191       8.384254727444e-10 
  192       8.395355657438e-10 
  193       8.405365054965e-10 
  194       8.414278739684e-10 
  195       8.422092823866e-10 
  196       8.428803715935e-10 
  197       8.434408124026e-10 
  198       8.438903059530e-10 
  199       8.442285840647e-10 
  200       8.444554095935e-10 
  201       8.445706113273e-10 
  202       8.445741907149e-10 
  203       8.444662234549e-10 
  204       8.442468260929e-10 
  205       8.439161564794e-10 
  206       8.434744142266e-10 
  207       8.429218411654e-10 
  208       8.422587218027e-10 
  209       8.414853837783e-10 
  210       8.406021983223e-10 
  211       8.396095807119e-10 
  212       8.385079907286e-10 
  213       8.372979331154e-10 
  214       8.359799580339e-10 
  215       8.345546615213e-10 
  216       8.330226859474e-10 
  217       8.313847204721e-10 
  218       8.296415015022e-10 
  219       8.277938131484e-10 
  220       8.258424876828e-10 
  221       8.237884059955e-10 
  222       8.216324980524e-10 
  223       8.193757433514e-10 
  224       8.170191400400e-10 
  225       8.145636091124e-10 
  226       8.120100849366e-10 
  227       8.093595464214e-10 
  228       8.066130173984e-10 
  229       8.037715670051e-10 
  230       8.008363100671e-10 
  231       7.978084074804e-10 
  232       7.946890665943e-10 
  233       7.914795415935e-10 
  234       7.881811338809e-10 
  235       7.847951924598e-10 
  236       7.813231143167e-10 
  237       7.777663448033e-10 
  238       7.741263780196e-10 
  239       7.704047571959e-10 
  240       7.666030750755e-10 
  241       7.627229742972e-10 
  242       7.587661477777e-10 
  243       7.547343390941e-10 
  244       7.506293428664e-10 
  245       7.464530051399e-10 
  246       7.422072237680e-10 
  247       7.378939487942e-10 
  248       7.335151828350e-10 
  249       7.290729814623e-10 
  250       7.245693484687e-10 
  251       7.200059141722e-10 
  252       7.153842392859e-10 
  253       7.107059185440e-10 
  254       7.059725808837e-10 
  255       7.011858896266e-10 
  256       6.963475426599e-10 
  257       6.914592726183e-10 
  258       6.865228470650e-10 
  259       6.815400686735e-10 
  260       6.765127754089e-10 
  261       6.714428407095e-10 
  262       6.663321736682e-10 
  263       6.611827192137e-10 
  264       6.559964582925e-10 
  265       6.507754080499e-10 
  266       6.455216220118e-10 
  267       6.402371902658e-10 
  268       6.349242396430e-10 
  269       6.295849338994e-10 
  270       6.242214738971e-10 
  271       6.188360977862e-10 
  272       6.134310811858e-10 
  273       6.080087373658e-10 
  274       6.025714174283e-10 
  275       5.971215104889e-10 
  276       5.916614438585e-10 
  277       5.861936832244e-10 
  278       5.807207328318e-10 
  279       5.752449726844e-10 
  280       5.697681604353e-10 
  281       5.642919040427e-10 
  282       5.588178223589e-10 
  283       5.533475450604e-10 
  284       5.478827125798e-10 
  285       5.424249760367e-10 
  286       5.369759971685e-10 
  287       5.315374482619e-10 
  288       5.261110120837e-10 
  289       5.206983818123e-10 
  290       5.153012609685e-10 
  291       5.099213633464e-10 
  292       5.045604129453e-10 
  293       4.992201438998e-10 
  294       4.939023004119e-10 
  295       4.886086366811e-10 
  296       4.833409168364e-10 
  297       4.781009148670e-10 
  298       4.728904145534e-10 
  299       4.677112093984e-10 
  300       4.625651025587e-10 
  301       4.574539067754e-10 
  302       4.523794443055e-10 
  303       4.473435468528e-10 
  304       4.423480554994e-10 
  305       4.373948206362e-10 
  306       4.324857018945e-10 
  307       4.276225680768e-10 
  308       4.228072970882e-10 
  309       4.180417758672e-10 
  310       4.133279003171e-10 
  311       4.086675752369e-10 
  312       4.040625552882e-10 
  313       3.995139598814e-10 
  314       3.950227356457e-10 
  315       3.905898131010e-10 
  316       3.862161063935e-10 
  317       3.819025130320e-10 
  318       3.776499136230e-10 
  319       3.734591716071e-10 
  320       3.693311329940e-10 
  321       3.652666260992e-10 
  322       3.612664612792e-10 
  323       3.573314306671e-10 
  324       3.534623079090e-10 
  325       3.496598478993e-10 
  326       3.459247865167e-10 
  327       3.422578403596e-10 
  328       3.386597064825e-10 
  329       3.351310621312e-10 
  330       3.316725644790e-10 
  331       3.282848503620e-10 
  332       3.249685360154e-10 
  333       3.217242168089e-10 
  334       3.185524669826e-10 
  335       3.154538393829e-10 
  336       3.124288651979e-10 
  337       3.094780536937e-10 
  338       3.066018919496e-10 
  339       3.038008445944e-10 
  340       3.010753535419e-10 
  341       2.984258377265e-10 
  342       2.958526928395e-10 
  343       2.933562910644e-10 
  344       2.909369808129e-10 
  345       2.885950864604e-10 
  346       2.863309080822e-10 
  347       2.841447211890e-10 
  348       2.820367764627e-10 
  349       2.800072549588e-10 
  350       2.780561321999e-10 
  351       2.761833079196e-10 
  352       2.743886497795e-10 
  353       2.726719930613e-10 
  354       2.710331403590e-10 
  355       2.694718612709e-10 
  356       2.679878920912e-10 
  357       2.665809355026e-10 
  358       2.652506602681e-10 
  359       2.639967009227e-10 
  360       2.628186574661e-10 
  361       2.617160950540e-10 
  362       2.606885436908e-10 
  363       2.597354979209e-10 
  364       2.588564165215e-10 
  365       2.580507221940e-10 
  366       2.573178012564e-10 
  367       2.566570033350e-10 
  368       2.560676410568e-10 
  369       2.555489897413e-10 
  370       2.551002870925e-10 
  371       2.547207328910e-10 
  372       2.544094886860e-10 
  373       2.541656774874e-10 
  374       2.539883834577e-10 
  375       2.538766516040e-10 
  376       2.538294874703e-10 
  377       2.538458568292e-10 
  378       2.539246853741e-10 
  379       2.540648584110e-10 
  380       2.542652205510e-10 
  381       2.545245754019e-10 
  382       2.548416852602e-10 
  383       2.552152708034e-10 
  384       2.556440107820e-10 
  385       2.561265417112e-10 
  386       2.566614575633e-10 
  387       2.572473094596e-10 
  388       2.578827307532e-10 
  389       2.585668180647e-10 
  390       2.592987638953e-10 
  391       2.600777323148e-10 
  392       2.609028587539e-10 
  393       2.617732497956e-10 
  394       2.626879829669e-10 
  395       2.636461065306e-10 
  396       2.646466392770e-10 
  397       2.656885703158e-10 
  398       2.667708588673e-10 
  399       2.678924340547e-10 
  400       2.690521946955e-10 
  401       2.702490090934e-10 
  402       2.714817148297e-10 
  403       2.727491185553e-10 
  404       2.740499957825e-10 
  405       2.753830906764e-10 
  406       2.767471158467e-10 
  407       2.781407521398e-10 
  408       2.795626484298e-10 
  409       2.810114214111e-10 
  410       2.824856553891e-10 
  411       2.839839020730e-10 
  412       2.855046803667e-10 
  413       2.870464761607e-10 
  414       2.886077421243e-10 
  415       2.901868974964e-10 
  416       2.917823278783e-10 
  417       2.933923850244e-10 
  418       2.950153866348e-10 
  419       2.966496161463e-10 
  420       2.982933225245e-10 
  421       2.999447200555e-10 
  422       3.016019881374e-10 
  423       3.032632710725e-10 
  424       3.049266778584e-10 
  425       3.065902819800e-10 
  426       3.082521212014e-10 
  427       3.099104197475e-10 
  428       3.115642635999e-10 
  429       3.132129477660e-10 
  430       3.148557559033e-10 
  431       3.164919602566e-10 
  432       3.181208215958e-10 
  433       3.197415891537e-10 
  434       3.213535005640e-10 
  435       3.229557817985e-10 
  436       3.245476471054e-10 
  437       3.261282989467e-10 
  438       3.276969279360e-10 
  439       3.292527127762e-10 
  440       3.307948201976e-10 
  441       3.323224048950e-10 
  442       3.338346094661e-10 
  443       3.353305643487e-10 
  444       3.368093877589e-10 
  445       3.382701856284e-10 
  446       3.397120515427e-10 
  447       3.411340666784e-10 
  448       3.425352997413e-10 
  449       3.439148069039e-10 
  450       3.452716317433e-10 
  451       3.466048051789e-10 
  452       3.479133454099e-10 
  453       3.491962578536e-10 
  454       3.504525350824e-10 
  455       3.516811567624e-10 
  456       3.528810895902e-10 
  457       3.540512872316e-10 
  458       3.551906902585e-10 
  459       3.562982260872e-10 
  460       3.573728089159e-10 
  461       3.584133396624e-10 
  462       3.594187059021e-10 
  463       3.603877818055e-10 
  464       3.613194280761e-10 
  465       3.622124918878e-10 
  466       3.630659974580e-10 
  467       3.638797244347e-10 
  468       3.646536474319e-10 
  469       3.653877470685e-10 
  470       3.660820100112e-10 
  471       3.667364290175e-10 
  472       3.673510029784e-10 
  473       3.679257369616e-10 
  474       3.684606422537e-10 
  475       3.689557364037e-10 
  476       3.694110432656e-10 
  477       3.698265930414e-10 
  478       3.702024223235e-10 
  479       3.705385741381e-10 
  480       3.708350979881e-10 
  481       3.710920498953e-10 
  482       3.713094924439e-10 
  483       3.714874948231e-10 
  484       3.716261328702e-10 
  485       3.717254891129e-10 
  486       3.717856528129e-10 
  487       3.718067200080e-10 
  488       3.717887935557e-10 
  489       3.717319831756e-10 
  490       3.716364054923e-10 
  491       3.715021840783e-10 
  492       3.713294494970e-10 
  493       3.711183393454e-10 
  494       3.708689982971e-10 
  495       3.705815781449e-10 
  496       3.702562378440e-10 
  497       3.698931435546e-10 
  498       3.694924686848e-10 
  499       3.690543939338e-10 
  500       3.685791073340e-10 
  501       3.680668042947e-10 
  502       3.675176876446e-10 
  503       3.669319676745e-10 
  504       3.663098621804e-10 
  505       3.656516538380e-10 
  506       3.649578640580e-10 
  507       3.642290842240e-10 
  508       3.634659188830e-10 
  509       3.626689858157e-10 
  510       3.618389161057e-10 
  511       3.609763542098e-10 
  512       3.600819580275e-10 
  513       3.591563989707e-10 
  514       3.582003620339e-10 
  515       3.572145458635e-10 
  516       3.561996628278e-10 
  517       3.551564390868e-10 
  518       3.540856146621e-10 
  519       3.529879435063e-10 
  520       3.518641935733e-10 
  521       3.507151468877e-10 
  522       3.495415996145e-10 
  523       3.483443621294e-10 
  524       3.471242590882e-10 
  525       3.458821294965e-10 
  526       3.446188267797e-10 
  527       3.433352188529e-10 
  528       3.420321881902e-10 
  529       3.407106318951e-10 
  530       3.393714617697e-10 
  531       3.380156043850e-10 
  532       3.366440011503e-10 
  533       3.352576083831e-10 
  534       3.338573973791e-10 
  535       3.324443544816e-10 
  536       3.310194811515e-10 
  537       3.295837940372e-10 
  538       3.281383250442e-10 
  539       3.266841214048e-10 
  540       3.252222457483e-10 
  541       3.237537761701e-10 
  542       3.222798063023e-10 
  543       3.208014453829e-10 
  544       3.193197374840e-10 
  545       3.178354166798e-10 
  546       3.163491454644e-10 
  547       3.148615950388e-10 
  548       3.133734453471e-10 
  549       3.118853851137e-10 
  550       3.103981118808e-10 
  551       3.089123320451e-10 
  552       3.074287608948e-10 
  553       3.059481226470e-10 
  554       3.044711504844e-10 
  555       3.029985865926e-10 
  556       3.015311821972e-10 
  557       3.000696976006e-10 
  558       2.986149022192e-10 
  559       2.971675746207e-10 
  560       2.957285025607e-10 
  561       2.942984830203e-10 
  562       2.928783222426e-10 
  563       2.914688357701e-10 
  564       2.900708484819e-10 
  565       2.886851946304e-10 
  566       2.873127178785e-10 
  567       2.859542713369e-10 
  568       2.846107176006e-10 
  569       2.832829287868e-10 
  570       2.819717865711e-10 
  571       2.806781822251e-10 
  572       2.794030166534e-10 
  573       2.781472004304e-10 
  574       2.769116538376e-10 
  575       2.756973069008e-10 
  576       2.745050994267e-10 
  577       2.733359810403e-10 
  578       2.721909112221e-10 
  579       2.710708593448e-10 
  580       2.699768047104e-10 
  581       2.689097365877e-10 
  582       2.678706542487e-10 
  583       2.668604292841e-10 
  584       2.658793886931e-10 
  585       2.649277214515e-10 
  586       2.640056152798e-10 
  587       2.631132566320e-10 
  588       2.622508306837e-10 
  589       2.614185213210e-10 
  590       2.606165111290e-10 
  591       2.598449813799e-10 
  592       2.591041120223e-10 
  593       2.583940816687e-10 
  594       2.577150675851e-10 
  595       2.570672456786e-10 
  596       2.564507904866e-10 
  597       2.558658751650e-10 
  598       2.553126714767e-10 
  599       2.547913497801e-10 
  600       2.543020790181e-10 
  601       2.538450267058e-10 
  602       2.534203589198e-10 
  603       2.530282402862e-10 
  604       2.526688339693e-10 
  605       2.523423016605e-10 
  606       2.520488035659e-10 
  607       2.517884983958e-10 
  608       2.515615433526e-10 
  609       2.513680941197e-10 
  610       2.512083048497e-10 
  611       2.510823281533e-10 
  612       2.509903150872e-10 
  613       2.509324151435e-10 
  614       2.509087762374e-10 
  615       2.509195446962e-10 
  616       2.509648652478e-10 
  617       2.510448810089e-10 
  618       2.511597334739e-10 
  619       2.513095625032e-10 
  620       2.514945063119e-10 
  621       2.517147014580e-10 
  622       2.519701944045e-10 
  623       2.522606739527e-10 
  624       2.525857325179e-10 
  625       2.529449539505e-10 
  626       2.533379134972e-10 
  627       2.537641777615e-10 
  628       2.542233046656e-10 
  629       2.547148434109e-10 
  630       2.552383344397e-10 
  631       2.557933093958e-10 
  632       2.563792910863e-10 
  633       2.569957934420e-10 
  634       2.576423214790e-10 
  635       2.583183712597e-10 
  636       2.590234298543e-10 
  637       2.597569753010e-10 
  638       2.605184765684e-10 
  639       2.613073935155e-10 
  640       2.621231768536e-10 
  641       2.629652681071e-10 
  642       2.638330995747e-10 
  643       2.647260942906e-10 
  644       2.656436659855e-10 
  645       2.665852190480e-10 
  646       2.675501484854e-10 
  647       2.685378398852e-10 
  648       2.695476693758e-10 
  649       2.705790035881e-10 
  650       2.716311996164e-10 
  651       2.727036049796e-10 
  652       2.737955575821e-10 
  653       2.749063856754e-10 
  654       2.760354078189e-10 
  655       2.771819328412e-10 
  656       2.783452598011e-10 
  657       2.795246779487e-10 
  658       2.807194666870e-10 
  659       2.819288955323e-10 
  660       2.831522240760e-10 
  661       2.843887205165e-10 
  662       2.856377177835e-10 
  663       2.868985585746e-10 
  664       2.881705768625e-10 
  665       2.894530978612e-10 
  666       2.907454379924e-10 
  667       2.920469048514e-10 
  668       2.933567971738e-10 
  669       2.946744048012e-10 
  670       2.959990086479e-10 
  671       2.973298806669e-10 
  672       2.986662838162e-10 
  673       3.000074720249e-10 
  674       3.013526901595e-10 
  675       3.027011739905e-10 
  676       3.040521501578e-10 
  677       3.054048361379e-10 
  678       3.067584402095e-10 
  679       3.081121614197e-10 
  680       3.094651895508e-10 
  681       3.108167050858e-10 
  682       3.121658791753e-10 
  683       3.135118736033e-10 
  684       3.148538407536e-10 
  685       3.161909235759e-10 
  686       3.175222555523e-10 
  687       3.188469606631e-10 
  688       3.201641533537e-10 
  689       3.214729385001e-10 
  690       3.227724113755e-10 
  691       3.240616576167e-10 
  692       3.253397531898e-10 
  693       3.266057643571e-10 
  694       3.278587476428e-10 
  695       3.290977497994e-10 
  696       3.303218077742e-10 
  697       3.315299486749e-10 
  698       3.327211897367e-10 
  699       3.338945382875e-10 
  700       3.350490938185e-10 
  701       3.361843565934e-10 
  702       3.372999254001e-10 
  703       3.383953960213e-10 
  704       3.394703612253e-10 
  705       3.405244107573e-10 
  706       3.415571313307e-10 
  707       3.425681066181e-10 
  708       3.435569172427e-10 
  709       3.445231407695e-10 
  710       3.454663516962e-10 
  711       3.463861214449e-10 
  712       3.472820183530e-10 
  713       3.481536076641e-10 
  714       3.490004515200e-10 
  715       3.498221089511e-10 
  716       3.506181358682e-10 
  717       3.513880850531e-10 
  718       3.521315061506e-10 
  719       3.528479456588e-10 
  720       3.535369469211e-10 
  721       3.541980501168e-10 
  722       3.548307922527e-10 
  723       3.554347071542e-10 
  724       3.560093254562e-10 
  725       3.565541745948e-10 
  726       3.570687787982e-10 
  727       3.575526590779e-10 
  728       3.580053332202e-10 
  729       3.584263157767e-10 
  730       3.588151180565e-10 
  731       3.591712481166e-10 
  732       3.594942107532e-10 
  733       3.597835074936e-10 
  734       3.600386365862e-10 
  735       3.602590929930e-10 
  736       3.604443683799e-10 
  737       3.605939511080e-10 
  738       3.607073262254e-10 
  739       3.607840829297e-10 
  740       3.608242393028e-10 
  741       3.608279239683e-10 
  742       3.607952692148e-10 
  743       3.607264110107e-10 
  744       3.606214890189e-10 
  745       3.604806466117e-10 
  746       3.603040308856e-10 
  747       3.600917926760e-10 
  748       3.598440865720e-10 
  749       3.595610709312e-10 
  750       3.592429078946e-10 
  751       3.588897634009e-10 
  752       3.585018072022e-10 
  753       3.580792128778e-10 
  754       3.576221578496e-10 
  755       3.571308233968e-10 
  756       3.566053946703e-10 
  757       3.560460607082e-10 
  758       3.554530144497e-10 
  759       3.548264527508e-10 
  760       3.541665763984e-10 
  761       3.534735901252e-10 
  762       3.527477026249e-10 
  763       3.519891265665e-10 
  764       3.511980786093e-10 
  765       3.503747794177e-10 
  766       3.495194536759e-10 
  767       3.486323301029e-10 
  768       3.477136414668e-10 
  769       3.467636246003e-10 
  770       3.457825204147e-10 
  771       3.447705739153e-10 
  772       3.437280342159e-10 
  773       3.426551545536e-10 
  774       3.415521923038e-10 
  775       3.404194089946e-10 
  776       3.392570703219e-10 
  777       3.380654461641e-10 
  778       3.368448512584e-10 
  779       3.355957680366e-10 
  780       3.343187261219e-10 
  781       3.330142618995e-10 
  782       3.316829185387e-10 
  783       3.303252460162e-10 
  784       3.289418011387e-10 
  785       3.275331475658e-10 
  786       3.260998558330e-10 
  787       3.246425033743e-10 
  788       3.231616745451e-10 
  789       3.216579606451e-10 
  790       3.201319599412e-10 
  791       3.185842776900e-10 
  792       3.170155261612e-10 
  793       3.154263246598e-10 
  794       3.138172995494e-10 
  795       3.121890842749e-10 
  796       3.105423193853e-10 
  797       3.088776525565e-10 
  798       3.071957386142e-10 
  799       3.054972395569e-10 
  800       3.037828245783e-10 
  801       3.020531700905e-10 
  802       3.003089597469e-10 
  803       2.985508844646e-10 
  804       2.967796424476e-10 
  805       2.949959392098e-10 
  806       2.932004875972e-10 
  807       2.913940078113e-10 
  808       2.895772274317e-10 
  809       2.877508814391e-10 
  810       2.859157122379e-10 
  811       2.840724696793e-10 
  812       2.822219110837e-10 
  813       2.803648012643e-10 
  814       2.785019125490e-10 
  815       2.766340248040e-10 
  816       2.747619254562e-10 
  817       2.728863639064e-10 
  818       2.710079138288e-10 
  819       2.691271084572e-10 
  820       2.672444859863e-10 
  821       2.653605895868e-10 
  822       2.634759674193e-10 
  823       2.615911726498e-10 
  824       2.597067634637e-10 
  825       2.578233030810e-10 
  826       2.559413597703e-10 
  827       2.540615068640e-10 
  828       2.521843227728e-10 
  829       2.503103910000e-10 
  830       2.484403001567e-10 
  831       2.465746439761e-10 
  832       2.447140213282e-10 
  833       2.428590362345e-10 
  834       2.410102978825e-10 
  835       2.391684206407e-10 
  836       2.373340240728e-10 
  837       2.355077329526e-10 
  838       2.336901772788e-10 
  839       2.318819922891e-10 
  840       2.300838184755e-10 
  841       2.282963015984e-10 
  842       2.265200927018e-10 
  843       2.247558481273e-10 
  844       2.230042295293e-10 
  845       2.212659038893e-10 
  846       2.195415435308e-10 
  847       2.178318261337e-10 
  848       2.161374347492e-10 
  849       2.144590578142e-10 
  850       2.127973891661e-10 
  851       2.111531280574e-10 
  852       2.095269791704e-10 
  853       2.079196526317e-10 
  854       2.063318640270e-10 
  855       2.047643344158e-10 
  856       2.032176993436e-10 
  857       2.016922341500e-10 
  858       2.001881240054e-10 
  859       1.987055544890e-10 
  860       1.972447115880e-10 
  861       1.958057816980e-10 
  862       1.943889516221e-10 
  863       1.929944085710e-10 
  864       1.916223401630e-10 
  865       1.902729344230e-10 
  866       1.889463797832e-10 
  867       1.876428650822e-10 
  868       1.863625795649e-10 
  869       1.851057128824e-10 
  870       1.838724550916e-10 
  871       1.826629966553e-10 
  872       1.814775284415e-10 
  873       1.803162417232e-10 
  874       1.791793281788e-10 
  875       1.780669798908e-10 
  876       1.769793893467e-10 
  877       1.759167494377e-10 
  878       1.748792534595e-10 
  879       1.738670951110e-10 
  880       1.728804684950e-10 
  881       1.719195681174e-10 
  882       1.709845888869e-10 
  883       1.700757261153e-10 
  884       1.691931755168e-10 
  885       1.683371332078e-10 
  886       1.675077957069e-10 
  887       1.667053599344e-10 
  888       1.659300232123e-10 
  889       1.651819832637e-10 
  890       1.644614382130e-10 
  891       1.637685865854e-10 
  892       1.631036273066e-10 
  893       1.624667597030e-10 
  894       1.618581835007e-10 
  895       1.612780270045e-10 
  896       1.607261303487e-10 
  897       1.602022587097e-10 
  898       1.597061737963e-10 
  899       1.592376338384e-10 
  900       1.587963935765e-10 
  901       1.583822042499e-10 
  902       1.579948135867e-10 
  903       1.576339657918e-10 
  904       1.572994015370e-10 
  905       1.569908579489e-10 
  906       1.567080685988e-10 
  907       1.564507634912e-10 
  908       1.562186690532e-10 
  909       1.560115081229e-10 
  910       1.558289999392e-10 
  911       1.556708601302e-10 
  912       1.555368007025e-10 
  913       1.554265300302e-10 
  914       1.553397528436e-10 
  915       1.552761702188e-10 
  916       1.552354795662e-10 
  917       1.552173746198e-10 
  918       1.552215454260e-10 
  919       1.552476783327e-10 
  920       1.552954559785e-10 
  921       1.553645572814e-10 
  922       1.554546574281e-10 
  923       1.555654278626e-10 
  924       1.556965362759e-10 
  925       1.558476465942e-10 
  926       1.560184189686e-10 
  927       1.562085097637e-10 
  928       1.564175715467e-10 
  929       1.566452530766e-10 
  930       1.568911992928e-10 
  931       1.571550513047e-10 
  932       1.574364463803e-10 
  933       1.577350179350e-10 
  934       1.580503864749e-10 
  935       1.583821322901e-10 
  936       1.587298223125e-10 
  937       1.590930191109e-10 
  938       1.594712808791e-10 
  939       1.598641614236e-10 
  940       1.602712101509e-10 
  941       1.606919720563e-10 
  942       1.611259877104e-10 
  943       1.615727932481e-10 
  944       1.620319203553e-10 
  945       1.625028962575e-10 
  946       1.629852437070e-10 
  947       1.634784809711e-10 
  948       1.639821218195e-10 
  949       1.644956755122e-10 
  950       1.650186467876e-10 
  951       1.655505358496e-10 
  952       1.660908383561e-10 
  953       1.666390454060e-10 
  954       1.671946435278e-10 
  955       1.677571146666e-10 
  956       1.683259361726e-10 
  957       1.689005807882e-10 
  958       1.694805166362e-10 
  959       1.700652072073e-10 
  960       1.706541113482e-10 
  961       1.712466832490e-10 
  962       1.718423724312e-10 
  963       1.724406237356e-10 
  964       1.730408773095e-10 
  965       1.736425685952e-10 
  966       1.742451283172e-10 
  967       1.748479824704e-10 
  968       1.754505523075e-10 
  969       1.760522543270e-10 
  970       1.766525002609e-10 
  971       1.772506970624e-10 
  972       1.778462468938e-10 
  973       1.784385969291e-10 
  974       1.790273896053e-10 
  975       1.796123146018e-10 
  976       1.801930592248e-10 
  977       1.807693084008e-10 
  978       1.813407446707e-10 
  979       1.819070481845e-10 
  980       1.824678966945e-10 
  981       1.830229655501e-10 
  982       1.835719276913e-10 
  983       1.841144536432e-10 
  984       1.846502115101e-10 
  985       1.851788669692e-10 
  986       1.857000832650e-10 
  987       1.862135212031e-10 
  988       1.867188391446e-10 
  989       1.872156930001e-10 
  990       1.877037362235e-10 
  991       1.881826198064e-10 
  992       1.886519922721e-10 
  993       1.891114996694e-10 
  994       1.895607855673e-10 
  995       1.899994910484e-10 
  996       1.904272547032e-10 
  997       1.908437126246e-10 
  998       1.912484984013e-10 
  999       1.916412431123e-10 
 1000       1.920215753209e-10 
 1001       1.923891210688e-10 
 1002       1.927435038701e-10 
 1003       1.930843447052e-10 
 1004       1.934112620154e-10 
 1005       1.937238716966e-10 
 1006       1.940217870934e-10 
 1007       1.943046189930e-10 
 1008       1.945719756199e-10 
 1009       1.948234626294e-10 
 1010       1.950586831016e-10 
 1011       1.952772375363e-10 
 1012       1.954787911720e-10 
 1013       1.956632770235e-10 
 1014       1.958306957640e-10 
 1015       1.959810486661e-10 
 1016       1.961143376045e-10 
 1017       1.962305650575e-10 
 1018       1.963297341090e-10 
 1019       1.964118484506e-10 
 1020       1.964769123836e-10 
 1021       1.965249308208e-10 
 1022       1.965559092884e-10 
 1023       1.965698539283e-10 
 1024       1.965667714995e-10 
 1025       1.965466693808e-10 
 1026       1.965095555719e-10 
 1027       1.964554386963e-10 
 1028       1.963843280024e-10 
 1029       1.962962333658e-10 
 1030       1.961911652917e-10 
 1031       1.960691349159e-10 
 1032       1.959301540078e-10 
 1033       1.957742349714e-10 
 1034       1.956013908481e-10 
 1035       1.954116353180e-10 
 1036       1.952049827023e-10 
 1037       1.949814479651e-10 
 1038       1.947410467152e-10 
 1039       1.944837952083e-10 
 1040       1.942097103489e-10 
 1041       1.939188096922e-10 
 1042       1.936111114460e-10 
 1043       1.932866344730e-10 
 1044       1.929453982922e-10 
 1045       1.925874230812e-10 
 1046       1.922127296784e-10 
 1047       1.918213395843e-10 
 1048       1.914132749641e-10 
 1049       1.909885586493e-10 
 1050       1.905472141397e-10 
 1051       1.900893043685e-10 
 1052       1.896150485826e-10 
 1053       1.891247070909e-10 
 1054       1.886185426546e-10 
 1055       1.880968204935e-10 
 1056       1.875598082923e-10 
 1057       1.870077762063e-10 
 1058       1.864409968682e-10 
 1059       1.858597453937e-10 
 1060       1.852642993879e-10 
 1061       1.846549389516e-10 
 1062       1.840319466873e-10 
 1063       1.833956077054e-10 
 1064       1.827462096302e-10 
 1065       1.820840426064e-10 
 1066       1.814093993052e-10 
 1067       1.807225749300e-10 
 1068       1.800238672233e-10 
 1069       1.793135764722e-10 
 1070       1.785920055151e-10 
 1071       1.778594597474e-10 
 1072       1.771162471281e-10 
 1073       1.763626781856e-10 
 1074       1.755990660240e-10 
 1075       1.748257263295e-10 
 1076       1.740429773760e-10 
 1077       1.732511400319e-10 
 1078       1.724505377660e-10 
 1079       1.716414966533e-10 
 1080       1.708243453820e-10 
 1081       1.699994152587e-10 
 1082       1.691670402154e-10 
 1083       1.683275568152e-10 
 1084       1.674813042584e-10 
 1085       1.666286243891e-10 
 1086       1.657698617010e-10 
 1087       1.649053633435e-10 
 1088       1.640354791284e-10 
 1089       1.631605615354e-10 
 1090       1.622809560672e-10 
 1091       1.613969721603e-10 
 1092       1.605089118963e-10 
 1093       1.596170796232e-10 
 1094       1.587217819609e-10 
 1095       1.578233278061e-10 
 1096       1.569220283374e-10 
 1097       1.560181970209e-10 
 1098       1.551121496149e-10 
 1099       1.542042041756e-10 
 1100       1.532946810618e-10 
 1101       1.523839029404e-10 
 1102       1.514721947916e-10 
 1103       1.505598839138e-10 
 1104       1.496472999292e-10 
 1105       1.487347747886e-10 
 1106       1.478226427770e-10 
 1107       1.469112405183e-10 
 1108       1.460009069810e-10 
 1109       1.450919834831e-10 
 1110       1.441848136972e-10 
 1111       1.432797436559e-10 
 1112       1.423771217570e-10 
 1113       1.414772987686e-10 
 1114       1.405806278343e-10 
 1115       1.396874644783e-10 
 1116       1.387981666108e-10 
 1117       1.379130945331e-10 
 1118       1.370326109428e-10 
 1119       1.361570809388e-10 
 1120       1.352868720267e-10 
 1121       1.344223541242e-10 
 1122       1.335638995658e-10 
 1123       1.327118831082e-10 
 1124       1.318666819356e-10 
 1125       1.310286756650e-10 
 1126       1.301982463510e-10 
 1127       1.293757784911e-10 
 1128       1.285616590312e-10 
 1129       1.277562341400e-10 
 1130       1.269596789093e-10 
 1131       1.261721259777e-10 
 1132       1.253937086088e-10 
 1133       1.246245606928e-10 
 1134       1.238648167475e-10 
 1135       1.231146119192e-10 
 1136       1.223740819841e-10 
 1137       1.216433633493e-10 
 1138       1.209225930539e-10 
 1139       1.202119087702e-10 
 1140       1.195114488049e-10 
 1141       1.188213520999e-10 
 1142       1.181417582338e-10 
 1143       1.174728074229e-10 
 1144       1.168146405222e-10 
 1145       1.161673990267e-10 
 1146       1.155312250723e-10 
 1147       1.149062614373e-10 
 1148       1.142926515432e-10 
 1149       1.136905394558e-10 
 1150       1.131000698865e-10 
 1151       1.125213881936e-10 
 1152       1.119546403830e-10 
 1153       1.113999731094e-10 
 1154       1.108575336778e-10 
 1155       1.103274700443e-10 
 1156       1.098099308172e-10 
 1157       1.093050652583e-10 
 1158       1.088130232841e-10 
 1159       1.083339554664e-10 
 1160       1.078680130342e-10 
 1161       1.074153478741e-10 
 1162       1.069761125321e-10 
 1163       1.065504602141e-10 
 1164       1.061385447873e-10 
 1165       1.057405207815e-10 
 1166       1.053565433900e-10 
 1167       1.049867684707e-10 
 1168       1.046313099088e-10 
 1169       1.042901111185e-10 
 1170       1.039630719354e-10 
 1171       1.036500911068e-10 
 1172       1.033510662892e-10 
 1173       1.030658940453e-10 
 1174       1.027944698419e-10 
 1175       1.025366880467e-10 
 1176       1.022924419261e-10 
 1177       1.020616236422e-10 
 1178       1.018441242509e-10 
 1179       1.016398336983e-10 
 1180       1.014486408187e-10 
 1181       1.012704333321e-10 
 1182       1.011050978410e-10 
 1183       1.009525198282e-10 
 1184       1.008125836542e-10 
 1185       1.006851725543e-10 
 1186       1.005701686363e-10 
 1187       1.004674528774e-10 
 1188       1.003769051223e-10 
 1189       1.002984040798e-10 
 1190       1.002318273209e-10 
 1191       1.001770512756e-10 
 1192       1.001339512304e-10 
 1193       1.001024013261e-10 
 1194       1.000822745545e-10 
 1195       1.000734427565e-10 
 1196       1.000757766189e-10 
 1197       1.000891456719e-10 
 1198       1.001134182868e-10 
 1199       1.001484616731e-10 
 1200       1.001941418757e-10 
 1201       1.002503237728e-10 
 1202       1.003168710728e-10 
 1203       1.003936463120e-10 
 1204       1.004805108516e-10 
 1205       1.005773248756e-10 
 1206       1.006839473878e-10 
 1207       1.008002221204e-10 
 1208       1.009259350790e-10 
 1209       1.010608564784e-10 
 1210       1.012047547809e-10 
 1211       1.013573966924e-10 
 1212       1.015185471590e-10 
 1213       1.016879693626e-10 
 1214       1.018654247179e-10 
 1215       1.020506728678e-10 
 1216       1.022434716803e-10 
 1217       1.024435772442e-10 
 1218       1.026507438657e-10 
 1219       1.028647240645e-10 
 1220       1.030852685699e-10 
 1221       1.033121263171e-10 
 1222       1.035450444434e-10 
 1223       1.037837682846e-10 
 1224       1.040280413710e-10 
 1225       1.042776054235e-10 
 1226       1.045322003501e-10 
 1227       1.047915642422e-10 
 1228       1.050554333704e-10 
 1229       1.053235421811e-10 
 1230       1.055956232924e-10 
 1231       1.058714074907e-10 
 1232       1.061506237265e-10 
 1233       1.064329991110e-10 
 1234       1.067182589121e-10 
 1235       1.070061265506e-10 
 1236       1.072963235965e-10 
 1237       1.075885697653e-10 
 1238       1.078825829139e-10 
 1239       1.081780790374e-10 
 1240       1.084747722645e-10 
 1241       1.087723748545e-10 
 1242       1.090705971931e-10 
 1243       1.093691477888e-10 
 1244       1.096677332688e-10 
 1245       1.099660583756e-10 
 1246       1.102638449033e-10 
 1247       1.105608887579e-10 
 1248       1.108570035588e-10 
 1249       1.111520017572e-10 
 1250       1.114456946336e-10 
 1251       1.117378922956e-10 
 1252       1.120284036756e-10 
 1253       1.123170365286e-10 
 1254       1.126035974292e-10 
 1255       1.128878917704e-10 
 1256       1.131697237603e-10 
 1257       1.134488964203e-10 
 1258       1.137252115826e-10 
 1259       1.139984698879e-10 
 1260       1.142684707831e-10 
 1261       1.145350125190e-10 
 1262       1.147978921481e-10 
 1263       1.150569055220e-10 
 1264       1.153118472891e-10 
 1265       1.155625108927e-10 
 1266       1.158086885683e-10 
 1267       1.160501713411e-10 
 1268       1.162867490244e-10 
 1269       1.165182102165e-10 
 1270       1.167443422988e-10 
 1271       1.169649314335e-10 
 1272       1.171797625611e-10 
 1273       1.173886193980e-10 
 1274       1.175912844347e-10 
 1275       1.177875389327e-10 
 1276       1.179771629230e-10 
 1277       1.181599352031e-10 
 1278       1.183356333351e-10 
 1279       1.185040336432e-10 
 1280       1.186649112114e-10 
 1281       1.188180398813e-10 
 1282       1.189631922496e-10 
 1283       1.191001396659e-10 
 1284       1.192286522303e-10 
 1285       1.193485330529e-10 
 1286       1.194597214623e-10 
 1287       1.195621909670e-10 
 1288       1.196559150996e-10 
 1289       1.197408674177e-10 
 1290       1.198170215038e-10 
 1291       1.198843509655e-10 
 1292       1.199428294354e-10 
 1293       1.199924305719e-10 
 1294       1.200331280586e-10 
 1295       1.200648956052e-10 
 1296       1.200877069470e-10 
 1297       1.201015358457e-10 
 1298       1.201063560890e-10 
 1299       1.201021414912e-10 
 1300       1.200888658932e-10 
 1301       1.200665031625e-10 
 1302       1.200350271936e-10 
 1303       1.199944119083e-10 
 1304       1.199446312555e-10 
 1305       1.198856592115e-10 
 1306       1.198174697804e-10 
 1307       1.197400369939e-10 
 1308       1.196533349117e-10 
 1309       1.195573376217e-10 
 1310       1.194520192400e-10 
 1311       1.193373539113e-10 
 1312       1.192133158087e-10 
 1313       1.190798791343e-10 
 1314       1.189370181190e-10 
 1315       1.187847070231e-10 
 1316       1.186229201359e-10 
 1317       1.184516317764e-10 
 1318       1.182708162930e-10 
 1319       1.180804480643e-10 
 1320       1.178805014985e-10 
 1321       1.176709510341e-10 
 1322       1.174517711401e-10 
 1323       1.172229363156e-10 
 1324       1.169844459695e-10 
 1325       1.167363993578e-10 
 1326       1.164789214738e-10 
 1327       1.162121382462e-10 
 1328       1.159361765414e-10 
 1329       1.156511641647e-10 
 1330       1.153572298628e-10 
 1331       1.150545033252e-10 
 1332       1.147431151862e-10 
 1333       1.144231970271e-10 
 1334       1.140948813776e-10 
 1335       1.137583017179e-10 
 1336       1.134135924805e-10 
 1337       1.130608890523e-10 
 1338       1.127003277760e-10 
 1339       1.123320459525e-10 
 1340       1.119561818423e-10 
 1341       1.115728746679e-10 
 1342       1.111822646152e-10 
 1343       1.107844928354e-10 
 1344       1.103797014472e-10 
 1345       1.099680335384e-10 
 1346       1.095496331679e-10 
 1347       1.091246453674e-10 
 1348       1.086932161437e-10 
 1349       1.082554924799e-10 
 1350       1.078116223378e-10 
 1351       1.073617546597e-10 
 1352       1.069060393699e-10 
 1353       1.064446273771e-10 
 1354       1.059776705760e-10 
 1355       1.055053218491e-10 
 1356       1.050277350686e-10 
 1357       1.045450650985e-10 
 1358       1.040574677962e-10 
 1359       1.035651000146e-10 
 1360       1.030681196036e-10 
 1361       1.025666854124e-10 
 1362       1.020609572912e-10 
 1363       1.015510973576e-10 
 1364       1.010372738076e-10 
 1365       1.005196571494e-10 
 1366       9.999841894418e-11 
 1367       9.947373180821e-11 
 1368       9.894576941487e-11 
 1369       9.841470649647e-11 
 1370       9.788071884625e-11 
 1371       9.734398332037e-11 
 1372       9.680467783980e-11 
 1373       9.626298139230e-11 
 1374       9.571907403438e-11 
 1375       9.517313689325e-11 
 1376       9.462535216876e-11 
 1377       9.407590313537e-11 
 1378       9.352497414408e-11 
 1379       9.297275062440e-11 
 1380       9.241941908632e-11 
 1381       9.186516712222e-11 
 1382       9.131018340884e-11 
 1383       9.075465770924e-11 
 1384       9.019878087477e-11 
 1385       8.964274484699e-11 
 1386       8.908674265961e-11 
 1387       8.853096844049e-11 
 1388       8.797561741358e-11 
 1389       8.742088590085e-11 
 1390       8.686697132423e-11 
 1391       8.631407220764e-11 
 1392       8.576238817884e-11 
 1393       8.521211997147e-11 
 1394       8.466346942694e-11 
 1395       8.411663949641e-11 
 1396       8.357183424275e-11 
 1397       8.302925884249e-11 
 1398       8.248911958774e-11 
 1399       8.195162388819e-11 
 1400       8.141698027304e-11 
 1401       8.088539839294e-11 
 1402       8.035706999970e-11 
 1403       7.983211166431e-11 
 1404       7.931062146533e-11 
 1405       7.879269795770e-11 
 1406       7.827844017351e-11 
 1407       7.776794762286e-11 
 1408       7.726132029460e-11 
 1409       7.675865865713e-11 
 1410       7.626006365920e-11 
 1411       7.576563673070e-11 
 1412       7.527547978345e-11 
 1413       7.478969521201e-11 
 1414       7.430838589443e-11 
 1415       7.383165519310e-11 
 1416       7.335960695547e-11 
 1417       7.289234551493e-11 
 1418       7.242997569151e-11 
 1419       7.197260279275e-11 
 1420       7.152033261444e-11 
 1421       7.107327144144e-11 
 1422       7.063152604847e-11 
 1423       7.019520370087e-11 
 1424       6.976441215544e-11 
 1425       6.933925966121e-11 
 1426       6.891985496021e-11 
 1427       6.850630728832e-11 
 1428       6.809872637599e-11 
 1429       6.769722244908e-11 
 1430       6.730190622966e-11 
 1431       6.691288893674e-11 
 1432       6.653028228716e-11 
 1433       6.615419849627e-11 
 1434       6.578475027882e-11 
 1435       6.542205084969e-11 
 1436       6.506621392471e-11 
 1437       6.471735372145e-11 
 1438       6.437558495998e-11 
 1439       6.404102286374e-11 
 1440       6.371378316023e-11 
 1441       6.339395861512e-11 
 1442       6.308154837221e-11 
 1443       6.277652789785e-11 
 1444       6.247887238211e-11 
 1445       6.218855673820e-11 
 1446       6.190555560189e-11 
 1447       6.162984333098e-11 
 1448       6.136139400469e-11 
 1449       6.110018142315e-11 
 1450       6.084617910680e-11 
 1451       6.059936029584e-11 
 1452       6.035969794967e-11 
 1453       6.012716474631e-11 
 1454       5.990173308187e-11 
 1455       5.968337506995e-11 
 1456       5.947206254109e-11 
 1457       5.926776704223e-11 
 1458       5.907045983611e-11 
 1459       5.888011190072e-11 
 1460       5.869669392876e-11 
 1461       5.852017632704e-11 
 1462       5.835052921595e-11 
 1463       5.818772242886e-11 
 1464       5.803172551160e-11 
 1465       5.788250772186e-11 
 1466       5.774003802865e-11 
 1467       5.760428511174e-11 
 1468       5.747521736106e-11 
 1469       5.735280287618e-11 
 1470       5.723700946572e-11 
 1471       5.712780464682e-11 
 1472       5.702515564453e-11 
 1473       5.692902939127e-11 
 1474       5.683939252629e-11 
 1475       5.675621139506e-11 
 1476       5.667945204874e-11 
 1477       5.660908024361e-11 
 1478       5.654506144050e-11 
 1479       5.648736080425e-11 
 1480       5.643593110404e-11 
 1481       5.639067628479e-11 
 1482       5.635148753468e-11 
 1483       5.631825535027e-11 
 1484       5.629086953534e-11 
 1485       5.626921919959e-11 
 1486       5.625319275748e-11 
 1487       5.624267792697e-11 
 1488       5.623756172830e-11 
 1489       5.623773048277e-11 
 1490       5.624306981150e-11 
 1491       5.625346463424e-11 
 1492       5.626879916810e-11 
 1493       5.628895692636e-11 
 1494       5.631382071720e-11 
 1495       5.634327264255e-11 
 1496       5.637719409678e-11 
 1497       5.641546576554e-11 
 1498       5.645796762448e-11 
 1499       5.650457893807e-11 
 1500       5.655517825836e-11 
 1501       5.660964342374e-11 
 1502       5.666785155773e-11 
 1503       5.672967906776e-11 
 1504       5.679500164391e-11 
 1505       5.686369425773e-11 
 1506       5.693563116100e-11 
 1507       5.701068588447e-11 
 1508       5.708873123669e-11 
 1509       5.716963930274e-11 
 1510       5.725328144303e-11 
 1511       5.733952829207e-11 
 1512       5.742824975724e-11 
 1513       5.751931501754e-11 
 1514       5.761259252243e-11 
 1515       5.770794999054e-11 
 1516       5.780525440848e-11 
 1517       5.790437202959e-11 
 1518       5.800516837273e-11 
 1519       5.810751303007e-11 
 1520       5.821129414347e-11 
 1521       5.831640406505e-11 
 1522       5.842273455987e-11 
 1523       5.853017680492e-11 
 1524       5.863862138819e-11 
 1525       5.874795830766e-11 
 1526       5.885807697034e-11 
 1527       5.896886619129e-11 
 1528       5.908021419265e-11 
 1529       5.919200860265e-11 
 1530       5.930413645466e-11 
 1531       5.941648418620e-11 
 1532       5.952893763793e-11 
 1533       5.964138205276e-11 
 1534       5.975370207477e-11 
 1535       5.986578174833e-11 
 1536       5.997750451705e-11 
 1537       6.008875322286e-11 
 1538       6.019941010500e-11 
 1539       6.030935679904e-11 
 1540       6.041847433595e-11 
 1541       6.052664314107e-11 
 1542       6.063374303316e-11 
 1543       6.073965322344e-11 
 1544       6.084425231457e-11 
 1545       6.094741829973e-11 
 1546       6.104902856159e-11 
 1547       6.114895987138e-11 
 1548       6.124708838789e-11 
 1549       6.134328965650e-11 
 1550       6.143743860818e-11 
 1551       6.152940955858e-11 
 1552       6.161907620698e-11 
 1553       6.170631163536e-11 
 1554       6.179098830741e-11 
 1555       6.187297806757e-11 
 1556       6.195215214000e-11 
 1557       6.202838112769e-11 
 1558       6.210155053122e-11 
 1559       6.217160746659e-11 
 1560       6.223851438411e-11 
 1561       6.230223358817e-11 
 1562       6.236272723709e-11 
 1563       6.241995734285e-11 
 1564       6.247388577091e-11 
 1565       6.252447423999e-11 
 1566       6.257168432188e-11 
 1567       6.261547744121e-11 
 1568       6.265581487525e-11 
 1569       6.269265775370e-11 
 1570       6.272596705850e-11 
 1571       6.275570362357e-11 
 1572       6.278182813468e-11 
 1573       6.280430112914e-11 
 1574       6.282308299571e-11 
 1575       6.283813397427e-11 
 1576       6.284941415571e-11 
 1577       6.285688348165e-11 
 1578       6.286050174430e-11 
 1579       6.286022858619e-11 
 1580       6.285602349997e-11 
 1581       6.284784582824e-11 
 1582       6.283565476331e-11 
 1583       6.281940934700e-11 
 1584       6.279906847043e-11 
 1585       6.277459087379e-11 
 1586       6.274593514618e-11 
 1587       6.271305972536e-11 
 1588       6.267592289756e-11 
 1589       6.263448279725e-11 
 1590       6.258869740697e-11 
 1591       6.253852455708e-11 
 1592       6.248392192556e-11 
 1593       6.242484703785e-11 
 1594       6.236125726656e-11 
 1595       6.229310983132e-11 
 1596       6.222036179855e-11 
 1597       6.214298446036e-11 
 1598       6.206100661571e-11 
 1599       6.197447168528e-11 
 1600       6.188342336887e-11 
 1601       6.178790564581e-11 
 1602       6.168796277547e-11 
 1603       6.158363929769e-11 
 1604       6.147498003330e-11 
 1605       6.136203008452e-11 
 1606       6.124483483548e-11 
 1607       6.112343995268e-11 
 1608       6.099789138542e-11 
 1609       6.086823536633e-11 
 1610       6.073451841177e-11 
 1611       6.059678732234e-11 
 1612       6.045508918335e-11 
 1613       6.030947136526e-11 
 1614       6.015998152415e-11 
 1615       6.000666760223e-11 
 1616       5.984957782825e-11 
 1617       5.968876071800e-11 
 1618       5.952426507477e-11 
 1619       5.935613998983e-11 
 1620       5.918443484287e-11 
 1621       5.900919930249e-11 
 1622       5.883048332665e-11 
 1623       5.864833716317e-11 
 1624       5.846281135016e-11 
 1625       5.827395671648e-11 
 1626       5.808182438228e-11 
 1627       5.788646575936e-11 
 1628       5.768793255175e-11 
 1629       5.748627675607e-11 
 1630       5.728155066209e-11 
 1631       5.707380685313e-11 
 1632       5.686309820656e-11 
 1633       5.664947789427e-11 
 1634       5.643299938311e-11 
 1635       5.621371643540e-11 
 1636       5.599168739664e-11 
 1637       5.576698809984e-11 
 1638       5.553969907755e-11 
 1639       5.530990128569e-11 
 1640       5.507767610419e-11 
 1641       5.484310533771e-11 
 1642       5.460627121623e-11 
 1643       5.436725639575e-11 
 1644       5.412614395895e-11 
 1645       5.388301741581e-11 
 1646       5.363796070433e-11 
 1647       5.339105819114e-11 
 1648       5.314239467218e-11 
 1649       5.289205537336e-11 
 1650       5.264012595122e-11 
 1651       5.238669249358e-11 
 1652       5.213184152020e-11 
 1653       5.187565998345e-11 
 1654       5.161823526897e-11 
 1655       5.135965519630e-11 
 1656       5.110000801960e-11 
 1657       5.083938242825e-11 
 1658       5.057786754752e-11 
 1659       5.031555293926e-11 
 1660       5.005252860254e-11 
 1661       4.978888497431e-11 
 1662       4.952471293004e-11 
 1663       4.926010378442e-11 
 1664       4.899514929200e-11 
 1665       4.872994164782e-11 
 1666       4.846457348814e-11 
 1667       4.819913789102e-11 
 1668       4.793372837703e-11 
 1669       4.766843890989e-11 
 1670       4.740336389715e-11 
 1671       4.713859819082e-11 
 1672       4.687423708805e-11 
 1673       4.661037633178e-11 
 1674       4.634711211140e-11 
 1675       4.608453458704e-11 
 1676       4.582270839921e-11 
 1677       4.556169199019e-11 
 1678       4.530154406542e-11 
 1679       4.504232359381e-11 
 1680       4.478408980812e-11 
 1681       4.452690220542e-11 
 1682       4.427082054737e-11 
 1683       4.401590486071e-11 
 1684       4.376221543753e-11 
 1685       4.350981283574e-11 
 1686       4.325875787943e-11 
 1687       4.300911165922e-11 
 1688       4.276093553268e-11 
 1689       4.251429112471e-11 
 1690       4.226924032788e-11 
 1691       4.202584530288e-11 
 1692       4.178416847885e-11 
 1693       4.154427255378e-11 
 1694       4.130622049489e-11 
 1695       4.107007553904e-11 
 1696       4.083590119305e-11 
 1697       4.060376123414e-11 
 1698       4.037371971031e-11 
 1699       4.014584094067e-11 
 1700       3.992018951589e-11 
 1701       3.969683029852e-11 
 1702       3.947582842344e-11 
 1703       3.925724929817e-11 
 1704       3.904115860331e-11 
 1705       3.882762229291e-11 
 1706       3.861670659481e-11 
 1707       3.840847801110e-11 
 1708       3.820300331841e-11 
 1709       3.800034956839e-11 
 1710       3.780058408801e-11 
 1711       3.760377448000e-11 
 1712       3.740998862319e-11 
 1713       3.721929467292e-11 
 1714       3.703175003677e-11 
 1715       3.684736819810e-11 
 1716       3.666615161006e-11 
 1717       3.648810269444e-11 
 1718       3.631322384164e-11 
 1719       3.614151741060e-11 
 1720       3.597298572868e-11 
 1721       3.580763109168e-11 
 1722       3.564545576368e-11 
 1723       3.548646197703e-11 
 1724       3.533065193229e-11 
 1725       3.517802779810e-11 
 1726       3.502859171120e-11 
 1727       3.488234577629e-11 
 1728       3.473929206598e-11 
 1729       3.459943262076e-11 
 1730       3.446276944887e-11 
 1731       3.432930452630e-11 
 1732       3.419903979667e-11 
 1733       3.407197717119e-11 
 1734       3.394811852857e-11 
 1735       3.382746571497e-11 
 1736       3.371002054396e-11 
 1737       3.359578479637e-11 
 1738       3.348476022032e-11 
 1739       3.337694853108e-11 
 1740       3.327235141104e-11 
 1741       3.317097050963e-11 
 1742       3.307280744326e-11 
 1743       3.297786379523e-11 
 1744       3.288614111569e-11 
 1745       3.279764092157e-11 
 1746       3.271236469650e-11 
 1747       3.263031389074e-11 
 1748       3.255148992112e-11 
 1749       3.247589417098e-11 
 1750       3.240352799010e-11 
 1751       3.233439269461e-11 
 1752       3.226848956694e-11 
 1753       3.220581225290e-11 
 1754       3.214632388350e-11 
 1755       3.208997976205e-11 
 1756       3.203673494926e-11 
 1757       3.198654426293e-11 
 1758       3.193936227754e-11 
 1759       3.189514332396e-11 
 1760       3.185384148899e-11 
 1761       3.181541061507e-11 
 1762       3.177980429989e-11 
 1763       3.174697589602e-11 
 1764       3.171687851055e-11 
 1765       3.168946500474e-11 
 1766       3.166468799362e-11 
 1767       3.164249984568e-11 
 1768       3.162285268246e-11 
 1769       3.160569837819e-11 
 1770       3.159098855945e-11 
 1771       3.157867460480e-11 
 1772       3.156870764438e-11 
 1773       3.156103855961e-11 
 1774       3.155561798276e-11 
 1775       3.155239629664e-11 
 1776       3.155132363420e-11 
 1777       3.155234987817e-11 
 1778       3.155542466071e-11 
 1779       3.156049736306e-11 
 1780       3.156751711511e-11 
 1781       3.157643279513e-11 
 1782       3.158719302931e-11 
 1783       3.159974619149e-11 
 1784       3.161404040271e-11 
 1785       3.163002353090e-11 
 1786       3.164764319051e-11 
 1787       3.166684674210e-11 
 1788       3.168758129206e-11 
 1789       3.170979369216e-11 
 1790       3.173343053924e-11 
 1791       3.175843817483e-11 
 1792       3.178476268635e-11 
 1793       3.181234991150e-11 
 1794       3.184114543318e-11 
 1795       3.187109457758e-11 
 1796       3.190214241379e-11 
 1797       3.193423375344e-11 
 1798       3.196731315037e-11 
 1799       3.200132490020e-11 
 1800       3.203621304002e-11 
 1801       3.207192134803e-11 
 1802       3.210839334314e-11 
 1803       3.214557228460e-11 
 1804       3.218340117169e-11 
 1805       3.222182274331e-11 
 1806       3.226077947763e-11 
 1807       3.230021359172e-11 
 1808       3.234006704120e-11 
 1809       3.238028151988e-11 
 1810       3.242079845934e-11 
 1811       3.246155902865e-11 
 1812       3.250250413394e-11 
 1813       3.254357441808e-11 
 1814       3.258471026029e-11 
 1815       3.262585177576e-11 
 1816       3.266693881534e-11 
 1817       3.270791096513e-11 
 1818       3.274870754613e-11 
 1819       3.278926761387e-11 
 1820       3.282952995807e-11 
 1821       3.286943310223e-11 
 1822       3.290891530332e-11 
 1823       3.294791455138e-11 
 1824       3.298636856915e-11 
 1825       3.302421481175e-11 
 1826       3.306139046625e-11 
 1827       3.309783245139e-11 
 1828       3.313347741712e-11 
 1829       3.316826174432e-11 
 1830       3.320212154437e-11 
 1831       3.323499881821e-11 
 1832       3.326685998778e-11 
 1833       3.329767751193e-11 
 1834       3.332742374037e-11 
 1835       3.335607091352e-11 
 1836       3.338359116234e-11 
 1837       3.340995650823e-11 
 1838       3.343513886287e-11 
 1839       3.345911002805e-11 
 1840       3.348184169557e-11 
 1841       3.350330544706e-11 
 1842       3.352347275387e-11 
 1843       3.354231497688e-11 
 1844       3.355980336640e-11 
 1845       3.357590906201e-11 
 1846       3.359060309242e-11 
 1847       3.360385637529e-11 
 1848       3.361563971716e-11 
 1849       3.362592381325e-11 
 1850       3.363467924731e-11 
 1851       3.364187649153e-11 
 1852       3.364748590633e-11 
 1853       3.365147774029e-11 
 1854       3.365382212992e-11 
 1855       3.365448909959e-11 
 1856       3.365344856135e-11 
 1857       3.365067031480e-11 
 1858       3.364612404692e-11 
 1859       3.363977933199e-11 
 1860       3.363160563135e-11 
 1861       3.362157229334e-11 
 1862       3.360964855313e-11 
 1863       3.359580353255e-11 
 1864       3.358000623997e-11 
 1865       3.356222557018e-11 
 1866       3.354243030420e-11 
 1867       3.352058910914e-11 
 1868       3.349667053812e-11 
 1869       3.347064303002e-11 
 1870       3.344248214518e-11 
 1871       3.341219233428e-11 
 1872       3.337978533951e-11 
 1873       3.334527297435e-11 
 1874       3.330866712373e-11 
 1875       3.326997974411e-11 
 1876       3.322922286358e-11 
 1877       3.318640858195e-11 
 1878       3.314154907091e-11 
 1879       3.309465657406e-11 
 1880       3.304574340707e-11 
 1881       3.299482195778e-11 
 1882       3.294190468627e-11 
 1883       3.288700412499e-11 
 1884       3.283013287885e-11 
 1885       3.277130362537e-11 
 1886       3.271052911470e-11 
 1887       3.264782216981e-11 
 1888       3.258319568653e-11 
 1889       3.251666263371e-11 
 1890       3.244823605327e-11 
 1891       3.237792906034e-11 
 1892       3.230575484336e-11 
 1893       3.223172666418e-11 
 1894       3.215585785815e-11 
 1895       3.207816183424e-11 
 1896       3.199865207516e-11 
 1897       3.191734213743e-11 
 1898       3.183424565151e-11 
 1899       3.174937632188e-11 
 1900       3.166274792719e-11 
 1901       3.157437432029e-11 
 1902       3.148426942842e-11 
 1903       3.139244725326e-11 
 1904       3.129892187103e-11 
 1905       3.120370743264e-11 
 1906       3.110681816375e-11 
 1907       3.100826836489e-11 
 1908       3.090807241156e-11 
 1909       3.080624827624e-11 
 1910       3.070282812365e-11 
 1911       3.059784779689e-11 
 1912       3.049134330319e-11 
 1913       3.038335081409e-11 
 1914       3.027390666570e-11 
 1915       3.016304735890e-11 
 1916       3.005080955954e-11 
 1917       2.993723009869e-11 
 1918       2.982234597286e-11 
 1919       2.970619434421e-11 
 1920       2.958881254076e-11 
 1921       2.947023805663e-11 
 1922       2.935050855225e-11 
 1923       2.922966185459e-11 
 1924       2.910773595736e-11 
 1925       2.898476902125e-11 
 1926       2.886079937415e-11 
 1927       2.873586551136e-11 
 1928       2.861000609580e-11 
 1929       2.848325995826e-11 
 1930       2.835566609761e-11 
 1931       2.822726368100e-11 
 1932       2.809809204409e-11 
 1933       2.796819069131e-11 
 1934       2.783759929600e-11 
 1935       2.770635770071e-11 
 1936       2.757450591738e-11 
 1937       2.744208412755e-11 
 1938       2.730913268262e-11 
 1939       2.717569210404e-11 
 1940       2.704180308352e-11 
 1941       2.690750648329e-11 
 1942       2.677284333630e-11 
 1943       2.663785484642e-11 
 1944       2.650258238870e-11 
 1945       2.636706750954e-11 
 1946       2.623135192697e-11 
 1947       2.609547753083e-11 
 1948       2.595948475138e-11 
 1949       2.582340765129e-11 
 1950       2.568727879720e-11 
 1951       2.555113088821e-11 
 1952       2.541499675597e-11 
 1953       2.527890936494e-11 
 1954       2.514290181247e-11 
 1955       2.500700732903e-11 
 1956       2.487125927836e-11 
 1957       2.473569115763e-11 
 1958       2.460033659761e-11 
 1959       2.446522936287e-11 
 1960       2.433040335189e-11 
 1961       2.419589259728e-11 
 1962       2.406173126594e-11 
 1963       2.392795365920e-11 
 1964       2.379459421303e-11 
 1965       2.366168749815e-11 
 1966       2.352926822029e-11 
 1967       2.339737122025e-11 
 1968       2.326603147416e-11 
 1969       2.313528409360e-11 
 1970       2.300516432578e-11 
 1971       2.287570755371e-11 
 1972       2.274694929638e-11 
 1973       2.261892520888e-11 
 1974       2.249167108266e-11 
 1975       2.236522284559e-11 
 1976       2.223961656223e-11 
 1977       2.211488843392e-11 
 1978       2.199107479900e-11 
 1979       2.186821213295e-11 
 1980       2.174633704855e-11 
 1981       2.162548629612e-11 
 1982       2.150569676357e-11 
 1983       2.138700547668e-11 
 1984       2.126944959921e-11 
 1985       2.115306643308e-11 
 1986       2.103789341854e-11 
 1987       2.092396339127e-11 
 1988       2.081129031518e-11 
 1989       2.069988344484e-11 
 1990       2.058975205906e-11 
 1991       2.048090546088e-11 
 1992       2.037335297765e-11 
 1993       2.026710396097e-11 
 1994       2.016216778681e-11 
 1995       2.005855385546e-11 
 1996       1.995627159160e-11 
 1997       1.985533044429e-11 
 1998       1.975573988704e-11 
 1999       1.965750941777e-11 
 2000       1.956064855891e-11 
 2001       1.946516685735e-11 
 2002       1.937107388454e-11 
 2003       1.927837923644e-11 
 2004       1.918709253360e-11 
 2005       1.909722342117e-11 
 2006       1.900878156890e-11 
 2007       1.892177667120e-11 
 2008       1.883621844714e-11 
 2009       1.875211664049e-11 
 2010       1.866948101974e-11 
 2011       1.858832137812e-11 
 2012       1.850864753361e-11 
 2013       1.843046932902e-11 
 2014       1.835379663195e-11 
 2015       1.827863933484e-11 
 2016       1.820500735501e-11 
 2017       1.813291063466e-11 
 2018       1.806235914091e-11 
 2019       1.799336286582e-11 
 2020       1.792593182642e-11 
 2021       1.786007606472e-11 
 2022       1.779580564775e-11 
 2023       1.773313066757e-11 
 2024       1.767206124132e-11 
 2025       1.761260751121e-11 
 2026       1.755477541235e-11 
 2027       1.749855394271e-11 
 2028       1.744392780122e-11 
 2029       1.739088161155e-11 
 2030       1.733939992202e-11 
 2031       1.728946720550e-11 
 2032       1.724106785930e-11 
 2033       1.719418620509e-11 
 2034       1.714880648877e-11 
 2035       1.710491288040e-11 
 2036       1.706248947409e-11 
 2037       1.702152028791e-11 
 2038       1.698198926377e-11 
 2039       1.694388026733e-11 
 2040       1.690717708791e-11 
 2041       1.687186343840e-11 
 2042       1.683792295512e-11 
 2043       1.680533919777e-11 
 2044       1.677409564930e-11 
 2045       1.674417571581e-11 
 2046       1.671556272648e-11 
 2047       1.668823993343e-11 
 2048       1.666219051166e-11 
 2049       1.663739755892e-11 
 2050       1.661384409563e-11 
 2051       1.659151306478e-11 
 2052       1.657038733182e-11 
 2053       1.655044968457e-11 
 2054       1.653168283311e-11 
 2055       1.651406940970e-11 
 2056       1.649759196867e-11 
 2057       1.648223298632e-11 
 2058       1.646797486080e-11 
 2059       1.645479991208e-11 
 2060       1.644269038175e-11 
 2061       1.643162843302e-11 
 2062       1.642159615055e-11 
 2063       1.641257554038e-11 
 2064       1.640454852984e-11 
 2065       1.639749580053e-11 
 2066       1.639139327848e-11 
 2067       1.638621561892e-11 
 2068       1.638193737082e-11 
 2069       1.637853297669e-11 
 2070       1.637597677252e-11 
 2071       1.637424298760e-11 
 2072       1.637330574439e-11 
 2073       1.637313905845e-11 
 2074       1.637371683821e-11 
 2075       1.637501288491e-11 
 2076       1.637700089246e-11 
 2077       1.637965444727e-11 
 2078       1.638294702816e-11 
 2079       1.638685200621e-11 
 2080       1.639134264462e-11 
 2081       1.639639209859e-11 
 2082       1.640197341521e-11 
 2083       1.640805953327e-11 
 2084       1.641462328318e-11 
 2085       1.642163738681e-11 
 2086       1.642907445739e-11 
 2087       1.643690699934e-11 
 2088       1.644510740814e-11 
 2089       1.645364797025e-11 
 2090       1.646250086292e-11 
 2091       1.647163815407e-11 
 2092       1.648103180219e-11 
 2093       1.649065365617e-11 
 2094       1.650047545519e-11 
 2095       1.651046882858e-11 
 2096       1.652060529568e-11 
 2097       1.653085626575e-11 
 2098       1.654119303777e-11 
 2099       1.655158680036e-11 
 2100       1.656200863164e-11 
 2101       1.657242949908e-11 
 2102       1.658282025939e-11 
 2103       1.659315165836e-11 
 2104       1.660339633902e-11 
 2105       1.661353488157e-11 
 2106       1.662354980520e-11 
 2107       1.663342356357e-11 
 2108       1.664313854469e-11 
 2109       1.665267707091e-11 
 2110       1.666202139881e-11 
 2111       1.667115371910e-11 
 2112       1.668005615658e-11 
 2113       1.668871077005e-11 
 2114       1.669709955222e-11 
 2115       1.670520442965e-11 
 2116       1.671300726267e-11 
 2117       1.672048984527e-11 
 2118       1.672763390509e-11 
 2119       1.673442110328e-11 
 2120       1.674083303443e-11 
 2121       1.674685122655e-11 
 2122       1.675245714092e-11 
 2123       1.675763217205e-11 
 2124       1.676235764759e-11 
 2125       1.676661482827e-11 
 2126       1.677038490781e-11 
 2127       1.677364901283e-11 
 2128       1.677638820279e-11 
 2129       1.677858346992e-11 
 2130       1.678021573913e-11 
 2131       1.678126586791e-11 
 2132       1.678171464632e-11 
 2133       1.678154279681e-11 
 2134       1.678073097426e-11 
 2135       1.677925976581e-11 
 2136       1.677710969082e-11 
 2137       1.677426120080e-11 
 2138       1.677069467930e-11 
 2139       1.676639044189e-11 
 2140       1.676132873602e-11 
 2141       1.675548974096e-11 
 2142       1.674885356777e-11 
 2143       1.674140353896e-11 
 2144       1.673313605242e-11 
 2145       1.672405078474e-11 
 2146       1.671414741754e-11 
 2147       1.670342563747e-11 
 2148       1.669188513623e-11 
 2149       1.667952561055e-11 
 2150       1.666634676225e-11 
 2151       1.665234829819e-11 
 2152       1.663752993031e-11 
 2153       1.662189137563e-11 
 2154       1.660543235629e-11 
 2155       1.658815259948e-11 
 2156       1.657005183753e-11 
 2157       1.655112980789e-11 
 2158       1.653138625310e-11 
 2159       1.651082092088e-11 
 2160       1.648943356405e-11 
 2161       1.646722394060e-11 
 2162       1.644419181366e-11 
 2163       1.642033695154e-11 
 2164       1.639565912772e-11 
 2165       1.637015812086e-11 
 2166       1.634383371482e-11 
 2167       1.631668569862e-11 
 2168       1.628871386654e-11 
 2169       1.625991801804e-11 
 2170       1.623029795780e-11 
 2171       1.619985349576e-11 
 2172       1.616858444707e-11 
 2173       1.613649063213e-11 
 2174       1.610357187662e-11 
 2175       1.606982801146e-11 
 2176       1.603525887285e-11 
 2177       1.599986430226e-11 
 2178       1.596364414647e-11 
 2179       1.592659825755e-11 
 2180       1.588872649285e-11 
 2181       1.585002871506e-11 
 2182       1.581050703726e-11 
 2183       1.577017257453e-11 
 2184       1.572903873768e-11 
 2185       1.568711899230e-11 
 2186       1.564442685890e-11 
 2187       1.560097591289e-11 
 2188       1.555677978470e-11 
 2189       1.551185215985e-11 
 2190       1.546620677898e-11 
 2191       1.541985743793e-11 
 2192       1.537281798781e-11 
 2193       1.532510233506e-11 
 2194       1.527672444152e-11 
 2195       1.522769832448e-11 
 2196       1.517803805676e-11 
 2197       1.512775776678e-11 
 2198       1.507687163860e-11 
 2199       1.502539391201e-11 
 2200       1.497333888257e-11 
 2201       1.492072090171e-11 
 2202       1.486755437676e-11 
 2203       1.481385377103e-11 
 2204       1.475963360388e-11 
 2205       1.470490845077e-11 
 2206       1.464969294333e-11 
 2207       1.459400176944e-11 
 2208       1.453784967328e-11 
 2209       1.448125145539e-11 
 2210       1.442422197274e-11 
 2211       1.436677613882e-11 
 2212       1.430892892365e-11 
 2213       1.425069535390e-11 
 2214       1.419209051293e-11 
 2215       1.413312954083e-11 
 2216       1.407382763454e-11 
 2217       1.401420004788e-11 
 2218       1.395426209162e-11 
 2219       1.389402913353e-11 
 2220       1.383351659847e-11 
 2221       1.377273999684e-11 
 2222       1.371171500997e-11 
 2223       1.365045740540e-11 
 2224       1.358898300864e-11 
 2225       1.352730770321e-11 
 2226       1.346544743072e-11 
 2227       1.340341819093e-11 
 2228       1.334123604180e-11 
 2229       1.327891709960e-11 
 2230       1.321647753891e-11 
 2231       1.315393359276e-11 
 2232       1.309130155263e-11 
 2233       1.302859776856e-11 
 2234       1.296583864918e-11 
 2235       1.290304066180e-11 
 2236       1.284022033249e-11 
 2237       1.277739424611e-11 
 2238       1.271457904637e-11 
 2239       1.265179143595e-11 
 2240       1.258904817651e-11 
 2241       1.252636608879e-11 
 2242       1.246376205264e-11 
 2243       1.240125300714e-11 
 2244       1.233885595060e-11 
 2245       1.227658794068e-11 
 2246       1.221446609444e-11 
 2247       1.215250758838e-11 
 2248       1.209072965853e-11 
 2249       1.202914960051e-11 
 2250       1.196778476961e-11 
 2251       1.190665258083e-11 
 2252       1.184577050896e-11 
 2253       1.178515608863e-11 
 2254       1.172482691442e-11 
 2255       1.166480064085e-11 
 2256       1.160509498252e-11 
 2257       1.154572771414e-11 
 2258       1.148671667059e-11 
 2259       1.142807974700e-11 
 2260       1.136983315827e-11 
 2261       1.131198620514e-11 
 2262       1.125454647435e-11 
 2263       1.119752157611e-11 
 2264       1.114091914414e-11 
 2265       1.108474683570e-11 
 2266       1.102901233159e-11 
 2267       1.097372333622e-11 
 2268       1.091888757758e-11 
 2269       1.086451280729e-11 
 2270       1.081060680065e-11 
 2271       1.075717735660e-11 
 2272       1.070423229783e-11 
 2273       1.065177947072e-11 
 2274       1.059982674542e-11 
 2275       1.054838201585e-11 
 2276       1.049745319976e-11 
 2277       1.044704823869e-11 
 2278       1.039717509805e-11 
 2279       1.034784176712e-11 
 2280       1.029905625909e-11 
 2281       1.025082661107e-11 
 2282       1.020316088412e-11 
 2283       1.015606716327e-11 
 2284       1.010955355757e-11 
 2285       1.006362820006e-11 
 2286       1.001829924785e-11 
 2287       9.973574882125e-12 
 2288       9.929463308162e-12 
 2289       9.885972755361e-12 
 2290       9.843111477267e-12 
 2291       9.800887751601e-12 
 2292       9.759309880274e-12 
 2293       9.718386189425e-12 
 2294       9.678125029432e-12 
 2295       9.638534774947e-12 
 2296       9.599623824915e-12 
 2297       9.561400602600e-12 
 2298       9.523873555610e-12 
 2299       9.487049124125e-12 
 2300       9.450925631386e-12 
 2301       9.415499354350e-12 
 2302       9.380766551928e-12 
 2303       9.346723464968e-12 
 2304       9.313366316229e-12 
 2305       9.280691310365e-12 
 2306       9.248694633898e-12 
 2307       9.217372455200e-12 
 2308       9.186720924469e-12 
 2309       9.156736173712e-12 
 2310       9.127414316718e-12 
 2311       9.098751449039e-12 
 2312       9.070743647969e-12 
 2313       9.043386972521e-12 
 2314       9.016677463409e-12 
 2315       8.990611143020e-12 
 2316       8.965184015400e-12 
 2317       8.940392066226e-12 
 2318       8.916231262789e-12 
 2319       8.892697553971e-12 
 2320       8.869786870223e-12 
 2321       8.847495123542e-12 
 2322       8.825818207455e-12 
 2323       8.804751996990e-12 
 2324       8.784292348662e-12 
 2325       8.764435100445e-12 
 2326       8.745176071755e-12 
 2327       8.726511063425e-12 
 2328       8.708435857687e-12 
 2329       8.690946218149e-12 
 2330       8.674037889772e-12 
 2331       8.657706598849e-12 
 2332       8.641948052988e-12 
 2333       8.626757941083e-12 
 2334       8.612131933297e-12 
 2335       8.598065681042e-12 
 2336       8.584554816953e-12 
 2337       8.571594954869e-12 
 2338       8.559180683836e-12 
 2339       8.547302543265e-12 
 2340       8.535950028792e-12 
 2341       8.525112596483e-12 
 2342       8.514779662795e-12 
 2343       8.504940604533e-12 
 2344       8.495584758804e-12 
 2345       8.486701422975e-12 
 2346       8.478279854627e-12 
 2347       8.470309271515e-12 
 2348       8.462778851523e-12 
 2349       8.455677732619e-12 
 2350       8.448995012813e-12 
 2351       8.442719750112e-12 
 2352       8.436840962480e-12 
 2353       8.431347627788e-12 
 2354       8.426228683778e-12 
 2355       8.421473028012e-12 
 2356       8.417069517835e-12 
 2357       8.413006970328e-12 
 2358       8.409274162262e-12 
 2359       8.405859830061e-12 
 2360       8.402752669753e-12 
 2361       8.399941336929e-12 
 2362       8.397414446696e-12 
 2363       8.395160573639e-12 
 2364       8.393168251774e-12 
 2365       8.391425974503e-12 
 2366       8.389922194573e-12 
 2367       8.388645324032e-12 
 2368       8.387583734186e-12 
 2369       8.386725755553e-12 
 2370       8.386059677821e-12 
 2371       8.385573749806e-12 
 2372       8.385256179403e-12 
 2373       8.385095133551e-12 
 2374       8.385078738181e-12 
 2375       8.385195078178e-12 
 2376       8.385432197333e-12 
 2377       8.385778563504e-12 
 2378       8.386224467290e-12 
 2379       8.386760631885e-12 
 2380       8.387377748621e-12 
 2381       8.388066476942e-12 
 2382       8.388817444365e-12 
 2383       8.389621246447e-12 
 2384       8.390468446753e-12 
 2385       8.391349576822e-12 
 2386       8.392255136131e-12 
 2387       8.393175592064e-12 
 2388       8.394101379877e-12 
 2389       8.395022902666e-12 
 2390       8.395930531329e-12 
 2391       8.396814604538e-12 
 2392       8.397665428700e-12 
 2393       8.398473277929e-12 
 2394       8.399228394005e-12 
 2395       8.399920986347e-12 
 2396       8.400541231977e-12 
 2397       8.401079275484e-12 
 2398       8.401525228993e-12 
 2399       8.401869172132e-12 
 2400       8.402101151994e-12 
 2401       8.402211183109e-12 
 2402       8.402189247406e-12 
 2403       8.402025294180e-12 
 2404       8.401709240060e-12 
 2405       8.401230968974e-12 
 2406       8.400580332116e-12 
 2407       8.399747147912e-12 
 2408       8.398721201985e-12 
 2409       8.397492247124e-12 
 2410       8.396050003247e-12 
 2411       8.394384157371e-12 
 2412       8.392484363575e-12 
 2413       8.390340242969e-12 
 2414       8.387941383657e-12 
 2415       8.385277340706e-12 
 2416       8.382338937443e-12 
 2417       8.379122178028e-12 
 2418       8.375624358521e-12 
 2419       8.371842767706e-12 
 2420       8.367774687074e-12 
 2421       8.363417390826e-12 
 2422       8.358768145858e-12 
 2423       8.353824211758e-12 
 2424       8.348582840798e-12 
 2425       8.343041277930e-12 
 2426       8.337196760772e-12 
 2427       8.331046519609e-12 
 2428       8.324587777380e-12 
 2429       8.317817749676e-12 
 2430       8.310733644728e-12 
 2431       8.303332663405e-12 
 2432       8.295611999201e-12 
 2433       8.287568838236e-12 
 2434       8.279200359241e-12 
 2435       8.270503733558e-12 
 2436       8.261476125127e-12 
 2437       8.252114690483e-12 
 2438       8.242416578747e-12 
 2439       8.232378931622e-12 
 2440       8.221998883381e-12 
 2441       8.211273560865e-12 
 2442       8.200200083473e-12 
 2443       8.188775563157e-12 
 2444       8.176997104412e-12 
 2445       8.164861804274e-12 
 2446       8.152366752308e-12 
 2447       8.139509030604e-12 
 2448       8.126285713768e-12 
 2449       8.112693868918e-12 
 2450       8.098730555675e-12 
 2451       8.084392826154e-12 
 2452       8.069677724962e-12 
 2453       8.054582289188e-12 
 2454       8.039103548395e-12 
 2455       8.023239787182e-12 
 2456       8.006994341101e-12 
 2457       7.990371823366e-12 
 2458       7.973376864356e-12 
 2459       7.956014111641e-12 
 2460       7.938288229991e-12 
 2461       7.920203901403e-12 
 2462       7.901765825113e-12 
 2463       7.882978717616e-12 
 2464       7.863847312685e-12 
 2465       7.844376361387e-12 
 2466       7.824570632106e-12 
 2467       7.804434910555e-12 
 2468       7.783973999798e-12 
 2469       7.763192720266e-12 
 2470       7.742095909778e-12 
 2471       7.720688423557e-12 
 2472       7.698975134249e-12 
 2473       7.676960931939e-12 
 2474       7.654650724174e-12 
 2475       7.632049435974e-12 
 2476       7.609162009860e-12 
 2477       7.585993405861e-12 
 2478       7.562548601540e-12 
 2479       7.538832592012e-12 
 2480       7.514850389956e-12 
 2481       7.490607025639e-12 
 2482       7.466107546932e-12 
 2483       7.441357019331e-12 
 2484       7.416360525968e-12 
 2485       7.391123167637e-12 
 2486       7.365650062809e-12 
 2487       7.339946347648e-12 
 2488       7.314017176034e-12 
 2489       7.287867719577e-12 
 2490       7.261503167636e-12 
 2491       7.234928727340e-12 
 2492       7.208149623601e-12 
 2493       7.181171099138e-12 
 2494       7.153995064640e-12 
 2495       7.126610027747e-12 
 2496       7.099001104978e-12 
 2497       7.071153366167e-12 
 2498       7.043051834416e-12 
 2499       7.014681486048e-12 
 2500       6.986027250563e-12 
