# dimensionless total [l(l+1)/2pi] C_l's
# for l=2 to 2500, i.e. number of multipoles equal to 2499
#
# -> if you prefer output in CAMB/HealPix/LensPix units/order, set 'format' to 'camb' in input file
# -> if you don't want to see such a header, set 'headers' to 'no' in input file
#
# 1:l     2:TT                 
    2       3.006235321728e-10 
    3       2.719064407657e-10 
    4       2.482139207007e-10 
    5       2.296596659705e-10 
    6       2.151733528459e-10 
    7       2.037554618770e-10 
    8       1.945583087568e-10 
    9       1.870780269300e-10 
   10       1.809670537973e-10 
   11       1.760029580417e-10 
   12       1.719872123611e-10 
   13       1.687009656646e-10 
   14       1.660594872157e-10 
   15       1.639469728590e-10 
   16       1.624440700567e-10 
   17       1.613773674778e-10 
   18       1.606456634241e-10 
   19       1.602999321372e-10 
   20       1.603088821524e-10 
   21       1.606412690769e-10 
   22       1.612059012730e-10 
   23       1.620005840426e-10 
   24       1.630117073564e-10 
   25       1.642372398120e-10 
   26       1.656528609716e-10 
   27       1.672614062230e-10 
   28       1.690424322331e-10 
   29       1.709502155522e-10 
   30       1.729890337716e-10 
   31       1.751617198043e-10 
   32       1.774555873671e-10 
   33       1.798705241613e-10 
   34       1.823975152735e-10 
   35       1.850185855283e-10 
   36       1.877386468046e-10 
   37       1.905623417141e-10 
   38       1.934842299787e-10 
   39       1.964927025646e-10 
   40       1.995859559881e-10 
   41       2.027596572961e-10 
   42       2.060017296801e-10 
   43       2.092979113069e-10 
   44       2.126521717175e-10 
   45       2.160714740365e-10 
   46       2.195597668826e-10 
   47       2.231176769765e-10 
   48       2.267436524623e-10 
   49       2.304384912254e-10 
   50       2.342015609182e-10 
   51       2.380292320629e-10 
   52       2.419146446755e-10 
   53       2.458504767224e-10 
   54       2.498386224538e-10 
   55       2.538825960436e-10 
   56       2.579846425044e-10 
   57       2.621456301748e-10 
   58       2.663649432060e-10 
   59       2.706412797649e-10 
   60       2.749755072859e-10 
   61       2.793682814583e-10 
   62       2.838191235686e-10 
   63       2.883263436905e-10 
   64       2.928869638737e-10 
   65       2.974978799815e-10 
   66       3.021598057231e-10 
   67       3.068740290612e-10 
   68       3.116412058920e-10 
   69       3.164613178823e-10 
   70       3.213336303066e-10 
   71       3.262566498832e-10 
   72       3.312287959170e-10 
   73       3.362506565657e-10 
   74       3.413230914841e-10 
   75       3.464465314555e-10 
   76       3.516209525132e-10 
   77       3.568458500632e-10 
   78       3.621202130066e-10 
   79       3.674424978614e-10 
   80       3.728111160618e-10 
   81       3.782260502450e-10 
   82       3.836874727324e-10 
   83       3.891952411623e-10 
   84       3.947488821153e-10 
   85       4.003475747400e-10 
   86       4.059901343785e-10 
   87       4.116749961918e-10 
   88       4.174001987859e-10 
   89       4.231638189292e-10 
   90       4.289653895511e-10 
   91       4.348046750479e-10 
   92       4.406812305098e-10 
   93       4.465943921041e-10 
   94       4.525432674591e-10 
   95       4.585267260474e-10 
   96       4.645433895692e-10 
   97       4.705916223362e-10 
   98       4.766695216550e-10 
   99       4.827751990279e-10 
  100       4.889076899916e-10 
  101       4.950661558843e-10 
  102       5.012495985106e-10 
  103       5.074568540504e-10 
  104       5.136865869670e-10 
  105       5.199372839159e-10 
  106       5.262072476532e-10 
  107       5.324945909444e-10 
  108       5.387972304728e-10 
  109       5.451128807481e-10 
  110       5.514393020844e-10 
  111       5.577750936726e-10 
  112       5.641189910764e-10 
  113       5.704696176828e-10 
  114       5.768254811072e-10 
  115       5.831849695995e-10 
  116       5.895463484492e-10 
  117       5.959077563912e-10 
  118       6.022672020113e-10 
  119       6.086225601517e-10 
  120       6.149715683167e-10 
  121       6.213118230782e-10 
  122       6.276407764811e-10 
  123       6.339559447547e-10 
  124       6.402555692513e-10 
  125       6.465380250172e-10 
  126       6.528016133832e-10 
  127       6.590445600413e-10 
  128       6.652650131198e-10 
  129       6.714610412599e-10 
  130       6.776306316914e-10 
  131       6.837716883085e-10 
  132       6.898820297460e-10 
  133       6.959593874552e-10 
  134       7.020014037796e-10 
  135       7.080056300310e-10 
  136       7.139695245656e-10 
  137       7.198906171653e-10 
  138       7.257670254524e-10 
  139       7.315969885138e-10 
  140       7.373787045301e-10 
  141       7.431103299065e-10 
  142       7.487899784048e-10 
  143       7.544157202749e-10 
  144       7.599855813859e-10 
  145       7.654975423581e-10 
  146       7.709495376943e-10 
  147       7.763394549113e-10 
  148       7.816651336715e-10 
  149       7.869243649141e-10 
  150       7.921148899872e-10 
  151       7.972343997789e-10 
  152       8.022805338487e-10 
  153       8.072510252813e-10 
  154       8.121441522232e-10 
  155       8.169583268494e-10 
  156       8.216919532889e-10 
  157       8.263434274973e-10 
  158       8.309111371311e-10 
  159       8.353934614212e-10 
  160       8.397887710463e-10 
  161       8.440954280070e-10 
  162       8.483117854994e-10 
  163       8.524361877885e-10 
  164       8.564669700819e-10 
  165       8.604024584038e-10 
  166       8.642409694683e-10 
  167       8.679808105533e-10 
  168       8.716202793742e-10 
  169       8.751576639571e-10 
  170       8.785912425132e-10 
  171       8.819193915906e-10 
  172       8.851409209154e-10 
  173       8.882547663584e-10 
  174       8.912598844820e-10 
  175       8.941552528560e-10 
  176       8.969398703731e-10 
  177       8.996127575641e-10 
  178       9.021729569135e-10 
  179       9.046195331749e-10 
  180       9.069515736864e-10 
  181       9.091681886861e-10 
  182       9.112685116276e-10 
  183       9.132516994954e-10 
  184       9.151169331200e-10 
  185       9.168634174940e-10 
  186       9.184903820871e-10 
  187       9.199970811615e-10 
  188       9.213827940876e-10 
  189       9.226468256594e-10 
  190       9.237885064096e-10 
  191       9.248072494006e-10 
  192       9.257027246960e-10 
  193       9.264746986131e-10 
  194       9.271229789210e-10 
  195       9.276474153415e-10 
  196       9.280479000489e-10 
  197       9.283243681703e-10 
  198       9.284767982862e-10 
  199       9.285052129302e-10 
  200       9.284096790895e-10 
  201       9.281903087052e-10 
  202       9.278472591726e-10 
  203       9.273807338412e-10 
  204       9.267909825150e-10 
  205       9.260783019530e-10 
  206       9.252430363691e-10 
  207       9.242855779326e-10 
  208       9.232063672683e-10 
  209       9.220058939567e-10 
  210       9.206846970345e-10 
  211       9.192433654945e-10 
  212       9.176825387860e-10 
  213       9.160028979461e-10 
  214       9.142051372879e-10 
  215       9.122899917660e-10 
  216       9.102582466469e-10 
  217       9.081107379838e-10 
  218       9.058483530929e-10 
  219       9.034720310287e-10 
  220       9.009827630595e-10 
  221       8.983815931431e-10 
  222       8.956696184023e-10 
  223       8.928479896005e-10 
  224       8.899179116172e-10 
  225       8.868806439240e-10 
  226       8.837375010594e-10 
  227       8.804898531051e-10 
  228       8.771391261612e-10 
  229       8.736868028219e-10 
  230       8.701344226510e-10 
  231       8.664835826576e-10 
  232       8.627359377714e-10 
  233       8.588932013188e-10 
  234       8.549571454979e-10 
  235       8.509296018544e-10 
  236       8.468124617571e-10 
  237       8.426076768735e-10 
  238       8.383171698493e-10 
  239       8.339425593591e-10 
  240       8.294854193205e-10 
  241       8.249473674770e-10 
  242       8.203300656836e-10 
  243       8.156352201934e-10 
  244       8.108645819436e-10 
  245       8.060199468415e-10 
  246       8.011031560509e-10 
  247       7.961160962778e-10 
  248       7.910607000571e-10 
  249       7.859389460384e-10 
  250       7.807528592723e-10 
  251       7.755045114961e-10 
  252       7.701960214207e-10 
  253       7.648295550162e-10 
  254       7.594073257980e-10 
  255       7.539315951134e-10 
  256       7.484046724271e-10 
  257       7.428289156081e-10 
  258       7.372067312151e-10 
  259       7.315405747831e-10 
  260       7.258329511094e-10 
  261       7.200864145398e-10 
  262       7.143035692546e-10 
  263       7.084870695549e-10 
  264       7.026396201487e-10 
  265       6.967639764369e-10 
  266       6.908627802904e-10 
  267       6.849380569136e-10 
  268       6.789916912159e-10 
  269       6.730255898693e-10 
  270       6.670416813165e-10 
  271       6.610419157792e-10 
  272       6.550282652661e-10 
  273       6.490027235814e-10 
  274       6.429673063326e-10 
  275       6.369240509390e-10 
  276       6.308750166397e-10 
  277       6.248222845017e-10 
  278       6.187679574284e-10 
  279       6.127141601676e-10 
  280       6.066630393194e-10 
  281       6.006167633450e-10 
  282       5.945775225744e-10 
  283       5.885475292147e-10 
  284       5.825290173583e-10 
  285       5.765242429912e-10 
  286       5.705354840009e-10 
  287       5.645650401850e-10 
  288       5.586152332588e-10 
  289       5.526884068642e-10 
  290       5.467869265772e-10 
  291       5.409131799166e-10 
  292       5.350695763518e-10 
  293       5.292585473113e-10 
  294       5.234825461906e-10 
  295       5.177440483606e-10 
  296       5.120455511757e-10 
  297       5.063893877961e-10 
  298       5.007771586079e-10 
  299       4.952102721226e-10 
  300       4.896901284240e-10 
  301       4.842181189238e-10 
  302       4.787956261172e-10 
  303       4.734240233389e-10 
  304       4.681046745188e-10 
  305       4.628389339375e-10 
  306       4.576281459825e-10 
  307       4.524736449035e-10 
  308       4.473767545683e-10 
  309       4.423387882186e-10 
  310       4.373610482257e-10 
  311       4.324448258463e-10 
  312       4.275914009782e-10 
  313       4.228020419160e-10 
  314       4.180780051068e-10 
  315       4.134205349063e-10 
  316       4.088308633338e-10 
  317       4.043102098290e-10 
  318       3.998597810067e-10 
  319       3.954807704132e-10 
  320       3.911743582819e-10 
  321       3.869417112889e-10 
  322       3.827839823088e-10 
  323       3.787023101706e-10 
  324       3.746978194133e-10 
  325       3.707716200416e-10 
  326       3.669248072817e-10 
  327       3.631584613372e-10 
  328       3.594736471447e-10 
  329       3.558714141293e-10 
  330       3.523527959609e-10 
  331       3.489188103095e-10 
  332       3.455703521188e-10 
  333       3.423078687839e-10 
  334       3.391316703207e-10 
  335       3.360420342118e-10 
  336       3.330392050462e-10 
  337       3.301233941596e-10 
  338       3.272947792747e-10 
  339       3.245535041412e-10 
  340       3.218996781759e-10 
  341       3.193333761032e-10 
  342       3.168546375948e-10 
  343       3.144634669104e-10 
  344       3.121598325373e-10 
  345       3.099436668310e-10 
  346       3.078148656552e-10 
  347       3.057732880220e-10 
  348       3.038187557320e-10 
  349       3.019510530145e-10 
  350       3.001699261677e-10 
  351       2.984750831988e-10 
  352       2.968661934644e-10 
  353       2.953428873101e-10 
  354       2.939047557115e-10 
  355       2.925513499136e-10 
  356       2.912821810713e-10 
  357       2.900967198896e-10 
  358       2.889943962637e-10 
  359       2.879745989192e-10 
  360       2.870366750522e-10 
  361       2.861799299696e-10 
  362       2.854036267289e-10 
  363       2.847069857790e-10 
  364       2.840891845997e-10 
  365       2.835493573423e-10 
  366       2.830865944698e-10 
  367       2.826999423964e-10 
  368       2.823884031288e-10 
  369       2.821509339053e-10 
  370       2.819864468365e-10 
  371       2.818938895109e-10 
  372       2.818724910227e-10 
  373       2.819215248583e-10 
  374       2.820402285109e-10 
  375       2.822278031910e-10 
  376       2.824834135368e-10 
  377       2.828061873251e-10 
  378       2.831952151817e-10 
  379       2.836495502917e-10 
  380       2.841682081106e-10 
  381       2.847501660745e-10 
  382       2.853943633106e-10 
  383       2.860997003482e-10 
  384       2.868650388286e-10 
  385       2.876892012164e-10 
  386       2.885709705095e-10 
  387       2.895090899499e-10 
  388       2.905022627343e-10 
  389       2.915491517246e-10 
  390       2.926483791583e-10 
  391       2.937985263593e-10 
  392       2.949981334487e-10 
  393       2.962456990545e-10 
  394       2.975396800232e-10 
  395       2.988784911297e-10 
  396       3.002605047880e-10 
  397       3.016840507618e-10 
  398       3.031474158753e-10 
  399       3.046488437234e-10 
  400       3.061865343823e-10 
  401       3.077586441204e-10 
  402       3.093632851084e-10 
  403       3.109985251304e-10 
  404       3.126623872938e-10 
  405       3.143528497406e-10 
  406       3.160678453574e-10 
  407       3.178052614861e-10 
  408       3.195629396346e-10 
  409       3.213386751875e-10 
  410       3.231302171162e-10 
  411       3.249355066387e-10 
  412       3.267534030800e-10 
  413       3.285829830897e-10 
  414       3.304233038904e-10 
  415       3.322734031575e-10 
  416       3.341322988988e-10 
  417       3.359989893349e-10 
  418       3.378724527788e-10 
  419       3.397516475157e-10 
  420       3.416355116831e-10 
  421       3.435229631509e-10 
  422       3.454128994007e-10 
  423       3.473041974061e-10 
  424       3.491957135128e-10 
  425       3.510862833180e-10 
  426       3.529747215506e-10 
  427       3.548598219511e-10 
  428       3.567403571513e-10 
  429       3.586150785546e-10 
  430       3.604827162154e-10 
  431       3.623419787194e-10 
  432       3.641915530632e-10 
  433       3.660301045346e-10 
  434       3.678562765919e-10 
  435       3.696686907444e-10 
  436       3.714659464321e-10 
  437       3.732466209052e-10 
  438       3.750092691047e-10 
  439       3.767524235417e-10 
  440       3.784745941777e-10 
  441       3.801742683044e-10 
  442       3.818499104233e-10 
  443       3.834999621260e-10 
  444       3.851228419740e-10 
  445       3.867169453785e-10 
  446       3.882806444802e-10 
  447       3.898122880296e-10 
  448       3.913102012664e-10 
  449       3.927726857998e-10 
  450       3.941980194882e-10 
  451       3.955847039967e-10 
  452       3.969322164965e-10 
  453       3.982402819545e-10 
  454       3.995086276709e-10 
  455       4.007369833051e-10 
  456       4.019250809009e-10 
  457       4.030726549130e-10 
  458       4.041794422317e-10 
  459       4.052451822094e-10 
  460       4.062696166859e-10 
  461       4.072524900145e-10 
  462       4.081935490870e-10 
  463       4.090925433600e-10 
  464       4.099492248805e-10 
  465       4.107633483113e-10 
  466       4.115346709571e-10 
  467       4.122629527898e-10 
  468       4.129479564746e-10 
  469       4.135894473955e-10 
  470       4.141871936808e-10 
  471       4.147409662291e-10 
  472       4.152505387350e-10 
  473       4.157156877145e-10 
  474       4.161361925311e-10 
  475       4.165118354211e-10 
  476       4.168424015196e-10 
  477       4.171276788861e-10 
  478       4.173674585300e-10 
  479       4.175615344369e-10 
  480       4.177097035933e-10 
  481       4.178117660134e-10 
  482       4.178675247641e-10 
  483       4.178767859907e-10 
  484       4.178393589430e-10 
  485       4.177550560007e-10 
  486       4.176236926992e-10 
  487       4.174450877552e-10 
  488       4.172190630926e-10 
  489       4.169454438679e-10 
  490       4.166240584962e-10 
  491       4.162548517814e-10 
  492       4.158382279415e-10 
  493       4.153747177959e-10 
  494       4.148648666607e-10 
  495       4.143092344311e-10 
  496       4.137083956631e-10 
  497       4.130629396550e-10 
  498       4.123734705300e-10 
  499       4.116406073176e-10 
  500       4.108649840355e-10 
  501       4.100472497716e-10 
  502       4.091880687659e-10 
  503       4.082881204923e-10 
  504       4.073480997406e-10 
  505       4.063687166981e-10 
  506       4.053506970321e-10 
  507       4.042947819709e-10 
  508       4.032017283864e-10 
  509       4.020723088757e-10 
  510       4.009073118430e-10 
  511       3.997075415815e-10 
  512       3.984738183553e-10 
  513       3.972069784814e-10 
  514       3.959078744111e-10 
  515       3.945773748125e-10 
  516       3.932163646521e-10 
  517       3.918257452766e-10 
  518       3.904064344950e-10 
  519       3.889593666603e-10 
  520       3.874854927514e-10 
  521       3.859857804550e-10 
  522       3.844612142477e-10 
  523       3.829127954776e-10 
  524       3.813415424461e-10 
  525       3.797484904902e-10 
  526       3.781346920641e-10 
  527       3.765012168210e-10 
  528       3.748491516953e-10 
  529       3.731796009840e-10 
  530       3.714936864292e-10 
  531       3.697924856591e-10 
  532       3.680768454919e-10 
  533       3.663475636766e-10 
  534       3.646054501256e-10 
  535       3.628513269708e-10 
  536       3.610860286191e-10 
  537       3.593104018080e-10 
  538       3.575253056617e-10 
  539       3.557316117463e-10 
  540       3.539302041258e-10 
  541       3.521219794179e-10 
  542       3.503078468492e-10 
  543       3.484887283115e-10 
  544       3.466655584171e-10 
  545       3.448392845546e-10 
  546       3.430108669448e-10 
  547       3.411812786960e-10 
  548       3.393515058601e-10 
  549       3.375225474879e-10 
  550       3.356954156853e-10 
  551       3.338711356684e-10 
  552       3.320507458198e-10 
  553       3.302352977439e-10 
  554       3.284258563227e-10 
  555       3.266234997714e-10 
  556       3.248293196945e-10 
  557       3.230444211408e-10 
  558       3.212699226600e-10 
  559       3.195069563574e-10 
  560       3.177566679504e-10 
  561       3.160202168238e-10 
  562       3.142987760858e-10 
  563       3.125935326232e-10 
  564       3.109056871575e-10 
  565       3.092364543005e-10 
  566       3.075870626102e-10 
  567       3.059587546459e-10 
  568       3.043527870246e-10 
  569       3.027704304763e-10 
  570       3.012129698997e-10 
  571       2.996815471727e-10 
  572       2.981766850658e-10 
  573       2.966987512970e-10 
  574       2.952481146764e-10 
  575       2.938251451044e-10 
  576       2.924302135691e-10 
  577       2.910636921449e-10 
  578       2.897259539898e-10 
  579       2.884173733439e-10 
  580       2.871383255266e-10 
  581       2.858891869354e-10 
  582       2.846703350431e-10 
  583       2.834821483961e-10 
  584       2.823250066122e-10 
  585       2.811992903785e-10 
  586       2.801053814494e-10 
  587       2.790436626446e-10 
  588       2.780145178469e-10 
  589       2.770183320000e-10 
  590       2.760554911067e-10 
  591       2.751263822268e-10 
  592       2.742313934748e-10 
  593       2.733709140179e-10 
  594       2.725453340740e-10 
  595       2.717550449099e-10 
  596       2.710004388384e-10 
  597       2.702819092173e-10 
  598       2.695998504463e-10 
  599       2.689546579658e-10 
  600       2.683467282541e-10 
  601       2.677764588260e-10 
  602       2.672442482300e-10 
  603       2.667504960470e-10 
  604       2.662956028874e-10 
  605       2.658799703900e-10 
  606       2.655040012188e-10 
  607       2.651680990618e-10 
  608       2.648726686288e-10 
  609       2.646181156489e-10 
  610       2.644048468686e-10 
  611       2.642331485427e-10 
  612       2.641028187274e-10 
  613       2.640135262153e-10 
  614       2.639649312079e-10 
  615       2.639566852745e-10 
  616       2.639884313114e-10 
  617       2.640598035007e-10 
  618       2.641704272692e-10 
  619       2.643199192474e-10 
  620       2.645078872283e-10 
  621       2.647339301266e-10 
  622       2.649976379371e-10 
  623       2.652985916944e-10 
  624       2.656363634312e-10 
  625       2.660105161375e-10 
  626       2.664206037194e-10 
  627       2.668661709583e-10 
  628       2.673467534694e-10 
  629       2.678618776612e-10 
  630       2.684110606937e-10 
  631       2.689938104380e-10 
  632       2.696096254351e-10 
  633       2.702579948544e-10 
  634       2.709383984531e-10 
  635       2.716503065350e-10 
  636       2.723931799093e-10 
  637       2.731664698496e-10 
  638       2.739696180531e-10 
  639       2.748020565990e-10 
  640       2.756632079080e-10 
  641       2.765524847007e-10 
  642       2.774692899570e-10 
  643       2.784130168746e-10 
  644       2.793830488285e-10 
  645       2.803787593293e-10 
  646       2.813995119825e-10 
  647       2.824446604473e-10 
  648       2.835135483956e-10 
  649       2.846055094711e-10 
  650       2.857198672479e-10 
  651       2.868559347503e-10 
  652       2.880130130843e-10 
  653       2.891903926941e-10 
  654       2.903873537579e-10 
  655       2.916031661464e-10 
  656       2.928370893813e-10 
  657       2.940883725949e-10 
  658       2.953562544882e-10 
  659       2.966399632900e-10 
  660       2.979387167158e-10 
  661       2.992517219262e-10 
  662       3.005781754863e-10 
  663       3.019172633240e-10 
  664       3.032681606891e-10 
  665       3.046300321119e-10 
  666       3.060020313622e-10 
  667       3.073833014080e-10 
  668       3.087729743744e-10 
  669       3.101701715023e-10 
  670       3.115740031071e-10 
  671       3.129835685379e-10 
  672       3.143979561359e-10 
  673       3.158162431935e-10 
  674       3.172374959128e-10 
  675       3.186607693647e-10 
  676       3.200851074477e-10 
  677       3.215095428463e-10 
  678       3.229330969904e-10 
  679       3.243547800137e-10 
  680       3.257735907127e-10 
  681       3.271885165052e-10 
  682       3.285985333897e-10 
  683       3.300026059035e-10 
  684       3.313996870821e-10 
  685       3.327887184177e-10 
  686       3.341686298179e-10 
  687       3.355383395650e-10 
  688       3.368967542743e-10 
  689       3.382427688530e-10 
  690       3.395752664592e-10 
  691       3.408932254115e-10 
  692       3.421960424763e-10 
  693       3.434832163200e-10 
  694       3.447542411624e-10 
  695       3.460086067615e-10 
  696       3.472457983994e-10 
  697       3.484652968684e-10 
  698       3.496665784560e-10 
  699       3.508491149309e-10 
  700       3.520123735287e-10 
  701       3.531558169371e-10 
  702       3.542789032823e-10 
  703       3.553810861139e-10 
  704       3.564618143911e-10 
  705       3.575205324680e-10 
  706       3.585566800792e-10 
  707       3.595696923260e-10 
  708       3.605589996614e-10 
  709       3.615240278760e-10 
  710       3.624641980837e-10 
  711       3.633789267074e-10 
  712       3.642676254644e-10 
  713       3.651297013522e-10 
  714       3.659645566344e-10 
  715       3.667715888258e-10 
  716       3.675501906785e-10 
  717       3.682997501672e-10 
  718       3.690196504753e-10 
  719       3.697092699801e-10 
  720       3.703679822388e-10 
  721       3.709951559737e-10 
  722       3.715901550585e-10 
  723       3.721523385031e-10 
  724       3.726810604403e-10 
  725       3.731756701103e-10 
  726       3.736355118473e-10 
  727       3.740599250647e-10 
  728       3.744482442407e-10 
  729       3.747997989041e-10 
  730       3.751139136199e-10 
  731       3.753900339076e-10 
  732       3.756281067806e-10 
  733       3.758282077711e-10 
  734       3.759904156983e-10 
  735       3.761148126833e-10 
  736       3.762014841622e-10 
  737       3.762505189004e-10 
  738       3.762620090061e-10 
  739       3.762360499449e-10 
  740       3.761727405529e-10 
  741       3.760721830510e-10 
  742       3.759344830587e-10 
  743       3.757597496081e-10 
  744       3.755480951577e-10 
  745       3.752996356062e-10 
  746       3.750144903065e-10 
  747       3.746927820796e-10 
  748       3.743346372284e-10 
  749       3.739401855517e-10 
  750       3.735095603580e-10 
  751       3.730428984795e-10 
  752       3.725403402858e-10 
  753       3.720020296979e-10 
  754       3.714281142022e-10 
  755       3.708187448642e-10 
  756       3.701740763425e-10 
  757       3.694942669026e-10 
  758       3.687794784309e-10 
  759       3.680298764487e-10 
  760       3.672456301255e-10 
  761       3.664269122937e-10 
  762       3.655738994621e-10 
  763       3.646867718294e-10 
  764       3.637657132990e-10 
  765       3.628109114920e-10 
  766       3.618225577617e-10 
  767       3.608008472070e-10 
  768       3.597459786867e-10 
  769       3.586581548334e-10 
  770       3.575375820668e-10 
  771       3.563845247585e-10 
  772       3.551994688189e-10 
  773       3.539829612333e-10 
  774       3.527355562161e-10 
  775       3.514578152365e-10 
  776       3.501503070425e-10 
  777       3.488136076864e-10 
  778       3.474483005491e-10 
  779       3.460549763653e-10 
  780       3.446342332478e-10 
  781       3.431866767129e-10 
  782       3.417129197048e-10 
  783       3.402135826205e-10 
  784       3.386892933347e-10 
  785       3.371406872245e-10 
  786       3.355684071943e-10 
  787       3.339731037005e-10 
  788       3.323554347763e-10 
  789       3.307160660568e-10 
  790       3.290556708033e-10 
  791       3.273749299285e-10 
  792       3.256745320212e-10 
  793       3.239551733711e-10 
  794       3.222175579935e-10 
  795       3.204623976542e-10 
  796       3.186904118946e-10 
  797       3.169023280558e-10 
  798       3.150988813042e-10 
  799       3.132808146556e-10 
  800       3.114488790005e-10 
  801       3.096038331288e-10 
  802       3.077464437545e-10 
  803       3.058774855404e-10 
  804       3.039977411234e-10 
  805       3.021080011386e-10 
  806       3.002090642447e-10 
  807       2.983017371485e-10 
  808       2.963868346299e-10 
  809       2.944651795664e-10 
  810       2.925376029583e-10 
  811       2.906048978219e-10 
  812       2.886676799113e-10 
  813       2.867265245395e-10 
  814       2.847820124995e-10 
  815       2.828347300802e-10 
  816       2.808852690833e-10 
  817       2.789342268392e-10 
  818       2.769822062237e-10 
  819       2.750298156745e-10 
  820       2.730776692071e-10 
  821       2.711263864317e-10 
  822       2.691765925696e-10 
  823       2.672289184692e-10 
  824       2.652840006227e-10 
  825       2.633424811824e-10 
  826       2.614050079772e-10 
  827       2.594722345289e-10 
  828       2.575448200687e-10 
  829       2.556234295534e-10 
  830       2.537087336820e-10 
  831       2.518014089120e-10 
  832       2.499021374760e-10 
  833       2.480116073977e-10 
  834       2.461305125086e-10 
  835       2.442595524646e-10 
  836       2.423994327616e-10 
  837       2.405508647529e-10 
  838       2.387145656650e-10 
  839       2.368912586141e-10 
  840       2.350816726225e-10 
  841       2.332865426352e-10 
  842       2.315066095358e-10 
  843       2.297426201637e-10 
  844       2.279953273297e-10 
  845       2.262654898327e-10 
  846       2.245538724765e-10 
  847       2.228612460854e-10 
  848       2.211883875214e-10 
  849       2.195360797000e-10 
  850       2.179051116070e-10 
  851       2.162961775980e-10 
  852       2.147095733723e-10 
  853       2.131454948168e-10 
  854       2.116041382501e-10 
  855       2.100857004220e-10 
  856       2.085903785136e-10 
  857       2.071183701364e-10 
  858       2.056698733326e-10 
  859       2.042450865746e-10 
  860       2.028442087648e-10 
  861       2.014674392350e-10 
  862       2.001149777468e-10 
  863       1.987870244908e-10 
  864       1.974837800863e-10 
  865       1.962054455815e-10 
  866       1.949522224527e-10 
  867       1.937243126045e-10 
  868       1.925219183690e-10 
  869       1.913452425061e-10 
  870       1.901944882028e-10 
  871       1.890698590732e-10 
  872       1.879715591581e-10 
  873       1.868997929248e-10 
  874       1.858547652666e-10 
  875       1.848366815029e-10 
  876       1.838457473787e-10 
  877       1.828821690644e-10 
  878       1.819461531555e-10 
  879       1.810379066723e-10 
  880       1.801576370597e-10 
  881       1.793055521870e-10 
  882       1.784818603474e-10 
  883       1.776867702579e-10 
  884       1.769204910591e-10 
  885       1.761832323146e-10 
  886       1.754752040113e-10 
  887       1.747966165585e-10 
  888       1.741476807880e-10 
  889       1.735286079538e-10 
  890       1.729396097318e-10 
  891       1.723808194645e-10 
  892       1.718520544817e-10 
  893       1.713530498847e-10 
  894       1.708835369362e-10 
  895       1.704432430486e-10 
  896       1.700318917709e-10 
  897       1.696492027776e-10 
  898       1.692948918557e-10 
  899       1.689686708931e-10 
  900       1.686702478659e-10 
  901       1.683993268269e-10 
  902       1.681556078929e-10 
  903       1.679387872327e-10 
  904       1.677485570551e-10 
  905       1.675846055966e-10 
  906       1.674466171091e-10 
  907       1.673342718481e-10 
  908       1.672472460601e-10 
  909       1.671852119709e-10 
  910       1.671478377732e-10 
  911       1.671347876142e-10 
  912       1.671457215839e-10 
  913       1.671802957028e-10 
  914       1.672381619095e-10 
  915       1.673189680488e-10 
  916       1.674223578594e-10 
  917       1.675479709619e-10 
  918       1.676954428464e-10 
  919       1.678644048606e-10 
  920       1.680544841974e-10 
  921       1.682653038830e-10 
  922       1.684964827644e-10 
  923       1.687476354976e-10 
  924       1.690183725352e-10 
  925       1.693083001144e-10 
  926       1.696170202446e-10 
  927       1.699441306955e-10 
  928       1.702892249849e-10 
  929       1.706518923663e-10 
  930       1.710317178170e-10 
  931       1.714282755184e-10 
  932       1.718411092084e-10 
  933       1.722697514971e-10 
  934       1.727137303325e-10 
  935       1.731725689879e-10 
  936       1.736457860489e-10 
  937       1.741328954001e-10 
  938       1.746334062124e-10 
  939       1.751468229293e-10 
  940       1.756726452545e-10 
  941       1.762103681386e-10 
  942       1.767594817660e-10 
  943       1.773194715416e-10 
  944       1.778898180785e-10 
  945       1.784699971840e-10 
  946       1.790594798471e-10 
  947       1.796577322255e-10 
  948       1.802642156321e-10 
  949       1.808783865224e-10 
  950       1.814996964811e-10 
  951       1.821275922093e-10 
  952       1.827615155112e-10 
  953       1.834009032814e-10 
  954       1.840451874912e-10 
  955       1.846937951764e-10 
  956       1.853461484234e-10 
  957       1.860016643568e-10 
  958       1.866597551258e-10 
  959       1.873198278917e-10 
  960       1.879812848143e-10 
  961       1.886435230391e-10 
  962       1.893059346845e-10 
  963       1.899679068282e-10 
  964       1.906288214944e-10 
  965       1.912880556408e-10 
  966       1.919449811456e-10 
  967       1.925989647941e-10 
  968       1.932493682660e-10 
  969       1.938955481223e-10 
  970       1.945368557920e-10 
  971       1.951726964130e-10 
  972       1.958027063507e-10 
  973       1.964265783235e-10 
  974       1.970440027856e-10 
  975       1.976546679213e-10 
  976       1.982582596395e-10 
  977       1.988544615683e-10 
  978       1.994429550489e-10 
  979       2.000234191306e-10 
  980       2.005955305648e-10 
  981       2.011589637998e-10 
  982       2.017133909748e-10 
  983       2.022584819148e-10 
  984       2.027939041246e-10 
  985       2.033193227834e-10 
  986       2.038344007392e-10 
  987       2.043387985034e-10 
  988       2.048321742449e-10 
  989       2.053141837847e-10 
  990       2.057844805904e-10 
  991       2.062427157704e-10 
  992       2.066885380686e-10 
  993       2.071215938585e-10 
  994       2.075415271380e-10 
  995       2.079479795235e-10 
  996       2.083405902445e-10 
  997       2.087189961379e-10 
  998       2.090828316426e-10 
  999       2.094317287937e-10 
 1000       2.097653172172e-10 
 1001       2.100832241240e-10 
 1002       2.103850743048e-10 
 1003       2.106704901243e-10 
 1004       2.109390915155e-10 
 1005       2.111904959744e-10 
 1006       2.114243185542e-10 
 1007       2.116401718598e-10 
 1008       2.118376660423e-10 
 1009       2.120164087932e-10 
 1010       2.121760053391e-10 
 1011       2.123161319714e-10 
 1012       2.124367578109e-10 
 1013       2.125379262364e-10 
 1014       2.126196816426e-10 
 1015       2.126820694434e-10 
 1016       2.127251360747e-10 
 1017       2.127489289978e-10 
 1018       2.127534967021e-10 
 1019       2.127388887081e-10 
 1020       2.127051555710e-10 
 1021       2.126523488830e-10 
 1022       2.125805212769e-10 
 1023       2.124897264291e-10 
 1024       2.123800190621e-10 
 1025       2.122514549484e-10 
 1026       2.121040909128e-10 
 1027       2.119379848360e-10 
 1028       2.117531956573e-10 
 1029       2.115497833775e-10 
 1030       2.113278090627e-10 
 1031       2.110873348464e-10 
 1032       2.108284239333e-10 
 1033       2.105511406019e-10 
 1034       2.102555502076e-10 
 1035       2.099417191861e-10 
 1036       2.096097150560e-10 
 1037       2.092596064219e-10 
 1038       2.088914629780e-10 
 1039       2.085053555104e-10 
 1040       2.081013559005e-10 
 1041       2.076795371281e-10 
 1042       2.072399732745e-10 
 1043       2.067827395251e-10 
 1044       2.063079121730e-10 
 1045       2.058155686218e-10 
 1046       2.053057873887e-10 
 1047       2.047786481073e-10 
 1048       2.042342315311e-10 
 1049       2.036726195362e-10 
 1050       2.030938951244e-10 
 1051       2.024981787764e-10 
 1052       2.018857380574e-10 
 1053       2.012568795411e-10 
 1054       2.006119126047e-10 
 1055       1.999511494361e-10 
 1056       1.992749050407e-10 
 1057       1.985834972484e-10 
 1058       1.978772467209e-10 
 1059       1.971564769582e-10 
 1060       1.964215143061e-10 
 1061       1.956726879628e-10 
 1062       1.949103299861e-10 
 1063       1.941347753002e-10 
 1064       1.933463617031e-10 
 1065       1.925454298731e-10 
 1066       1.917323233761e-10 
 1067       1.909073886725e-10 
 1068       1.900709751241e-10 
 1069       1.892234350014e-10 
 1070       1.883651234901e-10 
 1071       1.874963986987e-10 
 1072       1.866176216650e-10 
 1073       1.857291563633e-10 
 1074       1.848313697112e-10 
 1075       1.839246315770e-10 
 1076       1.830093147864e-10 
 1077       1.820857951293e-10 
 1078       1.811544513674e-10 
 1079       1.802156652405e-10 
 1080       1.792698214741e-10 
 1081       1.783173077857e-10 
 1082       1.773585148927e-10 
 1083       1.763938365185e-10 
 1084       1.754236694001e-10 
 1085       1.744484132949e-10 
 1086       1.734684709874e-10 
 1087       1.724842482969e-10 
 1088       1.714961540836e-10 
 1089       1.705046002565e-10 
 1090       1.695100017795e-10 
 1091       1.685127577699e-10 
 1092       1.675131944993e-10 
 1093       1.665116216430e-10 
 1094       1.655083511248e-10 
 1095       1.645036971225e-10 
 1096       1.634979760727e-10 
 1097       1.624915066760e-10 
 1098       1.614846099020e-10 
 1099       1.604776089945e-10 
 1100       1.594708294766e-10 
 1101       1.584645991556e-10 
 1102       1.574592481282e-10 
 1103       1.564551087859e-10 
 1104       1.554525158194e-10 
 1105       1.544518062243e-10 
 1106       1.534533193060e-10 
 1107       1.524573966846e-10 
 1108       1.514643823002e-10 
 1109       1.504746224181e-10 
 1110       1.494884656335e-10 
 1111       1.485062628769e-10 
 1112       1.475283674192e-10 
 1113       1.465551348765e-10 
 1114       1.455869232155e-10 
 1115       1.446240927585e-10 
 1116       1.436670061882e-10 
 1117       1.427160285534e-10 
 1118       1.417715272736e-10 
 1119       1.408338721440e-10 
 1120       1.399034353411e-10 
 1121       1.389805914274e-10 
 1122       1.380657173565e-10 
 1123       1.371591924784e-10 
 1124       1.362613985443e-10 
 1125       1.353727197120e-10 
 1126       1.344935425509e-10 
 1127       1.336242560468e-10 
 1128       1.327652516073e-10 
 1129       1.319169230668e-10 
 1130       1.310796666918e-10 
 1131       1.302538301270e-10 
 1132       1.294395585036e-10 
 1133       1.286369463529e-10 
 1134       1.278460884848e-10 
 1135       1.270670799883e-10 
 1136       1.263000162313e-10 
 1137       1.255449928616e-10 
 1138       1.248021058063e-10 
 1139       1.240714512733e-10 
 1140       1.233531257503e-10 
 1141       1.226472260060e-10 
 1142       1.219538490903e-10 
 1143       1.212730923341e-10 
 1144       1.206050533502e-10 
 1145       1.199498300331e-10 
 1146       1.193075205598e-10 
 1147       1.186782233897e-10 
 1148       1.180620372650e-10 
 1149       1.174590612112e-10 
 1150       1.168693945371e-10 
 1151       1.162931368355e-10 
 1152       1.157303879828e-10 
 1153       1.151812481403e-10 
 1154       1.146458177536e-10 
 1155       1.141241975535e-10 
 1156       1.136164885558e-10 
 1157       1.131227920621e-10 
 1158       1.126432096597e-10 
 1159       1.121778432224e-10 
 1160       1.117267949101e-10 
 1161       1.112901671696e-10 
 1162       1.108680627350e-10 
 1163       1.104605846275e-10 
 1164       1.100678361561e-10 
 1165       1.096899209179e-10 
 1166       1.093269427981e-10 
 1167       1.089790059707e-10 
 1168       1.086462148984e-10 
 1169       1.083286743333e-10 
 1170       1.080264893168e-10 
 1171       1.077397225105e-10 
 1172       1.074682656032e-10 
 1173       1.072119662996e-10 
 1174       1.069706708405e-10 
 1175       1.067442239998e-10 
 1176       1.065324690812e-10 
 1177       1.063352479142e-10 
 1178       1.061524008512e-10 
 1179       1.059837667639e-10 
 1180       1.058291830398e-10 
 1181       1.056884855790e-10 
 1182       1.055615087903e-10 
 1183       1.054480855883e-10 
 1184       1.053480473897e-10 
 1185       1.052612241099e-10 
 1186       1.051874441596e-10 
 1187       1.051265344415e-10 
 1188       1.050783203465e-10 
 1189       1.050426257506e-10 
 1190       1.050192730115e-10 
 1191       1.050080829648e-10 
 1192       1.050088749212e-10 
 1193       1.050214666622e-10 
 1194       1.050456744376e-10 
 1195       1.050813129614e-10 
 1196       1.051281954088e-10 
 1197       1.051861334124e-10 
 1198       1.052549370589e-10 
 1199       1.053344148861e-10 
 1200       1.054243738786e-10 
 1201       1.055246194653e-10 
 1202       1.056349555152e-10 
 1203       1.057551843346e-10 
 1204       1.058851066632e-10 
 1205       1.060245216709e-10 
 1206       1.061732269543e-10 
 1207       1.063310185334e-10 
 1208       1.064976908480e-10 
 1209       1.066730367544e-10 
 1210       1.068568475218e-10 
 1211       1.070489064763e-10 
 1212       1.072489698545e-10 
 1213       1.074567857121e-10 
 1214       1.076721002515e-10 
 1215       1.078946578177e-10 
 1216       1.081242008950e-10 
 1217       1.083604701021e-10 
 1218       1.086032041892e-10 
 1219       1.088521400331e-10 
 1220       1.091070126340e-10 
 1221       1.093675551111e-10 
 1222       1.096334986988e-10 
 1223       1.099045727426e-10 
 1224       1.101805046955e-10 
 1225       1.104610201139e-10 
 1226       1.107458426534e-10 
 1227       1.110346940650e-10 
 1228       1.113272941915e-10 
 1229       1.116233609630e-10 
 1230       1.119226103933e-10 
 1231       1.122247565758e-10 
 1232       1.125295116798e-10 
 1233       1.128365859461e-10 
 1234       1.131456876835e-10 
 1235       1.134565232647e-10 
 1236       1.137687971220e-10 
 1237       1.140822117441e-10 
 1238       1.143964676715e-10 
 1239       1.147112634928e-10 
 1240       1.150262958408e-10 
 1241       1.153412593884e-10 
 1242       1.156558468447e-10 
 1243       1.159697489512e-10 
 1244       1.162826544778e-10 
 1245       1.165942502185e-10 
 1246       1.169042209881e-10 
 1247       1.172122496177e-10 
 1248       1.175180169509e-10 
 1249       1.178212018401e-10 
 1250       1.181214811422e-10 
 1251       1.184185576568e-10 
 1252       1.187122443055e-10 
 1253       1.190023809282e-10 
 1254       1.192888064289e-10 
 1255       1.195713587739e-10 
 1256       1.198498749896e-10 
 1257       1.201241911612e-10 
 1258       1.203941424304e-10 
 1259       1.206595629940e-10 
 1260       1.209202861020e-10 
 1261       1.211761440555e-10 
 1262       1.214269682054e-10 
 1263       1.216725889501e-10 
 1264       1.219128357339e-10 
 1265       1.221475370454e-10 
 1266       1.223765204153e-10 
 1267       1.225996124149e-10 
 1268       1.228166386540e-10 
 1269       1.230274237796e-10 
 1270       1.232317914735e-10 
 1271       1.234295644509e-10 
 1272       1.236205644582e-10 
 1273       1.238046122718e-10 
 1274       1.239815276958e-10 
 1275       1.241511295601e-10 
 1276       1.243132357193e-10 
 1277       1.244676630499e-10 
 1278       1.246142274494e-10 
 1279       1.247527438340e-10 
 1280       1.248830261368e-10 
 1281       1.250048873061e-10 
 1282       1.251181393037e-10 
 1283       1.252225931030e-10 
 1284       1.253180586870e-10 
 1285       1.254043450467e-10 
 1286       1.254812601794e-10 
 1287       1.255486110867e-10 
 1288       1.256062037726e-10 
 1289       1.256538432420e-10 
 1290       1.256913334987e-10 
 1291       1.257185149619e-10 
 1292       1.257353771841e-10 
 1293       1.257419474058e-10 
 1294       1.257382532545e-10 
 1295       1.257243227452e-10 
 1296       1.257001842814e-10 
 1297       1.256658666560e-10 
 1298       1.256213990521e-10 
 1299       1.255668110439e-10 
 1300       1.255021325976e-10 
 1301       1.254273940725e-10 
 1302       1.253426262215e-10 
 1303       1.252478601923e-10 
 1304       1.251431275280e-10 
 1305       1.250284601682e-10 
 1306       1.249038904500e-10 
 1307       1.247694511084e-10 
 1308       1.246251752779e-10 
 1309       1.244710964926e-10 
 1310       1.243072486877e-10 
 1311       1.241336662001e-10 
 1312       1.239503837693e-10 
 1313       1.237574365385e-10 
 1314       1.235548600550e-10 
 1315       1.233426902717e-10 
 1316       1.231209635475e-10 
 1317       1.228897166484e-10 
 1318       1.226489867484e-10 
 1319       1.223988114304e-10 
 1320       1.221392286868e-10 
 1321       1.218702769208e-10 
 1322       1.215919949471e-10 
 1323       1.213044219927e-10 
 1324       1.210075976979e-10 
 1325       1.207015621171e-10 
 1326       1.203863557197e-10 
 1327       1.200620193912e-10 
 1328       1.197285944338e-10 
 1329       1.193861225673e-10 
 1330       1.190346459302e-10 
 1331       1.186742269431e-10 
 1332       1.183050081363e-10 
 1333       1.179271529813e-10 
 1334       1.175408260898e-10 
 1335       1.171461932162e-10 
 1336       1.167434212594e-10 
 1337       1.163326782656e-10 
 1338       1.159141334301e-10 
 1339       1.154879570995e-10 
 1340       1.150543207743e-10 
 1341       1.146133971109e-10 
 1342       1.141653599236e-10 
 1343       1.137103841875e-10 
 1344       1.132486460400e-10 
 1345       1.127803227833e-10 
 1346       1.123055928869e-10 
 1347       1.118246359893e-10 
 1348       1.113376329008e-10 
 1349       1.108447656053e-10 
 1350       1.103462172627e-10 
 1351       1.098421722111e-10 
 1352       1.093328159692e-10 
 1353       1.088183352381e-10 
 1354       1.082989179040e-10 
 1355       1.077747530401e-10 
 1356       1.072460309091e-10 
 1357       1.067129429652e-10 
 1358       1.061756818565e-10 
 1359       1.056344414270e-10 
 1360       1.050894167190e-10 
 1361       1.045408039756e-10 
 1362       1.039888006422e-10 
 1363       1.034336053695e-10 
 1364       1.028754180152e-10 
 1365       1.023144396465e-10 
 1366       1.017508725423e-10 
 1367       1.011849201954e-10 
 1368       1.006167873145e-10 
 1369       1.000466798270e-10 
 1370       9.947480488048e-11 
 1371       9.890136319455e-11 
 1372       9.832652601995e-11 
 1373       9.775045793784e-11 
 1374       9.717332449030e-11 
 1375       9.659529218213e-11 
 1376       9.601652848252e-11 
 1377       9.543720182681e-11 
 1378       9.485748161829e-11 
 1379       9.427753822984e-11 
 1380       9.369754300578e-11 
 1381       9.311766826351e-11 
 1382       9.253808729533e-11 
 1383       9.195897437014e-11 
 1384       9.138050473521e-11 
 1385       9.080285461787e-11 
 1386       9.022620122731e-11 
 1387       8.965072275630e-11 
 1388       8.907659838291e-11 
 1389       8.850400827229e-11 
 1390       8.793313357839e-11 
 1391       8.736415644568e-11 
 1392       8.679726001095e-11 
 1393       8.623262840499e-11 
 1394       8.567044675437e-11 
 1395       8.511090118316e-11 
 1396       8.455417881469e-11 
 1397       8.400046777328e-11 
 1398       8.344995718598e-11 
 1399       8.290283718433e-11 
 1400       8.235929890608e-11 
 1401       8.181953449692e-11 
 1402       8.128373711226e-11 
 1403       8.075210091895e-11 
 1404       8.022482109703e-11 
 1405       7.970209384145e-11 
 1406       7.918411636382e-11 
 1407       7.867108689419e-11 
 1408       7.816320468273e-11 
 1409       7.766067000150e-11 
 1410       7.716368414623e-11 
 1411       7.667242451230e-11 
 1412       7.618696953693e-11 
 1413       7.570737298255e-11 
 1414       7.523368879217e-11 
 1415       7.476597108961e-11 
 1416       7.430427417972e-11 
 1417       7.384865254864e-11 
 1418       7.339916086404e-11 
 1419       7.295585397536e-11 
 1420       7.251878691403e-11 
 1421       7.208801489375e-11 
 1422       7.166359331068e-11 
 1423       7.124557774373e-11 
 1424       7.083402395476e-11 
 1425       7.042898788885e-11 
 1426       7.003052567452e-11 
 1427       6.963869362397e-11 
 1428       6.925354823336e-11 
 1429       6.887514618298e-11 
 1430       6.850354433754e-11 
 1431       6.813879974642e-11 
 1432       6.778096964386e-11 
 1433       6.743011144925e-11 
 1434       6.708628276733e-11 
 1435       6.674954138847e-11 
 1436       6.641994528887e-11 
 1437       6.609755263085e-11 
 1438       6.578242176302e-11 
 1439       6.547461122060e-11 
 1440       6.517417972559e-11 
 1441       6.488118618705e-11 
 1442       6.459568970135e-11 
 1443       6.431774955236e-11 
 1444       6.404742521176e-11 
 1445       6.378477633919e-11 
 1446       6.352986278260e-11 
 1447       6.328274457839e-11 
 1448       6.304348195171e-11 
 1449       6.281213531668e-11 
 1450       6.258876527664e-11 
 1451       6.237341040825e-11 
 1452       6.216602036842e-11 
 1453       6.196652211361e-11 
 1454       6.177484205377e-11 
 1455       6.159090605131e-11 
 1456       6.141463942006e-11 
 1457       6.124596692424e-11 
 1458       6.108481277747e-11 
 1459       6.093110064173e-11 
 1460       6.078475362630e-11 
 1461       6.064569428678e-11 
 1462       6.051384462406e-11 
 1463       6.038912608326e-11 
 1464       6.027145955274e-11 
 1465       6.016076536305e-11 
 1466       6.005696328595e-11 
 1467       5.995997253332e-11 
 1468       5.986971175617e-11 
 1469       5.978609904364e-11 
 1470       5.970905192191e-11 
 1471       5.963848735324e-11 
 1472       5.957432173490e-11 
 1473       5.951647089818e-11 
 1474       5.946485010733e-11 
 1475       5.941937405855e-11 
 1476       5.937995687898e-11 
 1477       5.934651212566e-11 
 1478       5.931895278449e-11 
 1479       5.929719126923e-11 
 1480       5.928113942049e-11 
 1481       5.927070850463e-11 
 1482       5.926580921283e-11 
 1483       5.926635166000e-11 
 1484       5.927224538378e-11 
 1485       5.928339934351e-11 
 1486       5.929972191921e-11 
 1487       5.932112091053e-11 
 1488       5.934750353578e-11 
 1489       5.937877643084e-11 
 1490       5.941484564818e-11 
 1491       5.945561154824e-11 
 1492       5.950095342098e-11 
 1493       5.955074471143e-11 
 1494       5.960485811229e-11 
 1495       5.966316556261e-11 
 1496       5.972553824651e-11 
 1497       5.979184659185e-11 
 1498       5.986196026897e-11 
 1499       5.993574818936e-11 
 1500       6.001307850434e-11 
 1501       6.009381860383e-11 
 1502       6.017783511497e-11 
 1503       6.026499390087e-11 
 1504       6.035516005929e-11 
 1505       6.044819792134e-11 
 1506       6.054397105019e-11 
 1507       6.064234223975e-11 
 1508       6.074317351339e-11 
 1509       6.084632612262e-11 
 1510       6.095166054582e-11 
 1511       6.105903648690e-11 
 1512       6.116831287402e-11 
 1513       6.127934785830e-11 
 1514       6.139199881249e-11 
 1515       6.150612232970e-11 
 1516       6.162157422208e-11 
 1517       6.173820951952e-11 
 1518       6.185588246837e-11 
 1519       6.197444653012e-11 
 1520       6.209375438008e-11 
 1521       6.221365790612e-11 
 1522       6.233400820737e-11 
 1523       6.245465559287e-11 
 1524       6.257544958031e-11 
 1525       6.269623889473e-11 
 1526       6.281687146720e-11 
 1527       6.293719443353e-11 
 1528       6.305705413297e-11 
 1529       6.317629610691e-11 
 1530       6.329476509757e-11 
 1531       6.341231715958e-11 
 1532       6.352885612389e-11 
 1533       6.364429747965e-11 
 1534       6.375855629229e-11 
 1535       6.387154720279e-11 
 1536       6.398318442707e-11 
 1537       6.409338175526e-11 
 1538       6.420205255102e-11 
 1539       6.430910975088e-11 
 1540       6.441446586355e-11 
 1541       6.451803296925e-11 
 1542       6.461972271898e-11 
 1543       6.471944633392e-11 
 1544       6.481711460469e-11 
 1545       6.491263789068e-11 
 1546       6.500592611937e-11 
 1547       6.509688878566e-11 
 1548       6.518543495119e-11 
 1549       6.527147324365e-11 
 1550       6.535491185608e-11 
 1551       6.543565854623e-11 
 1552       6.551362063585e-11 
 1553       6.558870501002e-11 
 1554       6.566081811646e-11 
 1555       6.572986596488e-11 
 1556       6.579575412623e-11 
 1557       6.585838773212e-11 
 1558       6.591767147403e-11 
 1559       6.597350960271e-11 
 1560       6.602580592748e-11 
 1561       6.607446381551e-11 
 1562       6.611938619119e-11 
 1563       6.616047553543e-11 
 1564       6.619763388497e-11 
 1565       6.623076283169e-11 
 1566       6.625976352199e-11 
 1567       6.628453665602e-11 
 1568       6.630498248707e-11 
 1569       6.632100082085e-11 
 1570       6.633249101483e-11 
 1571       6.633936995350e-11 
 1572       6.634162615871e-11 
 1573       6.633926618182e-11 
 1574       6.633229667369e-11 
 1575       6.632072438483e-11 
 1576       6.630455616567e-11 
 1577       6.628379896665e-11 
 1578       6.625845983849e-11 
 1579       6.622854593236e-11 
 1580       6.619406450007e-11 
 1581       6.615502289424e-11 
 1582       6.611142856854e-11 
 1583       6.606328907786e-11 
 1584       6.601061207847e-11 
 1585       6.595340532828e-11 
 1586       6.589167668696e-11 
 1587       6.582543411620e-11 
 1588       6.575468567985e-11 
 1589       6.567943954414e-11 
 1590       6.559970397786e-11 
 1591       6.551548735257e-11 
 1592       6.542679814276e-11 
 1593       6.533364492607e-11 
 1594       6.523603638350e-11 
 1595       6.513398129955e-11 
 1596       6.502748856244e-11 
 1597       6.491656716431e-11 
 1598       6.480122620143e-11 
 1599       6.468147487432e-11 
 1600       6.455732248803e-11 
 1601       6.442877845228e-11 
 1602       6.429585228166e-11 
 1603       6.415855359583e-11 
 1604       6.401689211972e-11 
 1605       6.387087768371e-11 
 1606       6.372052022382e-11 
 1607       6.356582978191e-11 
 1608       6.340681650587e-11 
 1609       6.324349064982e-11 
 1610       6.307586257429e-11 
 1611       6.290395341042e-11 
 1612       6.272782715798e-11 
 1613       6.254755887924e-11 
 1614       6.236322406206e-11 
 1615       6.217489862058e-11 
 1616       6.198265889596e-11 
 1617       6.178658165700e-11 
 1618       6.158674410086e-11 
 1619       6.138322385374e-11 
 1620       6.117609897156e-11 
 1621       6.096544794065e-11 
 1622       6.075134967843e-11 
 1623       6.053388353410e-11 
 1624       6.031312928934e-11 
 1625       6.008916715894e-11 
 1626       5.986207779157e-11 
 1627       5.963194227040e-11 
 1628       5.939884211380e-11 
 1629       5.916285927604e-11 
 1630       5.892407614795e-11 
 1631       5.868257555765e-11 
 1632       5.843844077119e-11 
 1633       5.819175549325e-11 
 1634       5.794260386782e-11 
 1635       5.769107047891e-11 
 1636       5.743724035122e-11 
 1637       5.718119895080e-11 
 1638       5.692303218577e-11 
 1639       5.666282640701e-11 
 1640       5.640066840880e-11 
 1641       5.613664542956e-11 
 1642       5.587084515249e-11 
 1643       5.560335570630e-11 
 1644       5.533426566583e-11 
 1645       5.506366405281e-11 
 1646       5.479164033651e-11 
 1647       5.451828443441e-11 
 1648       5.424368671290e-11 
 1649       5.396793798798e-11 
 1650       5.369112952593e-11 
 1651       5.341335087097e-11 
 1652       5.313468330577e-11 
 1653       5.285520633440e-11 
 1654       5.257499985061e-11 
 1655       5.229414413845e-11 
 1656       5.201271987287e-11 
 1657       5.173080812032e-11 
 1658       5.144849033929e-11 
 1659       5.116584838094e-11 
 1660       5.088296448970e-11 
 1661       5.059992130381e-11 
 1662       5.031680185596e-11 
 1663       5.003368957386e-11 
 1664       4.975066828082e-11 
 1665       4.946782219634e-11 
 1666       4.918523593674e-11 
 1667       4.890299451569e-11 
 1668       4.862118334484e-11 
 1669       4.833988823439e-11 
 1670       4.805919539370e-11 
 1671       4.777919143185e-11 
 1672       4.749996335826e-11 
 1673       4.722159858327e-11 
 1674       4.694418491872e-11 
 1675       4.666781057853e-11 
 1676       4.639256417934e-11 
 1677       4.611853474103e-11 
 1678       4.584581168736e-11 
 1679       4.557448484656e-11 
 1680       4.530464445188e-11 
 1681       4.503638114222e-11 
 1682       4.476978596269e-11 
 1683       4.450495036522e-11 
 1684       4.424196620915e-11 
 1685       4.398092576181e-11 
 1686       4.372192169910e-11 
 1687       4.346504710611e-11 
 1688       4.321039547767e-11 
 1689       4.295806071900e-11 
 1690       4.270813714621e-11 
 1691       4.246070844897e-11 
 1692       4.221581447252e-11 
 1693       4.197348414940e-11 
 1694       4.173374651145e-11 
 1695       4.149663069001e-11 
 1696       4.126216591597e-11 
 1697       4.103038151995e-11 
 1698       4.080130693240e-11 
 1699       4.057497168374e-11 
 1700       4.035140540448e-11 
 1701       4.013063782534e-11 
 1702       3.991269877740e-11 
 1703       3.969761819222e-11 
 1704       3.948542610192e-11 
 1705       3.927615263939e-11 
 1706       3.906982803835e-11 
 1707       3.886648263350e-11 
 1708       3.866614686065e-11 
 1709       3.846885125684e-11 
 1710       3.827462646048e-11 
 1711       3.808350321144e-11 
 1712       3.789551235124e-11 
 1713       3.771068482310e-11 
 1714       3.752905167215e-11 
 1715       3.735064404547e-11 
 1716       3.717549319229e-11 
 1717       3.700363046407e-11 
 1718       3.683508731466e-11 
 1719       3.666989530039e-11 
 1720       3.650808608023e-11 
 1721       3.634969141590e-11 
 1722       3.619474317201e-11 
 1723       3.604327331616e-11 
 1724       3.589531391909e-11 
 1725       3.575089715481e-11 
 1726       3.561005530071e-11 
 1727       3.547282073770e-11 
 1728       3.533922595032e-11 
 1729       3.520930352688e-11 
 1730       3.508308615959e-11 
 1731       3.496059598655e-11 
 1732       3.484181251894e-11 
 1733       3.472670444298e-11 
 1734       3.461524025314e-11 
 1735       3.450738825185e-11 
 1736       3.440311654920e-11 
 1737       3.430239306264e-11 
 1738       3.420518551667e-11 
 1739       3.411146144256e-11 
 1740       3.402118817804e-11 
 1741       3.393433286699e-11 
 1742       3.385086245915e-11 
 1743       3.377074370982e-11 
 1744       3.369394317957e-11 
 1745       3.362042723391e-11 
 1746       3.355016204304e-11 
 1747       3.348311358148e-11 
 1748       3.341924762784e-11 
 1749       3.335852976449e-11 
 1750       3.330092537724e-11 
 1751       3.324639965507e-11 
 1752       3.319491758985e-11 
 1753       3.314644397595e-11 
 1754       3.310094341006e-11 
 1755       3.305838029080e-11 
 1756       3.301871881846e-11 
 1757       3.298192299468e-11 
 1758       3.294795662218e-11 
 1759       3.291678330444e-11 
 1760       3.288836644539e-11 
 1761       3.286266924912e-11 
 1762       3.283965471960e-11 
 1763       3.281928566034e-11 
 1764       3.280152467415e-11 
 1765       3.278633416275e-11 
 1766       3.277367632657e-11 
 1767       3.276351316437e-11 
 1768       3.275580647300e-11 
 1769       3.275051784705e-11 
 1770       3.274760867860e-11 
 1771       3.274703687665e-11 
 1772       3.274874699666e-11 
 1773       3.275268002888e-11 
 1774       3.275877667073e-11 
 1775       3.276697732641e-11 
 1776       3.277722210644e-11 
 1777       3.278945082725e-11 
 1778       3.280360301078e-11 
 1779       3.281961788398e-11 
 1780       3.283743437846e-11 
 1781       3.285699113005e-11 
 1782       3.287822647833e-11 
 1783       3.290107846626e-11 
 1784       3.292548483973e-11 
 1785       3.295138304711e-11 
 1786       3.297871023890e-11 
 1787       3.300740326720e-11 
 1788       3.303739868537e-11 
 1789       3.306863274759e-11 
 1790       3.310104140839e-11 
 1791       3.313456032226e-11 
 1792       3.316912484323e-11 
 1793       3.320467002444e-11 
 1794       3.324113061768e-11 
 1795       3.327844107302e-11 
 1796       3.331653553835e-11 
 1797       3.335534785895e-11 
 1798       3.339481157710e-11 
 1799       3.343485993163e-11 
 1800       3.347542585747e-11 
 1801       3.351644198527e-11 
 1802       3.355784064097e-11 
 1803       3.359955384534e-11 
 1804       3.364151331359e-11 
 1805       3.368365045491e-11 
 1806       3.372589637209e-11 
 1807       3.376818186105e-11 
 1808       3.381043741046e-11 
 1809       3.385259320125e-11 
 1810       3.389457910627e-11 
 1811       3.393632956933e-11 
 1812       3.397779828657e-11 
 1813       3.401894364289e-11 
 1814       3.405972384297e-11 
 1815       3.410009691098e-11 
 1816       3.414002069035e-11 
 1817       3.417945284352e-11 
 1818       3.421835085172e-11 
 1819       3.425667201467e-11 
 1820       3.429437345037e-11 
 1821       3.433141209486e-11 
 1822       3.436774470195e-11 
 1823       3.440332784297e-11 
 1824       3.443811790656e-11 
 1825       3.447207109839e-11 
 1826       3.450514344090e-11 
 1827       3.453729077310e-11 
 1828       3.456846875028e-11 
 1829       3.459863284382e-11 
 1830       3.462773834084e-11 
 1831       3.465574034408e-11 
 1832       3.468259377155e-11 
 1833       3.470825335634e-11 
 1834       3.473267364635e-11 
 1835       3.475580900407e-11 
 1836       3.477761360628e-11 
 1837       3.479804144386e-11 
 1838       3.481704632151e-11 
 1839       3.483458185752e-11 
 1840       3.485060148351e-11 
 1841       3.486505844420e-11 
 1842       3.487790579713e-11 
 1843       3.488909641246e-11 
 1844       3.489858297268e-11 
 1845       3.490631797239e-11 
 1846       3.491225371805e-11 
 1847       3.491634232771e-11 
 1848       3.491853573081e-11 
 1849       3.491878566787e-11 
 1850       3.491704369030e-11 
 1851       3.491326927072e-11 
 1852       3.490745420459e-11 
 1853       3.489959840101e-11 
 1854       3.488970178967e-11 
 1855       3.487776432092e-11 
 1856       3.486378596578e-11 
 1857       3.484776671596e-11 
 1858       3.482970658394e-11 
 1859       3.480960560299e-11 
 1860       3.478746382718e-11 
 1861       3.476328133147e-11 
 1862       3.473705821170e-11 
 1863       3.470879458464e-11 
 1864       3.467849058804e-11 
 1865       3.464614638067e-11 
 1866       3.461176214232e-11 
 1867       3.457533807388e-11 
 1868       3.453687439735e-11 
 1869       3.449637135590e-11 
 1870       3.445382921389e-11 
 1871       3.440924825690e-11 
 1872       3.436262879180e-11 
 1873       3.431397114673e-11 
 1874       3.426327567121e-11 
 1875       3.421054273612e-11 
 1876       3.415577273376e-11 
 1877       3.409896607788e-11 
 1878       3.404012320373e-11 
 1879       3.397924456807e-11 
 1880       3.391633064925e-11 
 1881       3.385138194720e-11 
 1882       3.378439898351e-11 
 1883       3.371538230141e-11 
 1884       3.364433246589e-11 
 1885       3.357125006365e-11 
 1886       3.349613570321e-11 
 1887       3.341899001488e-11 
 1888       3.333981365087e-11 
 1889       3.325860728524e-11 
 1890       3.317537161404e-11 
 1891       3.309011273416e-11 
 1892       3.300285832558e-11 
 1893       3.291364159449e-11 
 1894       3.282249590595e-11 
 1895       3.272945478409e-11 
 1896       3.263455191236e-11 
 1897       3.253782113373e-11 
 1898       3.243929645091e-11 
 1899       3.233901202656e-11 
 1900       3.223700218354e-11 
 1901       3.213330140507e-11 
 1902       3.202794433502e-11 
 1903       3.192096577805e-11 
 1904       3.181240069989e-11 
 1905       3.170228422753e-11 
 1906       3.159065164944e-11 
 1907       3.147753841577e-11 
 1908       3.136298013862e-11 
 1909       3.124701259220e-11 
 1910       3.112967171307e-11 
 1911       3.101099360036e-11 
 1912       3.089101451601e-11 
 1913       3.076977088492e-11 
 1914       3.064729929526e-11 
 1915       3.052363649859e-11 
 1916       3.039881941015e-11 
 1917       3.027288510906e-11 
 1918       3.014587083852e-11 
 1919       3.001781400604e-11 
 1920       2.988875218365e-11 
 1921       2.975872310814e-11 
 1922       2.962776468124e-11 
 1923       2.949591496986e-11 
 1924       2.936321220633e-11 
 1925       2.922969478857e-11 
 1926       2.909540128034e-11 
 1927       2.896037041143e-11 
 1928       2.882464107793e-11 
 1929       2.868825234238e-11 
 1930       2.855124343403e-11 
 1931       2.841365338952e-11 
 1932       2.827551997140e-11 
 1933       2.813688074187e-11 
 1934       2.799777342172e-11 
 1935       2.785823589057e-11 
 1936       2.771830618706e-11 
 1937       2.757802250908e-11 
 1938       2.743742321395e-11 
 1939       2.729654681863e-11 
 1940       2.715543199995e-11 
 1941       2.701411759479e-11 
 1942       2.687264260028e-11 
 1943       2.673104617404e-11 
 1944       2.658936763436e-11 
 1945       2.644764646041e-11 
 1946       2.630592229245e-11 
 1947       2.616423493203e-11 
 1948       2.602262434219e-11 
 1949       2.588113064770e-11 
 1950       2.573979413522e-11 
 1951       2.559865525355e-11 
 1952       2.545775461378e-11 
 1953       2.531713298955e-11 
 1954       2.517683131724e-11 
 1955       2.503689069617e-11 
 1956       2.489735238878e-11 
 1957       2.475825782090e-11 
 1958       2.461964858190e-11 
 1959       2.448156642491e-11 
 1960       2.434405326704e-11 
 1961       2.420715118957e-11 
 1962       2.407090243818e-11 
 1963       2.393534942311e-11 
 1964       2.380053471941e-11 
 1965       2.366650106714e-11 
 1966       2.353329137155e-11 
 1967       2.340094870330e-11 
 1968       2.326951629868e-11 
 1969       2.313903755980e-11 
 1970       2.300955605480e-11 
 1971       2.288111086311e-11 
 1972       2.275372257308e-11 
 1973       2.262740718076e-11 
 1974       2.250218073553e-11 
 1975       2.237805934007e-11 
 1976       2.225505915053e-11 
 1977       2.213319637651e-11 
 1978       2.201248728113e-11 
 1979       2.189294818114e-11 
 1980       2.177459544695e-11 
 1981       2.165744550268e-11 
 1982       2.154151482626e-11 
 1983       2.142681994944e-11 
 1984       2.131337745791e-11 
 1985       2.120120399132e-11 
 1986       2.109031624335e-11 
 1987       2.098073096181e-11 
 1988       2.087246494862e-11 
 1989       2.076553505998e-11 
 1990       2.065995820632e-11 
 1991       2.055575135247e-11 
 1992       2.045293151762e-11 
 1993       2.035151577548e-11 
 1994       2.025152125425e-11 
 1995       2.015296513676e-11 
 1996       2.005586466047e-11 
 1997       1.996023711760e-11 
 1998       1.986609985510e-11 
 1999       1.977347027481e-11 
 2000       1.968236583346e-11 
 2001       1.959280404274e-11 
 2002       1.950480246940e-11 
 2003       1.941837873525e-11 
 2004       1.933355051728e-11 
 2005       1.925033554768e-11 
 2006       1.916875161395e-11 
 2007       1.908881655889e-11 
 2008       1.901054828075e-11 
 2009       1.893396473321e-11 
 2010       1.885908392550e-11 
 2011       1.878591894330e-11 
 2012       1.871446297174e-11 
 2013       1.864470416351e-11 
 2014       1.857663060804e-11 
 2015       1.851023033140e-11 
 2016       1.844549129621e-11 
 2017       1.838240140154e-11 
 2018       1.832094848289e-11 
 2019       1.826112031200e-11 
 2020       1.820290459688e-11 
 2021       1.814628898162e-11 
 2022       1.809126104639e-11 
 2023       1.803780830728e-11 
 2024       1.798591821629e-11 
 2025       1.793557816117e-11 
 2026       1.788677546539e-11 
 2027       1.783949738803e-11 
 2028       1.779373112370e-11 
 2029       1.774946380244e-11 
 2030       1.770668248968e-11 
 2031       1.766537418610e-11 
 2032       1.762552582756e-11 
 2033       1.758712428503e-11 
 2034       1.755015636451e-11 
 2035       1.751460880692e-11 
 2036       1.748046828801e-11 
 2037       1.744772141832e-11 
 2038       1.741635474305e-11 
 2039       1.738635474197e-11 
 2040       1.735770782938e-11 
 2041       1.733040035400e-11 
 2042       1.730441859886e-11 
 2043       1.727974878125e-11 
 2044       1.725637705263e-11 
 2045       1.723428949851e-11 
 2046       1.721347213842e-11 
 2047       1.719391092578e-11 
 2048       1.717559174783e-11 
 2049       1.715850042555e-11 
 2050       1.714262271357e-11 
 2051       1.712794235095e-11 
 2052       1.711443519864e-11 
 2053       1.710207505998e-11 
 2054       1.709083562597e-11 
 2055       1.708069047505e-11 
 2056       1.707161307301e-11 
 2057       1.706357677282e-11 
 2058       1.705655481450e-11 
 2059       1.705052032500e-11 
 2060       1.704544631801e-11 
 2061       1.704130569385e-11 
 2062       1.703807123934e-11 
 2063       1.703571562764e-11 
 2064       1.703421141810e-11 
 2065       1.703353105615e-11 
 2066       1.703364687313e-11 
 2067       1.703453108617e-11 
 2068       1.703615579802e-11 
 2069       1.703849299695e-11 
 2070       1.704151455658e-11 
 2071       1.704519223573e-11 
 2072       1.704949767833e-11 
 2073       1.705440241321e-11 
 2074       1.705987785401e-11 
 2075       1.706589529901e-11 
 2076       1.707242593101e-11 
 2077       1.707944081719e-11 
 2078       1.708691090894e-11 
 2079       1.709480704174e-11 
 2080       1.710309993503e-11 
 2081       1.711176019204e-11 
 2082       1.712075829968e-11 
 2083       1.713006462836e-11 
 2084       1.713964943191e-11 
 2085       1.714948284736e-11 
 2086       1.715953489487e-11 
 2087       1.716977547754e-11 
 2088       1.718017438130e-11 
 2089       1.719070127477e-11 
 2090       1.720132570907e-11 
 2091       1.721201884850e-11 
 2092       1.722275867591e-11 
 2093       1.723352482344e-11 
 2094       1.724429684501e-11 
 2095       1.725505421622e-11 
 2096       1.726577633424e-11 
 2097       1.727644251774e-11 
 2098       1.728703200679e-11 
 2099       1.729752396273e-11 
 2100       1.730789746815e-11 
 2101       1.731813152672e-11 
 2102       1.732820506315e-11 
 2103       1.733809692307e-11 
 2104       1.734778587295e-11 
 2105       1.735725059998e-11 
 2106       1.736646971203e-11 
 2107       1.737542173749e-11 
 2108       1.738408512523e-11 
 2109       1.739243824448e-11 
 2110       1.740045938473e-11 
 2111       1.740812675566e-11 
 2112       1.741541848705e-11 
 2113       1.742231262864e-11 
 2114       1.742878715009e-11 
 2115       1.743481994085e-11 
 2116       1.744038881010e-11 
 2117       1.744547148662e-11 
 2118       1.745004561871e-11 
 2119       1.745408877413e-11 
 2120       1.745757843993e-11 
 2121       1.746049202245e-11 
 2122       1.746280684715e-11 
 2123       1.746450015855e-11 
 2124       1.746554912014e-11 
 2125       1.746593081427e-11 
 2126       1.746562224207e-11 
 2127       1.746460032336e-11 
 2128       1.746284189653e-11 
 2129       1.746032371847e-11 
 2130       1.745702246449e-11 
 2131       1.745291824327e-11 
 2132       1.744800516851e-11 
 2133       1.744228085975e-11 
 2134       1.743574293383e-11 
 2135       1.742838900497e-11 
 2136       1.742021668467e-11 
 2137       1.741122358181e-11 
 2138       1.740140730256e-11 
 2139       1.739076545045e-11 
 2140       1.737929562631e-11 
 2141       1.736699542832e-11 
 2142       1.735386245198e-11 
 2143       1.733989429012e-11 
 2144       1.732508853288e-11 
 2145       1.730944276774e-11 
 2146       1.729295457951e-11 
 2147       1.727562155030e-11 
 2148       1.725744125956e-11 
 2149       1.723841128407e-11 
 2150       1.721852919791e-11 
 2151       1.719779257249e-11 
 2152       1.717619897655e-11 
 2153       1.715374597614e-11 
 2154       1.713043113461e-11 
 2155       1.710625201267e-11 
 2156       1.708120616831e-11 
 2157       1.705529115685e-11 
 2158       1.702850453093e-11 
 2159       1.700084384049e-11 
 2160       1.697230663281e-11 
 2161       1.694289045246e-11 
 2162       1.691259284133e-11 
 2163       1.688141133861e-11 
 2164       1.684934348084e-11 
 2165       1.681638680182e-11 
 2166       1.678253883270e-11 
 2167       1.674779710192e-11 
 2168       1.671215913522e-11 
 2169       1.667562245567e-11 
 2170       1.663818458364e-11 
 2171       1.659984565144e-11 
 2172       1.656061626657e-11 
 2173       1.652050970148e-11 
 2174       1.647953928386e-11 
 2175       1.643771839665e-11 
 2176       1.639506047813e-11 
 2177       1.635157902197e-11 
 2178       1.630728757735e-11 
 2179       1.626219974894e-11 
 2180       1.621632919704e-11 
 2181       1.616968963760e-11 
 2182       1.612229484232e-11 
 2183       1.607415863868e-11 
 2184       1.602529491004e-11 
 2185       1.597571759568e-11 
 2186       1.592544069088e-11 
 2187       1.587447824698e-11 
 2188       1.582284437144e-11 
 2189       1.577055322794e-11 
 2190       1.571761903639e-11 
 2191       1.566405607305e-11 
 2192       1.560987867053e-11 
 2193       1.555510121795e-11 
 2194       1.549973816092e-11 
 2195       1.544380400163e-11 
 2196       1.538731329896e-11 
 2197       1.533028066848e-11 
 2198       1.527272078255e-11 
 2199       1.521464837040e-11 
 2200       1.515607821815e-11 
 2201       1.509702516892e-11 
 2202       1.503750412288e-11 
 2203       1.497753003732e-11 
 2204       1.491711792668e-11 
 2205       1.485628286269e-11 
 2206       1.479503997436e-11 
 2207       1.473340444809e-11 
 2208       1.467139152772e-11 
 2209       1.460901651461e-11 
 2210       1.454629476769e-11 
 2211       1.448324190894e-11 
 2212       1.441987444121e-11 
 2213       1.435620913465e-11 
 2214       1.429226282168e-11 
 2215       1.422805239712e-11 
 2216       1.416359481824e-11 
 2217       1.409890710481e-11 
 2218       1.403400633920e-11 
 2219       1.396890966644e-11 
 2220       1.390363429430e-11 
 2221       1.383819749333e-11 
 2222       1.377261659697e-11 
 2223       1.370690900159e-11 
 2224       1.364109216658e-11 
 2225       1.357518361443e-11 
 2226       1.350920093076e-11 
 2227       1.344316176443e-11 
 2228       1.337708382759e-11 
 2229       1.331098489578e-11 
 2230       1.324488280795e-11 
 2231       1.317879546658e-11 
 2232       1.311274083773e-11 
 2233       1.304673695109e-11 
 2234       1.298080190011e-11 
 2235       1.291495384200e-11 
 2236       1.284921099785e-11 
 2237       1.278359165268e-11 
 2238       1.271811415553e-11 
 2239       1.265279691949e-11 
 2240       1.258765842183e-11 
 2241       1.252271720401e-11 
 2242       1.245799187180e-11 
 2243       1.239350109532e-11 
 2244       1.232926360912e-11 
 2245       1.226529821226e-11 
 2246       1.220162376837e-11 
 2247       1.213825920572e-11 
 2248       1.207522351730e-11 
 2249       1.201253576088e-11 
 2250       1.195021505910e-11 
 2251       1.188827878370e-11 
 2252       1.182673709533e-11 
 2253       1.176559836836e-11 
 2254       1.170487100355e-11 
 2255       1.164456342803e-11 
 2256       1.158468409535e-11 
 2257       1.152524148551e-11 
 2258       1.146624410497e-11 
 2259       1.140770048669e-11 
 2260       1.134961919018e-11 
 2261       1.129200880147e-11 
 2262       1.123487793319e-11 
 2263       1.117823522459e-11 
 2264       1.112208934154e-11 
 2265       1.106644897659e-11 
 2266       1.101132284897e-11 
 2267       1.095671970466e-11 
 2268       1.090264831636e-11 
 2269       1.084911748356e-11 
 2270       1.079613603255e-11 
 2271       1.074371281648e-11 
 2272       1.069185671531e-11 
 2273       1.064057663595e-11 
 2274       1.058988151218e-11 
 2275       1.053978030475e-11 
 2276       1.049028200137e-11 
 2277       1.044139561676e-11 
 2278       1.039313019267e-11 
 2279       1.034549479790e-11 
 2280       1.029849852833e-11 
 2281       1.025215050697e-11 
 2282       1.020645988395e-11 
 2283       1.016143583659e-11 
 2284       1.011708756938e-11 
 2285       1.007342431405e-11 
 2286       1.003045532960e-11 
 2287       9.988189902261e-12 
 2288       9.946637345617e-12 
 2289       9.905807000568e-12 
 2290       9.865708235378e-12 
 2291       9.826348240683e-12 
 2292       9.787725399045e-12 
 2293       9.749835873080e-12 
 2294       9.712675806609e-12 
 2295       9.676241324636e-12 
 2296       9.640528533327e-12 
 2297       9.605533519983e-12 
 2298       9.571252353025e-12 
 2299       9.537681081963e-12 
 2300       9.504815737381e-12 
 2301       9.472652330907e-12 
 2302       9.441186855199e-12 
 2303       9.410415283915e-12 
 2304       9.380333571694e-12 
 2305       9.350937654134e-12 
 2306       9.322223447768e-12 
 2307       9.294186850041e-12 
 2308       9.266823739289e-12 
 2309       9.240129974717e-12 
 2310       9.214101396374e-12 
 2311       9.188733825133e-12 
 2312       9.164023062666e-12 
 2313       9.139964891424e-12 
 2314       9.116555074613e-12 
 2315       9.093789356172e-12 
 2316       9.071663460750e-12 
 2317       9.050173093684e-12 
 2318       9.029313940975e-12 
 2319       9.009081669270e-12 
 2320       8.989471925832e-12 
 2321       8.970480338526e-12 
 2322       8.952102515789e-12 
 2323       8.934334046613e-12 
 2324       8.917170500517e-12 
 2325       8.900607427532e-12 
 2326       8.884640358170e-12 
 2327       8.869264803409e-12 
 2328       8.854476254664e-12 
 2329       8.840270183771e-12 
 2330       8.826642042959e-12 
 2331       8.813586200074e-12 
 2332       8.801092736988e-12 
 2333       8.789150631035e-12 
 2334       8.777748817896e-12 
 2335       8.766876191553e-12 
 2336       8.756521604243e-12 
 2337       8.746673866410e-12 
 2338       8.737321746662e-12 
 2339       8.728453971724e-12 
 2340       8.720059226390e-12 
 2341       8.712126153480e-12 
 2342       8.704643353792e-12 
 2343       8.697599386056e-12 
 2344       8.690982766888e-12 
 2345       8.684781970747e-12 
 2346       8.678985429884e-12 
 2347       8.673581534298e-12 
 2348       8.668558631693e-12 
 2349       8.663905027428e-12 
 2350       8.659608984471e-12 
 2351       8.655658723357e-12 
 2352       8.652042422137e-12 
 2353       8.648748216335e-12 
 2354       8.645764198903e-12 
 2355       8.643078420169e-12 
 2356       8.640678887801e-12 
 2357       8.638553566750e-12 
 2358       8.636690379212e-12 
 2359       8.635077204578e-12 
 2360       8.633701879391e-12 
 2361       8.632552197295e-12 
 2362       8.631615908995e-12 
 2363       8.630880722208e-12 
 2364       8.630334301613e-12 
 2365       8.629964268815e-12 
 2366       8.629758202289e-12 
 2367       8.629703637339e-12 
 2368       8.629788066051e-12 
 2369       8.629998937247e-12 
 2370       8.630323656439e-12 
 2371       8.630750126950e-12 
 2372       8.631268377021e-12 
 2373       8.631868942658e-12 
 2374       8.632542327346e-12 
 2375       8.633279002013e-12 
 2376       8.634069404995e-12 
 2377       8.634903942005e-12 
 2378       8.635772986092e-12 
 2379       8.636666877614e-12 
 2380       8.637575924196e-12 
 2381       8.638490400704e-12 
 2382       8.639400549203e-12 
 2383       8.640296578926e-12 
 2384       8.641168666239e-12 
 2385       8.642006954606e-12 
 2386       8.642801554557e-12 
 2387       8.643542543650e-12 
 2388       8.644219966438e-12 
 2389       8.644823834435e-12 
 2390       8.645344126082e-12 
 2391       8.645770786710e-12 
 2392       8.646093728509e-12 
 2393       8.646302830491e-12 
 2394       8.646387938456e-12 
 2395       8.646338864958e-12 
 2396       8.646145389270e-12 
 2397       8.645797257350e-12 
 2398       8.645284181808e-12 
 2399       8.644595841867e-12 
 2400       8.643721883334e-12 
 2401       8.642651918561e-12 
 2402       8.641375526413e-12 
 2403       8.639882252235e-12 
 2404       8.638161607813e-12 
 2405       8.636203071343e-12 
 2406       8.633996087396e-12 
 2407       8.631530066883e-12 
 2408       8.628794387019e-12 
 2409       8.625778391292e-12 
 2410       8.622471389427e-12 
 2411       8.618864071678e-12 
 2412       8.614952761165e-12 
 2413       8.610735187293e-12 
 2414       8.606209073765e-12 
 2415       8.601372138575e-12 
 2416       8.596222094005e-12 
 2417       8.590756646616e-12 
 2418       8.584973497247e-12 
 2419       8.578870341007e-12 
 2420       8.572444867271e-12 
 2421       8.565694759672e-12 
 2422       8.558617696101e-12 
 2423       8.551211348697e-12 
 2424       8.543473383843e-12 
 2425       8.535401462161e-12 
 2426       8.526993238507e-12 
 2427       8.518246361966e-12 
 2428       8.509158475846e-12 
 2429       8.499727217672e-12 
 2430       8.489950219181e-12 
 2431       8.479825106320e-12 
 2432       8.469349499235e-12 
 2433       8.458521012270e-12 
 2434       8.447337253961e-12 
 2435       8.435795827028e-12 
 2436       8.423894328375e-12 
 2437       8.411630349079e-12 
 2438       8.399001474388e-12 
 2439       8.386005283714e-12 
 2440       8.372639350632e-12 
 2441       8.358901242866e-12 
 2442       8.344788522294e-12 
 2443       8.330298744936e-12 
 2444       8.315429460949e-12 
 2445       8.300178214626e-12 
 2446       8.284542544386e-12 
 2447       8.268519982771e-12 
 2448       8.252108056441e-12 
 2449       8.235304286167e-12 
 2450       8.218106186827e-12 
 2451       8.200512598945e-12 
 2452       8.182527691999e-12 
 2453       8.164156985020e-12 
 2454       8.145406017236e-12 
 2455       8.126280348097e-12 
 2456       8.106785557294e-12 
 2457       8.086927244782e-12 
 2458       8.066711030803e-12 
 2459       8.046142555900e-12 
 2460       8.025227480949e-12 
 2461       8.003971487171e-12 
 2462       7.982380276158e-12 
 2463       7.960459569893e-12 
 2464       7.938215110772e-12 
 2465       7.915652661625e-12 
 2466       7.892778005736e-12 
 2467       7.869596946866e-12 
 2468       7.846115309275e-12 
 2469       7.822338937741e-12 
 2470       7.798273697581e-12 
 2471       7.773925474676e-12 
 2472       7.749300175489e-12 
 2473       7.724403727086e-12 
 2474       7.699242077161e-12 
 2475       7.673821194053e-12 
 2476       7.648147066770e-12 
 2477       7.622225705008e-12 
 2478       7.596063139175e-12 
 2479       7.569665420412e-12 
 2480       7.543038620610e-12 
 2481       7.516188832439e-12 
 2482       7.489122169362e-12 
 2483       7.461844765659e-12 
 2484       7.434362776450e-12 
 2485       7.406682377714e-12 
 2486       7.378809766312e-12 
 2487       7.350751160006e-12 
 2488       7.322512797482e-12 
 2489       7.294100938373e-12 
 2490       7.265521863276e-12 
 2491       7.236778813313e-12 
 2492       7.207862789104e-12 
 2493       7.178761697753e-12 
 2494       7.149463408356e-12 
 2495       7.119955751970e-12 
 2496       7.090226521570e-12 
 2497       7.060263472012e-12 
 2498       7.030054319998e-12 
 2499       6.999586744035e-12 
 2500       6.968848384398e-12 
