# dimensionless total [l(l+1)/2pi] C_l's
# for l=2 to 2500, i.e. number of multipoles equal to 2499
#
# -> if you prefer output in CAMB/HealPix/LensPix units/order, set 'format' to 'camb' in input file
# -> if you don't want to see such a header, set 'headers' to 'no' in input file
#
# 1:l     2:TT                 
    2       3.055450993027e-10 
    3       2.784342353482e-10 
    4       2.559704955288e-10 
    5       2.383804673027e-10 
    6       2.246031804851e-10 
    7       2.136685851472e-10 
    8       2.047905600241e-10 
    9       1.974774845309e-10 
   10       1.914079600587e-10 
   11       1.863217138820e-10 
   12       1.820714552407e-10 
   13       1.785231956180e-10 
   14       1.755041627973e-10 
   15       1.729679122107e-10 
   16       1.709665839721e-10 
   17       1.693762526233e-10 
   18       1.681272134124e-10 
   19       1.672422021610e-10 
   20       1.666459654218e-10 
   21       1.663430016203e-10 
   22       1.662974654079e-10 
   23       1.664987137572e-10 
   24       1.669011950934e-10 
   25       1.674993599035e-10 
   26       1.682737713841e-10 
   27       1.692375599499e-10 
   28       1.703819784231e-10 
   29       1.716704095631e-10 
   30       1.731057243734e-10 
   31       1.746829137754e-10 
   32       1.763792621105e-10 
   33       1.781919689322e-10 
   34       1.801102190305e-10 
   35       1.821138169919e-10 
   36       1.842096883082e-10 
   37       1.864055250794e-10 
   38       1.886986790844e-10 
   39       1.910804291086e-10 
   40       1.935532752868e-10 
   41       1.961176546076e-10 
   42       1.987663479005e-10 
   43       2.014884792215e-10 
   44       2.042847141920e-10 
   45       2.071555838450e-10 
   46       2.100967653964e-10 
   47       2.130986599411e-10 
   48       2.161504696629e-10 
   49       2.192547739108e-10 
   50       2.224163363744e-10 
   51       2.256377763137e-10 
   52       2.289193758222e-10 
   53       2.322602382065e-10 
   54       2.356625564836e-10 
   55       2.391281065843e-10 
   56       2.426568592881e-10 
   57       2.462468441370e-10 
   58       2.498940133491e-10 
   59       2.535938700857e-10 
   60       2.573471038940e-10 
   61       2.611550257949e-10 
   62       2.650178442774e-10 
   63       2.689345890213e-10 
   64       2.729030346194e-10 
   65       2.769207833210e-10 
   66       2.809889511180e-10 
   67       2.851091282612e-10 
   68       2.892822460839e-10 
   69       2.935085331448e-10 
   70       2.977874713696e-10 
   71       3.021177521940e-10 
   72       3.064979107975e-10 
   73       3.109284672082e-10 
   74       3.154101188392e-10 
   75       3.199430709178e-10 
   76       3.245270081097e-10 
   77       3.291610661427e-10 
   78       3.338438034307e-10 
   79       3.385731726977e-10 
   80       3.433471570897e-10 
   81       3.481658681616e-10 
   82       3.530297621446e-10 
   83       3.579389919954e-10 
   84       3.628933913264e-10 
   85       3.678924583340e-10 
   86       3.729353397285e-10 
   87       3.780208146629e-10 
   88       3.831472786623e-10 
   89       3.883131321287e-10 
   90       3.935180507296e-10 
   91       3.987618856101e-10 
   92       4.040442666877e-10 
   93       4.093645926427e-10 
   94       4.147220209085e-10 
   95       4.201154576619e-10 
   96       4.255435478132e-10 
   97       4.310046649966e-10 
   98       4.364969015603e-10 
   99       4.420183839336e-10 
  100       4.475682913317e-10 
  101       4.531459634177e-10 
  102       4.587505818096e-10 
  103       4.643811640148e-10 
  104       4.700365573642e-10 
  105       4.757154329463e-10 
  106       4.814162795417e-10 
  107       4.871373975571e-10 
  108       4.928768929597e-10 
  109       4.986326712112e-10 
  110       5.044026800512e-10 
  111       5.101856861731e-10 
  112       5.159805870567e-10 
  113       5.217861674258e-10 
  114       5.276010956280e-10 
  115       5.334239200152e-10 
  116       5.392530653228e-10 
  117       5.450868290503e-10 
  118       5.509233778404e-10 
  119       5.567607438600e-10 
  120       5.625968211791e-10 
  121       5.684293621512e-10 
  122       5.742559737934e-10 
  123       5.800743273741e-10 
  124       5.858828221526e-10 
  125       5.916799914241e-10 
  126       5.974642942183e-10 
  127       6.032341133573e-10 
  128       6.089877535129e-10 
  129       6.147234392634e-10 
  130       6.204393131520e-10 
  131       6.261334337434e-10 
  132       6.318037736816e-10 
  133       6.374482177469e-10 
  134       6.430645609141e-10 
  135       6.486505064091e-10 
  136       6.542036637665e-10 
  137       6.597217123904e-10 
  138       6.652029154490e-10 
  139       6.706456557214e-10 
  140       6.760482739824e-10 
  141       6.814090681102e-10 
  142       6.867262921942e-10 
  143       6.919981556431e-10 
  144       6.972228222926e-10 
  145       7.023984095134e-10 
  146       7.075229873191e-10 
  147       7.125945774739e-10 
  148       7.176111526008e-10 
  149       7.225706352891e-10 
  150       7.274708972027e-10 
  151       7.323097581874e-10 
  152       7.370849853796e-10 
  153       7.417944325252e-10 
  154       7.464364743854e-10 
  155       7.510096111908e-10 
  156       7.555123318811e-10 
  157       7.599431139276e-10 
  158       7.643004231548e-10 
  159       7.685827135628e-10 
  160       7.727884271486e-10 
  161       7.769159937287e-10 
  162       7.809638307608e-10 
  163       7.849303431659e-10 
  164       7.888139231501e-10 
  165       7.926129500266e-10 
  166       7.963257900380e-10 
  167       7.999507961778e-10 
  168       8.034863080126e-10 
  169       8.069306515042e-10 
  170       8.102821388313e-10 
  171       8.135391757908e-10 
  172       8.167005944225e-10 
  173       8.197653479072e-10 
  174       8.227324057424e-10 
  175       8.256007540037e-10 
  176       8.283693956056e-10 
  177       8.310373505622e-10 
  178       8.336036562485e-10 
  179       8.360673676607e-10 
  180       8.384275576776e-10 
  181       8.406833173214e-10 
  182       8.428337560182e-10 
  183       8.448780018594e-10 
  184       8.468152018626e-10 
  185       8.486445222318e-10 
  186       8.503651486193e-10 
  187       8.519762863856e-10 
  188       8.534771608612e-10 
  189       8.548670176068e-10 
  190       8.561451226745e-10 
  191       8.573108208933e-10 
  192       8.583637150643e-10 
  193       8.593035007397e-10 
  194       8.601299098545e-10 
  195       8.608427111773e-10 
  196       8.614417107611e-10 
  197       8.619267523940e-10 
  198       8.622977180501e-10 
  199       8.625545283400e-10 
  200       8.626971429619e-10 
  201       8.627255611522e-10 
  202       8.626398221362e-10 
  203       8.624400055788e-10 
  204       8.621262320357e-10 
  205       8.616986634037e-10 
  206       8.611575033715e-10 
  207       8.605029978708e-10 
  208       8.597354355267e-10 
  209       8.588551481087e-10 
  210       8.578625109814e-10 
  211       8.567579435553e-10 
  212       8.555419097373e-10 
  213       8.542149175819e-10 
  214       8.527775172823e-10 
  215       8.512303039143e-10 
  216       8.495739186703e-10 
  217       8.478090493078e-10 
  218       8.459364305980e-10 
  219       8.439568447748e-10 
  220       8.418711219830e-10 
  221       8.396801407271e-10 
  222       8.373848283202e-10 
  223       8.349861613324e-10 
  224       8.324851660395e-10 
  225       8.298829188718e-10 
  226       8.271805468626e-10 
  227       8.243792280970e-10 
  228       8.214801921603e-10 
  229       8.184847205870e-10 
  230       8.153941473092e-10 
  231       8.122098591054e-10 
  232       8.089332960491e-10 
  233       8.055659519576e-10 
  234       8.021093748402e-10 
  235       7.985651673476e-10 
  236       7.949349872198e-10 
  237       7.912205477353e-10 
  238       7.874235391708e-10 
  239       7.835453869736e-10 
  240       7.795874798083e-10 
  241       7.755512475091e-10 
  242       7.714381613609e-10 
  243       7.672497343822e-10 
  244       7.629875216065e-10 
  245       7.586531203646e-10 
  246       7.542481705665e-10 
  247       7.497743549835e-10 
  248       7.452333995303e-10 
  249       7.406270735469e-10 
  250       7.359571900805e-10 
  251       7.312256061679e-10 
  252       7.264342231170e-10 
  253       7.215849867895e-10 
  254       7.166798878821e-10 
  255       7.117209622094e-10 
  256       7.067102909852e-10 
  257       7.016500011047e-10 
  258       6.965422654270e-10 
  259       6.913893030565e-10 
  260       6.861933796251e-10 
  261       6.809568075745e-10 
  262       6.756819464379e-10 
  263       6.703712031220e-10 
  264       6.650270321895e-10 
  265       6.596519361405e-10 
  266       6.542483177915e-10 
  267       6.488180279513e-10 
  268       6.433627937312e-10 
  269       6.378843642694e-10 
  270       6.323845107625e-10 
  271       6.268650264982e-10 
  272       6.213277268870e-10 
  273       6.157744494945e-10 
  274       6.102070540735e-10 
  275       6.046274225962e-10 
  276       5.990374592862e-10 
  277       5.934390906505e-10 
  278       5.878342655121e-10 
  279       5.822249550415e-10 
  280       5.766131527894e-10 
  281       5.710008747183e-10 
  282       5.653901592351e-10 
  283       5.597830672228e-10 
  284       5.541816820730e-10 
  285       5.485881097177e-10 
  286       5.430044786617e-10 
  287       5.374329400143e-10 
  288       5.318756675221e-10 
  289       5.263348576005e-10 
  290       5.208127293661e-10 
  291       5.153115246687e-10 
  292       5.098335081236e-10 
  293       5.043809671436e-10 
  294       4.989562119710e-10 
  295       4.935615757100e-10 
  296       4.881994143588e-10 
  297       4.828719316171e-10 
  298       4.775806438064e-10 
  299       4.723268889482e-10 
  300       4.671119994348e-10 
  301       4.619373018235e-10 
  302       4.568041166317e-10 
  303       4.517137581307e-10 
  304       4.466675341412e-10 
  305       4.416667458270e-10 
  306       4.367126874899e-10 
  307       4.318066463644e-10 
  308       4.269499024118e-10 
  309       4.221437281154e-10 
  310       4.173893882742e-10 
  311       4.126881397982e-10 
  312       4.080412315027e-10 
  313       4.034499039026e-10 
  314       3.989153890072e-10 
  315       3.944389101147e-10 
  316       3.900216816069e-10 
  317       3.856649087434e-10 
  318       3.813697874562e-10 
  319       3.771375041448e-10 
  320       3.729692354698e-10 
  321       3.688661481485e-10 
  322       3.648293987484e-10 
  323       3.608601334827e-10 
  324       3.569594880041e-10 
  325       3.531285871998e-10 
  326       3.493685449857e-10 
  327       3.456804641015e-10 
  328       3.420654359046e-10 
  329       3.385245401650e-10 
  330       3.350588448598e-10 
  331       3.316694059678e-10 
  332       3.283571594874e-10 
  333       3.251225927087e-10 
  334       3.219660581942e-10 
  335       3.188878799406e-10 
  336       3.158883530558e-10 
  337       3.129677434370e-10 
  338       3.101262874478e-10 
  339       3.073641915961e-10 
  340       3.046816322113e-10 
  341       3.020787551225e-10 
  342       2.995556753353e-10 
  343       2.971124767098e-10 
  344       2.947492116381e-10 
  345       2.924659007220e-10 
  346       2.902625324503e-10 
  347       2.881390628762e-10 
  348       2.860954152956e-10 
  349       2.841314799239e-10 
  350       2.822471135740e-10 
  351       2.804421393336e-10 
  352       2.787163462429e-10 
  353       2.770694889723e-10 
  354       2.755012874996e-10 
  355       2.740114267880e-10 
  356       2.725995564633e-10 
  357       2.712652904916e-10 
  358       2.700082068569e-10 
  359       2.688278472386e-10 
  360       2.677237166892e-10 
  361       2.666952833116e-10 
  362       2.657419779368e-10 
  363       2.648631938018e-10 
  364       2.640582862263e-10 
  365       2.633265722914e-10 
  366       2.626673305161e-10 
  367       2.620798005356e-10 
  368       2.615631827785e-10 
  369       2.611166381445e-10 
  370       2.607392876819e-10 
  371       2.604302737645e-10 
  372       2.601889469198e-10 
  373       2.600146856740e-10 
  374       2.599068354435e-10 
  375       2.598647082664e-10 
  376       2.598875825335e-10 
  377       2.599747027191e-10 
  378       2.601252791123e-10 
  379       2.603384875478e-10 
  380       2.606134691372e-10 
  381       2.609493299997e-10 
  382       2.613451409934e-10 
  383       2.617999374464e-10 
  384       2.623127188875e-10 
  385       2.628824487774e-10 
  386       2.635080542400e-10 
  387       2.641884257930e-10 
  388       2.649224170792e-10 
  389       2.657088445975e-10 
  390       2.665464874340e-10 
  391       2.674340869926e-10 
  392       2.683703467269e-10 
  393       2.693539318702e-10 
  394       2.703834691675e-10 
  395       2.714575466057e-10 
  396       2.725747131454e-10 
  397       2.737334784513e-10 
  398       2.749323126236e-10 
  399       2.761696459289e-10 
  400       2.774438685313e-10 
  401       2.787533302235e-10 
  402       2.800963401576e-10 
  403       2.814711665762e-10 
  404       2.828760365439e-10 
  405       2.843091356775e-10 
  406       2.857686078778e-10 
  407       2.872525550602e-10 
  408       2.887590368858e-10 
  409       2.902860704928e-10 
  410       2.918316302268e-10 
  411       2.933938596991e-10 
  412       2.949717167626e-10 
  413       2.965643507962e-10 
  414       2.981708923188e-10 
  415       2.997904528705e-10 
  416       3.014221248944e-10 
  417       3.030649816180e-10 
  418       3.047180769348e-10 
  419       3.063804452857e-10 
  420       3.080511015403e-10 
  421       3.097290408788e-10 
  422       3.114132386735e-10 
  423       3.131026503698e-10 
  424       3.147962113683e-10 
  425       3.164928369058e-10 
  426       3.181914219374e-10 
  427       3.198908410174e-10 
  428       3.215899481812e-10 
  429       3.232875768264e-10 
  430       3.249825395949e-10 
  431       3.266736282539e-10 
  432       3.283596135776e-10 
  433       3.300392452288e-10 
  434       3.317112516402e-10 
  435       3.333743398959e-10 
  436       3.350271956132e-10 
  437       3.366684828237e-10 
  438       3.382968438553e-10 
  439       3.399108992131e-10 
  440       3.415092474615e-10 
  441       3.430904651051e-10 
  442       3.446531064709e-10 
  443       3.461957035891e-10 
  444       3.477167660752e-10 
  445       3.492147810112e-10 
  446       3.506882128269e-10 
  447       3.521355031821e-10 
  448       3.535550708472e-10 
  449       3.549453115856e-10 
  450       3.563045980344e-10 
  451       3.576315091555e-10 
  452       3.589255269687e-10 
  453       3.601863620391e-10 
  454       3.614137259542e-10 
  455       3.626073313404e-10 
  456       3.637668918801e-10 
  457       3.648921223275e-10 
  458       3.659827385260e-10 
  459       3.670384574247e-10 
  460       3.680589970946e-10 
  461       3.690440767459e-10 
  462       3.699934167441e-10 
  463       3.709067386268e-10 
  464       3.717837651205e-10 
  465       3.726242201573e-10 
  466       3.734278288910e-10 
  467       3.741943177144e-10 
  468       3.749234142757e-10 
  469       3.756148474950e-10 
  470       3.762683475809e-10 
  471       3.768836460477e-10 
  472       3.774604757313e-10 
  473       3.779985708064e-10 
  474       3.784976668027e-10 
  475       3.789575006220e-10 
  476       3.793778105546e-10 
  477       3.797583362957e-10 
  478       3.800988189627e-10 
  479       3.803990011112e-10 
  480       3.806586267520e-10 
  481       3.808774413674e-10 
  482       3.810551919284e-10 
  483       3.811916269109e-10 
  484       3.812864963123e-10 
  485       3.813395516687e-10 
  486       3.813505460708e-10 
  487       3.813192341810e-10 
  488       3.812453722500e-10 
  489       3.811287181333e-10 
  490       3.809690313080e-10 
  491       3.807661853855e-10 
  492       3.805205092816e-10 
  493       3.802324561863e-10 
  494       3.799024920531e-10 
  495       3.795310956721e-10 
  496       3.791187587426e-10 
  497       3.786659859450e-10 
  498       3.781732950139e-10 
  499       3.776412168104e-10 
  500       3.770702953948e-10 
  501       3.764610880989e-10 
  502       3.758141655985e-10 
  503       3.751301119862e-10 
  504       3.744095248438e-10 
  505       3.736530153145e-10 
  506       3.728612081762e-10 
  507       3.720347419131e-10 
  508       3.711742687889e-10 
  509       3.702804549191e-10 
  510       3.693539803435e-10 
  511       3.683955390986e-10 
  512       3.674058392905e-10 
  513       3.663856031670e-10 
  514       3.653355671906e-10 
  515       3.642564821104e-10 
  516       3.631491130353e-10 
  517       3.620142395060e-10 
  518       3.608526555677e-10 
  519       3.596651698428e-10 
  520       3.584526056033e-10 
  521       3.572158008431e-10 
  522       3.559556083510e-10 
  523       3.546728957826e-10 
  524       3.533685457336e-10 
  525       3.520434558115e-10 
  526       3.506985387090e-10 
  527       3.493347222755e-10 
  528       3.479529495907e-10 
  529       3.465541790363e-10 
  530       3.451393843689e-10 
  531       3.437095066929e-10 
  532       3.422653087849e-10 
  533       3.408075169195e-10 
  534       3.393368686595e-10 
  535       3.378541129082e-10 
  536       3.363600099617e-10 
  537       3.348553315603e-10 
  538       3.333408609412e-10 
  539       3.318173928906e-10 
  540       3.302857337953e-10 
  541       3.287467016954e-10 
  542       3.272011263357e-10 
  543       3.256498492186e-10 
  544       3.240937236556e-10 
  545       3.225336148195e-10 
  546       3.209703997967e-10 
  547       3.194049676391e-10 
  548       3.178382194163e-10 
  549       3.162710682675e-10 
  550       3.147044394540e-10 
  551       3.131392704107e-10 
  552       3.115765107989e-10 
  553       3.100171225577e-10 
  554       3.084620799567e-10 
  555       3.069123696475e-10 
  556       3.053689907163e-10 
  557       3.038329547357e-10 
  558       3.023052858171e-10 
  559       3.007870206623e-10 
  560       2.992792086161e-10 
  561       2.977829117179e-10 
  562       2.962992047543e-10 
  563       2.948291753109e-10 
  564       2.933739238245e-10 
  565       2.919345636349e-10 
  566       2.905122210376e-10 
  567       2.891080353351e-10 
  568       2.877231588899e-10 
  569       2.863587571757e-10 
  570       2.850160088301e-10 
  571       2.836959640907e-10 
  572       2.823991160313e-10 
  573       2.811258184939e-10 
  574       2.798764267150e-10 
  575       2.786512973260e-10 
  576       2.774507883527e-10 
  577       2.762752592157e-10 
  578       2.751250707307e-10 
  579       2.740005851079e-10 
  580       2.729021659527e-10 
  581       2.718301782656e-10 
  582       2.707849884420e-10 
  583       2.697669642724e-10 
  584       2.687764749427e-10 
  585       2.678138910339e-10 
  586       2.668795845225e-10 
  587       2.659739287801e-10 
  588       2.650972985741e-10 
  589       2.642500700673e-10 
  590       2.634326208179e-10 
  591       2.626453297799e-10 
  592       2.618885773031e-10 
  593       2.611627451328e-10 
  594       2.604682164104e-10 
  595       2.598053756730e-10 
  596       2.591746088537e-10 
  597       2.585763032818e-10 
  598       2.580108476824e-10 
  599       2.574786321769e-10 
  600       2.569800482829e-10 
  601       2.565154889142e-10 
  602       2.560853483809e-10 
  603       2.556900223897e-10 
  604       2.553299080436e-10 
  605       2.550054038420e-10 
  606       2.547169096812e-10 
  607       2.544648268538e-10 
  608       2.542495580493e-10 
  609       2.540715073539e-10 
  610       2.539310802508e-10 
  611       2.538285687839e-10 
  612       2.537638040442e-10 
  613       2.537364953971e-10 
  614       2.537463445324e-10 
  615       2.537930454269e-10 
  616       2.538762843081e-10 
  617       2.539957396168e-10 
  618       2.541510819709e-10 
  619       2.543419741283e-10 
  620       2.545680709502e-10 
  621       2.548290193641e-10 
  622       2.551244583276e-10 
  623       2.554540187908e-10 
  624       2.558173236602e-10 
  625       2.562139877613e-10 
  626       2.566436178026e-10 
  627       2.571058123378e-10 
  628       2.576001617301e-10 
  629       2.581262481145e-10 
  630       2.586836453614e-10 
  631       2.592719190401e-10 
  632       2.598906263812e-10 
  633       2.605393162408e-10 
  634       2.612175290629e-10 
  635       2.619247968430e-10 
  636       2.626606430913e-10 
  637       2.634245827958e-10 
  638       2.642161223856e-10 
  639       2.650347596940e-10 
  640       2.658799839218e-10 
  641       2.667512756005e-10 
  642       2.676481065555e-10 
  643       2.685699398693e-10 
  644       2.695162298447e-10 
  645       2.704864219681e-10 
  646       2.714799528726e-10 
  647       2.724962503012e-10 
  648       2.735347330701e-10 
  649       2.745948110319e-10 
  650       2.756758850387e-10 
  651       2.767773413499e-10 
  652       2.778985347921e-10 
  653       2.790388051496e-10 
  654       2.801974826469e-10 
  655       2.813738879111e-10 
  656       2.825673319331e-10 
  657       2.837771160291e-10 
  658       2.850025318026e-10 
  659       2.862428611060e-10 
  660       2.874973760020e-10 
  661       2.887653387253e-10 
  662       2.900460016445e-10 
  663       2.913386072234e-10 
  664       2.926423879828e-10 
  665       2.939565664622e-10 
  666       2.952803551814e-10 
  667       2.966129566020e-10 
  668       2.979535630892e-10 
  669       2.993013568734e-10 
  670       3.006555100118e-10 
  671       3.020151843500e-10 
  672       3.033795314838e-10 
  673       3.047476927207e-10 
  674       3.061187990417e-10 
  675       3.074919710627e-10 
  676       3.088663189962e-10 
  677       3.102409426131e-10 
  678       3.116149312043e-10 
  679       3.129873635422e-10 
  680       3.143573078424e-10 
  681       3.157238217255e-10 
  682       3.170859521783e-10 
  683       3.184427355160e-10 
  684       3.197931973436e-10 
  685       3.211363525173e-10 
  686       3.224712051065e-10 
  687       3.237967483554e-10 
  688       3.251119646443e-10 
  689       3.264158254516e-10 
  690       3.277072913153e-10 
  691       3.289854082920e-10 
  692       3.302495996445e-10 
  693       3.314993802330e-10 
  694       3.327342605610e-10 
  695       3.339537467608e-10 
  696       3.351573405798e-10 
  697       3.363445393663e-10 
  698       3.375148360549e-10 
  699       3.386677191530e-10 
  700       3.398026727262e-10 
  701       3.409191763844e-10 
  702       3.420167052675e-10 
  703       3.430947300314e-10 
  704       3.441527168335e-10 
  705       3.451901273192e-10 
  706       3.462064186073e-10 
  707       3.472010432756e-10 
  708       3.481734493476e-10 
  709       3.491230802776e-10 
  710       3.500493749367e-10 
  711       3.509517675990e-10 
  712       3.518296879271e-10 
  713       3.526825609581e-10 
  714       3.535098070894e-10 
  715       3.543108420647e-10 
  716       3.550850769596e-10 
  717       3.558319181677e-10 
  718       3.565507673864e-10 
  719       3.572410216025e-10 
  720       3.579020730785e-10 
  721       3.585333093382e-10 
  722       3.591341131524e-10 
  723       3.597038625252e-10 
  724       3.602419306794e-10 
  725       3.607476860426e-10 
  726       3.612204922329e-10 
  727       3.616597080452e-10 
  728       3.620646874364e-10 
  729       3.624347795117e-10 
  730       3.627693285102e-10 
  731       3.630677924026e-10 
  732       3.633301013068e-10 
  733       3.635563061956e-10 
  734       3.637464609445e-10 
  735       3.639006223449e-10 
  736       3.640188501160e-10 
  737       3.641012069177e-10 
  738       3.641477583627e-10 
  739       3.641585730293e-10 
  740       3.641337224734e-10 
  741       3.640732812415e-10 
  742       3.639773268827e-10 
  743       3.638459399614e-10 
  744       3.636792040697e-10 
  745       3.634772058398e-10 
  746       3.632400349566e-10 
  747       3.629677841699e-10 
  748       3.626605493071e-10 
  749       3.623184292857e-10 
  750       3.619415261254e-10 
  751       3.615299449609e-10 
  752       3.610837940543e-10 
  753       3.606031848073e-10 
  754       3.600882317741e-10 
  755       3.595390526733e-10 
  756       3.589557684010e-10 
  757       3.583385030428e-10 
  758       3.576873838861e-10 
  759       3.570025414332e-10 
  760       3.562841094133e-10 
  761       3.555322247949e-10 
  762       3.547470277984e-10 
  763       3.539286619088e-10 
  764       3.530772738877e-10 
  765       3.521930137859e-10 
  766       3.512760349561e-10 
  767       3.503264940651e-10 
  768       3.493445511063e-10 
  769       3.483303694122e-10 
  770       3.472841156670e-10 
  771       3.462060145095e-10 
  772       3.450965134514e-10 
  773       3.439561211045e-10 
  774       3.427853528961e-10 
  775       3.415847310923e-10 
  776       3.403547848215e-10 
  777       3.390960500982e-10 
  778       3.378090698458e-10 
  779       3.364943939207e-10 
  780       3.351525791353e-10 
  781       3.337841892819e-10 
  782       3.323897951558e-10 
  783       3.309699745788e-10 
  784       3.295253124228e-10 
  785       3.280564006333e-10 
  786       3.265638382527e-10 
  787       3.250482314438e-10 
  788       3.235101935134e-10 
  789       3.219503449354e-10 
  790       3.203693133749e-10 
  791       3.187677337111e-10 
  792       3.171462480607e-10 
  793       3.155055058020e-10 
  794       3.138461635977e-10 
  795       3.121688854187e-10 
  796       3.104743425676e-10 
  797       3.087632137019e-10 
  798       3.070361848576e-10 
  799       3.052939494729e-10 
  800       3.035372084111e-10 
  801       3.017666699846e-10 
  802       2.999830499782e-10 
  803       2.981870716724e-10 
  804       2.963794658671e-10 
  805       2.945609709048e-10 
  806       2.927323326943e-10 
  807       2.908943047341e-10 
  808       2.890476481357e-10 
  809       2.871931316473e-10 
  810       2.853315316772e-10 
  811       2.834635926170e-10 
  812       2.815899069818e-10 
  813       2.797110331600e-10 
  814       2.778275349340e-10 
  815       2.759399814965e-10 
  816       2.740489474667e-10 
  817       2.721550129067e-10 
  818       2.702587633374e-10 
  819       2.683607897550e-10 
  820       2.664616886472e-10 
  821       2.645620620094e-10 
  822       2.626625173607e-10 
  823       2.607636677605e-10 
  824       2.588661318245e-10 
  825       2.569705337409e-10 
  826       2.550775032869e-10 
  827       2.531876758445e-10 
  828       2.513016924172e-10 
  829       2.494201996459e-10 
  830       2.475438498250e-10 
  831       2.456733009192e-10 
  832       2.438092165792e-10 
  833       2.419522661581e-10 
  834       2.401031247276e-10 
  835       2.382624730943e-10 
  836       2.364309978159e-10 
  837       2.346093912174e-10 
  838       2.327983514073e-10 
  839       2.309985822940e-10 
  840       2.292107936016e-10 
  841       2.274357008868e-10 
  842       2.256740255545e-10 
  843       2.239264948743e-10 
  844       2.221938419967e-10 
  845       2.204768059695e-10 
  846       2.187761317536e-10 
  847       2.170925702397e-10 
  848       2.154268782642e-10 
  849       2.137798186256e-10 
  850       2.121521601007e-10 
  851       2.105445827979e-10 
  852       2.089573924058e-10 
  853       2.073908010760e-10 
  854       2.058450216416e-10 
  855       2.043202676184e-10 
  856       2.028167532050e-10 
  857       2.013346932837e-10 
  858       1.998743034208e-10 
  859       1.984357998674e-10 
  860       1.970193995596e-10 
  861       1.956253201195e-10 
  862       1.942537798555e-10 
  863       1.929049977628e-10 
  864       1.915791935244e-10 
  865       1.902765875109e-10 
  866       1.889974007818e-10 
  867       1.877418550855e-10 
  868       1.865101728605e-10 
  869       1.853025772351e-10 
  870       1.841192920288e-10 
  871       1.829605417524e-10 
  872       1.818265516085e-10 
  873       1.807175474924e-10 
  874       1.796337559924e-10 
  875       1.785754043904e-10 
  876       1.775427206626e-10 
  877       1.765359334800e-10 
  878       1.755552722086e-10 
  879       1.746009669106e-10 
  880       1.736732483446e-10 
  881       1.727723479661e-10 
  882       1.718984979281e-10 
  883       1.710519310818e-10 
  884       1.702328809773e-10 
  885       1.694415818635e-10 
  886       1.686782686894e-10 
  887       1.679431771043e-10 
  888       1.672365434584e-10 
  889       1.665586048035e-10 
  890       1.659095988931e-10 
  891       1.652896867275e-10 
  892       1.646987187940e-10 
  893       1.641364649970e-10 
  894       1.636026917564e-10 
  895       1.630971619960e-10 
  896       1.626196351324e-10 
  897       1.621698670641e-10 
  898       1.617476101602e-10 
  899       1.613526132494e-10 
  900       1.609846216087e-10 
  901       1.606433769523e-10 
  902       1.603286174205e-10 
  903       1.600400775688e-10 
  904       1.597774883563e-10 
  905       1.595405771349e-10 
  906       1.593290676380e-10 
  907       1.591426799694e-10 
  908       1.589811305924e-10 
  909       1.588441323183e-10 
  910       1.587313942955e-10 
  911       1.586426219983e-10 
  912       1.585775172156e-10 
  913       1.585357780401e-10 
  914       1.585170988571e-10 
  915       1.585211703330e-10 
  916       1.585476794045e-10 
  917       1.585963092675e-10 
  918       1.586667393658e-10 
  919       1.587586453800e-10 
  920       1.588716992163e-10 
  921       1.590055689956e-10 
  922       1.591599190421e-10 
  923       1.593344098725e-10 
  924       1.595286981843e-10 
  925       1.597424368454e-10 
  926       1.599752748822e-10 
  927       1.602268574692e-10 
  928       1.604968259172e-10 
  929       1.607848176626e-10 
  930       1.610904662563e-10 
  931       1.614133908377e-10 
  932       1.617531643998e-10 
  933       1.621093450044e-10 
  934       1.624814862390e-10 
  935       1.628691372042e-10 
  936       1.632718425012e-10 
  937       1.636891422188e-10 
  938       1.641205719215e-10 
  939       1.645656626361e-10 
  940       1.650239408400e-10 
  941       1.654949284477e-10 
  942       1.659781427990e-10 
  943       1.664730966459e-10 
  944       1.669792981402e-10 
  945       1.674962508209e-10 
  946       1.680234536017e-10 
  947       1.685604007581e-10 
  948       1.691065819153e-10 
  949       1.696614820351e-10 
  950       1.702245814038e-10 
  951       1.707953556190e-10 
  952       1.713732755777e-10 
  953       1.719578074632e-10 
  954       1.725484127329e-10 
  955       1.731445481052e-10 
  956       1.737456655476e-10 
  957       1.743512122633e-10 
  958       1.749606306794e-10 
  959       1.755733584337e-10 
  960       1.761888283626e-10 
  961       1.768064684881e-10 
  962       1.774257020054e-10 
  963       1.780459472703e-10 
  964       1.786666177868e-10 
  965       1.792871221941e-10 
  966       1.799068642542e-10 
  967       1.805252428395e-10 
  968       1.811416519201e-10 
  969       1.817554805510e-10 
  970       1.823661128596e-10 
  971       1.829729811035e-10 
  972       1.835757257415e-10 
  973       1.841740377451e-10 
  974       1.847676057409e-10 
  975       1.853561160044e-10 
  976       1.859392524546e-10 
  977       1.865166966480e-10 
  978       1.870881277727e-10 
  979       1.876532226426e-10 
  980       1.882116556916e-10 
  981       1.887630989675e-10 
  982       1.893072221268e-10 
  983       1.898436924280e-10 
  984       1.903721747265e-10 
  985       1.908923314683e-10 
  986       1.914038226844e-10 
  987       1.919063059848e-10 
  988       1.923994365527e-10 
  989       1.928828671389e-10 
  990       1.933562480555e-10 
  991       1.938192271705e-10 
  992       1.942714499015e-10 
  993       1.947125592105e-10 
  994       1.951421955974e-10 
  995       1.955599970946e-10 
  996       1.959655992608e-10 
  997       1.963586351756e-10 
  998       1.967387354334e-10 
  999       1.971055281373e-10 
 1000       1.974586388939e-10 
 1001       1.977976908068e-10 
 1002       1.981223044713e-10 
 1003       1.984320979682e-10 
 1004       1.987266868580e-10 
 1005       1.990056841753e-10 
 1006       1.992687004227e-10 
 1007       1.995153435650e-10 
 1008       1.997452190235e-10 
 1009       1.999579296700e-10 
 1010       2.001530758211e-10 
 1011       2.003303258497e-10 
 1012       2.004896291489e-10 
 1013       2.006310062337e-10 
 1014       2.007544784047e-10 
 1015       2.008600677508e-10 
 1016       2.009477971513e-10 
 1017       2.010176902787e-10 
 1018       2.010697716008e-10 
 1019       2.011040663835e-10 
 1020       2.011206006930e-10 
 1021       2.011194013983e-10 
 1022       2.011004961736e-10 
 1023       2.010639135009e-10 
 1024       2.010096826723e-10 
 1025       2.009378337923e-10 
 1026       2.008483977807e-10 
 1027       2.007414063744e-10 
 1028       2.006168921306e-10 
 1029       2.004748884285e-10 
 1030       2.003154294723e-10 
 1031       2.001385502932e-10 
 1032       1.999442867522e-10 
 1033       1.997326755425e-10 
 1034       1.995037541917e-10 
 1035       1.992575610643e-10 
 1036       1.989941353645e-10 
 1037       1.987135171381e-10 
 1038       1.984157472752e-10 
 1039       1.981008675130e-10 
 1040       1.977689204375e-10 
 1041       1.974199494866e-10 
 1042       1.970539989520e-10 
 1043       1.966711139822e-10 
 1044       1.962713405845e-10 
 1045       1.958547256277e-10 
 1046       1.954213168442e-10 
 1047       1.949711628329e-10 
 1048       1.945043130615e-10 
 1049       1.940208178687e-10 
 1050       1.935207284667e-10 
 1051       1.930041343345e-10 
 1052       1.924712759605e-10 
 1053       1.919224336717e-10 
 1054       1.913578903918e-10 
 1055       1.907779316477e-10 
 1056       1.901828455759e-10 
 1057       1.895729229295e-10 
 1058       1.889484570838e-10 
 1059       1.883097440435e-10 
 1060       1.876570824492e-10 
 1061       1.869907735834e-10 
 1062       1.863111213774e-10 
 1063       1.856184324178e-10 
 1064       1.849130159528e-10 
 1065       1.841951838988e-10 
 1066       1.834652508469e-10 
 1067       1.827235340695e-10 
 1068       1.819703535265e-10 
 1069       1.812060318722e-10 
 1070       1.804308944615e-10 
 1071       1.796452693565e-10 
 1072       1.788494873330e-10 
 1073       1.780438818870e-10 
 1074       1.772287892411e-10 
 1075       1.764045483513e-10 
 1076       1.755715009132e-10 
 1077       1.747299913684e-10 
 1078       1.738803669116e-10 
 1079       1.730229774962e-10 
 1080       1.721581758418e-10 
 1081       1.712863174397e-10 
 1082       1.704077605603e-10 
 1083       1.695228662590e-10 
 1084       1.686319983828e-10 
 1085       1.677355235771e-10 
 1086       1.668338112919e-10 
 1087       1.659272337883e-10 
 1088       1.650161661452e-10 
 1089       1.641009862656e-10 
 1090       1.631820748833e-10 
 1091       1.622598007521e-10 
 1092       1.613344759838e-10 
 1093       1.604064001249e-10 
 1094       1.594758749248e-10 
 1095       1.585432043405e-10 
 1096       1.576086945417e-10 
 1097       1.566726539158e-10 
 1098       1.557353930729e-10 
 1099       1.547972248511e-10 
 1100       1.538584643208e-10 
 1101       1.529194287905e-10 
 1102       1.519804378113e-10 
 1103       1.510418131821e-10 
 1104       1.501038789545e-10 
 1105       1.491669614381e-10 
 1106       1.482313892049e-10 
 1107       1.472974930950e-10 
 1108       1.463656062212e-10 
 1109       1.454360639742e-10 
 1110       1.445092040272e-10 
 1111       1.435853663416e-10 
 1112       1.426648931714e-10 
 1113       1.417481290685e-10 
 1114       1.408354208875e-10 
 1115       1.399271177912e-10 
 1116       1.390235712548e-10 
 1117       1.381251350717e-10 
 1118       1.372321653581e-10 
 1119       1.363450205579e-10 
 1120       1.354640614480e-10 
 1121       1.345896511433e-10 
 1122       1.337221551013e-10 
 1123       1.328619411278e-10 
 1124       1.320093793812e-10 
 1125       1.311648423779e-10 
 1126       1.303287049973e-10 
 1127       1.295013444865e-10 
 1128       1.286831404659e-10 
 1129       1.278744749335e-10 
 1130       1.270757322705e-10 
 1131       1.262872515255e-10 
 1132       1.255091825835e-10 
 1133       1.247416281482e-10 
 1134       1.239846912953e-10 
 1135       1.232384754720e-10 
 1136       1.225030844983e-10 
 1137       1.217786225670e-10 
 1138       1.210651942449e-10 
 1139       1.203629044724e-10 
 1140       1.196718585650e-10 
 1141       1.189921622132e-10 
 1142       1.183239214831e-10 
 1143       1.176672428173e-10 
 1144       1.170222330350e-10 
 1145       1.163889993328e-10 
 1146       1.157676492853e-10 
 1147       1.151582908452e-10 
 1148       1.145610323443e-10 
 1149       1.139759824940e-10 
 1150       1.134032503853e-10 
 1151       1.128429454902e-10 
 1152       1.122951776615e-10 
 1153       1.117600571336e-10 
 1154       1.112376945231e-10 
 1155       1.107282008292e-10 
 1156       1.102316874344e-10 
 1157       1.097482661050e-10 
 1158       1.092780489912e-10 
 1159       1.088211486285e-10 
 1160       1.083776779374e-10 
 1161       1.079477502244e-10 
 1162       1.075314791824e-10 
 1163       1.071289788912e-10 
 1164       1.067403638182e-10 
 1165       1.063657488187e-10 
 1166       1.060052491365e-10 
 1167       1.056589804046e-10 
 1168       1.053270586456e-10 
 1169       1.050096002722e-10 
 1170       1.047067220877e-10 
 1171       1.044184994819e-10 
 1172       1.041448404450e-10 
 1173       1.038856099820e-10 
 1174       1.036406717723e-10 
 1175       1.034098881660e-10 
 1176       1.031931201811e-10 
 1177       1.029902275004e-10 
 1178       1.028010684683e-10 
 1179       1.026255000875e-10 
 1180       1.024633780164e-10 
 1181       1.023145565654e-10 
 1182       1.021788886941e-10 
 1183       1.020562260080e-10 
 1184       1.019464187556e-10 
 1185       1.018493158253e-10 
 1186       1.017647647417e-10 
 1187       1.016926116635e-10 
 1188       1.016327013792e-10 
 1189       1.015848773050e-10 
 1190       1.015489814811e-10 
 1191       1.015248545688e-10 
 1192       1.015123358473e-10 
 1193       1.015112632104e-10 
 1194       1.015214731639e-10 
 1195       1.015428008218e-10 
 1196       1.015750799039e-10 
 1197       1.016181427321e-10 
 1198       1.016718202274e-10 
 1199       1.017359419070e-10 
 1200       1.018103358811e-10 
 1201       1.018948288495e-10 
 1202       1.019892460991e-10 
 1203       1.020934114999e-10 
 1204       1.022071475026e-10 
 1205       1.023302751354e-10 
 1206       1.024626140005e-10 
 1207       1.026039822711e-10 
 1208       1.027541966887e-10 
 1209       1.029130725594e-10 
 1210       1.030804237511e-10 
 1211       1.032560544715e-10 
 1212       1.034397344995e-10 
 1213       1.036312236485e-10 
 1214       1.038302799545e-10 
 1215       1.040366596722e-10 
 1216       1.042501172712e-10 
 1217       1.044704054325e-10 
 1218       1.046972750443e-10 
 1219       1.049304751983e-10 
 1220       1.051697531861e-10 
 1221       1.054148544953e-10 
 1222       1.056655228055e-10 
 1223       1.059214999851e-10 
 1224       1.061825260867e-10 
 1225       1.064483393439e-10 
 1226       1.067186761674e-10 
 1227       1.069932711410e-10 
 1228       1.072718570179e-10 
 1229       1.075541647172e-10 
 1230       1.078399233195e-10 
 1231       1.081288600638e-10 
 1232       1.084207003431e-10 
 1233       1.087151677010e-10 
 1234       1.090119838278e-10 
 1235       1.093108685566e-10 
 1236       1.096115398597e-10 
 1237       1.099137138446e-10 
 1238       1.102171047504e-10 
 1239       1.105214249438e-10 
 1240       1.108263849156e-10 
 1241       1.111316932765e-10 
 1242       1.114370567538e-10 
 1243       1.117421801871e-10 
 1244       1.120467665250e-10 
 1245       1.123505168207e-10 
 1246       1.126531302289e-10 
 1247       1.129543040016e-10 
 1248       1.132537334842e-10 
 1249       1.135511121121e-10 
 1250       1.138461314067e-10 
 1251       1.141385063367e-10 
 1252       1.144280517355e-10 
 1253       1.147146067695e-10 
 1254       1.149980096516e-10 
 1255       1.152780976400e-10 
 1256       1.155547070359e-10 
 1257       1.158276731815e-10 
 1258       1.160968304588e-10 
 1259       1.163620122870e-10 
 1260       1.166230511212e-10 
 1261       1.168797784502e-10 
 1262       1.171320247950e-10 
 1263       1.173796197065e-10 
 1264       1.176223917641e-10 
 1265       1.178601685736e-10 
 1266       1.180927767653e-10 
 1267       1.183200419923e-10 
 1268       1.185417889288e-10 
 1269       1.187578412677e-10 
 1270       1.189680217193e-10 
 1271       1.191721520093e-10 
 1272       1.193700528768e-10 
 1273       1.195615440725e-10 
 1274       1.197464443571e-10 
 1275       1.199245714991e-10 
 1276       1.200957422731e-10 
 1277       1.202597724581e-10 
 1278       1.204164768352e-10 
 1279       1.205656691864e-10 
 1280       1.207071622923e-10 
 1281       1.208407679302e-10 
 1282       1.209662968726e-10 
 1283       1.210835588851e-10 
 1284       1.211923627244e-10 
 1285       1.212925161370e-10 
 1286       1.213838258569e-10 
 1287       1.214660976036e-10 
 1288       1.215391360809e-10 
 1289       1.216027449745e-10 
 1290       1.216567269501e-10 
 1291       1.217009195987e-10 
 1292       1.217353037199e-10 
 1293       1.217598962608e-10 
 1294       1.217747144817e-10 
 1295       1.217797759562e-10 
 1296       1.217750985727e-10 
 1297       1.217607005346e-10 
 1298       1.217366003611e-10 
 1299       1.217028168882e-10 
 1300       1.216593692691e-10 
 1301       1.216062769752e-10 
 1302       1.215435597968e-10 
 1303       1.214712378436e-10 
 1304       1.213893315457e-10 
 1305       1.212978616543e-10 
 1306       1.211968492424e-10 
 1307       1.210863157053e-10 
 1308       1.209662827619e-10 
 1309       1.208367724548e-10 
 1310       1.206978071514e-10 
 1311       1.205494095447e-10 
 1312       1.203916026537e-10 
 1313       1.202244098246e-10 
 1314       1.200478547311e-10 
 1315       1.198619613752e-10 
 1316       1.196667540883e-10 
 1317       1.194622575316e-10 
 1318       1.192484966969e-10 
 1319       1.190254969073e-10 
 1320       1.187932838180e-10 
 1321       1.185518834173e-10 
 1322       1.183013220267e-10 
 1323       1.180416263021e-10 
 1324       1.177728232347e-10 
 1325       1.174949401512e-10 
 1326       1.172080047148e-10 
 1327       1.169120449262e-10 
 1328       1.166070891238e-10 
 1329       1.162931659850e-10 
 1330       1.159703045264e-10 
 1331       1.156385544968e-10 
 1332       1.152980477977e-10 
 1333       1.149489377387e-10 
 1334       1.145913787094e-10 
 1335       1.142255261809e-10 
 1336       1.138515367086e-10 
 1337       1.134695679337e-10 
 1338       1.130797785857e-10 
 1339       1.126823284845e-10 
 1340       1.122773785423e-10 
 1341       1.118650907659e-10 
 1342       1.114456282588e-10 
 1343       1.110191552232e-10 
 1344       1.105858369623e-10 
 1345       1.101458398821e-10 
 1346       1.096993314941e-10 
 1347       1.092464804166e-10 
 1348       1.087874563776e-10 
 1349       1.083224302166e-10 
 1350       1.078515738863e-10 
 1351       1.073750604556e-10 
 1352       1.068930641109e-10 
 1353       1.064057601588e-10 
 1354       1.059133250276e-10 
 1355       1.054159362702e-10 
 1356       1.049137725656e-10 
 1357       1.044070137211e-10 
 1358       1.038958406747e-10 
 1359       1.033804354970e-10 
 1360       1.028609813935e-10 
 1361       1.023376627062e-10 
 1362       1.018106649166e-10 
 1363       1.012801746468e-10 
 1364       1.007463796627e-10 
 1365       1.002094688750e-10 
 1366       9.966963234217e-11 
 1367       9.912706127224e-11 
 1368       9.858194802489e-11 
 1369       9.803448611363e-11 
 1370       9.748487020789e-11 
 1371       9.693329018256e-11 
 1372       9.637991319277e-11 
 1373       9.582490141212e-11 
 1374       9.526841796968e-11 
 1375       9.471062695171e-11 
 1376       9.415169340341e-11 
 1377       9.359178333064e-11 
 1378       9.303106370169e-11 
 1379       9.246970244899e-11 
 1380       9.190786847084e-11 
 1381       9.134573163319e-11 
 1382       9.078346277133e-11 
 1383       9.022123369164e-11 
 1384       8.965921717334e-11 
 1385       8.909758697022e-11 
 1386       8.853651781238e-11 
 1387       8.797618540795e-11 
 1388       8.741676644486e-11 
 1389       8.685843859255e-11 
 1390       8.630138050370e-11 
 1391       8.574577181600e-11 
 1392       8.519179315385e-11 
 1393       8.463962613015e-11 
 1394       8.408945334796e-11 
 1395       8.354145840231e-11 
 1396       8.299582588190e-11 
 1397       8.245274137083e-11 
 1398       8.191239145037e-11 
 1399       8.137496370067e-11 
 1400       8.084064670250e-11 
 1401       8.030963003899e-11 
 1402       7.978210429738e-11 
 1403       7.925826107075e-11 
 1404       7.873829295974e-11 
 1405       7.822239357429e-11 
 1406       7.771075753543e-11 
 1407       7.720358047691e-11 
 1408       7.670105904707e-11 
 1409       7.620339091045e-11 
 1410       7.571077474963e-11 
 1411       7.522338670116e-11 
 1412       7.474130939292e-11 
 1413       7.426460217476e-11 
 1414       7.379332461783e-11 
 1415       7.332753651486e-11 
 1416       7.286729788054e-11 
 1417       7.241266895176e-11 
 1418       7.196371018798e-11 
 1419       7.152048227156e-11 
 1420       7.108304610802e-11 
 1421       7.065146282641e-11 
 1422       7.022579377959e-11 
 1423       6.980610054460e-11 
 1424       6.939244492290e-11 
 1425       6.898488894077e-11 
 1426       6.858349484956e-11 
 1427       6.818832512606e-11 
 1428       6.779944247277e-11 
 1429       6.741690981827e-11 
 1430       6.704079031748e-11 
 1431       6.667114735202e-11 
 1432       6.630804453053e-11 
 1433       6.595154568896e-11 
 1434       6.560171489088e-11 
 1435       6.525861642785e-11 
 1436       6.492231481969e-11 
 1437       6.459287481482e-11 
 1438       6.427036139055e-11 
 1439       6.395483975345e-11 
 1440       6.364637533961e-11 
 1441       6.334503381499e-11 
 1442       6.305088107575e-11 
 1443       6.276398324853e-11 
 1444       6.248440669078e-11 
 1445       6.221221799110e-11 
 1446       6.194748396954e-11 
 1447       6.169027167791e-11 
 1448       6.144064840012e-11 
 1449       6.119868165247e-11 
 1450       6.096443918399e-11 
 1451       6.073796698840e-11 
 1452       6.051922309686e-11 
 1453       6.030814311852e-11 
 1454       6.010466216738e-11 
 1455       5.990871486136e-11 
 1456       5.972023532134e-11 
 1457       5.953915717027e-11 
 1458       5.936541353221e-11 
 1459       5.919893703138e-11 
 1460       5.903965979126e-11 
 1461       5.888751343363e-11 
 1462       5.874242907764e-11 
 1463       5.860433733889e-11 
 1464       5.847316832847e-11 
 1465       5.834885165205e-11 
 1466       5.823131640892e-11 
 1467       5.812049119108e-11 
 1468       5.801630408229e-11 
 1469       5.791868265715e-11 
 1470       5.782755398014e-11 
 1471       5.774284460471e-11 
 1472       5.766448057233e-11 
 1473       5.759238741156e-11 
 1474       5.752649013712e-11 
 1475       5.746671324895e-11 
 1476       5.741298073128e-11 
 1477       5.736521605168e-11 
 1478       5.732334216016e-11 
 1479       5.728728148818e-11 
 1480       5.725695594777e-11 
 1481       5.723228693058e-11 
 1482       5.721319530691e-11 
 1483       5.719960142483e-11 
 1484       5.719142510921e-11 
 1485       5.718858566077e-11 
 1486       5.719100185521e-11 
 1487       5.719859194221e-11 
 1488       5.721127364453e-11 
 1489       5.722896415705e-11 
 1490       5.725158014586e-11 
 1491       5.727903168314e-11 
 1492       5.731120398863e-11 
 1493       5.734797550717e-11 
 1494       5.738922395540e-11 
 1495       5.743482632046e-11 
 1496       5.748465885874e-11 
 1497       5.753859709465e-11 
 1498       5.759651581930e-11 
 1499       5.765828908928e-11 
 1500       5.772379022540e-11 
 1501       5.779289181140e-11 
 1502       5.786546569270e-11 
 1503       5.794138297515e-11 
 1504       5.802051402377e-11 
 1505       5.810272846145e-11 
 1506       5.818789516774e-11 
 1507       5.827588227755e-11 
 1508       5.836655717992e-11 
 1509       5.845978651671e-11 
 1510       5.855543618140e-11 
 1511       5.865337131778e-11 
 1512       5.875345631871e-11 
 1513       5.885555482484e-11 
 1514       5.895952972338e-11 
 1515       5.906524314680e-11 
 1516       5.917255647161e-11 
 1517       5.928133031706e-11 
 1518       5.939142454390e-11 
 1519       5.950269825309e-11 
 1520       5.961500978459e-11 
 1521       5.972821671606e-11 
 1522       5.984217586159e-11 
 1523       5.995674327048e-11 
 1524       6.007177422593e-11 
 1525       6.018712324380e-11 
 1526       6.030264407137e-11 
 1527       6.041818968604e-11 
 1528       6.053361229408e-11 
 1529       6.064876332940e-11 
 1530       6.076349345222e-11 
 1531       6.087766346104e-11 
 1532       6.099117714483e-11 
 1533       6.110394874218e-11 
 1534       6.121589205588e-11 
 1535       6.132692045230e-11 
 1536       6.143694686061e-11 
 1537       6.154588377210e-11 
 1538       6.165364323950e-11 
 1539       6.176013687625e-11 
 1540       6.186527585579e-11 
 1541       6.196897091090e-11 
 1542       6.207113233294e-11 
 1543       6.217166997118e-11 
 1544       6.227049323210e-11 
 1545       6.236751107866e-11 
 1546       6.246263202963e-11 
 1547       6.255576415887e-11 
 1548       6.264681509460e-11 
 1549       6.273569201874e-11 
 1550       6.282230166621e-11 
 1551       6.290655032416e-11 
 1552       6.298834383134e-11 
 1553       6.306758757738e-11 
 1554       6.314418650204e-11 
 1555       6.321804509456e-11 
 1556       6.328906739295e-11 
 1557       6.335715698324e-11 
 1558       6.342221699886e-11 
 1559       6.348415011984e-11 
 1560       6.354285857217e-11 
 1561       6.359824412709e-11 
 1562       6.365020810036e-11 
 1563       6.369865135159e-11 
 1564       6.374347428351e-11 
 1565       6.378457684128e-11 
 1566       6.382185851176e-11 
 1567       6.385521832288e-11 
 1568       6.388455484282e-11 
 1569       6.390976617943e-11 
 1570       6.393074997942e-11 
 1571       6.394742076568e-11 
 1572       6.395976212685e-11 
 1573       6.396777501226e-11 
 1574       6.397146043830e-11 
 1575       6.397081948846e-11 
 1576       6.396585331354e-11 
 1577       6.395656313179e-11 
 1578       6.394295022900e-11 
 1579       6.392501595868e-11 
 1580       6.390276174219e-11 
 1581       6.387618906886e-11 
 1582       6.384529949616e-11 
 1583       6.381009464983e-11 
 1584       6.377057622398e-11 
 1585       6.372674598130e-11 
 1586       6.367860575312e-11 
 1587       6.362615743964e-11 
 1588       6.356940300997e-11 
 1589       6.350834450234e-11 
 1590       6.344298402421e-11 
 1591       6.337332375242e-11 
 1592       6.329936593333e-11 
 1593       6.322111288292e-11 
 1594       6.313856698701e-11 
 1595       6.305173070130e-11 
 1596       6.296060655161e-11 
 1597       6.286519713393e-11 
 1598       6.276550511462e-11 
 1599       6.266153323051e-11 
 1600       6.255328428906e-11 
 1601       6.244076116850e-11 
 1602       6.232396681796e-11 
 1603       6.220290425762e-11 
 1604       6.207757657882e-11 
 1605       6.194798694424e-11 
 1606       6.181413858801e-11 
 1607       6.167603481586e-11 
 1608       6.153367900526e-11 
 1609       6.138707460555e-11 
 1610       6.123622513809e-11 
 1611       6.108114516395e-11 
 1612       6.092189329570e-11 
 1613       6.075853948569e-11 
 1614       6.059115408633e-11 
 1615       6.041980785072e-11 
 1616       6.024457193333e-11 
 1617       6.006551789061e-11 
 1618       5.988271768168e-11 
 1619       5.969624366892e-11 
 1620       5.950616861867e-11 
 1621       5.931256570182e-11 
 1622       5.911550849452e-11 
 1623       5.891507097877e-11 
 1624       5.871132754309e-11 
 1625       5.850435298318e-11 
 1626       5.829422250251e-11 
 1627       5.808101171306e-11 
 1628       5.786479663586e-11 
 1629       5.764565370172e-11 
 1630       5.742365975182e-11 
 1631       5.719889203840e-11 
 1632       5.697142822535e-11 
 1633       5.674134638893e-11 
 1634       5.650872501835e-11 
 1635       5.627364301644e-11 
 1636       5.603617970030e-11 
 1637       5.579641480195e-11 
 1638       5.555442846897e-11 
 1639       5.531030126511e-11 
 1640       5.506411417102e-11 
 1641       5.481594858480e-11 
 1642       5.456588632273e-11 
 1643       5.431400961984e-11 
 1644       5.406040113061e-11 
 1645       5.380514392961e-11 
 1646       5.354832151211e-11 
 1647       5.329001779476e-11 
 1648       5.303031711623e-11 
 1649       5.276930423785e-11 
 1650       5.250706434424e-11 
 1651       5.224368162429e-11 
 1652       5.197923499896e-11 
 1653       5.171380235686e-11 
 1654       5.144746197116e-11 
 1655       5.118029250012e-11 
 1656       5.091237298770e-11 
 1657       5.064378286413e-11 
 1658       5.037460194652e-11 
 1659       5.010491043940e-11 
 1660       4.983478893533e-11 
 1661       4.956431841550e-11 
 1662       4.929358025026e-11 
 1663       4.902265619977e-11 
 1664       4.875162841452e-11 
 1665       4.848057943597e-11 
 1666       4.820959219708e-11 
 1667       4.793875002295e-11 
 1668       4.766813663133e-11 
 1669       4.739783613329e-11 
 1670       4.712793303373e-11 
 1671       4.685851223201e-11 
 1672       4.658965902250e-11 
 1673       4.632145909518e-11 
 1674       4.605399853625e-11 
 1675       4.578736382864e-11 
 1676       4.552164185268e-11 
 1677       4.525691988662e-11 
 1678       4.499328560723e-11 
 1679       4.473082709041e-11 
 1680       4.446963281174e-11 
 1681       4.420979164707e-11 
 1682       4.395139287312e-11 
 1683       4.369452616804e-11 
 1684       4.343928161201e-11 
 1685       4.318574968782e-11 
 1686       4.293402128144e-11 
 1687       4.268418768264e-11 
 1688       4.243634058553e-11 
 1689       4.219057208916e-11 
 1690       4.194697469810e-11 
 1691       4.170563098908e-11 
 1692       4.146658251187e-11 
 1693       4.122986062048e-11 
 1694       4.099549678281e-11 
 1695       4.076352258086e-11 
 1696       4.053396971080e-11 
 1697       4.030686998321e-11 
 1698       4.008225532316e-11 
 1699       3.986015777039e-11 
 1700       3.964060947945e-11 
 1701       3.942364271986e-11 
 1702       3.920928987624e-11 
 1703       3.899758344851e-11 
 1704       3.878855605196e-11 
 1705       3.858224041747e-11 
 1706       3.837866939163e-11 
 1707       3.817787593688e-11 
 1708       3.797989313169e-11 
 1709       3.778475417069e-11 
 1710       3.759249236481e-11 
 1711       3.740314114146e-11 
 1712       3.721673404466e-11 
 1713       3.703330473517e-11 
 1714       3.685288699069e-11 
 1715       3.667551470597e-11 
 1716       3.650122189297e-11 
 1717       3.633004268102e-11 
 1718       3.616201131696e-11 
 1719       3.599716216528e-11 
 1720       3.583552970830e-11 
 1721       3.567714854628e-11 
 1722       3.552205339761e-11 
 1723       3.537027909894e-11 
 1724       3.522186060531e-11 
 1725       3.507683299034e-11 
 1726       3.493523144636e-11 
 1727       3.479709128455e-11 
 1728       3.466244793511e-11 
 1729       3.453133694739e-11 
 1730       3.440379399007e-11 
 1731       3.427984429224e-11 
 1732       3.415947086894e-11 
 1733       3.404264602736e-11 
 1734       3.392934190119e-11 
 1735       3.381953045039e-11 
 1736       3.371318346087e-11 
 1737       3.361027254427e-11 
 1738       3.351076913764e-11 
 1739       3.341464450319e-11 
 1740       3.332186972802e-11 
 1741       3.323241572382e-11 
 1742       3.314625322664e-11 
 1743       3.306335279659e-11 
 1744       3.298368481757e-11 
 1745       3.290721949699e-11 
 1746       3.283392686552e-11 
 1747       3.276377677679e-11 
 1748       3.269673890716e-11 
 1749       3.263278275537e-11 
 1750       3.257187764236e-11 
 1751       3.251399271094e-11 
 1752       3.245909692551e-11 
 1753       3.240715907184e-11 
 1754       3.235814775673e-11 
 1755       3.231203140780e-11 
 1756       3.226877827317e-11 
 1757       3.222835642122e-11 
 1758       3.219073374030e-11 
 1759       3.215587793844e-11 
 1760       3.212375654313e-11 
 1761       3.209433690099e-11 
 1762       3.206758617754e-11 
 1763       3.204347135689e-11 
 1764       3.202195924151e-11 
 1765       3.200301645191e-11 
 1766       3.198660942641e-11 
 1767       3.197270442083e-11 
 1768       3.196126750826e-11 
 1769       3.195226457874e-11 
 1770       3.194566133902e-11 
 1771       3.194141969280e-11 
 1772       3.193948684932e-11 
 1773       3.193980612422e-11 
 1774       3.194232055048e-11 
 1775       3.194697287798e-11 
 1776       3.195370557309e-11 
 1777       3.196246081824e-11 
 1778       3.197318051156e-11 
 1779       3.198580626643e-11 
 1780       3.200027941107e-11 
 1781       3.201654098815e-11 
 1782       3.203453175435e-11 
 1783       3.205419217998e-11 
 1784       3.207546244854e-11 
 1785       3.209828245633e-11 
 1786       3.212259181203e-11 
 1787       3.214832983629e-11 
 1788       3.217543556132e-11 
 1789       3.220384773047e-11 
 1790       3.223350479783e-11 
 1791       3.226434492782e-11 
 1792       3.229630599476e-11 
 1793       3.232932558250e-11 
 1794       3.236334098395e-11 
 1795       3.239828920072e-11 
 1796       3.243410694269e-11 
 1797       3.247073062758e-11 
 1798       3.250809638057e-11 
 1799       3.254614003387e-11 
 1800       3.258479712633e-11 
 1801       3.262400290300e-11 
 1802       3.266369231472e-11 
 1803       3.270380001774e-11 
 1804       3.274426037330e-11 
 1805       3.278500744717e-11 
 1806       3.282597500931e-11 
 1807       3.286709653341e-11 
 1808       3.290830519651e-11 
 1809       3.294953387856e-11 
 1810       3.299071516202e-11 
 1811       3.303178567405e-11 
 1812       3.307269915217e-11 
 1813       3.311341348336e-11 
 1814       3.315388637075e-11 
 1815       3.319407533345e-11 
 1816       3.323393770622e-11 
 1817       3.327343063928e-11 
 1818       3.331251109801e-11 
 1819       3.335113586272e-11 
 1820       3.338926152841e-11 
 1821       3.342684450447e-11 
 1822       3.346384101450e-11 
 1823       3.350020709599e-11 
 1824       3.353589860011e-11 
 1825       3.357087119142e-11 
 1826       3.360508034766e-11 
 1827       3.363848135948e-11 
 1828       3.367102933019e-11 
 1829       3.370267917547e-11 
 1830       3.373338562318e-11 
 1831       3.376310321309e-11 
 1832       3.379178629658e-11 
 1833       3.381938903645e-11 
 1834       3.384586540662e-11 
 1835       3.387116919194e-11 
 1836       3.389525398784e-11 
 1837       3.391807320018e-11 
 1838       3.393958004494e-11 
 1839       3.395972754795e-11 
 1840       3.397846854472e-11 
 1841       3.399575568009e-11 
 1842       3.401154140804e-11 
 1843       3.402577799143e-11 
 1844       3.403841750171e-11 
 1845       3.404941181873e-11 
 1846       3.405871263041e-11 
 1847       3.406627143258e-11 
 1848       3.407203952864e-11 
 1849       3.407596802935e-11 
 1850       3.407800785260e-11 
 1851       3.407811757732e-11 
 1852       3.407628707384e-11 
 1853       3.407251405987e-11 
 1854       3.406679626327e-11 
 1855       3.405913142209e-11 
 1856       3.404951728457e-11 
 1857       3.403795160918e-11 
 1858       3.402443216462e-11 
 1859       3.400895672987e-11 
 1860       3.399152309418e-11 
 1861       3.397212905715e-11 
 1862       3.395077242866e-11 
 1863       3.392745102900e-11 
 1864       3.390216268881e-11 
 1865       3.387490524913e-11 
 1866       3.384567656144e-11 
 1867       3.381447448766e-11 
 1868       3.378129690017e-11 
 1869       3.374614168186e-11 
 1870       3.370900672612e-11 
 1871       3.366988993688e-11 
 1872       3.362878922865e-11 
 1873       3.358570252649e-11 
 1874       3.354062776608e-11 
 1875       3.349356289374e-11 
 1876       3.344450586641e-11 
 1877       3.339345465174e-11 
 1878       3.334040722805e-11 
 1879       3.328536158437e-11 
 1880       3.322831572051e-11 
 1881       3.316926764699e-11 
 1882       3.310821538516e-11 
 1883       3.304515696715e-11 
 1884       3.298009043595e-11 
 1885       3.291301384536e-11 
 1886       3.284392526009e-11 
 1887       3.277282275574e-11 
 1888       3.269970441883e-11 
 1889       3.262456834683e-11 
 1890       3.254741264815e-11 
 1891       3.246824092372e-11 
 1892       3.238707875789e-11 
 1893       3.230395735517e-11 
 1894       3.221890807053e-11 
 1895       3.213196240958e-11 
 1896       3.204315202882e-11 
 1897       3.195250873581e-11 
 1898       3.186006448939e-11 
 1899       3.176585139989e-11 
 1900       3.166990172932e-11 
 1901       3.157224789159e-11 
 1902       3.147292245273e-11 
 1903       3.137195813107e-11 
 1904       3.126938779744e-11 
 1905       3.116524447542e-11 
 1906       3.105956134151e-11 
 1907       3.095237172534e-11 
 1908       3.084370910990e-11 
 1909       3.073360713170e-11 
 1910       3.062209958103e-11 
 1911       3.050922040214e-11 
 1912       3.039500369343e-11 
 1913       3.027948370770e-11 
 1914       3.016269485231e-11 
 1915       3.004467168941e-11 
 1916       2.992544893617e-11 
 1917       2.980506146492e-11 
 1918       2.968354430342e-11 
 1919       2.956093263505e-11 
 1920       2.943726179899e-11 
 1921       2.931256729046e-11 
 1922       2.918688476091e-11 
 1923       2.906025001822e-11 
 1924       2.893269902692e-11 
 1925       2.880426790840e-11 
 1926       2.867499294109e-11 
 1927       2.854491056071e-11 
 1928       2.841405736044e-11 
 1929       2.828247009111e-11 
 1930       2.815018566148e-11 
 1931       2.801724108680e-11 
 1932       2.788367333391e-11 
 1933       2.774951947541e-11 
 1934       2.761481674134e-11 
 1935       2.747960251934e-11 
 1936       2.734391435491e-11 
 1937       2.720778995158e-11 
 1938       2.707126717112e-11 
 1939       2.693438403375e-11 
 1940       2.679717871836e-11 
 1941       2.665968956267e-11 
 1942       2.652195506348e-11 
 1943       2.638401387687e-11 
 1944       2.624590481836e-11 
 1945       2.610766686318e-11 
 1946       2.596933914642e-11 
 1947       2.583096096326e-11 
 1948       2.569257176919e-11 
 1949       2.555421118018e-11 
 1950       2.541591897289e-11 
 1951       2.527773508492e-11 
 1952       2.513969961494e-11 
 1953       2.500185282297e-11 
 1954       2.486423513053e-11 
 1955       2.472688712087e-11 
 1956       2.458984953918e-11 
 1957       2.445316329276e-11 
 1958       2.431686945128e-11 
 1959       2.418100924693e-11 
 1960       2.404562407465e-11 
 1961       2.391075549235e-11 
 1962       2.377644522108e-11 
 1963       2.364273514527e-11 
 1964       2.350966731291e-11 
 1965       2.337728393575e-11 
 1966       2.324562738953e-11 
 1967       2.311474021418e-11 
 1968       2.298466511400e-11 
 1969       2.285544495789e-11 
 1970       2.272712277954e-11 
 1971       2.259973740680e-11 
 1972       2.247331031385e-11 
 1973       2.234785867177e-11 
 1974       2.222339971066e-11 
 1975       2.209995071963e-11 
 1976       2.197752904695e-11 
 1977       2.185615210007e-11 
 1978       2.173583734568e-11 
 1979       2.161660230984e-11 
 1980       2.149846457798e-11 
 1981       2.138144179501e-11 
 1982       2.126555166539e-11 
 1983       2.115081195318e-11 
 1984       2.103724048212e-11 
 1985       2.092485513571e-11 
 1986       2.081367385727e-11 
 1987       2.070371464999e-11 
 1988       2.059499557705e-11 
 1989       2.048753476164e-11 
 1990       2.038135038704e-11 
 1991       2.027646069673e-11 
 1992       2.017288399441e-11 
 1993       2.007063864408e-11 
 1994       1.996974307013e-11 
 1995       1.987021575741e-11 
 1996       1.977207525127e-11 
 1997       1.967534015765e-11 
 1998       1.958002914315e-11 
 1999       1.948616093510e-11 
 2000       1.939375432164e-11 
 2001       1.930282815175e-11 
 2002       1.921340133536e-11 
 2003       1.912549284342e-11 
 2004       1.903912170794e-11 
 2005       1.895430702208e-11 
 2006       1.887106794022e-11 
 2007       1.878942367802e-11 
 2008       1.870939351251e-11 
 2009       1.863099678212e-11 
 2010       1.855425288680e-11 
 2011       1.847917635286e-11 
 2012       1.840576198817e-11 
 2013       1.833399961909e-11 
 2014       1.826387901572e-11 
 2015       1.819538989188e-11 
 2016       1.812852190500e-11 
 2017       1.806326465605e-11 
 2018       1.799960768947e-11 
 2019       1.793754049309e-11 
 2020       1.787705249806e-11 
 2021       1.781813307876e-11 
 2022       1.776077155274e-11 
 2023       1.770495718061e-11 
 2024       1.765067916602e-11 
 2025       1.759792665553e-11 
 2026       1.754668873855e-11 
 2027       1.749695444729e-11 
 2028       1.744871275663e-11 
 2029       1.740195258412e-11 
 2030       1.735666278981e-11 
 2031       1.731283217624e-11 
 2032       1.727044948836e-11 
 2033       1.722950341342e-11 
 2034       1.718998258092e-11 
 2035       1.715187556252e-11 
 2036       1.711517087197e-11 
 2037       1.707985696504e-11 
 2038       1.704592223942e-11 
 2039       1.701335503467e-11 
 2040       1.698214363213e-11 
 2041       1.695227625486e-11 
 2042       1.692374106752e-11 
 2043       1.689652617634e-11 
 2044       1.687061962903e-11 
 2045       1.684600941470e-11 
 2046       1.682268346377e-11 
 2047       1.680062964791e-11 
 2048       1.677983577997e-11 
 2049       1.676028961389e-11 
 2050       1.674197884463e-11 
 2051       1.672488899528e-11 
 2052       1.670899706217e-11 
 2053       1.669427782427e-11 
 2054       1.668070595172e-11 
 2055       1.666825600572e-11 
 2056       1.665690243837e-11 
 2057       1.664661959252e-11 
 2058       1.663738170169e-11 
 2059       1.662916288987e-11 
 2060       1.662193717142e-11 
 2061       1.661567845091e-11 
 2062       1.661036052301e-11 
 2063       1.660595707233e-11 
 2064       1.660244167330e-11 
 2065       1.659978779002e-11 
 2066       1.659796877613e-11 
 2067       1.659695787467e-11 
 2068       1.659672821795e-11 
 2069       1.659725282740e-11 
 2070       1.659850461345e-11 
 2071       1.660045637538e-11 
 2072       1.660308080119e-11 
 2073       1.660635046746e-11 
 2074       1.661023783922e-11 
 2075       1.661471526978e-11 
 2076       1.661975500067e-11 
 2077       1.662532916141e-11 
 2078       1.663140976943e-11 
 2079       1.663796872993e-11 
 2080       1.664497783572e-11 
 2081       1.665240876712e-11 
 2082       1.666023309176e-11 
 2083       1.666842226452e-11 
 2084       1.667694762734e-11 
 2085       1.668578040910e-11 
 2086       1.669489172548e-11 
 2087       1.670425257884e-11 
 2088       1.671383385806e-11 
 2089       1.672360633839e-11 
 2090       1.673354068138e-11 
 2091       1.674360894398e-11 
 2092       1.675378911796e-11 
 2093       1.676406062201e-11 
 2094       1.677440279525e-11 
 2095       1.678479489711e-11 
 2096       1.679521610724e-11 
 2097       1.680564552544e-11 
 2098       1.681606217150e-11 
 2099       1.682644498518e-11 
 2100       1.683677282608e-11 
 2101       1.684702447352e-11 
 2102       1.685717862650e-11 
 2103       1.686721390356e-11 
 2104       1.687710884269e-11 
 2105       1.688684190127e-11 
 2106       1.689639145592e-11 
 2107       1.690573580245e-11 
 2108       1.691485315574e-11 
 2109       1.692372164967e-11 
 2110       1.693231933699e-11 
 2111       1.694062418923e-11 
 2112       1.694861409665e-11 
 2113       1.695626686809e-11 
 2114       1.696356023089e-11 
 2115       1.697047183081e-11 
 2116       1.697697923192e-11 
 2117       1.698305991652e-11 
 2118       1.698869128501e-11 
 2119       1.699385065586e-11 
 2120       1.699851526542e-11 
 2121       1.700266226792e-11 
 2122       1.700626873531e-11 
 2123       1.700931165720e-11 
 2124       1.701176794074e-11 
 2125       1.701361441054e-11 
 2126       1.701482780858e-11 
 2127       1.701538479409e-11 
 2128       1.701526194348e-11 
 2129       1.701443575023e-11 
 2130       1.701288262480e-11 
 2131       1.701058228043e-11 
 2132       1.700752791616e-11 
 2133       1.700371610356e-11 
 2134       1.699914340720e-11 
 2135       1.699380638461e-11 
 2136       1.698770158633e-11 
 2137       1.698082555586e-11 
 2138       1.697317482964e-11 
 2139       1.696474593709e-11 
 2140       1.695553540060e-11 
 2141       1.694553973547e-11 
 2142       1.693475544997e-11 
 2143       1.692317904528e-11 
 2144       1.691080701554e-11 
 2145       1.689763584779e-11 
 2146       1.688366202199e-11 
 2147       1.686888201103e-11 
 2148       1.685329228067e-11 
 2149       1.683688928959e-11 
 2150       1.681966948938e-11 
 2151       1.680162932450e-11 
 2152       1.678276523227e-11 
 2153       1.676307364292e-11 
 2154       1.674255097955e-11 
 2155       1.672119365809e-11 
 2156       1.669899808735e-11 
 2157       1.667596066900e-11 
 2158       1.665207779753e-11 
 2159       1.662734586030e-11 
 2160       1.660176123748e-11 
 2161       1.657532030208e-11 
 2162       1.654801941992e-11 
 2163       1.651985494965e-11 
 2164       1.649082324273e-11 
 2165       1.646092064340e-11 
 2166       1.643014348872e-11 
 2167       1.639848810854e-11 
 2168       1.636595082550e-11 
 2169       1.633252795500e-11 
 2170       1.629821580523e-11 
 2171       1.626301333347e-11 
 2172       1.622693013462e-11 
 2173       1.618997850651e-11 
 2174       1.615217079857e-11 
 2175       1.611351941184e-11 
 2176       1.607403679908e-11 
 2177       1.603373546480e-11 
 2178       1.599262796533e-11 
 2179       1.595072690889e-11 
 2180       1.590804495563e-11 
 2181       1.586459481773e-11 
 2182       1.582038925942e-11 
 2183       1.577544109707e-11 
 2184       1.572976319923e-11 
 2185       1.568336848671e-11 
 2186       1.563626993264e-11 
 2187       1.558848056251e-11 
 2188       1.554001345428e-11 
 2189       1.549088173836e-11 
 2190       1.544109859777e-11 
 2191       1.539067726813e-11 
 2192       1.533963103774e-11 
 2193       1.528797324765e-11 
 2194       1.523571729173e-11 
 2195       1.518287661670e-11 
 2196       1.512946472223e-11 
 2197       1.507549516097e-11 
 2198       1.502098153862e-11 
 2199       1.496593751402e-11 
 2200       1.491037679916e-11 
 2201       1.485431315928e-11 
 2202       1.479776041292e-11 
 2203       1.474073243199e-11 
 2204       1.468324314182e-11 
 2205       1.462530652121e-11 
 2206       1.456693660253e-11 
 2207       1.450814747175e-11 
 2208       1.444895326851e-11 
 2209       1.438936818618e-11 
 2210       1.432940647192e-11 
 2211       1.426908276528e-11 
 2212       1.420841311623e-11 
 2213       1.414741397395e-11 
 2214       1.408610184905e-11 
 2215       1.402449331361e-11 
 2216       1.396260500124e-11 
 2217       1.390045360716e-11 
 2218       1.383805588828e-11 
 2219       1.377542866325e-11 
 2220       1.371258881256e-11 
 2221       1.364955327857e-11 
 2222       1.358633906560e-11 
 2223       1.352296324002e-11 
 2224       1.345944293029e-11 
 2225       1.339579532703e-11 
 2226       1.333203768311e-11 
 2227       1.326818731372e-11 
 2228       1.320426159642e-11 
 2229       1.314027797121e-11 
 2230       1.307625394063e-11 
 2231       1.301220706979e-11 
 2232       1.294815498648e-11 
 2233       1.288411538122e-11 
 2234       1.282010600730e-11 
 2235       1.275614468091e-11 
 2236       1.269224928117e-11 
 2237       1.262843775021e-11 
 2238       1.256472809324e-11 
 2239       1.250113837862e-11 
 2240       1.243768673793e-11 
 2241       1.237439136603e-11 
 2242       1.231127052115e-11 
 2243       1.224834252495e-11 
 2244       1.218562576258e-11 
 2245       1.212313868278e-11 
 2246       1.206089979790e-11 
 2247       1.199892768401e-11 
 2248       1.193724098098e-11 
 2249       1.187585839249e-11 
 2250       1.181479868618e-11 
 2251       1.175407900556e-11 
 2252       1.169370979380e-11 
 2253       1.163369983712e-11 
 2254       1.157405794988e-11 
 2255       1.151479297459e-11 
 2256       1.145591378200e-11 
 2257       1.139742927106e-11 
 2258       1.133934836903e-11 
 2259       1.128168003142e-11 
 2260       1.122443324210e-11 
 2261       1.116761701329e-11 
 2262       1.111124038557e-11 
 2263       1.105531242796e-11 
 2264       1.099984223794e-11 
 2265       1.094483894142e-11 
 2266       1.089031169286e-11 
 2267       1.083626967523e-11 
 2268       1.078272210007e-11 
 2269       1.072967820753e-11 
 2270       1.067714726637e-11 
 2271       1.062513857401e-11 
 2272       1.057366145656e-11 
 2273       1.052272526884e-11 
 2274       1.047233939441e-11 
 2275       1.042251324562e-11 
 2276       1.037325626362e-11 
 2277       1.032457791839e-11 
 2278       1.027648770879e-11 
 2279       1.022899516255e-11 
 2280       1.018210983634e-11 
 2281       1.013584131580e-11 
 2282       1.009019921553e-11 
 2283       1.004519317916e-11 
 2284       1.000083287937e-11 
 2285       9.957128017892e-12 
 2286       9.914088325588e-12 
 2287       9.871723562445e-12 
 2288       9.830043517614e-12 
 2289       9.789058009445e-12 
 2290       9.748776885512e-12 
 2291       9.709207851131e-12 
 2292       9.670349939691e-12 
 2293       9.632200000658e-12 
 2294       9.594754867275e-12 
 2295       9.558011356546e-12 
 2296       9.521966269215e-12 
 2297       9.486616389744e-12 
 2298       9.451958486299e-12 
 2299       9.417989310723e-12 
 2300       9.384705598524e-12 
 2301       9.352104068848e-12 
 2302       9.320181424467e-12 
 2303       9.288934351752e-12 
 2304       9.258359520657e-12 
 2305       9.228453584701e-12 
 2306       9.199213180945e-12 
 2307       9.170634929973e-12 
 2308       9.142715435875e-12 
 2309       9.115451286224e-12 
 2310       9.088839052058e-12 
 2311       9.062875287861e-12 
 2312       9.037556531541e-12 
 2313       9.012879304414e-12 
 2314       8.988840111179e-12 
 2315       8.965435439904e-12 
 2316       8.942661762005e-12 
 2317       8.920515532221e-12 
 2318       8.898993188603e-12 
 2319       8.878091152487e-12 
 2320       8.857805828480e-12 
 2321       8.838133604434e-12 
 2322       8.819070851434e-12 
 2323       8.800613923772e-12 
 2324       8.782759158930e-12 
 2325       8.765502877560e-12 
 2326       8.748841383466e-12 
 2327       8.732770963581e-12 
 2328       8.717287887949e-12 
 2329       8.702388409707e-12 
 2330       8.688068765063e-12 
 2331       8.674324050549e-12 
 2332       8.661144847105e-12 
 2333       8.648520574753e-12 
 2334       8.636440613353e-12 
 2335       8.624894302563e-12 
 2336       8.613870941787e-12 
 2337       8.603359790137e-12 
 2338       8.593350066388e-12 
 2339       8.583830948930e-12 
 2340       8.574791575727e-12 
 2341       8.566221044271e-12 
 2342       8.558108411536e-12 
 2343       8.550442693939e-12 
 2344       8.543212867290e-12 
 2345       8.536407866749e-12 
 2346       8.530016586783e-12 
 2347       8.524027881120e-12 
 2348       8.518430562706e-12 
 2349       8.513213403661e-12 
 2350       8.508365135230e-12 
 2351       8.503874447745e-12 
 2352       8.499729990576e-12 
 2353       8.495920372089e-12 
 2354       8.492434159601e-12 
 2355       8.489259879333e-12 
 2356       8.486386016371e-12 
 2357       8.483801014615e-12 
 2358       8.481493276742e-12 
 2359       8.479451164153e-12 
 2360       8.477662996936e-12 
 2361       8.476117053818e-12 
 2362       8.474801572122e-12 
 2363       8.473704747720e-12 
 2364       8.472814734992e-12 
 2365       8.472119646778e-12 
 2366       8.471607554339e-12 
 2367       8.471266487305e-12 
 2368       8.471084433637e-12 
 2369       8.471049339580e-12 
 2370       8.471149109618e-12 
 2371       8.471372057296e-12 
 2372       8.471708260810e-12 
 2373       8.472148215697e-12 
 2374       8.472682384698e-12 
 2375       8.473301197724e-12 
 2376       8.473995051817e-12 
 2377       8.474754311119e-12 
 2378       8.475569306835e-12 
 2379       8.476430337201e-12 
 2380       8.477327667443e-12 
 2381       8.478251529752e-12 
 2382       8.479192123239e-12 
 2383       8.480139613908e-12 
 2384       8.481084134615e-12 
 2385       8.482015785038e-12 
 2386       8.482924631642e-12 
 2387       8.483800707638e-12 
 2388       8.484634012958e-12 
 2389       8.485414514210e-12 
 2390       8.486132144652e-12 
 2391       8.486776804150e-12 
 2392       8.487338359151e-12 
 2393       8.487806642639e-12 
 2394       8.488171454107e-12 
 2395       8.488422559520e-12 
 2396       8.488549691280e-12 
 2397       8.488542548192e-12 
 2398       8.488390795428e-12 
 2399       8.488084064493e-12 
 2400       8.487611953189e-12 
 2401       8.486964025584e-12 
 2402       8.486129811972e-12 
 2403       8.485098808840e-12 
 2404       8.483860478836e-12 
 2405       8.482404250731e-12 
 2406       8.480719519384e-12 
 2407       8.478795645710e-12 
 2408       8.476621956643e-12 
 2409       8.474187745101e-12 
 2410       8.471482269953e-12 
 2411       8.468496116797e-12 
 2412       8.465225289401e-12 
 2413       8.461667143040e-12 
 2414       8.457819025933e-12 
 2415       8.453678279232e-12 
 2416       8.449242237019e-12 
 2417       8.444508226297e-12 
 2418       8.439473566986e-12 
 2419       8.434135571911e-12 
 2420       8.428491546802e-12 
 2421       8.422538790282e-12 
 2422       8.416274593864e-12 
 2423       8.409696241940e-12 
 2424       8.402801011780e-12 
 2425       8.395586173519e-12 
 2426       8.388048990155e-12 
 2427       8.380186717540e-12 
 2428       8.371996604374e-12 
 2429       8.363475892198e-12 
 2430       8.354621815388e-12 
 2431       8.345431601148e-12 
 2432       8.335902469500e-12 
 2433       8.326031633283e-12 
 2434       8.315816298144e-12 
 2435       8.305253662528e-12 
 2436       8.294340917677e-12 
 2437       8.283075247617e-12 
 2438       8.271453829158e-12 
 2439       8.259473831881e-12 
 2440       8.247132418136e-12 
 2441       8.234426743032e-12 
 2442       8.221353954432e-12 
 2443       8.207911192947e-12 
 2444       8.194095591927e-12 
 2445       8.179904277455e-12 
 2446       8.165334368342e-12 
 2447       8.150382976118e-12 
 2448       8.135047205026e-12 
 2449       8.119324152018e-12 
 2450       8.103210906742e-12 
 2451       8.086705886370e-12 
 2452       8.069812848790e-12 
 2453       8.052536903370e-12 
 2454       8.034883178332e-12 
 2455       8.016856820769e-12 
 2456       7.998462996662e-12 
 2457       7.979706890907e-12 
 2458       7.960593707330e-12 
 2459       7.941128668705e-12 
 2460       7.921317016779e-12 
 2461       7.901164012292e-12 
 2462       7.880674934989e-12 
 2463       7.859855083651e-12 
 2464       7.838709776106e-12 
 2465       7.817244349254e-12 
 2466       7.795464159085e-12 
 2467       7.773374580699e-12 
 2468       7.750981008325e-12 
 2469       7.728288855346e-12 
 2470       7.705303554309e-12 
 2471       7.682030556957e-12 
 2472       7.658475334239e-12 
 2473       7.634643376334e-12 
 2474       7.610540192673e-12 
 2475       7.586171311954e-12 
 2476       7.561542282167e-12 
 2477       7.536658670608e-12 
 2478       7.511526063906e-12 
 2479       7.486150068037e-12 
 2480       7.460536308348e-12 
 2481       7.434690429573e-12 
 2482       7.408618095857e-12 
 2483       7.382324990772e-12 
 2484       7.355816817342e-12 
 2485       7.329099298055e-12 
 2486       7.302178174894e-12 
 2487       7.275059209344e-12 
 2488       7.247748182425e-12 
 2489       7.220250894700e-12 
 2490       7.192573166304e-12 
 2491       7.164717974284e-12 
 2492       7.136676846213e-12 
 2493       7.108438416024e-12 
 2494       7.079991282064e-12 
 2495       7.051324007047e-12 
 2496       7.022425118031e-12 
 2497       6.993283106373e-12 
 2498       6.963886427696e-12 
 2499       6.934223501859e-12 
 2500       6.904282712913e-12 
