# dimensionless total [l(l+1)/2pi] C_l's
# for l=2 to 2500, i.e. number of multipoles equal to 2499
#
# -> if you prefer output in CAMB/HealPix/LensPix units/order, set 'format' to 'camb' in input file
# -> if you don't want to see such a header, set 'headers' to 'no' in input file
#
# 1:l     2:TT                 
    2       2.769470971083e-10 
    3       2.484744980842e-10 
    4       2.263272568968e-10 
    5       2.098166221884e-10 
    6       1.975345283397e-10 
    7       1.882955276248e-10 
    8       1.812109267768e-10 
    9       1.756990819337e-10 
   10       1.712995198640e-10 
   11       1.678477452620e-10 
   12       1.651492595602e-10 
   13       1.629453292905e-10 
   14       1.612340046465e-10 
   15       1.599048830895e-10 
   16       1.589627124022e-10 
   17       1.583067123600e-10 
   18       1.579002902594e-10 
   19       1.577719855096e-10 
   20       1.578584191184e-10 
   21       1.581518220391e-10 
   22       1.586070155937e-10 
   23       1.592214432540e-10 
   24       1.599720024393e-10 
   25       1.608716975464e-10 
   26       1.619166506443e-10 
   27       1.630956740740e-10 
   28       1.643795267620e-10 
   29       1.657746087729e-10 
   30       1.672781127880e-10 
   31       1.688702528162e-10 
   32       1.705564357142e-10 
   33       1.723367858953e-10 
   34       1.741997896525e-10 
   35       1.761454576206e-10 
   36       1.781675482217e-10 
   37       1.802529526239e-10 
   38       1.824054073842e-10 
   39       1.846278567887e-10 
   40       1.869150406012e-10 
   41       1.892577443177e-10 
   42       1.916592134353e-10 
   43       1.941226826170e-10 
   44       1.966462812866e-10 
   45       1.992255683443e-10 
   46       2.018631779616e-10 
   47       2.045612360332e-10 
   48       2.073182917837e-10 
   49       2.101290086365e-10 
   50       2.129868826307e-10 
   51       2.158939847492e-10 
   52       2.188533286832e-10 
   53       2.218659117052e-10 
   54       2.249305480112e-10 
   55       2.280451196144e-10 
   56       2.312110747249e-10 
   57       2.344297549488e-10 
   58       2.377009666396e-10 
   59       2.410228694690e-10 
   60       2.443918649976e-10 
   61       2.478041937606e-10 
   62       2.512613975180e-10 
   63       2.547658909113e-10 
   64       2.583193050537e-10 
   65       2.619224303101e-10 
   66       2.655751590784e-10 
   67       2.692764285696e-10 
   68       2.730249509885e-10 
   69       2.768217037810e-10 
   70       2.806678435040e-10 
   71       2.845639266549e-10 
   72       2.885098725908e-10 
   73       2.925049264473e-10 
   74       2.965476220572e-10 
   75       3.006357448696e-10 
   76       3.047671150155e-10 
   77       3.089421833320e-10 
   78       3.131618435662e-10 
   79       3.174266342891e-10 
   80       3.217367186325e-10 
   81       3.260918640254e-10 
   82       3.304914219307e-10 
   83       3.349343075817e-10 
   84       3.394193757173e-10 
   85       3.439466637426e-10 
   86       3.485163184643e-10 
   87       3.531282050082e-10 
   88       3.577818932119e-10 
   89       3.624766440161e-10 
   90       3.672113958572e-10 
   91       3.719847510588e-10 
   92       3.767949622244e-10 
   93       3.816403222885e-10 
   94       3.865204313341e-10 
   95       3.914350960320e-10 
   96       3.963839349981e-10 
   97       4.013663707269e-10 
   98       4.063816215244e-10 
   99       4.114286934412e-10 
  100       4.165063722052e-10 
  101       4.216132151550e-10 
  102       4.267475431727e-10 
  103       4.319074326166e-10 
  104       4.370910120268e-10 
  105       4.422974152608e-10 
  106       4.475259426726e-10 
  107       4.527757631774e-10 
  108       4.580459095338e-10 
  109       4.633352736259e-10 
  110       4.686426017457e-10 
  111       4.739664898748e-10 
  112       4.793053789669e-10 
  113       4.846575502298e-10 
  114       4.900211204077e-10 
  115       4.953940370631e-10 
  116       5.007742902350e-10 
  117       5.061605866934e-10 
  118       5.115517491837e-10 
  119       5.169465046113e-10 
  120       5.223434812374e-10 
  121       5.277412058738e-10 
  122       5.331381010785e-10 
  123       5.385324823509e-10 
  124       5.439225553270e-10 
  125       5.493064129749e-10 
  126       5.546820327898e-10 
  127       5.600472739895e-10 
  128       5.653998747097e-10 
  129       5.707376373805e-10 
  130       5.760590138071e-10 
  131       5.813625792716e-10 
  132       5.866468486615e-10 
  133       5.919102750112e-10 
  134       5.971512480439e-10 
  135       6.023680927136e-10 
  136       6.075590677467e-10 
  137       6.127223641842e-10 
  138       6.178561039232e-10 
  139       6.229583382589e-10 
  140       6.280270464265e-10 
  141       6.330601341427e-10 
  142       6.380554321481e-10 
  143       6.430106947486e-10 
  144       6.479237529039e-10 
  145       6.527929935803e-10 
  146       6.576169251040e-10 
  147       6.623940262928e-10 
  148       6.671227458862e-10 
  149       6.718015019758e-10 
  150       6.764286814351e-10 
  151       6.810026393493e-10 
  152       6.855216984458e-10 
  153       6.899841485240e-10 
  154       6.943882458853e-10 
  155       6.987322127633e-10 
  156       7.030142367537e-10 
  157       7.072324702443e-10 
  158       7.113850298453e-10 
  159       7.154699958191e-10 
  160       7.194854115103e-10 
  161       7.234294088729e-10 
  162       7.273005987213e-10 
  163       7.310977140615e-10 
  164       7.348194871083e-10 
  165       7.384646492953e-10 
  166       7.420319312853e-10 
  167       7.455200629807e-10 
  168       7.489277735330e-10 
  169       7.522537913538e-10 
  170       7.554968441245e-10 
  171       7.586556588066e-10 
  172       7.617289616520e-10 
  173       7.647154782131e-10 
  174       7.676139333529e-10 
  175       7.704230512556e-10 
  176       7.731415554363e-10 
  177       7.757681687514e-10 
  178       7.783016134089e-10 
  179       7.807406109784e-10 
  180       7.830839681309e-10 
  181       7.853308414563e-10 
  182       7.874804937645e-10 
  183       7.895322105710e-10 
  184       7.914853004227e-10 
  185       7.933390952245e-10 
  186       7.950929505645e-10 
  187       7.967462460405e-10 
  188       7.982983855858e-10 
  189       7.997487977949e-10 
  190       8.010969362500e-10 
  191       8.023422798463e-10 
  192       8.034843331187e-10 
  193       8.045226265670e-10 
  194       8.054567169825e-10 
  195       8.062861877733e-10 
  196       8.070106492911e-10 
  197       8.076297391564e-10 
  198       8.081431225847e-10 
  199       8.085504927128e-10 
  200       8.088515709242e-10 
  201       8.090461439910e-10 
  202       8.091341777775e-10 
  203       8.091157122965e-10 
  204       8.089908260557e-10 
  205       8.087596364926e-10 
  206       8.084223004091e-10 
  207       8.079790144062e-10 
  208       8.074300153192e-10 
  209       8.067755806518e-10 
  210       8.060160290116e-10 
  211       8.051517205442e-10 
  212       8.041830573683e-10 
  213       8.031104840106e-10 
  214       8.019344878403e-10 
  215       8.006555995040e-10 
  216       7.992743933603e-10 
  217       7.977914879148e-10 
  218       7.962075462548e-10 
  219       7.945232764840e-10 
  220       7.927394321573e-10 
  221       7.908568127156e-10 
  222       7.888762639204e-10 
  223       7.867986782890e-10 
  224       7.846249679057e-10 
  225       7.823559800158e-10 
  226       7.799925768458e-10 
  227       7.775356631058e-10 
  228       7.749861863580e-10 
  229       7.723451373858e-10 
  230       7.696135505632e-10 
  231       7.667925042234e-10 
  232       7.638831210278e-10 
  233       7.608865683353e-10 
  234       7.578040585709e-10 
  235       7.546368495951e-10 
  236       7.513862450725e-10 
  237       7.480535948412e-10 
  238       7.446402952815e-10 
  239       7.411477896849e-10 
  240       7.375775686235e-10 
  241       7.339311703183e-10 
  242       7.302101810090e-10 
  243       7.264162353223e-10 
  244       7.225510166412e-10 
  245       7.186162574742e-10 
  246       7.146137398238e-10 
  247       7.105452955562e-10 
  248       7.064128067694e-10 
  249       7.022182061631e-10 
  250       6.979633791094e-10 
  251       6.936498628387e-10 
  252       6.892791306070e-10 
  253       6.848526886114e-10 
  254       6.803720761708e-10 
  255       6.758388659073e-10 
  256       6.712546639270e-10 
  257       6.666211100011e-10 
  258       6.619398777467e-10 
  259       6.572126748081e-10 
  260       6.524412430378e-10 
  261       6.476273586772e-10 
  262       6.427728325382e-10 
  263       6.378795101835e-10 
  264       6.329492721083e-10 
  265       6.279840339207e-10 
  266       6.229857465233e-10 
  267       6.179563962938e-10 
  268       6.128980052662e-10 
  269       6.078126313118e-10 
  270       6.027023683201e-10 
  271       5.975693463802e-10 
  272       5.924157319612e-10 
  273       5.872437280938e-10 
  274       5.820555745509e-10 
  275       5.768535480290e-10 
  276       5.716399623289e-10 
  277       5.664171685368e-10 
  278       5.611875552055e-10 
  279       5.559533936571e-10 
  280       5.507163646481e-10 
  281       5.454780075343e-10 
  282       5.402398728831e-10 
  283       5.350035224171e-10 
  284       5.297705289565e-10 
  285       5.245424763629e-10 
  286       5.193209594821e-10 
  287       5.141075840870e-10 
  288       5.089039668213e-10 
  289       5.037117351419e-10 
  290       4.985325272627e-10 
  291       4.933679920970e-10 
  292       4.882197892015e-10 
  293       4.830895887183e-10 
  294       4.779790713191e-10 
  295       4.728899281476e-10 
  296       4.678238607629e-10 
  297       4.627825810825e-10 
  298       4.577678113255e-10 
  299       4.527812839556e-10 
  300       4.478247416244e-10 
  301       4.428999371142e-10 
  302       4.380086332816e-10 
  303       4.331526030000e-10 
  304       4.283336291032e-10 
  305       4.235535043283e-10 
  306       4.188140312589e-10 
  307       4.141170222680e-10 
  308       4.094642994615e-10 
  309       4.048576946209e-10 
  310       4.002990491466e-10 
  311       3.957902140012e-10 
  312       3.913328956353e-10 
  313       3.869281859823e-10 
  314       3.825770105449e-10 
  315       3.782802801999e-10 
  316       3.740388909530e-10 
  317       3.698537236919e-10 
  318       3.657256439405e-10 
  319       3.616555016130e-10 
  320       3.576441307671e-10 
  321       3.536923493585e-10 
  322       3.498009589943e-10 
  323       3.459707446870e-10 
  324       3.422024746087e-10 
  325       3.384968998443e-10 
  326       3.348547541458e-10 
  327       3.312767536863e-10 
  328       3.277635968131e-10 
  329       3.243159638026e-10 
  330       3.209345166133e-10 
  331       3.176198986401e-10 
  332       3.143727344680e-10 
  333       3.111936296258e-10 
  334       3.080831703405e-10 
  335       3.050419232906e-10 
  336       3.020704353601e-10 
  337       2.991692333924e-10 
  338       2.963388239444e-10 
  339       2.935796930397e-10 
  340       2.908923059233e-10 
  341       2.882771068148e-10 
  342       2.857345186624e-10 
  343       2.832649428970e-10 
  344       2.808687591858e-10 
  345       2.785463251864e-10 
  346       2.762979763002e-10 
  347       2.741240254268e-10 
  348       2.720247627175e-10 
  349       2.700004082298e-10 
  350       2.680509682225e-10 
  351       2.661763724097e-10 
  352       2.643765202297e-10 
  353       2.626512805531e-10 
  354       2.610004913903e-10 
  355       2.594239595989e-10 
  356       2.579214605914e-10 
  357       2.564927380429e-10 
  358       2.551375035984e-10 
  359       2.538554365807e-10 
  360       2.526461836978e-10 
  361       2.515093587504e-10 
  362       2.504445423397e-10 
  363       2.494512815750e-10 
  364       2.485290897811e-10 
  365       2.476774462057e-10 
  366       2.468957957277e-10 
  367       2.461835485639e-10 
  368       2.455400799774e-10 
  369       2.449647299845e-10 
  370       2.444568030626e-10 
  371       2.440155678580e-10 
  372       2.436402568930e-10 
  373       2.433300662738e-10 
  374       2.430841553981e-10 
  375       2.429016466626e-10 
  376       2.427816251704e-10 
  377       2.427231384390e-10 
  378       2.427251961074e-10 
  379       2.427867696443e-10 
  380       2.429067920550e-10 
  381       2.430841575894e-10 
  382       2.433177214495e-10 
  383       2.436062994971e-10 
  384       2.439486679610e-10 
  385       2.443435631452e-10 
  386       2.447896811357e-10 
  387       2.452856775088e-10 
  388       2.458302821731e-10 
  389       2.464226492286e-10 
  390       2.470620196205e-10 
  391       2.477476069862e-10 
  392       2.484785974539e-10 
  393       2.492541494421e-10 
  394       2.500733934586e-10 
  395       2.509354318999e-10 
  396       2.518393388498e-10 
  397       2.527841598789e-10 
  398       2.537689118436e-10 
  399       2.547925826854e-10 
  400       2.558541312297e-10 
  401       2.569524869852e-10 
  402       2.580865499428e-10 
  403       2.592551903751e-10 
  404       2.604572486350e-10 
  405       2.616915349552e-10 
  406       2.629568292473e-10 
  407       2.642518809007e-10 
  408       2.655754085819e-10 
  409       2.669261000337e-10 
  410       2.683026118741e-10 
  411       2.697035693954e-10 
  412       2.711275663639e-10 
  413       2.725731648180e-10 
  414       2.740388948683e-10 
  415       2.755232544963e-10 
  416       2.770247093533e-10 
  417       2.785416925601e-10 
  418       2.800726045056e-10 
  419       2.816158126460e-10 
  420       2.831696513044e-10 
  421       2.847324214693e-10 
  422       2.863023905940e-10 
  423       2.878777923958e-10 
  424       2.894568266550e-10 
  425       2.910376590141e-10 
  426       2.926184207767e-10 
  427       2.941974191829e-10 
  428       2.957737765222e-10 
  429       2.973468123688e-10 
  430       2.989158350088e-10 
  431       3.004801413764e-10 
  432       3.020390169920e-10 
  433       3.035917358993e-10 
  434       3.051375606024e-10 
  435       3.066757420036e-10 
  436       3.082055193403e-10 
  437       3.097261201224e-10 
  438       3.112367600697e-10 
  439       3.127366430495e-10 
  440       3.142249610133e-10 
  441       3.157008939347e-10 
  442       3.171636097463e-10 
  443       3.186122642775e-10 
  444       3.200460011912e-10 
  445       3.214639519217e-10 
  446       3.228652356118e-10 
  447       3.242489590500e-10 
  448       3.256142166080e-10 
  449       3.269600901779e-10 
  450       3.282856491098e-10 
  451       3.295899501487e-10 
  452       3.308720373721e-10 
  453       3.321309421273e-10 
  454       3.333656829687e-10 
  455       3.345752655950e-10 
  456       3.357586827867e-10 
  457       3.369149143434e-10 
  458       3.380429270212e-10 
  459       3.391416744696e-10 
  460       3.402100971694e-10 
  461       3.412471223697e-10 
  462       3.422516640252e-10 
  463       3.432226227337e-10 
  464       3.441588856732e-10 
  465       3.450593265397e-10 
  466       3.459229888704e-10 
  467       3.467496424390e-10 
  468       3.475392440962e-10 
  469       3.482917559909e-10 
  470       3.490071456087e-10 
  471       3.496853858103e-10 
  472       3.503264548697e-10 
  473       3.509303365130e-10 
  474       3.514970199566e-10 
  475       3.520264999457e-10 
  476       3.525187767929e-10 
  477       3.529738564165e-10 
  478       3.533917503788e-10 
  479       3.537724759249e-10 
  480       3.541160560209e-10 
  481       3.544225193924e-10 
  482       3.546919005630e-10 
  483       3.549242398927e-10 
  484       3.551195836163e-10 
  485       3.552779838820e-10 
  486       3.553994987896e-10 
  487       3.554841924291e-10 
  488       3.555321349194e-10 
  489       3.555434024461e-10 
  490       3.555180773006e-10 
  491       3.554562479182e-10 
  492       3.553580089167e-10 
  493       3.552234611345e-10 
  494       3.550527116696e-10 
  495       3.548458739177e-10 
  496       3.546030676106e-10 
  497       3.543244188549e-10 
  498       3.540100601703e-10 
  499       3.536601305280e-10 
  500       3.532747753890e-10 
  501       3.528541467431e-10 
  502       3.523984031469e-10 
  503       3.519077097621e-10 
  504       3.513822383943e-10 
  505       3.508222264939e-10 
  506       3.502281559485e-10 
  507       3.496005795173e-10 
  508       3.489400623999e-10 
  509       3.482471823028e-10 
  510       3.475225295054e-10 
  511       3.467667069263e-10 
  512       3.459803301891e-10 
  513       3.451640276889e-10 
  514       3.443184406583e-10 
  515       3.434442232335e-10 
  516       3.425420425202e-10 
  517       3.416125786605e-10 
  518       3.406565248981e-10 
  519       3.396745876450e-10 
  520       3.386674865475e-10 
  521       3.376359545524e-10 
  522       3.365807379730e-10 
  523       3.355025965553e-10 
  524       3.344023035442e-10 
  525       3.332806457496e-10 
  526       3.321384236123e-10 
  527       3.309764512707e-10 
  528       3.297955566264e-10 
  529       3.285965814104e-10 
  530       3.273803812496e-10 
  531       3.261478257325e-10 
  532       3.248997984758e-10 
  533       3.236371971899e-10 
  534       3.223609337457e-10 
  535       3.210719342403e-10 
  536       3.197711390633e-10 
  537       3.184595029630e-10 
  538       3.171379951124e-10 
  539       3.158075991752e-10 
  540       3.144693133725e-10 
  541       3.131241505481e-10 
  542       3.117731382355e-10 
  543       3.104173187235e-10 
  544       3.090576749633e-10 
  545       3.076949059765e-10 
  546       3.063296455681e-10 
  547       3.049625359773e-10 
  548       3.035942279141e-10 
  549       3.022253805952e-10 
  550       3.008566617802e-10 
  551       2.994887478076e-10 
  552       2.981223236310e-10 
  553       2.967580828553e-10 
  554       2.953967277729e-10 
  555       2.940389693993e-10 
  556       2.926855275100e-10 
  557       2.913371306758e-10 
  558       2.899945162996e-10 
  559       2.886584306522e-10 
  560       2.873296289085e-10 
  561       2.860088751835e-10 
  562       2.846969425685e-10 
  563       2.833946131674e-10 
  564       2.821026781324e-10 
  565       2.808219377005e-10 
  566       2.795532012296e-10 
  567       2.782972872344e-10 
  568       2.770550234226e-10 
  569       2.758272467310e-10 
  570       2.746148033619e-10 
  571       2.734185488188e-10 
  572       2.722393479428e-10 
  573       2.710780749486e-10 
  574       2.699356134605e-10 
  575       2.688128565490e-10 
  576       2.677107067664e-10 
  577       2.666300761831e-10 
  578       2.655718864237e-10 
  579       2.645370687034e-10 
  580       2.635265638635e-10 
  581       2.625413224082e-10 
  582       2.615823045402e-10 
  583       2.606503494547e-10 
  584       2.597457795591e-10 
  585       2.588687864372e-10 
  586       2.580195606872e-10 
  587       2.571982919116e-10 
  588       2.564051687071e-10 
  589       2.556403786550e-10 
  590       2.549041083110e-10 
  591       2.541965431952e-10 
  592       2.535178677823e-10 
  593       2.528682654915e-10 
  594       2.522479186767e-10 
  595       2.516570086163e-10 
  596       2.510957155035e-10 
  597       2.505642184363e-10 
  598       2.500626954072e-10 
  599       2.495913232937e-10 
  600       2.491502778480e-10 
  601       2.487397336874e-10 
  602       2.483598642840e-10 
  603       2.480108419547e-10 
  604       2.476928378517e-10 
  605       2.474060219521e-10 
  606       2.471505630479e-10 
  607       2.469266287365e-10 
  608       2.467343854104e-10 
  609       2.465739982471e-10 
  610       2.464456311996e-10 
  611       2.463494469860e-10 
  612       2.462856070799e-10 
  613       2.462542717000e-10 
  614       2.462555998005e-10 
  615       2.462897490613e-10 
  616       2.463568758773e-10 
  617       2.464571353493e-10 
  618       2.465906812736e-10 
  619       2.467576661318e-10 
  620       2.469582410815e-10 
  621       2.471925559459e-10 
  622       2.474606725509e-10 
  623       2.477623025283e-10 
  624       2.480970633510e-10 
  625       2.484645643931e-10 
  626       2.488644068932e-10 
  627       2.492961839176e-10 
  628       2.497594803232e-10 
  629       2.502538727211e-10 
  630       2.507789294399e-10 
  631       2.513342104884e-10 
  632       2.519192675190e-10 
  633       2.525336437913e-10 
  634       2.531768741347e-10 
  635       2.538484849121e-10 
  636       2.545479939827e-10 
  637       2.552749106656e-10 
  638       2.560287357027e-10 
  639       2.568089612220e-10 
  640       2.576150707009e-10 
  641       2.584465389294e-10 
  642       2.593028319729e-10 
  643       2.601834071362e-10 
  644       2.610877129259e-10 
  645       2.620151890140e-10 
  646       2.629652662013e-10 
  647       2.639373663801e-10 
  648       2.649309024977e-10 
  649       2.659452785198e-10 
  650       2.669798893931e-10 
  651       2.680341210092e-10 
  652       2.691073501675e-10 
  653       2.701989445381e-10 
  654       2.713082626256e-10 
  655       2.724346537319e-10 
  656       2.735774579196e-10 
  657       2.747360059749e-10 
  658       2.759096193712e-10 
  659       2.770976102321e-10 
  660       2.782992812947e-10 
  661       2.795139409424e-10 
  662       2.807409487424e-10 
  663       2.819796708394e-10 
  664       2.832294649449e-10 
  665       2.844896803037e-10 
  666       2.857596576619e-10 
  667       2.870387292340e-10 
  668       2.883262186701e-10 
  669       2.896214410234e-10 
  670       2.909237027175e-10 
  671       2.922323015138e-10 
  672       2.935465264786e-10 
  673       2.948656579510e-10 
  674       2.961889675094e-10 
  675       2.975157179396e-10 
  676       2.988451632016e-10 
  677       3.001765483975e-10 
  678       3.015091097382e-10 
  679       3.028420745112e-10 
  680       3.041746610477e-10 
  681       3.055060786902e-10 
  682       3.068355277593e-10 
  683       3.081621995219e-10 
  684       3.094852761576e-10 
  685       3.108039307268e-10 
  686       3.121173271374e-10 
  687       3.134246201128e-10 
  688       3.147249551586e-10 
  689       3.160174685304e-10 
  690       3.173012872010e-10 
  691       3.185755288275e-10 
  692       3.198393017190e-10 
  693       3.210917048039e-10 
  694       3.223318275969e-10 
  695       3.235587501666e-10 
  696       3.247715431030e-10 
  697       3.259692674844e-10 
  698       3.271509748450e-10 
  699       3.283157071424e-10 
  700       3.294625930110e-10 
  701       3.305911387888e-10 
  702       3.317009434885e-10 
  703       3.327916030506e-10 
  704       3.338627103347e-10 
  705       3.349138551100e-10 
  706       3.359446240466e-10 
  707       3.369546007059e-10 
  708       3.379433655320e-10 
  709       3.389104958422e-10 
  710       3.398555658179e-10 
  711       3.407781464960e-10 
  712       3.416778057590e-10 
  713       3.425541083264e-10 
  714       3.434066157454e-10 
  715       3.442348863821e-10 
  716       3.450384754118e-10 
  717       3.458169348103e-10 
  718       3.465698133450e-10 
  719       3.472966565650e-10 
  720       3.479970067928e-10 
  721       3.486704031147e-10 
  722       3.493163813721e-10 
  723       3.499344741517e-10 
  724       3.505242107772e-10 
  725       3.510851172996e-10 
  726       3.516167164882e-10 
  727       3.521185278218e-10 
  728       3.525900674793e-10 
  729       3.530308483304e-10 
  730       3.534403799270e-10 
  731       3.538181684936e-10 
  732       3.541637169186e-10 
  733       3.544765247448e-10 
  734       3.547560881605e-10 
  735       3.550018999904e-10 
  736       3.552134496865e-10 
  737       3.553902233186e-10 
  738       3.555317035659e-10 
  739       3.556374742708e-10 
  740       3.557075363848e-10 
  741       3.557419982407e-10 
  742       3.557409715675e-10 
  743       3.557045715044e-10 
  744       3.556329166149e-10 
  745       3.555261288999e-10 
  746       3.553843338123e-10 
  747       3.552076602702e-10 
  748       3.549962406714e-10 
  749       3.547502109065e-10 
  750       3.544697103732e-10 
  751       3.541548819902e-10 
  752       3.538058722106e-10 
  753       3.534228310360e-10 
  754       3.530059120305e-10 
  755       3.525552723341e-10 
  756       3.520710726769e-10 
  757       3.515534773927e-10 
  758       3.510026544332e-10 
  759       3.504187753811e-10 
  760       3.498020154647e-10 
  761       3.491525535714e-10 
  762       3.484705722614e-10 
  763       3.477562577819e-10 
  764       3.470098000804e-10 
  765       3.462313928190e-10 
  766       3.454212333882e-10 
  767       3.445795229204e-10 
  768       3.437064663039e-10 
  769       3.428022721969e-10 
  770       3.418671530411e-10 
  771       3.409013250756e-10 
  772       3.399050083509e-10 
  773       3.388784267423e-10 
  774       3.378218079643e-10 
  775       3.367353835838e-10 
  776       3.356193890346e-10 
  777       3.344740636307e-10 
  778       3.332996925564e-10 
  779       3.320967336717e-10 
  780       3.308656931119e-10 
  781       3.296070835499e-10 
  782       3.283214242175e-10 
  783       3.270092409281e-10 
  784       3.256710660986e-10 
  785       3.243074387715e-10 
  786       3.229189046374e-10 
  787       3.215060160567e-10 
  788       3.200693320818e-10 
  789       3.186094184796e-10 
  790       3.171268477533e-10 
  791       3.156221991646e-10 
  792       3.140960587560e-10 
  793       3.125490193728e-10 
  794       3.109816806850e-10 
  795       3.093946492102e-10 
  796       3.077885383348e-10 
  797       3.061639683369e-10 
  798       3.045215664079e-10 
  799       3.028619666751e-10 
  800       3.011858102234e-10 
  801       2.994937451177e-10 
  802       2.977864264253e-10 
  803       2.960645162372e-10 
  804       2.943286836912e-10 
  805       2.925796049934e-10 
  806       2.908179634408e-10 
  807       2.890444494430e-10 
  808       2.872597605445e-10 
  809       2.854646014471e-10 
  810       2.836596840317e-10 
  811       2.818457273804e-10 
  812       2.800234577992e-10 
  813       2.781936088395e-10 
  814       2.763569213204e-10 
  815       2.745141433512e-10 
  816       2.726660303531e-10 
  817       2.708133038824e-10 
  818       2.689565272486e-10 
  819       2.670962277185e-10 
  820       2.652329375286e-10 
  821       2.633671938999e-10 
  822       2.614995390529e-10 
  823       2.596305202217e-10 
  824       2.577606896694e-10 
  825       2.558906047026e-10 
  826       2.540208276860e-10 
  827       2.521519260575e-10 
  828       2.502844723424e-10 
  829       2.484190441687e-10 
  830       2.465562242817e-10 
  831       2.446966005582e-10 
  832       2.428407660223e-10 
  833       2.409893188590e-10 
  834       2.391428624298e-10 
  835       2.373020052871e-10 
  836       2.354673611888e-10 
  837       2.336395491134e-10 
  838       2.318191932745e-10 
  839       2.300069231354e-10 
  840       2.282033734244e-10 
  841       2.264091841490e-10 
  842       2.246250006107e-10 
  843       2.228514734201e-10 
  844       2.210892585113e-10 
  845       2.193390171569e-10 
  846       2.176014159823e-10 
  847       2.158771269810e-10 
  848       2.141668275291e-10 
  849       2.124712004000e-10 
  850       2.107909337790e-10 
  851       2.091267212784e-10 
  852       2.074792619522e-10 
  853       2.058492603103e-10 
  854       2.042374263341e-10 
  855       2.026444754905e-10 
  856       2.010710413897e-10 
  857       1.995174120959e-10 
  858       1.979837893489e-10 
  859       1.964703755150e-10 
  860       1.949773735872e-10 
  861       1.935049871854e-10 
  862       1.920534205573e-10 
  863       1.906228785786e-10 
  864       1.892135667535e-10 
  865       1.878256912151e-10 
  866       1.864594587260e-10 
  867       1.851150766785e-10 
  868       1.837927530955e-10 
  869       1.824926966304e-10 
  870       1.812151165678e-10 
  871       1.799602228243e-10 
  872       1.787282259482e-10 
  873       1.775193371208e-10 
  874       1.763337681561e-10 
  875       1.751717315017e-10 
  876       1.740334402393e-10 
  877       1.729191080848e-10 
  878       1.718289493890e-10 
  879       1.707631791380e-10 
  880       1.697220129538e-10 
  881       1.687056670943e-10 
  882       1.677143584545e-10 
  883       1.667483045661e-10 
  884       1.658077235987e-10 
  885       1.648928343596e-10 
  886       1.640038562950e-10 
  887       1.631410094896e-10 
  888       1.623045146678e-10 
  889       1.614945931938e-10 
  890       1.607114670718e-10 
  891       1.599553589473e-10 
  892       1.592264921064e-10 
  893       1.585250904773e-10 
  894       1.578513786302e-10 
  895       1.572055101333e-10 
  896       1.565873513398e-10 
  897       1.559966940747e-10 
  898       1.554333269496e-10 
  899       1.548970353526e-10 
  900       1.543876014376e-10 
  901       1.539048041142e-10 
  902       1.534484190375e-10 
  903       1.530182185980e-10 
  904       1.526139719108e-10 
  905       1.522354448059e-10 
  906       1.518823998177e-10 
  907       1.515545961746e-10 
  908       1.512517897890e-10 
  909       1.509737332468e-10 
  910       1.507201757973e-10 
  911       1.504908633428e-10 
  912       1.502855384285e-10 
  913       1.501039402320e-10 
  914       1.499458045533e-10 
  915       1.498108638042e-10 
  916       1.496988469985e-10 
  917       1.496094797412e-10 
  918       1.495424842187e-10 
  919       1.494975791881e-10 
  920       1.494744799675e-10 
  921       1.494728984250e-10 
  922       1.494925429692e-10 
  923       1.495331185382e-10 
  924       1.495943265900e-10 
  925       1.496758650917e-10 
  926       1.497774285096e-10 
  927       1.498987077988e-10 
  928       1.500393903927e-10 
  929       1.501991601933e-10 
  930       1.503776975602e-10 
  931       1.505746793012e-10 
  932       1.507897786610e-10 
  933       1.510226653120e-10 
  934       1.512729931427e-10 
  935       1.515403634375e-10 
  936       1.518243611009e-10 
  937       1.521245667947e-10 
  938       1.524405569249e-10 
  939       1.527719036309e-10 
  940       1.531181747727e-10 
  941       1.534789339194e-10 
  942       1.538537403372e-10 
  943       1.542421489774e-10 
  944       1.546437104643e-10 
  945       1.550579710836e-10 
  946       1.554844727702e-10 
  947       1.559227530963e-10 
  948       1.563723452597e-10 
  949       1.568327780712e-10 
  950       1.573035759436e-10 
  951       1.577842588789e-10 
  952       1.582743424569e-10 
  953       1.587733378229e-10 
  954       1.592807516761e-10 
  955       1.597960862574e-10 
  956       1.603188393376e-10 
  957       1.608485042052e-10 
  958       1.613845696549e-10 
  959       1.619265199752e-10 
  960       1.624738349368e-10 
  961       1.630259897806e-10 
  962       1.635824552053e-10 
  963       1.641426973563e-10 
  964       1.647061778130e-10 
  965       1.652723535771e-10 
  966       1.658406770610e-10 
  967       1.664105960753e-10 
  968       1.669815538171e-10 
  969       1.675529888583e-10 
  970       1.681243351331e-10 
  971       1.686950219267e-10 
  972       1.692644738629e-10 
  973       1.698321564962e-10 
  974       1.703977138617e-10 
  975       1.709608329659e-10 
  976       1.715211983645e-10 
  977       1.720784921556e-10 
  978       1.726323939737e-10 
  979       1.731825809836e-10 
  980       1.737287278743e-10 
  981       1.742705068526e-10 
  982       1.748075876372e-10 
  983       1.753396374522e-10 
  984       1.758663210214e-10 
  985       1.763873005616e-10 
  986       1.769022357769e-10 
  987       1.774107838521e-10 
  988       1.779125994469e-10 
  989       1.784073346896e-10 
  990       1.788946391708e-10 
  991       1.793741599375e-10 
  992       1.798455414866e-10 
  993       1.803084257589e-10 
  994       1.807624521332e-10 
  995       1.812072574195e-10 
  996       1.816424758535e-10 
  997       1.820677390900e-10 
  998       1.824826761968e-10 
  999       1.828869136486e-10 
 1000       1.832800753211e-10 
 1001       1.836617824841e-10 
 1002       1.840316537961e-10 
 1003       1.843893052976e-10 
 1004       1.847343504055e-10 
 1005       1.850663999061e-10 
 1006       1.853850619498e-10 
 1007       1.856899420443e-10 
 1008       1.859806430488e-10 
 1009       1.862567651676e-10 
 1010       1.865179059440e-10 
 1011       1.867636602543e-10 
 1012       1.869936854039e-10 
 1013       1.872078974575e-10 
 1014       1.874062777307e-10 
 1015       1.875888079457e-10 
 1016       1.877554702331e-10 
 1017       1.879062471327e-10 
 1018       1.880411215957e-10 
 1019       1.881600769858e-10 
 1020       1.882630970805e-10 
 1021       1.883501660728e-10 
 1022       1.884212685727e-10 
 1023       1.884763896083e-10 
 1024       1.885155146277e-10 
 1025       1.885386295000e-10 
 1026       1.885457205171e-10 
 1027       1.885367743952e-10 
 1028       1.885117782757e-10 
 1029       1.884707197273e-10 
 1030       1.884135867472e-10 
 1031       1.883403677623e-10 
 1032       1.882510516313e-10 
 1033       1.881456276452e-10 
 1034       1.880240855298e-10 
 1035       1.878864154462e-10 
 1036       1.877326079931e-10 
 1037       1.875626542076e-10 
 1038       1.873765455669e-10 
 1039       1.871742739898e-10 
 1040       1.869558318381e-10 
 1041       1.867212119181e-10 
 1042       1.864704074819e-10 
 1043       1.862034122290e-10 
 1044       1.859202203077e-10 
 1045       1.856208263166e-10 
 1046       1.853052253059e-10 
 1047       1.849734127790e-10 
 1048       1.846253846940e-10 
 1049       1.842611374650e-10 
 1050       1.838806679635e-10 
 1051       1.834840132742e-10 
 1052       1.830713705636e-10 
 1053       1.826429788802e-10 
 1054       1.821990795576e-10 
 1055       1.817399162200e-10 
 1056       1.812657347882e-10 
 1057       1.807767834853e-10 
 1058       1.802733128422e-10 
 1059       1.797555757039e-10 
 1060       1.792238272346e-10 
 1061       1.786783249242e-10 
 1062       1.781193285933e-10 
 1063       1.775471003997e-10 
 1064       1.769619048436e-10 
 1065       1.763640087736e-10 
 1066       1.757536813926e-10 
 1067       1.751311942632e-10 
 1068       1.744968213138e-10 
 1069       1.738508388443e-10 
 1070       1.731935255318e-10 
 1071       1.725251624362e-10 
 1072       1.718460330064e-10 
 1073       1.711564230857e-10 
 1074       1.704566209176e-10 
 1075       1.697469171517e-10 
 1076       1.690276048495e-10 
 1077       1.682989794900e-10 
 1078       1.675613389756e-10 
 1079       1.668149836376e-10 
 1080       1.660602162425e-10 
 1081       1.652973419972e-10 
 1082       1.645266685551e-10 
 1083       1.637485060217e-10 
 1084       1.629631669606e-10 
 1085       1.621709663989e-10 
 1086       1.613722218333e-10 
 1087       1.605672532358e-10 
 1088       1.597563830591e-10 
 1089       1.589399362431e-10 
 1090       1.581182336895e-10 
 1091       1.572915725807e-10 
 1092       1.564602458088e-10 
 1093       1.556245484874e-10 
 1094       1.547847779563e-10 
 1095       1.539412337870e-10 
 1096       1.530942177876e-10 
 1097       1.522440340080e-10 
 1098       1.513909887449e-10 
 1099       1.505353905471e-10 
 1100       1.496775502202e-10 
 1101       1.488177808324e-10 
 1102       1.479563977189e-10 
 1103       1.470937184874e-10 
 1104       1.462300630230e-10 
 1105       1.453657534936e-10 
 1106       1.445011143547e-10 
 1107       1.436364723547e-10 
 1108       1.427721565398e-10 
 1109       1.419084982595e-10 
 1110       1.410458311711e-10 
 1111       1.401844912455e-10 
 1112       1.393248167718e-10 
 1113       1.384671483625e-10 
 1114       1.376118289589e-10 
 1115       1.367592038359e-10 
 1116       1.359096206070e-10 
 1117       1.350634292298e-10 
 1118       1.342209820109e-10 
 1119       1.333826336111e-10 
 1120       1.325487410501e-10 
 1121       1.317196637122e-10 
 1122       1.308957633511e-10 
 1123       1.300774040951e-10 
 1124       1.292649524519e-10 
 1125       1.284587773142e-10 
 1126       1.276592499646e-10 
 1127       1.268667440804e-10 
 1128       1.260816357392e-10 
 1129       1.253042631081e-10 
 1130       1.245348049309e-10 
 1131       1.237734004782e-10 
 1132       1.230201897217e-10 
 1133       1.222753133357e-10 
 1134       1.215389126983e-10 
 1135       1.208111298926e-10 
 1136       1.200921077081e-10 
 1137       1.193819896422e-10 
 1138       1.186809199012e-10 
 1139       1.179890434019e-10 
 1140       1.173065057726e-10 
 1141       1.166334533548e-10 
 1142       1.159700332041e-10 
 1143       1.153163930920e-10 
 1144       1.146726815066e-10 
 1145       1.140390476545e-10 
 1146       1.134156414618e-10 
 1147       1.128026135755e-10 
 1148       1.122001153648e-10 
 1149       1.116082989223e-10 
 1150       1.110273170657e-10 
 1151       1.104573233386e-10 
 1152       1.098984720121e-10 
 1153       1.093509180861e-10 
 1154       1.088148172907e-10 
 1155       1.082903260872e-10 
 1156       1.077776016698e-10 
 1157       1.072768019666e-10 
 1158       1.067880856412e-10 
 1159       1.063116120937e-10 
 1160       1.058475414624e-10 
 1161       1.053960346245e-10 
 1162       1.049572531983e-10 
 1163       1.045313595436e-10 
 1164       1.041185167638e-10 
 1165       1.037188887065e-10 
 1166       1.033326399656e-10 
 1167       1.029599358816e-10 
 1168       1.026009007543e-10 
 1169       1.022554919015e-10 
 1170       1.019236240264e-10 
 1171       1.016052108623e-10 
 1172       1.013001651697e-10 
 1173       1.010083987347e-10 
 1174       1.007298223661e-10 
 1175       1.004643458930e-10 
 1176       1.002118781629e-10 
 1177       9.997232703897e-11 
 1178       9.974559939767e-11 
 1179       9.953160112666e-11 
 1180       9.933023712223e-11 
 1181       9.914141128703e-11 
 1182       9.896502652768e-11 
 1183       9.880098475241e-11 
 1184       9.864918686873e-11 
 1185       9.850953278104e-11 
 1186       9.838192138829e-11 
 1187       9.826625058164e-11 
 1188       9.816241724204e-11 
 1189       9.807031723797e-11 
 1190       9.798984542296e-11 
 1191       9.792089563336e-11 
 1192       9.786336068588e-11 
 1193       9.781713237529e-11 
 1194       9.778210147204e-11 
 1195       9.775815771990e-11 
 1196       9.774518983363e-11 
 1197       9.774308549657e-11 
 1198       9.775173135834e-11 
 1199       9.777101303245e-11 
 1200       9.780081509394e-11 
 1201       9.784102107703e-11 
 1202       9.789151347277e-11 
 1203       9.795217372667e-11 
 1204       9.802288223634e-11 
 1205       9.810351834916e-11 
 1206       9.819396035987e-11 
 1207       9.829407001199e-11 
 1208       9.840364580112e-11 
 1209       9.852246910142e-11 
 1210       9.865031960699e-11 
 1211       9.878697532819e-11 
 1212       9.893221258803e-11 
 1213       9.908580601855e-11 
 1214       9.924752855719e-11 
 1215       9.941715144310e-11 
 1216       9.959444421357e-11 
 1217       9.977917470040e-11 
 1218       9.997110902619e-11 
 1219       1.001700116008e-10 
 1220       1.003756451177e-10 
 1221       1.005877705502e-10 
 1222       1.008061471480e-10 
 1223       1.010305324336e-10 
 1224       1.012606821983e-10 
 1225       1.014963504991e-10 
 1226       1.017372896546e-10 
 1227       1.019832502416e-10 
 1228       1.022339810913e-10 
 1229       1.024892292861e-10 
 1230       1.027487401554e-10 
 1231       1.030122572722e-10 
 1232       1.032795224497e-10 
 1233       1.035502757373e-10 
 1234       1.038242554170e-10 
 1235       1.041011980002e-10 
 1236       1.043808382235e-10 
 1237       1.046629090455e-10 
 1238       1.049471416428e-10 
 1239       1.052332654067e-10 
 1240       1.055210079394e-10 
 1241       1.058100950503e-10 
 1242       1.061002507525e-10 
 1243       1.063911972593e-10 
 1244       1.066826549801e-10 
 1245       1.069743425172e-10 
 1246       1.072659932918e-10 
 1247       1.075574056431e-10 
 1248       1.078483933100e-10 
 1249       1.081387688519e-10 
 1250       1.084283436464e-10 
 1251       1.087169278872e-10 
 1252       1.090043305815e-10 
 1253       1.092903595480e-10 
 1254       1.095748214140e-10 
 1255       1.098575216135e-10 
 1256       1.101382643849e-10 
 1257       1.104168527680e-10 
 1258       1.106930886026e-10 
 1259       1.109667725253e-10 
 1260       1.112377039679e-10 
 1261       1.115056811542e-10 
 1262       1.117705010986e-10 
 1263       1.120319596028e-10 
 1264       1.122898512543e-10 
 1265       1.125439694235e-10 
 1266       1.127941062616e-10 
 1267       1.130400526981e-10 
 1268       1.132815984385e-10 
 1269       1.135185319621e-10 
 1270       1.137506405194e-10 
 1271       1.139777101301e-10 
 1272       1.141995255802e-10 
 1273       1.144158704202e-10 
 1274       1.146265269626e-10 
 1275       1.148312762792e-10 
 1276       1.150298981994e-10 
 1277       1.152221713071e-10 
 1278       1.154078729391e-10 
 1279       1.155867791822e-10 
 1280       1.157586648710e-10 
 1281       1.159233035858e-10 
 1282       1.160804676497e-10 
 1283       1.162299281269e-10 
 1284       1.163714548200e-10 
 1285       1.165048490990e-10 
 1286       1.166300428023e-10 
 1287       1.167470004565e-10 
 1288       1.168556865466e-10 
 1289       1.169560655170e-10 
 1290       1.170481017703e-10 
 1291       1.171317596686e-10 
 1292       1.172070035324e-10 
 1293       1.172737976415e-10 
 1294       1.173321062344e-10 
 1295       1.173818935090e-10 
 1296       1.174231236219e-10 
 1297       1.174557606890e-10 
 1298       1.174797687853e-10 
 1299       1.174951119448e-10 
 1300       1.175017541609e-10 
 1301       1.174996593862e-10 
 1302       1.174887915324e-10 
 1303       1.174691144708e-10 
 1304       1.174405920318e-10 
 1305       1.174031880053e-10 
 1306       1.173568661406e-10 
 1307       1.173015901462e-10 
 1308       1.172373236905e-10 
 1309       1.171640304012e-10 
 1310       1.170816738655e-10 
 1311       1.169902176303e-10 
 1312       1.168896252020e-10 
 1313       1.167798600468e-10 
 1314       1.166608855905e-10 
 1315       1.165326652186e-10 
 1316       1.163951622766e-10 
 1317       1.162483400694e-10 
 1318       1.160921618621e-10 
 1319       1.159265908795e-10 
 1320       1.157515903062e-10 
 1321       1.155671232871e-10 
 1322       1.153731529266e-10 
 1323       1.151696422895e-10 
 1324       1.149565794449e-10 
 1325       1.147340529023e-10 
 1326       1.145021770087e-10 
 1327       1.142610669817e-10 
 1328       1.140108389111e-10 
 1329       1.137516097609e-10 
 1330       1.134834973704e-10 
 1331       1.132066204569e-10 
 1332       1.129210986167e-10 
 1333       1.126270523270e-10 
 1334       1.123246029480e-10 
 1335       1.120138727242e-10 
 1336       1.116949847864e-10 
 1337       1.113680631534e-10 
 1338       1.110332327337e-10 
 1339       1.106906193273e-10 
 1340       1.103403496275e-10 
 1341       1.099825512224e-10 
 1342       1.096173525972e-10 
 1343       1.092448831351e-10 
 1344       1.088652731199e-10 
 1345       1.084786537371e-10 
 1346       1.080851570762e-10 
 1347       1.076849161321e-10 
 1348       1.072780648066e-10 
 1349       1.068647379110e-10 
 1350       1.064450711669e-10 
 1351       1.060192012085e-10 
 1352       1.055872655843e-10 
 1353       1.051494027587e-10 
 1354       1.047057521138e-10 
 1355       1.042564539510e-10 
 1356       1.038016494933e-10 
 1357       1.033414808863e-10 
 1358       1.028760912005e-10 
 1359       1.024056244327e-10 
 1360       1.019302255081e-10 
 1361       1.014500402816e-10 
 1362       1.009652155401e-10 
 1363       1.004759018239e-10 
 1364       9.998226192264e-11 
 1365       9.948446247417e-11 
 1366       9.898267115463e-11 
 1367       9.847705668037e-11 
 1368       9.796778880986e-11 
 1369       9.745503834561e-11 
 1370       9.693897713614e-11 
 1371       9.641977807787e-11 
 1372       9.589761511707e-11 
 1373       9.537266325180e-11 
 1374       9.484509853382e-11 
 1375       9.431509807054e-11 
 1376       9.378284002692e-11 
 1377       9.324850362744e-11 
 1378       9.271226915799e-11 
 1379       9.217431796784e-11 
 1380       9.163483247155e-11 
 1381       9.109399615090e-11 
 1382       9.055199355681e-11 
 1383       9.000901031129e-11 
 1384       8.946523310937e-11 
 1385       8.892084972102e-11 
 1386       8.837604899308e-11 
 1387       8.783102085121e-11 
 1388       8.728595630178e-11 
 1389       8.674104743384e-11 
 1390       8.619648742104e-11 
 1391       8.565247052354e-11 
 1392       8.510919208998e-11 
 1393       8.456684855937e-11 
 1394       8.402563746304e-11 
 1395       8.348575742658e-11 
 1396       8.294740817174e-11 
 1397       8.241079051838e-11 
 1398       8.187610638643e-11 
 1399       8.134355879774e-11 
 1400       8.081335187811e-11 
 1401       8.028569085914e-11 
 1402       7.976076453190e-11 
 1403       7.923869240364e-11 
 1404       7.871957699376e-11 
 1405       7.820352133288e-11 
 1406       7.769062896374e-11 
 1407       7.718100394207e-11 
 1408       7.667475083742e-11 
 1409       7.617197473405e-11 
 1410       7.567278123176e-11 
 1411       7.517727644678e-11 
 1412       7.468556701260e-11 
 1413       7.419776008085e-11 
 1414       7.371396332217e-11 
 1415       7.323428492702e-11 
 1416       7.275883360662e-11 
 1417       7.228771859372e-11 
 1418       7.182104964354e-11 
 1419       7.135893703456e-11 
 1420       7.090149156945e-11 
 1421       7.044882457587e-11 
 1422       7.000104790735e-11 
 1423       6.955827394417e-11 
 1424       6.912061559420e-11 
 1425       6.868818629376e-11 
 1426       6.826110000848e-11 
 1427       6.783947123416e-11 
 1428       6.742341499765e-11 
 1429       6.701304685767e-11 
 1430       6.660848290572e-11 
 1431       6.620983976688e-11 
 1432       6.581723460073e-11 
 1433       6.543078510217e-11 
 1434       6.505060950229e-11 
 1435       6.467682656924e-11 
 1436       6.430955560908e-11 
 1437       6.394891646663e-11 
 1438       6.359502952636e-11 
 1439       6.324801571322e-11 
 1440       6.290799649352e-11 
 1441       6.257507095747e-11 
 1442       6.224924681066e-11 
 1443       6.193050868394e-11 
 1444       6.161884098767e-11 
 1445       6.131422791126e-11 
 1446       6.101665342275e-11 
 1447       6.072610126827e-11 
 1448       6.044255497167e-11 
 1449       6.016599783396e-11 
 1450       5.989641293292e-11 
 1451       5.963378312261e-11 
 1452       5.937809103289e-11 
 1453       5.912931906898e-11 
 1454       5.888744941098e-11 
 1455       5.865246401344e-11 
 1456       5.842434460483e-11 
 1457       5.820307268717e-11 
 1458       5.798862953546e-11 
 1459       5.778099619730e-11 
 1460       5.758015349239e-11 
 1461       5.738608201207e-11 
 1462       5.719876211887e-11 
 1463       5.701817394602e-11 
 1464       5.684429739701e-11 
 1465       5.667711214512e-11 
 1466       5.651659763294e-11 
 1467       5.636273307194e-11 
 1468       5.621549744198e-11 
 1469       5.607486949084e-11 
 1470       5.594082773379e-11 
 1471       5.581335045309e-11 
 1472       5.569241569756e-11 
 1473       5.557800128209e-11 
 1474       5.547008478716e-11 
 1475       5.536864355845e-11 
 1476       5.527365470629e-11 
 1477       5.518509510525e-11 
 1478       5.510294139366e-11 
 1479       5.502716997313e-11 
 1480       5.495774415516e-11 
 1481       5.489457546276e-11 
 1482       5.483756194547e-11 
 1483       5.478660099639e-11 
 1484       5.474158935111e-11 
 1485       5.470242308645e-11 
 1486       5.466899761934e-11 
 1487       5.464120770566e-11 
 1488       5.461894743905e-11 
 1489       5.460211024973e-11 
 1490       5.459058890337e-11 
 1491       5.458427549992e-11 
 1492       5.458306147241e-11 
 1493       5.458683758579e-11 
 1494       5.459549393579e-11 
 1495       5.460891994774e-11 
 1496       5.462700437539e-11 
 1497       5.464963529975e-11 
 1498       5.467670012792e-11 
 1499       5.470808559195e-11 
 1500       5.474367774761e-11 
 1501       5.478336197330e-11 
 1502       5.482702296883e-11 
 1503       5.487454475426e-11 
 1504       5.492581066875e-11 
 1505       5.498070336938e-11 
 1506       5.503910482998e-11 
 1507       5.510089633998e-11 
 1508       5.516595850322e-11 
 1509       5.523417123679e-11 
 1510       5.530541376990e-11 
 1511       5.537956464262e-11 
 1512       5.545650170482e-11 
 1513       5.553610211494e-11 
 1514       5.561824233883e-11 
 1515       5.570279814860e-11 
 1516       5.578964462143e-11 
 1517       5.587865613842e-11 
 1518       5.596970638343e-11 
 1519       5.606267185455e-11 
 1520       5.615744243802e-11 
 1521       5.625391093380e-11 
 1522       5.635196955122e-11 
 1523       5.645150990793e-11 
 1524       5.655242302896e-11 
 1525       5.665459934571e-11 
 1526       5.675792869497e-11 
 1527       5.686230031796e-11 
 1528       5.696760285931e-11 
 1529       5.707372436609e-11 
 1530       5.718055228683e-11 
 1531       5.728797347052e-11 
 1532       5.739587416565e-11 
 1533       5.750414001922e-11 
 1534       5.761265607571e-11 
 1535       5.772130677616e-11 
 1536       5.782997595716e-11 
 1537       5.793854684985e-11 
 1538       5.804690207894e-11 
 1539       5.815492366176e-11 
 1540       5.826249300721e-11 
 1541       5.836949091485e-11 
 1542       5.847579757385e-11 
 1543       5.858129256206e-11 
 1544       5.868585484497e-11 
 1545       5.878936277478e-11 
 1546       5.889169408937e-11 
 1547       5.899272591134e-11 
 1548       5.909233474703e-11 
 1549       5.919039648552e-11 
 1550       5.928678639763e-11 
 1551       5.938137913499e-11 
 1552       5.947404872899e-11 
 1553       5.956466858985e-11 
 1554       5.965311150560e-11 
 1555       5.973924964110e-11 
 1556       5.982295453707e-11 
 1557       5.990409710911e-11 
 1558       5.998256226666e-11 
 1559       6.005829292218e-11 
 1560       6.013124639324e-11 
 1561       6.020137981978e-11 
 1562       6.026865016384e-11 
 1563       6.033301420927e-11 
 1564       6.039442856154e-11 
 1565       6.045284964740e-11 
 1566       6.050823371466e-11 
 1567       6.056053683191e-11 
 1568       6.060971488828e-11 
 1569       6.065572359315e-11 
 1570       6.069851847591e-11 
 1571       6.073805488568e-11 
 1572       6.077428799105e-11 
 1573       6.080717277985e-11 
 1574       6.083666405883e-11 
 1575       6.086271645344e-11 
 1576       6.088528440755e-11 
 1577       6.090432218321e-11 
 1578       6.091978386034e-11 
 1579       6.093162333654e-11 
 1580       6.093979432674e-11 
 1581       6.094425036302e-11 
 1582       6.094494479429e-11 
 1583       6.094183078606e-11 
 1584       6.093486132015e-11 
 1585       6.092398919445e-11 
 1586       6.090916702268e-11 
 1587       6.089034723404e-11 
 1588       6.086748207306e-11 
 1589       6.084052359925e-11 
 1590       6.080942368689e-11 
 1591       6.077413402473e-11 
 1592       6.073460611578e-11 
 1593       6.069079127697e-11 
 1594       6.064264063895e-11 
 1595       6.059010514583e-11 
 1596       6.053313555487e-11 
 1597       6.047169676144e-11 
 1598       6.040581091791e-11 
 1599       6.033551470922e-11 
 1600       6.026084506394e-11 
 1601       6.018183915468e-11 
 1602       6.009853439852e-11 
 1603       6.001096845739e-11 
 1604       5.991917923850e-11 
 1605       5.982320489476e-11 
 1606       5.972308382516e-11 
 1607       5.961885467523e-11 
 1608       5.951055633739e-11 
 1609       5.939822795140e-11 
 1610       5.928190890479e-11 
 1611       5.916163883322e-11 
 1612       5.903745762091e-11 
 1613       5.890940540108e-11 
 1614       5.877752255633e-11 
 1615       5.864184971906e-11 
 1616       5.850242777187e-11 
 1617       5.835929784799e-11 
 1618       5.821250133170e-11 
 1619       5.806207985869e-11 
 1620       5.790807531654e-11 
 1621       5.775052984507e-11 
 1622       5.758948583679e-11 
 1623       5.742498593730e-11 
 1624       5.725707304569e-11 
 1625       5.708579031497e-11 
 1626       5.691118115248e-11 
 1627       5.673328922028e-11 
 1628       5.655215843557e-11 
 1629       5.636783297111e-11 
 1630       5.618035725565e-11 
 1631       5.598977597428e-11 
 1632       5.579613406891e-11 
 1633       5.559947673863e-11 
 1634       5.539984944015e-11 
 1635       5.519729788820e-11 
 1636       5.499187311219e-11 
 1637       5.478364667486e-11 
 1638       5.457269559050e-11 
 1639       5.435909728177e-11 
 1640       5.414292958028e-11 
 1641       5.392427072727e-11 
 1642       5.370319937421e-11 
 1643       5.347979458346e-11 
 1644       5.325413582890e-11 
 1645       5.302630299657e-11 
 1646       5.279637638532e-11 
 1647       5.256443670742e-11 
 1648       5.233056508922e-11 
 1649       5.209484307177e-11 
 1650       5.185735261149e-11 
 1651       5.161817608077e-11 
 1652       5.137739626862e-11 
 1653       5.113509638132e-11 
 1654       5.089136004306e-11 
 1655       5.064627129654e-11 
 1656       5.039991460366e-11 
 1657       5.015237484611e-11 
 1658       4.990373732605e-11 
 1659       4.965408776673e-11 
 1660       4.940351231309e-11 
 1661       4.915209753247e-11 
 1662       4.889993041520e-11 
 1663       4.864709837524e-11 
 1664       4.839368925084e-11 
 1665       4.813979130516e-11 
 1666       4.788549322689e-11 
 1667       4.763088413095e-11 
 1668       4.737605355904e-11 
 1669       4.712109148037e-11 
 1670       4.686608829222e-11 
 1671       4.661113482062e-11 
 1672       4.635632232097e-11 
 1673       4.610174247872e-11 
 1674       4.584748740992e-11 
 1675       4.559364407616e-11 
 1676       4.534027747446e-11 
 1677       4.508744730177e-11 
 1678       4.483521352784e-11 
 1679       4.458363639563e-11 
 1680       4.433277642169e-11 
 1681       4.408269439656e-11 
 1682       4.383345138518e-11 
 1683       4.358510872729e-11 
 1684       4.333772803782e-11 
 1685       4.309137120729e-11 
 1686       4.284610040219e-11 
 1687       4.260197806544e-11 
 1688       4.235906691673e-11 
 1689       4.211742995291e-11 
 1690       4.187713044847e-11 
 1691       4.163823195584e-11 
 1692       4.140079830585e-11 
 1693       4.116489360812e-11 
 1694       4.093058225144e-11 
 1695       4.069792890420e-11 
 1696       4.046699851474e-11 
 1697       4.023785631180e-11 
 1698       4.001056780489e-11 
 1699       3.978519878471e-11 
 1700       3.956181532351e-11 
 1701       3.934048377554e-11 
 1702       3.912127077741e-11 
 1703       3.890424324851e-11 
 1704       3.868946839139e-11 
 1705       3.847701369217e-11 
 1706       3.826694692096e-11 
 1707       3.805933613221e-11 
 1708       3.785424966516e-11 
 1709       3.765175614420e-11 
 1710       3.745192447929e-11 
 1711       3.725482386636e-11 
 1712       3.706052378770e-11 
 1713       3.686909401234e-11 
 1714       3.668059401522e-11 
 1715       3.649504113491e-11 
 1716       3.631244214480e-11 
 1717       3.613280380974e-11 
 1718       3.595613288597e-11 
 1719       3.578243612106e-11 
 1720       3.561172025396e-11 
 1721       3.544399201487e-11 
 1722       3.527925812527e-11 
 1723       3.511752529786e-11 
 1724       3.495880023656e-11 
 1725       3.480308963642e-11 
 1726       3.465040018365e-11 
 1727       3.450073855552e-11 
 1728       3.435411142040e-11 
 1729       3.421052543768e-11 
 1730       3.406998725773e-11 
 1731       3.393250352191e-11 
 1732       3.379808086249e-11 
 1733       3.366672590266e-11 
 1734       3.353844525645e-11 
 1735       3.341324552875e-11 
 1736       3.329113331522e-11 
 1737       3.317211520232e-11 
 1738       3.305619776720e-11 
 1739       3.294338757776e-11 
 1740       3.283369119252e-11 
 1741       3.272711516068e-11 
 1742       3.262366602199e-11 
 1743       3.252335030682e-11 
 1744       3.242617453604e-11 
 1745       3.233214522103e-11 
 1746       3.224126886364e-11 
 1747       3.215355195616e-11 
 1748       3.206900098129e-11 
 1749       3.198762241208e-11 
 1750       3.190942271192e-11 
 1751       3.183440833453e-11 
 1752       3.176258572386e-11 
 1753       3.169395348697e-11 
 1754       3.162847884105e-11 
 1755       3.156612096969e-11 
 1756       3.150683883188e-11 
 1757       3.145059116166e-11 
 1758       3.139733646779e-11 
 1759       3.134703303339e-11 
 1760       3.129963891563e-11 
 1761       3.125511194538e-11 
 1762       3.121340972685e-11 
 1763       3.117448963730e-11 
 1764       3.113830882665e-11 
 1765       3.110482421717e-11 
 1766       3.107399250313e-11 
 1767       3.104577015049e-11 
 1768       3.102011339650e-11 
 1769       3.099697824943e-11 
 1770       3.097632048820e-11 
 1771       3.095809566203e-11 
 1772       3.094225909012e-11 
 1773       3.092876586131e-11 
 1774       3.091757083372e-11 
 1775       3.090862863445e-11 
 1776       3.090189365921e-11 
 1777       3.089732007200e-11 
 1778       3.089486180476e-11 
 1779       3.089447255701e-11 
 1780       3.089610579558e-11 
 1781       3.089971475420e-11 
 1782       3.090525243319e-11 
 1783       3.091267159913e-11 
 1784       3.092192478451e-11 
 1785       3.093296428738e-11 
 1786       3.094574217105e-11 
 1787       3.096021026371e-11 
 1788       3.097632015811e-11 
 1789       3.099402321122e-11 
 1790       3.101327054389e-11 
 1791       3.103401304053e-11 
 1792       3.105620075029e-11 
 1793       3.107978108621e-11 
 1794       3.110470061068e-11 
 1795       3.113090563226e-11 
 1796       3.115834220525e-11 
 1797       3.118695612937e-11 
 1798       3.121669294938e-11 
 1799       3.124749795471e-11 
 1800       3.127931617915e-11 
 1801       3.131209240043e-11 
 1802       3.134577113987e-11 
 1803       3.138029666206e-11 
 1804       3.141561297445e-11 
 1805       3.145166382702e-11 
 1806       3.148839271189e-11 
 1807       3.152574286301e-11 
 1808       3.156365725573e-11 
 1809       3.160207860651e-11 
 1810       3.164094937251e-11 
 1811       3.168021175123e-11 
 1812       3.171980768019e-11 
 1813       3.175967883653e-11 
 1814       3.179976663665e-11 
 1815       3.184001223589e-11 
 1816       3.188035652811e-11 
 1817       3.192074014538e-11 
 1818       3.196110345758e-11 
 1819       3.200138657208e-11 
 1820       3.204152933333e-11 
 1821       3.208147132255e-11 
 1822       3.212115185734e-11 
 1823       3.216050999130e-11 
 1824       3.219948451373e-11 
 1825       3.223801394921e-11 
 1826       3.227603655726e-11 
 1827       3.231349033199e-11 
 1828       3.235031300172e-11 
 1829       3.238644202864e-11 
 1830       3.242181460844e-11 
 1831       3.245637330458e-11 
 1832       3.249008300119e-11 
 1833       3.252291408497e-11 
 1834       3.255483682266e-11 
 1835       3.258582136088e-11 
 1836       3.261583772601e-11 
 1837       3.264485582398e-11 
 1838       3.267284544015e-11 
 1839       3.269977623911e-11 
 1840       3.272561776456e-11 
 1841       3.275033943915e-11 
 1842       3.277391056428e-11 
 1843       3.279630031997e-11 
 1844       3.281747776472e-11 
 1845       3.283741183530e-11 
 1846       3.285607134664e-11 
 1847       3.287342499163e-11 
 1848       3.288944134100e-11 
 1849       3.290408884312e-11 
 1850       3.291733582389e-11 
 1851       3.292915048653e-11 
 1852       3.293950091145e-11 
 1853       3.294835505607e-11 
 1854       3.295568075471e-11 
 1855       3.296144571835e-11 
 1856       3.296561753456e-11 
 1857       3.296816366726e-11 
 1858       3.296905145662e-11 
 1859       3.296824811886e-11 
 1860       3.296572074614e-11 
 1861       3.296143630633e-11 
 1862       3.295536164292e-11 
 1863       3.294746347482e-11 
 1864       3.293770839621e-11 
 1865       3.292606287638e-11 
 1866       3.291249325958e-11 
 1867       3.289696576485e-11 
 1868       3.287944648588e-11 
 1869       3.285990139080e-11 
 1870       3.283830344225e-11 
 1871       3.281465401860e-11 
 1872       3.278896166001e-11 
 1873       3.276123496361e-11 
 1874       3.273148258353e-11 
 1875       3.269971323103e-11 
 1876       3.266593567456e-11 
 1877       3.263015873987e-11 
 1878       3.259239131005e-11 
 1879       3.255264232567e-11 
 1880       3.251092078483e-11 
 1881       3.246723574323e-11 
 1882       3.242159631432e-11 
 1883       3.237401166931e-11 
 1884       3.232449103729e-11 
 1885       3.227304370533e-11 
 1886       3.221967901854e-11 
 1887       3.216440638016e-11 
 1888       3.210723525164e-11 
 1889       3.204817515274e-11 
 1890       3.198723566161e-11 
 1891       3.192442641487e-11 
 1892       3.185975710769e-11 
 1893       3.179323749389e-11 
 1894       3.172487738602e-11 
 1895       3.165468665544e-11 
 1896       3.158267523238e-11 
 1897       3.150885310610e-11 
 1898       3.143323032489e-11 
 1899       3.135581699619e-11 
 1900       3.127662328671e-11 
 1901       3.119565942245e-11 
 1902       3.111293568883e-11 
 1903       3.102846243075e-11 
 1904       3.094225005269e-11 
 1905       3.085430901881e-11 
 1906       3.076464985298e-11 
 1907       3.067328313894e-11 
 1908       3.058021952031e-11 
 1909       3.048547353289e-11 
 1910       3.038907513332e-11 
 1911       3.029105825896e-11 
 1912       3.019145700393e-11 
 1913       3.009030561938e-11 
 1914       2.998763851367e-11 
 1915       2.988349025254e-11 
 1916       2.977789555942e-11 
 1917       2.967088931554e-11 
 1918       2.956250656019e-11 
 1919       2.945278249096e-11 
 1920       2.934175246386e-11 
 1921       2.922945199364e-11 
 1922       2.911591675391e-11 
 1923       2.900118257742e-11 
 1924       2.888528545621e-11 
 1925       2.876826154188e-11 
 1926       2.865014714575e-11 
 1927       2.853097873910e-11 
 1928       2.841079295339e-11 
 1929       2.828962658043e-11 
 1930       2.816751657264e-11 
 1931       2.804450004322e-11 
 1932       2.792061426639e-11 
 1933       2.779589667758e-11 
 1934       2.767038487366e-11 
 1935       2.754411661313e-11 
 1936       2.741712981637e-11 
 1937       2.728946256579e-11 
 1938       2.716115310609e-11 
 1939       2.703223984446e-11 
 1940       2.690276135078e-11 
 1941       2.677275635784e-11 
 1942       2.664226376155e-11 
 1943       2.651132262115e-11 
 1944       2.637997215943e-11 
 1945       2.624825176291e-11 
 1946       2.611620098209e-11 
 1947       2.598385953164e-11 
 1948       2.585126609126e-11 
 1949       2.571845469793e-11 
 1950       2.558545832697e-11 
 1951       2.545231008911e-11 
 1952       2.531904323066e-11 
 1953       2.518569113372e-11 
 1954       2.505228731628e-11 
 1955       2.491886543245e-11 
 1956       2.478545927263e-11 
 1957       2.465210276367e-11 
 1958       2.451882996901e-11 
 1959       2.438567508894e-11 
 1960       2.425267246068e-11 
 1961       2.411985655860e-11 
 1962       2.398726199442e-11 
 1963       2.385492351729e-11 
 1964       2.372287601408e-11 
 1965       2.359115450947e-11 
 1966       2.345979416615e-11 
 1967       2.332883028498e-11 
 1968       2.319829830521e-11 
 1969       2.306823380459e-11 
 1970       2.293867249958e-11 
 1971       2.280965024552e-11 
 1972       2.268120303678e-11 
 1973       2.255336700697e-11 
 1974       2.242617842910e-11 
 1975       2.229967371572e-11 
 1976       2.217388941914e-11 
 1977       2.204886223158e-11 
 1978       2.192462898535e-11 
 1979       2.180122665302e-11 
 1980       2.167869234758e-11 
 1981       2.155706332264e-11 
 1982       2.143637697258e-11 
 1983       2.131667083274e-11 
 1984       2.119798257959e-11 
 1985       2.108035003088e-11 
 1986       2.096381114586e-11 
 1987       2.084839954763e-11 
 1988       2.073413105404e-11 
 1989       2.062101704794e-11 
 1990       2.050906894601e-11 
 1991       2.039829819873e-11 
 1992       2.028871629049e-11 
 1993       2.018033473960e-11 
 1994       2.007316509830e-11 
 1995       1.996721895282e-11 
 1996       1.986250792345e-11 
 1997       1.975904366450e-11 
 1998       1.965683786442e-11 
 1999       1.955590224578e-11 
 2000       1.945624856532e-11 
 2001       1.935788861401e-11 
 2002       1.926083421704e-11 
 2003       1.916509723393e-11 
 2004       1.907068955850e-11 
 2005       1.897762311891e-11 
 2006       1.888590987776e-11 
 2007       1.879556183206e-11 
 2008       1.870659101330e-11 
 2009       1.861900948747e-11 
 2010       1.853282935513e-11 
 2011       1.844806275139e-11 
 2012       1.836472184600e-11 
 2013       1.828281884338e-11 
 2014       1.820236598262e-11 
 2015       1.812337553756e-11 
 2016       1.804585981680e-11 
 2017       1.796983116375e-11 
 2018       1.789530195666e-11 
 2019       1.782228460866e-11 
 2020       1.775079156781e-11 
 2021       1.768083531712e-11 
 2022       1.761242837457e-11 
 2023       1.754558329320e-11 
 2024       1.748031266110e-11 
 2025       1.741662910146e-11 
 2026       1.735454098551e-11 
 2027       1.729403953736e-11 
 2028       1.723511163608e-11 
 2029       1.717774409422e-11 
 2030       1.712192365776e-11 
 2031       1.706763700603e-11 
 2032       1.701487075156e-11 
 2033       1.696361144006e-11 
 2034       1.691384555031e-11 
 2035       1.686555949404e-11 
 2036       1.681873961591e-11 
 2037       1.677337219334e-11 
 2038       1.672944343648e-11 
 2039       1.668693948811e-11 
 2040       1.664584642354e-11 
 2041       1.660615025052e-11 
 2042       1.656783690917e-11 
 2043       1.653089227189e-11 
 2044       1.649530214324e-11 
 2045       1.646105225989e-11 
 2046       1.642812829052e-11 
 2047       1.639651583571e-11 
 2048       1.636620042791e-11 
 2049       1.633716753127e-11 
 2050       1.630940254161e-11 
 2051       1.628289078632e-11 
 2052       1.625761752427e-11 
 2053       1.623356794572e-11 
 2054       1.621072717222e-11 
 2055       1.618908025655e-11 
 2056       1.616861218259e-11 
 2057       1.614930786529e-11 
 2058       1.613115215053e-11 
 2059       1.611412981505e-11 
 2060       1.609822556637e-11 
 2061       1.608342404269e-11 
 2062       1.606970981281e-11 
 2063       1.605706737603e-11 
 2064       1.604548116208e-11 
 2065       1.603493408067e-11 
 2066       1.602540315904e-11 
 2067       1.601686387335e-11 
 2068       1.600929159603e-11 
 2069       1.600266159568e-11 
 2070       1.599694903694e-11 
 2071       1.599212898038e-11 
 2072       1.598817638232e-11 
 2073       1.598506609476e-11 
 2074       1.598277286521e-11 
 2075       1.598127133656e-11 
 2076       1.598053604700e-11 
 2077       1.598054142984e-11 
 2078       1.598126181338e-11 
 2079       1.598267142082e-11 
 2080       1.598474437012e-11 
 2081       1.598745467383e-11 
 2082       1.599077623901e-11 
 2083       1.599468286708e-11 
 2084       1.599914825369e-11 
 2085       1.600414598861e-11 
 2086       1.600964955557e-11 
 2087       1.601563233215e-11 
 2088       1.602206758965e-11 
 2089       1.602892849296e-11 
 2090       1.603618810043e-11 
 2091       1.604381936374e-11 
 2092       1.605179512777e-11 
 2093       1.606008813048e-11 
 2094       1.606867100276e-11 
 2095       1.607751626834e-11 
 2096       1.608659634361e-11 
 2097       1.609588353754e-11 
 2098       1.610535005150e-11 
 2099       1.611496797919e-11 
 2100       1.612470930647e-11 
 2101       1.613454591123e-11 
 2102       1.614444956328e-11 
 2103       1.615439192423e-11 
 2104       1.616434626671e-11 
 2105       1.617429264561e-11 
 2106       1.618421276258e-11 
 2107       1.619408824983e-11 
 2108       1.620390067004e-11 
 2109       1.621363151630e-11 
 2110       1.622326221200e-11 
 2111       1.623277411076e-11 
 2112       1.624214849636e-11 
 2113       1.625136658262e-11 
 2114       1.626040951336e-11 
 2115       1.626925836230e-11 
 2116       1.627789413298e-11 
 2117       1.628629775866e-11 
 2118       1.629445010226e-11 
 2119       1.630233195628e-11 
 2120       1.630992404270e-11 
 2121       1.631720701289e-11 
 2122       1.632416144758e-11 
 2123       1.633076785671e-11 
 2124       1.633700667939e-11 
 2125       1.634285828380e-11 
 2126       1.634830296713e-11 
 2127       1.635332095546e-11 
 2128       1.635789240370e-11 
 2129       1.636199739553e-11 
 2130       1.636561594328e-11 
 2131       1.636872798785e-11 
 2132       1.637131339866e-11 
 2133       1.637335197353e-11 
 2134       1.637482343863e-11 
 2135       1.637570744837e-11 
 2136       1.637598358533e-11 
 2137       1.637563136019e-11 
 2138       1.637463021163e-11 
 2139       1.637295950625e-11 
 2140       1.637059853848e-11 
 2141       1.636752653053e-11 
 2142       1.636372263227e-11 
 2143       1.635916909459e-11 
 2144       1.635386081323e-11 
 2145       1.634779584999e-11 
 2146       1.634097226520e-11 
 2147       1.633338811775e-11 
 2148       1.632504146504e-11 
 2149       1.631593036304e-11 
 2150       1.630605286625e-11 
 2151       1.629540702774e-11 
 2152       1.628399089909e-11 
 2153       1.627180253044e-11 
 2154       1.625883997049e-11 
 2155       1.624510126647e-11 
 2156       1.623058446416e-11 
 2157       1.621528760788e-11 
 2158       1.619920874052e-11 
 2159       1.618234590350e-11 
 2160       1.616469713680e-11 
 2161       1.614626047893e-11 
 2162       1.612703396698e-11 
 2163       1.610701563657e-11 
 2164       1.608620352187e-11 
 2165       1.606459565561e-11 
 2166       1.604219006907e-11 
 2167       1.601898479209e-11 
 2168       1.599497785305e-11 
 2169       1.597016727888e-11 
 2170       1.594455109509e-11 
 2171       1.591812732571e-11 
 2172       1.589089399336e-11 
 2173       1.586284911919e-11 
 2174       1.583399072291e-11 
 2175       1.580431682280e-11 
 2176       1.577382543568e-11 
 2177       1.574251457694e-11 
 2178       1.571038226053e-11 
 2179       1.567742649895e-11 
 2180       1.564364530325e-11 
 2181       1.560903668307e-11 
 2182       1.557360098849e-11 
 2183       1.553734795294e-11 
 2184       1.550028969759e-11 
 2185       1.546243839375e-11 
 2186       1.542380626297e-11 
 2187       1.538440557706e-11 
 2188       1.534424865818e-11 
 2189       1.530334787891e-11 
 2190       1.526171566225e-11 
 2191       1.521936448175e-11 
 2192       1.517630686153e-11 
 2193       1.513255537633e-11 
 2194       1.508812265163e-11 
 2195       1.504302136362e-11 
 2196       1.499726423933e-11 
 2197       1.495086405667e-11 
 2198       1.490383364447e-11 
 2199       1.485618588258e-11 
 2200       1.480793370186e-11 
 2201       1.475909008433e-11 
 2202       1.470966806317e-11 
 2203       1.465968072278e-11 
 2204       1.460914119885e-11 
 2205       1.455806267845e-11 
 2206       1.450645840004e-11 
 2207       1.445434165355e-11 
 2208       1.440172578045e-11 
 2209       1.434862417379e-11 
 2210       1.429505027828e-11 
 2211       1.424101759033e-11 
 2212       1.418653965813e-11 
 2213       1.413163008168e-11 
 2214       1.407630251289e-11 
 2215       1.402057065560e-11 
 2216       1.396444826565e-11 
 2217       1.390794915098e-11 
 2218       1.385108717161e-11 
 2219       1.379387623979e-11 
 2220       1.373633031998e-11 
 2221       1.367846367489e-11 
 2222       1.362029160515e-11 
 2223       1.356182971461e-11 
 2224       1.350309366492e-11 
 2225       1.344409917561e-11 
 2226       1.338486202415e-11 
 2227       1.332539804602e-11 
 2228       1.326572313474e-11 
 2229       1.320585324199e-11 
 2230       1.314580437765e-11 
 2231       1.308559260984e-11 
 2232       1.302523406503e-11 
 2233       1.296474492808e-11 
 2234       1.290414144232e-11 
 2235       1.284343990958e-11 
 2236       1.278265669032e-11 
 2237       1.272180820363e-11 
 2238       1.266091092732e-11 
 2239       1.259998139802e-11 
 2240       1.253903621117e-11 
 2241       1.247809202117e-11 
 2242       1.241716554138e-11 
 2243       1.235627354421e-11 
 2244       1.229543286121e-11 
 2245       1.223466038307e-11 
 2246       1.217397305978e-11 
 2247       1.211338790059e-11 
 2248       1.205292197417e-11 
 2249       1.199259240859e-11 
 2250       1.193241639148e-11 
 2251       1.187241117000e-11 
 2252       1.181259405098e-11 
 2253       1.175298240093e-11 
 2254       1.169359364615e-11 
 2255       1.163444527277e-11 
 2256       1.157555482681e-11 
 2257       1.151693991428e-11 
 2258       1.145861820121e-11 
 2259       1.140060741372e-11 
 2260       1.134292376126e-11 
 2261       1.128557719495e-11 
 2262       1.122857611865e-11 
 2263       1.117192896300e-11 
 2264       1.111564418555e-11 
 2265       1.105973027066e-11 
 2266       1.100419572963e-11 
 2267       1.094904910069e-11 
 2268       1.089429894901e-11 
 2269       1.083995386678e-11 
 2270       1.078602247317e-11 
 2271       1.073251341442e-11 
 2272       1.067943536383e-11 
 2273       1.062679702183e-11 
 2274       1.057460711593e-11 
 2275       1.052287440085e-11 
 2276       1.047160765847e-11 
 2277       1.042081569790e-11 
 2278       1.037050735547e-11 
 2279       1.032069149481e-11 
 2280       1.027137700683e-11 
 2281       1.022257280980e-11 
 2282       1.017428784931e-11 
 2283       1.012653109837e-11 
 2284       1.007931155737e-11 
 2285       1.003263825419e-11 
 2286       9.986520244137e-12 
 2287       9.940966610044e-12 
 2288       9.895986462266e-12 
 2289       9.851588938716e-12 
 2290       9.807783204892e-12 
 2291       9.764578453907e-12 
 2292       9.721983906517e-12 
 2293       9.680008811149e-12 
 2294       9.638662443930e-12 
 2295       9.597954108713e-12 
 2296       9.557893137111e-12 
 2297       9.518488888519e-12 
 2298       9.479750750147e-12 
 2299       9.441686120844e-12 
 2300       9.404294348479e-12 
 2301       9.367572754010e-12 
 2302       9.331518644163e-12 
 2303       9.296129311413e-12 
 2304       9.261402033968e-12 
 2305       9.227334075753e-12 
 2306       9.193922686390e-12 
 2307       9.161165101183e-12 
 2308       9.129058541100e-12 
 2309       9.097600212754e-12 
 2310       9.066787308390e-12 
 2311       9.036617005861e-12 
 2312       9.007086468617e-12 
 2313       8.978192845686e-12 
 2314       8.949933271655e-12 
 2315       8.922304866653e-12 
 2316       8.895304736335e-12 
 2317       8.868929971864e-12 
 2318       8.843177649895e-12 
 2319       8.818044832554e-12 
 2320       8.793528567424e-12 
 2321       8.769625887530e-12 
 2322       8.746333811313e-12 
 2323       8.723649342623e-12 
 2324       8.701569470695e-12 
 2325       8.680091170133e-12 
 2326       8.659211400894e-12 
 2327       8.638927108271e-12 
 2328       8.619235222874e-12 
 2329       8.600132660613e-12 
 2330       8.581616322681e-12 
 2331       8.563683095537e-12 
 2332       8.546329850890e-12 
 2333       8.529553445679e-12 
 2334       8.513350722056e-12 
 2335       8.497718507372e-12 
 2336       8.482653614155e-12 
 2337       8.468152840095e-12 
 2338       8.454211867852e-12 
 2339       8.440821956973e-12 
 2340       8.427973231221e-12 
 2341       8.415655776834e-12 
 2342       8.403859642478e-12 
 2343       8.392574839209e-12 
 2344       8.381791340431e-12 
 2345       8.371499081852e-12 
 2346       8.361687961448e-12 
 2347       8.352347839417e-12 
 2348       8.343468538137e-12 
 2349       8.335039842129e-12 
 2350       8.327051498012e-12 
 2351       8.319493214461e-12 
 2352       8.312354662171e-12 
 2353       8.305625473807e-12 
 2354       8.299295243970e-12 
 2355       8.293353529152e-12 
 2356       8.287789847695e-12 
 2357       8.282593679751e-12 
 2358       8.277754467237e-12 
 2359       8.273261613799e-12 
 2360       8.269104484765e-12 
 2361       8.265272407107e-12 
 2362       8.261754669400e-12 
 2363       8.258540521776e-12 
 2364       8.255619175888e-12 
 2365       8.252979804867e-12 
 2366       8.250611543278e-12 
 2367       8.248503487081e-12 
 2368       8.246644693588e-12 
 2369       8.245024181425e-12 
 2370       8.243630930486e-12 
 2371       8.242453881894e-12 
 2372       8.241481937960e-12 
 2373       8.240703962139e-12 
 2374       8.240108778993e-12 
 2375       8.239685174143e-12 
 2376       8.239421894235e-12 
 2377       8.239307959326e-12 
 2378       8.239333602241e-12 
 2379       8.239489334921e-12 
 2380       8.239765636482e-12 
 2381       8.240152953180e-12 
 2382       8.240641698372e-12 
 2383       8.241222252487e-12 
 2384       8.241884962989e-12 
 2385       8.242620144341e-12 
 2386       8.243418077970e-12 
 2387       8.244269012237e-12 
 2388       8.245163162395e-12 
 2389       8.246090710558e-12 
 2390       8.247041805668e-12 
 2391       8.248006563457e-12 
 2392       8.248975066412e-12 
 2393       8.249937363743e-12 
 2394       8.250883471346e-12 
 2395       8.251803371770e-12 
 2396       8.252687014178e-12 
 2397       8.253524314318e-12 
 2398       8.254305154485e-12 
 2399       8.255019383486e-12 
 2400       8.255656816606e-12 
 2401       8.256207235572e-12 
 2402       8.256660388520e-12 
 2403       8.257005989960e-12 
 2404       8.257233720739e-12 
 2405       8.257333228010e-12 
 2406       8.257294125191e-12 
 2407       8.257105991938e-12 
 2408       8.256758374104e-12 
 2409       8.256240783708e-12 
 2410       8.255542698897e-12 
 2411       8.254653563914e-12 
 2412       8.253562789061e-12 
 2413       8.252259750666e-12 
 2414       8.250733791048e-12 
 2415       8.248974218480e-12 
 2416       8.246971545450e-12 
 2417       8.244721211711e-12 
 2418       8.242219883721e-12 
 2419       8.239464218395e-12 
 2420       8.236450863090e-12 
 2421       8.233176455600e-12 
 2422       8.229637624143e-12 
 2423       8.225830987355e-12 
 2424       8.221753154277e-12 
 2425       8.217400724350e-12 
 2426       8.212770287401e-12 
 2427       8.207858423638e-12 
 2428       8.202661703636e-12 
 2429       8.197176688334e-12 
 2430       8.191399929018e-12 
 2431       8.185327967316e-12 
 2432       8.178957335191e-12 
 2433       8.172284554926e-12 
 2434       8.165306139118e-12 
 2435       8.158018590668e-12 
 2436       8.150418402771e-12 
 2437       8.142502058908e-12 
 2438       8.134266032837e-12 
 2439       8.125706788581e-12 
 2440       8.116820780419e-12 
 2441       8.107604452880e-12 
 2442       8.098054240732e-12 
 2443       8.088166568968e-12 
 2444       8.077937852806e-12 
 2445       8.067364497670e-12 
 2446       8.056442899188e-12 
 2447       8.045169443177e-12 
 2448       8.033540505638e-12 
 2449       8.021552452744e-12 
 2450       8.009201640833e-12 
 2451       7.996484416395e-12 
 2452       7.983397116065e-12 
 2453       7.969936066616e-12 
 2454       7.956097584945e-12 
 2455       7.941879239957e-12 
 2456       7.927283646465e-12 
 2457       7.912314693898e-12 
 2458       7.896976286483e-12 
 2459       7.881272343256e-12 
 2460       7.865206798085e-12 
 2461       7.848783599677e-12 
 2462       7.832006711602e-12 
 2463       7.814880112302e-12 
 2464       7.797407795112e-12 
 2465       7.779593768272e-12 
 2466       7.761442054943e-12 
 2467       7.742956693228e-12 
 2468       7.724141736179e-12 
 2469       7.705001251821e-12 
 2470       7.685539323161e-12 
 2471       7.665760048211e-12 
 2472       7.645667539995e-12 
 2473       7.625265926574e-12 
 2474       7.604559351053e-12 
 2475       7.583551971604e-12 
 2476       7.562247961477e-12 
 2477       7.540651509018e-12 
 2478       7.518766817684e-12 
 2479       7.496598106059e-12 
 2480       7.474149607871e-12 
 2481       7.451425572004e-12 
 2482       7.428430262517e-12 
 2483       7.405167958660e-12 
 2484       7.381642954887e-12 
 2485       7.357859560875e-12 
 2486       7.333822101537e-12 
 2487       7.309534917040e-12 
 2488       7.285002362819e-12 
 2489       7.260228809592e-12 
 2490       7.235218643381e-12 
 2491       7.209976265519e-12 
 2492       7.184506092675e-12 
 2493       7.158812556863e-12 
 2494       7.132897201161e-12 
 2495       7.106749948195e-12 
 2496       7.080357780422e-12 
 2497       7.053707639734e-12 
 2498       7.026786427419e-12 
 2499       6.999581004118e-12 
 2500       6.972078189788e-12 
