# dimensionless total [l(l+1)/2pi] C_l's
# for l=2 to 2500, i.e. number of multipoles equal to 2499
#
# -> if you prefer output in CAMB/HealPix/LensPix units/order, set 'format' to 'camb' in input file
# -> if you don't want to see such a header, set 'headers' to 'no' in input file
#
# 1:l     2:TT                 
    2       2.720924977402e-10 
    3       2.436314416484e-10 
    4       2.218114302994e-10 
    5       2.058123821327e-10 
    6       1.940863599785e-10 
    7       1.853795776199e-10 
    8       1.787961152753e-10 
    9       1.737901807893e-10 
   10       1.699491515716e-10 
   11       1.669293799289e-10 
   12       1.645810033547e-10 
   13       1.628012042209e-10 
   14       1.614113833034e-10 
   15       1.603627839915e-10 
   16       1.596310603829e-10 
   17       1.591884616743e-10 
   18       1.589438280808e-10 
   19       1.589153815429e-10 
   20       1.590643769330e-10 
   21       1.593856316919e-10 
   22       1.598357978488e-10 
   23       1.604411544113e-10 
   24       1.612065903218e-10 
   25       1.620986941703e-10 
   26       1.630531368974e-10 
   27       1.640896623385e-10 
   28       1.652325370938e-10 
   29       1.664823944686e-10 
   30       1.678408811996e-10 
   31       1.692896464675e-10 
   32       1.707961971825e-10 
   33       1.723684506639e-10 
   34       1.740167271120e-10 
   35       1.757416149055e-10 
   36       1.775467109520e-10 
   37       1.794279401759e-10 
   38       1.813685564033e-10 
   39       1.833472142439e-10 
   40       1.853685919079e-10 
   41       1.874410793032e-10 
   42       1.895677807810e-10 
   43       1.917484868258e-10 
   44       1.939876621720e-10 
   45       1.962879961079e-10 
   46       1.986476902560e-10 
   47       2.010600547949e-10 
   48       2.035167599080e-10 
   49       2.060196160980e-10 
   50       2.085714208622e-10 
   51       2.111723814556e-10 
   52       2.138198976041e-10 
   53       2.165104962513e-10 
   54       2.192467200444e-10 
   55       2.220316314731e-10 
   56       2.248666916859e-10 
   57       2.277516334354e-10 
   58       2.306843340230e-10 
   59       2.336621369952e-10 
   60       2.366864642245e-10 
   61       2.397590522424e-10 
   62       2.428805213088e-10 
   63       2.460502974661e-10 
   64       2.492665345952e-10 
   65       2.525271226327e-10 
   66       2.558331354762e-10 
   67       2.591859761097e-10 
   68       2.625863082000e-10 
   69       2.660340085340e-10 
   70       2.695281194561e-10 
   71       2.730668013053e-10 
   72       2.766481701420e-10 
   73       2.802731027863e-10 
   74       2.839428867600e-10 
   75       2.876583558190e-10 
   76       2.914198626022e-10 
   77       2.952272512814e-10 
   78       2.990798302101e-10 
   79       3.029763445735e-10 
   80       3.069154863939e-10 
   81       3.108975867218e-10 
   82       3.149231687677e-10 
   83       3.189924195165e-10 
   84       3.231051723281e-10 
   85       3.272608895372e-10 
   86       3.314586450543e-10 
   87       3.356971069658e-10 
   88       3.399745201346e-10 
   89       3.442891768777e-10 
   90       3.486409515426e-10 
   91       3.530299757190e-10 
   92       3.574561616440e-10 
   93       3.619191921150e-10 
   94       3.664185104017e-10 
   95       3.709533101590e-10 
   96       3.755225253389e-10 
   97       3.801248201036e-10 
   98       3.847585787373e-10 
   99       3.894222102561e-10 
  100       3.941151332720e-10 
  101       3.988369125353e-10 
  102       4.035869504894e-10 
  103       4.083644809972e-10 
  104       4.131685630684e-10 
  105       4.179980745863e-10 
  106       4.228517060348e-10 
  107       4.277279542254e-10 
  108       4.326251160240e-10 
  109       4.375412820781e-10 
  110       4.424745923213e-10 
  111       4.474240531104e-10 
  112       4.523888134113e-10 
  113       4.573679087115e-10 
  114       4.623602573192e-10 
  115       4.673646566639e-10 
  116       4.723797795953e-10 
  117       4.774041706836e-10 
  118       4.824362425189e-10 
  119       4.874742720108e-10 
  120       4.925163966885e-10 
  121       4.975606110003e-10 
  122       5.026047626130e-10 
  123       5.076467616227e-10 
  124       5.126852432809e-10 
  125       5.177189747844e-10 
  126       5.227466471798e-10 
  127       5.277668733382e-10 
  128       5.327781859307e-10 
  129       5.377790354021e-10 
  130       5.427677879471e-10 
  131       5.477427234838e-10 
  132       5.527020336298e-10 
  133       5.576438196760e-10 
  134       5.625660905622e-10 
  135       5.674667608515e-10 
  136       5.723436487054e-10 
  137       5.771946423102e-10 
  138       5.820182228810e-10 
  139       5.868129921897e-10 
  140       5.915775080227e-10 
  141       5.963102832244e-10 
  142       6.010097847416e-10 
  143       6.056744326673e-10 
  144       6.103025992850e-10 
  145       6.148926081126e-10 
  146       6.194427329463e-10 
  147       6.239511969051e-10 
  148       6.284161714741e-10 
  149       6.328357755494e-10 
  150       6.372080744815e-10 
  151       6.415310791197e-10 
  152       6.458027448559e-10 
  153       6.500211071478e-10 
  154       6.541847042717e-10 
  155       6.582921922192e-10 
  156       6.623422114911e-10 
  157       6.663333868359e-10 
  158       6.702643269894e-10 
  159       6.741336244139e-10 
  160       6.779398550367e-10 
  161       6.816815779900e-10 
  162       6.853573353494e-10 
  163       6.889656518735e-10 
  164       6.925050347428e-10 
  165       6.959739732986e-10 
  166       6.993709387825e-10 
  167       7.026943840755e-10 
  168       7.059427434369e-10 
  169       7.091144322434e-10 
  170       7.122078467286e-10 
  171       7.152214713928e-10 
  172       7.181542118298e-10 
  173       7.210050892812e-10 
  174       7.237731356401e-10 
  175       7.264573936296e-10 
  176       7.290569169812e-10 
  177       7.315707706135e-10 
  178       7.339980308102e-10 
  179       7.363377853988e-10 
  180       7.385891339288e-10 
  181       7.407511878503e-10 
  182       7.428230706925e-10 
  183       7.448039182418e-10 
  184       7.466928787205e-10 
  185       7.484891129651e-10 
  186       7.501917946046e-10 
  187       7.518001102393e-10 
  188       7.533132596188e-10 
  189       7.547304558206e-10 
  190       7.560509254286e-10 
  191       7.572739693427e-10 
  192       7.583991499305e-10 
  193       7.594261182892e-10 
  194       7.603545552510e-10 
  195       7.611841717598e-10 
  196       7.619147092481e-10 
  197       7.625459400139e-10 
  198       7.630776675972e-10 
  199       7.635097271573e-10 
  200       7.638419858492e-10 
  201       7.640743432006e-10 
  202       7.642067314887e-10 
  203       7.642391161171e-10 
  204       7.641714959925e-10 
  205       7.640039039015e-10 
  206       7.637364068874e-10 
  207       7.633691066274e-10 
  208       7.629021398089e-10 
  209       7.623356785064e-10 
  210       7.616699305588e-10 
  211       7.609051399457e-10 
  212       7.600415871642e-10 
  213       7.590795974079e-10 
  214       7.580195649334e-10 
  215       7.568619310684e-10 
  216       7.556071769518e-10 
  217       7.542558239323e-10 
  218       7.528084339646e-10 
  219       7.512656100076e-10 
  220       7.496279964215e-10 
  221       7.478962793648e-10 
  222       7.460711871922e-10 
  223       7.441534908517e-10 
  224       7.421440042820e-10 
  225       7.400435848098e-10 
  226       7.378531335471e-10 
  227       7.355735957889e-10 
  228       7.332059614100e-10 
  229       7.307512652630e-10 
  230       7.282105875752e-10 
  231       7.255850543459e-10 
  232       7.228758377442e-10 
  233       7.200841565060e-10 
  234       7.172112763316e-10 
  235       7.142585102826e-10 
  236       7.112272191799e-10 
  237       7.081188120006e-10 
  238       7.049346834061e-10 
  239       7.016760213052e-10 
  240       6.983439884029e-10 
  241       6.949397842849e-10 
  242       6.914646456823e-10 
  243       6.879198467361e-10 
  244       6.843066992618e-10 
  245       6.806265530149e-10 
  246       6.768807959545e-10 
  247       6.730708545091e-10 
  248       6.691981938404e-10 
  249       6.652643181089e-10 
  250       6.612707707380e-10 
  251       6.572191346787e-10 
  252       6.531110326750e-10 
  253       6.489481275278e-10 
  254       6.447321223603e-10 
  255       6.404647608821e-10 
  256       6.361478276545e-10 
  257       6.317831483549e-10 
  258       6.273725900416e-10 
  259       6.229180614187e-10 
  260       6.184215131004e-10 
  261       6.138849378761e-10 
  262       6.093103709752e-10 
  263       6.046998903313e-10 
  264       6.000556168475e-10 
  265       5.953797146609e-10 
  266       5.906742645440e-10 
  267       5.859408759486e-10 
  268       5.811810544104e-10 
  269       5.763963265648e-10 
  270       5.715882401983e-10 
  271       5.667583642979e-10 
  272       5.619082891021e-10 
  273       5.570396261512e-10 
  274       5.521540083375e-10 
  275       5.472530899556e-10 
  276       5.423385467531e-10 
  277       5.374120759808e-10 
  278       5.324753964430e-10 
  279       5.275302485480e-10 
  280       5.225783943585e-10 
  281       5.176216176417e-10 
  282       5.126617239201e-10 
  283       5.077005405217e-10 
  284       5.027399166301e-10 
  285       4.977817233352e-10 
  286       4.928278536837e-10 
  287       4.878802227289e-10 
  288       4.829407675819e-10 
  289       4.780114474610e-10 
  290       4.730942437431e-10 
  291       4.681911600133e-10 
  292       4.633042221155e-10 
  293       4.584354782029e-10 
  294       4.535869987885e-10 
  295       4.487608767950e-10 
  296       4.439592276056e-10 
  297       4.391840330714e-10 
  298       4.344366650279e-10 
  299       4.297183386663e-10 
  300       4.250302663248e-10 
  301       4.203736573269e-10 
  302       4.157497178205e-10 
  303       4.111596506164e-10 
  304       4.066046550273e-10 
  305       4.020859267067e-10 
  306       3.976046574875e-10 
  307       3.931620352209e-10 
  308       3.887592436153e-10 
  309       3.843974620749e-10 
  310       3.800778655387e-10 
  311       3.758016243191e-10 
  312       3.715699039411e-10 
  313       3.673838649805e-10 
  314       3.632446629034e-10 
  315       3.591534479043e-10 
  316       3.551113647457e-10 
  317       3.511195525960e-10 
  318       3.471791448691e-10 
  319       3.432912690629e-10 
  320       3.394570465979e-10 
  321       3.356775926563e-10 
  322       3.319540160208e-10 
  323       3.282874189131e-10 
  324       3.246788968332e-10 
  325       3.211295383978e-10 
  326       3.176404251791e-10 
  327       3.142126315440e-10 
  328       3.108472244926e-10 
  329       3.075452634969e-10 
  330       3.043078003399e-10 
  331       3.011358789543e-10 
  332       2.980304312808e-10 
  333       2.949919601542e-10 
  334       2.920208422638e-10 
  335       2.891174306123e-10 
  336       2.862820542420e-10 
  337       2.835150179607e-10 
  338       2.808166020676e-10 
  339       2.781870620791e-10 
  340       2.756266284552e-10 
  341       2.731355063248e-10 
  342       2.707138752123e-10 
  343       2.683618887631e-10 
  344       2.660796744696e-10 
  345       2.638673333974e-10 
  346       2.617249399110e-10 
  347       2.596525413997e-10 
  348       2.576501580038e-10 
  349       2.557177823404e-10 
  350       2.538553792292e-10 
  351       2.520628854189e-10 
  352       2.503402093124e-10 
  353       2.486872306936e-10 
  354       2.471038004527e-10 
  355       2.455897403125e-10 
  356       2.441448425540e-10 
  357       2.427688697428e-10 
  358       2.414615544547e-10 
  359       2.402225990018e-10 
  360       2.390516751582e-10 
  361       2.379484238865e-10 
  362       2.369124550631e-10 
  363       2.359433472045e-10 
  364       2.350406471933e-10 
  365       2.342038700038e-10 
  366       2.334324984282e-10 
  367       2.327259828028e-10 
  368       2.320837407333e-10 
  369       2.315051568212e-10 
  370       2.309895823899e-10 
  371       2.305363748593e-10 
  372       2.301450181310e-10 
  373       2.298150063731e-10 
  374       2.295458045574e-10 
  375       2.293368482194e-10 
  376       2.291875432192e-10 
  377       2.290972655016e-10 
  378       2.290653608567e-10 
  379       2.290911446802e-10 
  380       2.291739017336e-10 
  381       2.293128859052e-10 
  382       2.295073199701e-10 
  383       2.297563953506e-10 
  384       2.300592718768e-10 
  385       2.304150775470e-10 
  386       2.308229082880e-10 
  387       2.312818277156e-10 
  388       2.317908668949e-10 
  389       2.323490241010e-10 
  390       2.329552645792e-10 
  391       2.336085203054e-10 
  392       2.343076897465e-10 
  393       2.350516376213e-10 
  394       2.358391946599e-10 
  395       2.366691573653e-10 
  396       2.375402877730e-10 
  397       2.384513132117e-10 
  398       2.394009260637e-10 
  399       2.403877835253e-10 
  400       2.414105073674e-10 
  401       2.424676836955e-10 
  402       2.435578627106e-10 
  403       2.446795584693e-10 
  404       2.458312486442e-10 
  405       2.470113742848e-10 
  406       2.482183395771e-10 
  407       2.494505116048e-10 
  408       2.507062201092e-10 
  409       2.519837572500e-10 
  410       2.532815488711e-10 
  411       2.545986754712e-10 
  412       2.559343692149e-10 
  413       2.572878439759e-10 
  414       2.586582952206e-10 
  415       2.600448998897e-10 
  416       2.614468162813e-10 
  417       2.628631839334e-10 
  418       2.642931235062e-10 
  419       2.657357366650e-10 
  420       2.671901059622e-10 
  421       2.686552947207e-10 
  422       2.701303469157e-10 
  423       2.716142870574e-10 
  424       2.731061200740e-10 
  425       2.746048311937e-10 
  426       2.761093858276e-10 
  427       2.776187294520e-10 
  428       2.791317874913e-10 
  429       2.806474652000e-10 
  430       2.821646475460e-10 
  431       2.836821990926e-10 
  432       2.851989638809e-10 
  433       2.867137653131e-10 
  434       2.882254060344e-10 
  435       2.897326678157e-10 
  436       2.912343114363e-10 
  437       2.927290765664e-10 
  438       2.942156816495e-10 
  439       2.956928237851e-10 
  440       2.971591786112e-10 
  441       2.986134001871e-10 
  442       3.000541208755e-10 
  443       3.014799512252e-10 
  444       3.028894798539e-10 
  445       3.042812733307e-10 
  446       3.056538760582e-10 
  447       3.070058101556e-10 
  448       3.083355753412e-10 
  449       3.096418487264e-10 
  450       3.109240915586e-10 
  451       3.121819618877e-10 
  452       3.134151164303e-10 
  453       3.146232105712e-10 
  454       3.158058983646e-10 
  455       3.169628325351e-10 
  456       3.180936644796e-10 
  457       3.191980442681e-10 
  458       3.202756206449e-10 
  459       3.213260410305e-10 
  460       3.223489515221e-10 
  461       3.233439968955e-10 
  462       3.243108206060e-10 
  463       3.252490647900e-10 
  464       3.261583702658e-10 
  465       3.270383765356e-10 
  466       3.278887217861e-10 
  467       3.287090428900e-10 
  468       3.294989754076e-10 
  469       3.302581535876e-10 
  470       3.309862103688e-10 
  471       3.316827773810e-10 
  472       3.323474849467e-10 
  473       3.329799620818e-10 
  474       3.335798364976e-10 
  475       3.341467346015e-10 
  476       3.346802814987e-10 
  477       3.351801009931e-10 
  478       3.356458155888e-10 
  479       3.360770464915e-10 
  480       3.364734136095e-10 
  481       3.368345355552e-10 
  482       3.371600296461e-10 
  483       3.374495119066e-10 
  484       3.377025970688e-10 
  485       3.379188985739e-10 
  486       3.380980285737e-10 
  487       3.382395979316e-10 
  488       3.383433314599e-10 
  489       3.384094174078e-10 
  490       3.384381683919e-10 
  491       3.384299071618e-10 
  492       3.383849666587e-10 
  493       3.383036900751e-10 
  494       3.381864309139e-10 
  495       3.380335530475e-10 
  496       3.378454307771e-10 
  497       3.376224488921e-10 
  498       3.373650027290e-10 
  499       3.370734982310e-10 
  500       3.367483520068e-10 
  501       3.363899913904e-10 
  502       3.359988544998e-10 
  503       3.355753902965e-10 
  504       3.351200586447e-10 
  505       3.346333303704e-10 
  506       3.341156873208e-10 
  507       3.335676224236e-10 
  508       3.329896397459e-10 
  509       3.323822545538e-10 
  510       3.317459933712e-10 
  511       3.310813940396e-10 
  512       3.303890057769e-10 
  513       3.296693892367e-10 
  514       3.289231165677e-10 
  515       3.281507714727e-10 
  516       3.273529492680e-10 
  517       3.265302569427e-10 
  518       3.256833132175e-10 
  519       3.248127486046e-10 
  520       3.239192054664e-10 
  521       3.230033380749e-10 
  522       3.220658126710e-10 
  523       3.211073075237e-10 
  524       3.201285129890e-10 
  525       3.191301315700e-10 
  526       3.181128779749e-10 
  527       3.170774605971e-10 
  528       3.160245252680e-10 
  529       3.149547100675e-10 
  530       3.138686638145e-10 
  531       3.127670461181e-10 
  532       3.116505274293e-10 
  533       3.105197890916e-10 
  534       3.093755233927e-10 
  535       3.082184336154e-10 
  536       3.070492340890e-10 
  537       3.058686502406e-10 
  538       3.046774186458e-10 
  539       3.034762870808e-10 
  540       3.022660145728e-10 
  541       3.010473714516e-10 
  542       2.998211394008e-10 
  543       2.985881115090e-10 
  544       2.973490923208e-10 
  545       2.961048978885e-10 
  546       2.948563558228e-10 
  547       2.936043053444e-10 
  548       2.923495973350e-10 
  549       2.910930943886e-10 
  550       2.898356708627e-10 
  551       2.885782129295e-10 
  552       2.873216186272e-10 
  553       2.860667979112e-10 
  554       2.848146727050e-10 
  555       2.835661769521e-10 
  556       2.823222566666e-10 
  557       2.810838699845e-10 
  558       2.798519872153e-10 
  559       2.786275908930e-10 
  560       2.774116758269e-10 
  561       2.762052491536e-10 
  562       2.750093303878e-10 
  563       2.738249514733e-10 
  564       2.726531568346e-10 
  565       2.714950034280e-10 
  566       2.703514485723e-10 
  567       2.692230101662e-10 
  568       2.681100978304e-10 
  569       2.670131243469e-10 
  570       2.659325056675e-10 
  571       2.648686609240e-10 
  572       2.638220124364e-10 
  573       2.627929857232e-10 
  574       2.617820095098e-10 
  575       2.607895157384e-10 
  576       2.598159395766e-10 
  577       2.588617194274e-10 
  578       2.579272969378e-10 
  579       2.570131170086e-10 
  580       2.561196278031e-10 
  581       2.552472807570e-10 
  582       2.543965305870e-10 
  583       2.535678353006e-10 
  584       2.527616562049e-10 
  585       2.519784579162e-10 
  586       2.512187083691e-10 
  587       2.504828788259e-10 
  588       2.497714438857e-10 
  589       2.490848814936e-10 
  590       2.484236729501e-10 
  591       2.477883029204e-10 
  592       2.471792594436e-10 
  593       2.465970339417e-10 
  594       2.460421212294e-10 
  595       2.455150195229e-10 
  596       2.450162304491e-10 
  597       2.445462590555e-10 
  598       2.441056138186e-10 
  599       2.436948066539e-10 
  600       2.433143529245e-10 
  601       2.429647714509e-10 
  602       2.426465845201e-10 
  603       2.423603178946e-10 
  604       2.421065008219e-10 
  605       2.418855544456e-10 
  606       2.416974540682e-10 
  607       2.415420587739e-10 
  608       2.414192222640e-10 
  609       2.413287928289e-10 
  610       2.412706133215e-10 
  611       2.412445211296e-10 
  612       2.412503481485e-10 
  613       2.412879207542e-10 
  614       2.413570597755e-10 
  615       2.414575804676e-10 
  616       2.415892924837e-10 
  617       2.417519998488e-10 
  618       2.419455009316e-10 
  619       2.421695884180e-10 
  620       2.424240492831e-10 
  621       2.427086647643e-10 
  622       2.430232103341e-10 
  623       2.433674556727e-10 
  624       2.437411646406e-10 
  625       2.441440952516e-10 
  626       2.445759996454e-10 
  627       2.450366240603e-10 
  628       2.455257088060e-10 
  629       2.460429882362e-10 
  630       2.465881907215e-10 
  631       2.471610386221e-10 
  632       2.477612482604e-10 
  633       2.483885298938e-10 
  634       2.490425876874e-10 
  635       2.497231196870e-10 
  636       2.504298177914e-10 
  637       2.511623677254e-10 
  638       2.519204490124e-10 
  639       2.527037349472e-10 
  640       2.535118925688e-10 
  641       2.543445826331e-10 
  642       2.552014595853e-10 
  643       2.560821715332e-10 
  644       2.569863291919e-10 
  645       2.579134120026e-10 
  646       2.588628598356e-10 
  647       2.598341037889e-10 
  648       2.608265661527e-10 
  649       2.618396603726e-10 
  650       2.628727910136e-10 
  651       2.639253537239e-10 
  652       2.649967351984e-10 
  653       2.660863131427e-10 
  654       2.671934562371e-10 
  655       2.683175240998e-10 
  656       2.694578672510e-10 
  657       2.706138270767e-10 
  658       2.717847357924e-10 
  659       2.729699164066e-10 
  660       2.741686826852e-10 
  661       2.753803391147e-10 
  662       2.766041808661e-10 
  663       2.778394937588e-10 
  664       2.790855542243e-10 
  665       2.803416292699e-10 
  666       2.816069764425e-10 
  667       2.828808437924e-10 
  668       2.841624698372e-10 
  669       2.854510835251e-10 
  670       2.867459041993e-10 
  671       2.880461415613e-10 
  672       2.893509956348e-10 
  673       2.906596567295e-10 
  674       2.919713054049e-10 
  675       2.932851124340e-10 
  676       2.946002387669e-10 
  677       2.959158354951e-10 
  678       2.972310438145e-10 
  679       2.985449949900e-10 
  680       2.998568103185e-10 
  681       3.011656010931e-10 
  682       3.024704685670e-10 
  683       3.037705677929e-10 
  684       3.050653007124e-10 
  685       3.063541271164e-10 
  686       3.076365011234e-10 
  687       3.089118711587e-10 
  688       3.101796799350e-10 
  689       3.114393644326e-10 
  690       3.126903558796e-10 
  691       3.139320797318e-10 
  692       3.151639556533e-10 
  693       3.163853974961e-10 
  694       3.175958132808e-10 
  695       3.187946051767e-10 
  696       3.199811694817e-10 
  697       3.211548966025e-10 
  698       3.223151710352e-10 
  699       3.234613713449e-10 
  700       3.245928701464e-10 
  701       3.257090340839e-10 
  702       3.268092238115e-10 
  703       3.278927939733e-10 
  704       3.289590931834e-10 
  705       3.300074640064e-10 
  706       3.310372429373e-10 
  707       3.320477603817e-10 
  708       3.330383406362e-10 
  709       3.340083018683e-10 
  710       3.349569560967e-10 
  711       3.358836091714e-10 
  712       3.367875607541e-10 
  713       3.376681042980e-10 
  714       3.385245270284e-10 
  715       3.393561099225e-10 
  716       3.401621276897e-10 
  717       3.409418487519e-10 
  718       3.416945352235e-10 
  719       3.424194428918e-10 
  720       3.431158211969e-10 
  721       3.437829132120e-10 
  722       3.444200623365e-10 
  723       3.450270347801e-10 
  724       3.456037035533e-10 
  725       3.461499423493e-10 
  726       3.466656255486e-10 
  727       3.471506282237e-10 
  728       3.476048261440e-10 
  729       3.480280957803e-10 
  730       3.484203143092e-10 
  731       3.487813596187e-10 
  732       3.491111103121e-10 
  733       3.494094457129e-10 
  734       3.496762458696e-10 
  735       3.499113915606e-10 
  736       3.501147642984e-10 
  737       3.502862463347e-10 
  738       3.504257206651e-10 
  739       3.505330710335e-10 
  740       3.506081819372e-10 
  741       3.506509386312e-10 
  742       3.506612271334e-10 
  743       3.506389342287e-10 
  744       3.505839474742e-10 
  745       3.504961552038e-10 
  746       3.503754465327e-10 
  747       3.502217113622e-10 
  748       3.500348403847e-10 
  749       3.498147250879e-10 
  750       3.495612577598e-10 
  751       3.492743314935e-10 
  752       3.489538401915e-10 
  753       3.485996785711e-10 
  754       3.482117421682e-10 
  755       3.477899273428e-10 
  756       3.473341312833e-10 
  757       3.468442520112e-10 
  758       3.463201883861e-10 
  759       3.457618401101e-10 
  760       3.451691077324e-10 
  761       3.445419661718e-10 
  762       3.438806868181e-10 
  763       3.431856196973e-10 
  764       3.424571203599e-10 
  765       3.416955499007e-10 
  766       3.409012749792e-10 
  767       3.400746678389e-10 
  768       3.392161063275e-10 
  769       3.383259739169e-10 
  770       3.374046597231e-10 
  771       3.364525585258e-10 
  772       3.354700707889e-10 
  773       3.344576026798e-10 
  774       3.334155660898e-10 
  775       3.323443786536e-10 
  776       3.312444637698e-10 
  777       3.301162506201e-10 
  778       3.289601741898e-10 
  779       3.277766752874e-10 
  780       3.265662005646e-10 
  781       3.253292025364e-10 
  782       3.240661396007e-10 
  783       3.227774760584e-10 
  784       3.214636821333e-10 
  785       3.201252339921e-10 
  786       3.187626137641e-10 
  787       3.173763095613e-10 
  788       3.159668154983e-10 
  789       3.145346317121e-10 
  790       3.130802643822e-10 
  791       3.116042257505e-10 
  792       3.101070341409e-10 
  793       3.085892139796e-10 
  794       3.070512958150e-10 
  795       3.054938163373e-10 
  796       3.039173183986e-10 
  797       3.023223510331e-10 
  798       3.007094694765e-10 
  799       2.990792351863e-10 
  800       2.974322114376e-10 
  801       2.957689499830e-10 
  802       2.940900041890e-10 
  803       2.923959334565e-10 
  804       2.906873032408e-10 
  805       2.889646850696e-10 
  806       2.872286565630e-10 
  807       2.854798014520e-10 
  808       2.837187095979e-10 
  809       2.819459770113e-10 
  810       2.801622058712e-10 
  811       2.783680045440e-10 
  812       2.765639876028e-10 
  813       2.747507758462e-10 
  814       2.729289963176e-10 
  815       2.710992823243e-10 
  816       2.692622734565e-10 
  817       2.674186156064e-10 
  818       2.655689609873e-10 
  819       2.637139681528e-10 
  820       2.618543020156e-10 
  821       2.599906338669e-10 
  822       2.581236413955e-10 
  823       2.562540087065e-10 
  824       2.543824263408e-10 
  825       2.525095912940e-10 
  826       2.506362070356e-10 
  827       2.487629835279e-10 
  828       2.468906372454e-10 
  829       2.450198911934e-10 
  830       2.431514749278e-10 
  831       2.412861245734e-10 
  832       2.394245828436e-10 
  833       2.375675990592e-10 
  834       2.357159291675e-10 
  835       2.338703357616e-10 
  836       2.320315880992e-10 
  837       2.302004621218e-10 
  838       2.283777404739e-10 
  839       2.265641418900e-10 
  840       2.247601079703e-10 
  841       2.229660127337e-10 
  842       2.211822329206e-10 
  843       2.194091479998e-10 
  844       2.176471401761e-10 
  845       2.158965943966e-10 
  846       2.141578983583e-10 
  847       2.124314425152e-10 
  848       2.107176200851e-10 
  849       2.090168270565e-10 
  850       2.073294621963e-10 
  851       2.056559270564e-10 
  852       2.039966259806e-10 
  853       2.023519661122e-10 
  854       2.007223574006e-10 
  855       1.991082126086e-10 
  856       1.975099473195e-10 
  857       1.959279799439e-10 
  858       1.943627317270e-10 
  859       1.928146267556e-10 
  860       1.912840919652e-10 
  861       1.897715571470e-10 
  862       1.882774549549e-10 
  863       1.868022209127e-10 
  864       1.853462934211e-10 
  865       1.839101137649e-10 
  866       1.824941261199e-10 
  867       1.810987775597e-10 
  868       1.797245180636e-10 
  869       1.783718005227e-10 
  870       1.770410807475e-10 
  871       1.757328174750e-10 
  872       1.744474723755e-10 
  873       1.731855100598e-10 
  874       1.719473980862e-10 
  875       1.707336069678e-10 
  876       1.695446101792e-10 
  877       1.683808841638e-10 
  878       1.672428248978e-10 
  879       1.661304960480e-10 
  880       1.650438766405e-10 
  881       1.639829441185e-10 
  882       1.629476743365e-10 
  883       1.619380415538e-10 
  884       1.609540184294e-10 
  885       1.599955760156e-10 
  886       1.590626837519e-10 
  887       1.581553094598e-10 
  888       1.572734193361e-10 
  889       1.564169779475e-10 
  890       1.555859482245e-10 
  891       1.547802914555e-10 
  892       1.539999672811e-10 
  893       1.532449336877e-10 
  894       1.525151470022e-10 
  895       1.518105618854e-10 
  896       1.511311313269e-10 
  897       1.504768066384e-10 
  898       1.498475374484e-10 
  899       1.492432716959e-10 
  900       1.486639556247e-10 
  901       1.481095337774e-10 
  902       1.475799489894e-10 
  903       1.470751423833e-10 
  904       1.465950533626e-10 
  905       1.461396196060e-10 
  906       1.457087770616e-10 
  907       1.453024599407e-10 
  908       1.449206007122e-10 
  909       1.445631300963e-10 
  910       1.442299770591e-10 
  911       1.439210688061e-10 
  912       1.436363307769e-10 
  913       1.433756866387e-10 
  914       1.431390582810e-10 
  915       1.429263658092e-10 
  916       1.427375275387e-10 
  917       1.425724185828e-10 
  918       1.424307459043e-10 
  919       1.423121712623e-10 
  920       1.422163524269e-10 
  921       1.421429431671e-10 
  922       1.420915932392e-10 
  923       1.420619483747e-10 
  924       1.420536502690e-10 
  925       1.420663365691e-10 
  926       1.420996408618e-10 
  927       1.421531926624e-10 
  928       1.422266174023e-10 
  929       1.423195364174e-10 
  930       1.424315669365e-10 
  931       1.425623220691e-10 
  932       1.427114107938e-10 
  933       1.428784379466e-10 
  934       1.430630042089e-10 
  935       1.432647060956e-10 
  936       1.434831359436e-10 
  937       1.437178818998e-10 
  938       1.439685279092e-10 
  939       1.442346537033e-10 
  940       1.445158347881e-10 
  941       1.448116424323e-10 
  942       1.451216436558e-10 
  943       1.454454012173e-10 
  944       1.457824736031e-10 
  945       1.461324150148e-10 
  946       1.464947753579e-10 
  947       1.468691002296e-10 
  948       1.472549309073e-10 
  949       1.476518043365e-10 
  950       1.480592531193e-10 
  951       1.484768055024e-10 
  952       1.489039853653e-10 
  953       1.493403122085e-10 
  954       1.497853011416e-10 
  955       1.502384628716e-10 
  956       1.506993238752e-10 
  957       1.511674872760e-10 
  958       1.516425728735e-10 
  959       1.521241970348e-10 
  960       1.526119726847e-10 
  961       1.531055092971e-10 
  962       1.536044128858e-10 
  963       1.541082859948e-10 
  964       1.546167276899e-10 
  965       1.551293335489e-10 
  966       1.556456956529e-10 
  967       1.561654025766e-10 
  968       1.566880393798e-10 
  969       1.572131875977e-10 
  970       1.577404252320e-10 
  971       1.582693267415e-10 
  972       1.587994630334e-10 
  973       1.593304014535e-10 
  974       1.598617057775e-10 
  975       1.603929362017e-10 
  976       1.609236493339e-10 
  977       1.614533981840e-10 
  978       1.619817321550e-10 
  979       1.625081970341e-10 
  980       1.630323349830e-10 
  981       1.635536845290e-10 
  982       1.640717805560e-10 
  983       1.645861542949e-10 
  984       1.650963333151e-10 
  985       1.656018415146e-10 
  986       1.661021991112e-10 
  987       1.665969226335e-10 
  988       1.670855249114e-10 
  989       1.675675150670e-10 
  990       1.680423985057e-10 
  991       1.685096769067e-10 
  992       1.689688482141e-10 
  993       1.694194066273e-10 
  994       1.698608425925e-10 
  995       1.702927018598e-10 
  996       1.707147636242e-10 
  997       1.711268649814e-10 
  998       1.715288420968e-10 
  999       1.719205302025e-10 
 1000       1.723017635963e-10 
 1001       1.726723756388e-10 
 1002       1.730321987520e-10 
 1003       1.733810644171e-10 
 1004       1.737188031723e-10 
 1005       1.740452446112e-10 
 1006       1.743602173802e-10 
 1007       1.746635491772e-10 
 1008       1.749550667489e-10 
 1009       1.752345958892e-10 
 1010       1.755019614370e-10 
 1011       1.757569872746e-10 
 1012       1.759994963249e-10 
 1013       1.762293105501e-10 
 1014       1.764462509494e-10 
 1015       1.766501375569e-10 
 1016       1.768407894399e-10 
 1017       1.770180246964e-10 
 1018       1.771816604537e-10 
 1019       1.773315128659e-10 
 1020       1.774673971119e-10 
 1021       1.775891273937e-10 
 1022       1.776965169343e-10 
 1023       1.777893779754e-10 
 1024       1.778675217757e-10 
 1025       1.779307586087e-10 
 1026       1.779788977609e-10 
 1027       1.780117475295e-10 
 1028       1.780291152206e-10 
 1029       1.780308071472e-10 
 1030       1.780166286270e-10 
 1031       1.779863839804e-10 
 1032       1.779398765289e-10 
 1033       1.778769085925e-10 
 1034       1.777973353633e-10 
 1035       1.777012273627e-10 
 1036       1.775887102757e-10 
 1037       1.774599112872e-10 
 1038       1.773149590863e-10 
 1039       1.771539838703e-10 
 1040       1.769771173488e-10 
 1041       1.767844927477e-10 
 1042       1.765762448131e-10 
 1043       1.763525098153e-10 
 1044       1.761134255533e-10 
 1045       1.758591313580e-10 
 1046       1.755897680970e-10 
 1047       1.753054781784e-10 
 1048       1.750064055545e-10 
 1049       1.746926957262e-10 
 1050       1.743644957468e-10 
 1051       1.740219542264e-10 
 1052       1.736652213354e-10 
 1053       1.732944488089e-10 
 1054       1.729097899505e-10 
 1055       1.725113996367e-10 
 1056       1.720994343204e-10 
 1057       1.716740520353e-10 
 1058       1.712354123998e-10 
 1059       1.707836766212e-10 
 1060       1.703190074993e-10 
 1061       1.698415694310e-10 
 1062       1.693515284138e-10 
 1063       1.688490520502e-10 
 1064       1.683343095516e-10 
 1065       1.678074717422e-10 
 1066       1.672687110633e-10 
 1067       1.667182015770e-10 
 1068       1.661561189705e-10 
 1069       1.655826405600e-10 
 1070       1.649979452948e-10 
 1071       1.644022137613e-10 
 1072       1.637956281868e-10 
 1073       1.631783878200e-10 
 1074       1.625507552915e-10 
 1075       1.619130108925e-10 
 1076       1.612654372616e-10 
 1077       1.606083193899e-10 
 1078       1.599419446274e-10 
 1079       1.592666026882e-10 
 1080       1.585825856562e-10 
 1081       1.578901879907e-10 
 1082       1.571897065321e-10 
 1083       1.564814405075e-10 
 1084       1.557656915362e-10 
 1085       1.550427636357e-10 
 1086       1.543129632269e-10 
 1087       1.535765991398e-10 
 1088       1.528339826196e-10 
 1089       1.520854273315e-10 
 1090       1.513312493673e-10 
 1091       1.505717672500e-10 
 1092       1.498073019404e-10 
 1093       1.490381768419e-10 
 1094       1.482647178068e-10 
 1095       1.474872531415e-10 
 1096       1.467061136123e-10 
 1097       1.459216324510e-10 
 1098       1.451341453604e-10 
 1099       1.443439905202e-10 
 1100       1.435515085925e-10 
 1101       1.427570427272e-10 
 1102       1.419609385680e-10 
 1103       1.411635442580e-10 
 1104       1.403652104448e-10 
 1105       1.395662902868e-10 
 1106       1.387671394585e-10 
 1107       1.379681161562e-10 
 1108       1.371695811035e-10 
 1109       1.363718975572e-10 
 1110       1.355754313127e-10 
 1111       1.347805507095e-10 
 1112       1.339876005276e-10 
 1113       1.331968232881e-10 
 1114       1.324084369293e-10 
 1115       1.316226608257e-10 
 1116       1.308397157913e-10 
 1117       1.300598240824e-10 
 1118       1.292832094007e-10 
 1119       1.285100968968e-10 
 1120       1.277407131726e-10 
 1121       1.269752862852e-10 
 1122       1.262140457495e-10 
 1123       1.254572225412e-10 
 1124       1.247050491003e-10 
 1125       1.239577593340e-10 
 1126       1.232155886197e-10 
 1127       1.224787738082e-10 
 1128       1.217475532269e-10 
 1129       1.210221666825e-10 
 1130       1.203028554647e-10 
 1131       1.195898623489e-10 
 1132       1.188834315991e-10 
 1133       1.181838089718e-10 
 1134       1.174912417180e-10 
 1135       1.168059785872e-10 
 1136       1.161282698301e-10 
 1137       1.154583672018e-10 
 1138       1.147965239647e-10 
 1139       1.141429948919e-10 
 1140       1.134980362701e-10 
 1141       1.128619059027e-10 
 1142       1.122348631130e-10 
 1143       1.116171687472e-10 
 1144       1.110090851777e-10 
 1145       1.104108763058e-10 
 1146       1.098228075651e-10 
 1147       1.092451459247e-10 
 1148       1.086781598918e-10 
 1149       1.081221195155e-10 
 1150       1.075772963891e-10 
 1151       1.070439206565e-10 
 1152       1.065220514240e-10 
 1153       1.060117047091e-10 
 1154       1.055128962876e-10 
 1155       1.050256416929e-10 
 1156       1.045499562154e-10 
 1157       1.040858549013e-10 
 1158       1.036333525524e-10 
 1159       1.031924637247e-10 
 1160       1.027632027279e-10 
 1161       1.023455836248e-10 
 1162       1.019396202299e-10 
 1163       1.015453261094e-10 
 1164       1.011627145797e-10 
 1165       1.007917987070e-10 
 1166       1.004325913065e-10 
 1167       1.000851049413e-10 
 1168       9.974935192191e-11 
 1169       9.942534430547e-11 
 1170       9.911309389472e-11 
 1171       9.881261223739e-11 
 1172       9.852391062531e-11 
 1173       9.824700009370e-11 
 1174       9.798189142029e-11 
 1175       9.772859512459e-11 
 1176       9.748712146706e-11 
 1177       9.725748044834e-11 
 1178       9.703968180843e-11 
 1179       9.683373502592e-11 
 1180       9.663964931717e-11 
 1181       9.645743363555e-11 
 1182       9.628709667059e-11 
 1183       9.612864684727e-11 
 1184       9.598209232514e-11 
 1185       9.584744099758e-11 
 1186       9.572470049097e-11 
 1187       9.561387816394e-11 
 1188       9.551498110654e-11 
 1189       9.542801613943e-11 
 1190       9.535296114752e-11 
 1191       9.528967869679e-11 
 1192       9.523800135486e-11 
 1193       9.519776025716e-11 
 1194       9.516878510366e-11 
 1195       9.515090415573e-11 
 1196       9.514394423283e-11 
 1197       9.514773070939e-11 
 1198       9.516208751147e-11 
 1199       9.518683711365e-11 
 1200       9.522180053573e-11 
 1201       9.526679733955e-11 
 1202       9.532164562575e-11 
 1203       9.538616203056e-11 
 1204       9.546016172258e-11 
 1205       9.554345839954e-11 
 1206       9.563586428509e-11 
 1207       9.573719012559e-11 
 1208       9.584724518687e-11 
 1209       9.596583725102e-11 
 1210       9.609277261316e-11 
 1211       9.622785607822e-11 
 1212       9.637089095774e-11 
 1213       9.652167906662e-11 
 1214       9.668002071991e-11 
 1215       9.684571472957e-11 
 1216       9.701855840131e-11 
 1217       9.719834753127e-11 
 1218       9.738487640290e-11 
 1219       9.757793778367e-11 
 1220       9.777732292187e-11 
 1221       9.798282154340e-11 
 1222       9.819422184853e-11 
 1223       9.841131050869e-11 
 1224       9.863387266324e-11 
 1225       9.886169191625e-11 
 1226       9.909455033331e-11 
 1227       9.933222843823e-11 
 1228       9.957450520993e-11 
 1229       9.982116035304e-11 
 1230       1.000719811462e-10 
 1231       1.003267556687e-10 
 1232       1.005852705313e-10 
 1233       1.008473108727e-10 
 1234       1.011126603569e-10 
 1235       1.013811011701e-10 
 1236       1.016524140172e-10 
 1237       1.019263781195e-10 
 1238       1.022027712111e-10 
 1239       1.024813695361e-10 
 1240       1.027619478454e-10 
 1241       1.030442793940e-10 
 1242       1.033281359373e-10 
 1243       1.036132877290e-10 
 1244       1.038995035170e-10 
 1245       1.041865505414e-10 
 1246       1.044741945306e-10 
 1247       1.047621996988e-10 
 1248       1.050503287426e-10 
 1249       1.053383428383e-10 
 1250       1.056260016386e-10 
 1251       1.059130632697e-10 
 1252       1.061992843282e-10 
 1253       1.064844198780e-10 
 1254       1.067682234474e-10 
 1255       1.070504470260e-10 
 1256       1.073308410617e-10 
 1257       1.076091544573e-10 
 1258       1.078851345681e-10 
 1259       1.081585271985e-10 
 1260       1.084290765987e-10 
 1261       1.086965254622e-10 
 1262       1.089606149225e-10 
 1263       1.092210845500e-10 
 1264       1.094776723488e-10 
 1265       1.097301147543e-10 
 1266       1.099781466294e-10 
 1267       1.102215012620e-10 
 1268       1.104599371608e-10 
 1269       1.106933187884e-10 
 1270       1.109215367530e-10 
 1271       1.111444810929e-10 
 1272       1.113620412751e-10 
 1273       1.115741061945e-10 
 1274       1.117805641728e-10 
 1275       1.119813029573e-10 
 1276       1.121762097202e-10 
 1277       1.123651710572e-10 
 1278       1.125480729868e-10 
 1279       1.127248009488e-10 
 1280       1.128952398038e-10 
 1281       1.130592738318e-10 
 1282       1.132167867311e-10 
 1283       1.133676616176e-10 
 1284       1.135117810234e-10 
 1285       1.136490268962e-10 
 1286       1.137792805975e-10 
 1287       1.139024229026e-10 
 1288       1.140183339985e-10 
 1289       1.141268934836e-10 
 1290       1.142279803664e-10 
 1291       1.143214730644e-10 
 1292       1.144072494032e-10 
 1293       1.144851866152e-10 
 1294       1.145551613390e-10 
 1295       1.146170496179e-10 
 1296       1.146707268992e-10 
 1297       1.147160680328e-10 
 1298       1.147529472705e-10 
 1299       1.147812382649e-10 
 1300       1.148008140682e-10 
 1301       1.148115471312e-10 
 1302       1.148133093024e-10 
 1303       1.148059718267e-10 
 1304       1.147894053448e-10 
 1305       1.147634798915e-10 
 1306       1.147280648952e-10 
 1307       1.146830593795e-10 
 1308       1.146284829388e-10 
 1309       1.145643857783e-10 
 1310       1.144908186046e-10 
 1311       1.144078326268e-10 
 1312       1.143154795576e-10 
 1313       1.142138116144e-10 
 1314       1.141028815203e-10 
 1315       1.139827425050e-10 
 1316       1.138534483065e-10 
 1317       1.137150531714e-10 
 1318       1.135676118567e-10 
 1319       1.134111796302e-10 
 1320       1.132458122720e-10 
 1321       1.130715660757e-10 
 1322       1.128884978489e-10 
 1323       1.126966649149e-10 
 1324       1.124961251134e-10 
 1325       1.122869368018e-10 
 1326       1.120691588560e-10 
 1327       1.118428506718e-10 
 1328       1.116080721658e-10 
 1329       1.113648837763e-10 
 1330       1.111133464650e-10 
 1331       1.108535217172e-10 
 1332       1.105854715437e-10 
 1333       1.103092584813e-10 
 1334       1.100249455941e-10 
 1335       1.097325964747e-10 
 1336       1.094322752450e-10 
 1337       1.091240465576e-10 
 1338       1.088079755965e-10 
 1339       1.084841280785e-10 
 1340       1.081525702541e-10 
 1341       1.078133689087e-10 
 1342       1.074665913637e-10 
 1343       1.071123054771e-10 
 1344       1.067505796455e-10 
 1345       1.063814828043e-10 
 1346       1.060050979306e-10 
 1347       1.056215627092e-10 
 1348       1.052310293102e-10 
 1349       1.048336509303e-10 
 1350       1.044295817939e-10 
 1351       1.040189771559e-10 
 1352       1.036019933030e-10 
 1353       1.031787875562e-10 
 1354       1.027495182725e-10 
 1355       1.023143448467e-10 
 1356       1.018734277140e-10 
 1357       1.014269283511e-10 
 1358       1.009750092789e-10 
 1359       1.005178340642e-10 
 1360       1.000555673216e-10 
 1361       9.958837471550e-11 
 1362       9.911642296218e-11 
 1363       9.863987983170e-11 
 1364       9.815891414984e-11 
 1365       9.767369580016e-11 
 1366       9.718439572587e-11 
 1367       9.669118593188e-11 
 1368       9.619423948671e-11 
 1369       9.569373052453e-11 
 1370       9.518983424707e-11 
 1371       9.468272692562e-11 
 1372       9.417258590298e-11 
 1373       9.365958959549e-11 
 1374       9.314391749490e-11 
 1375       9.262575017046e-11 
 1376       9.210526927078e-11 
 1377       9.158265752589e-11 
 1378       9.105809874915e-11 
 1379       9.053177783926e-11 
 1380       9.000388078221e-11 
 1381       8.947459465326e-11 
 1382       8.894410761890e-11 
 1383       8.841260893884e-11 
 1384       8.788028896797e-11 
 1385       8.734733038909e-11 
 1386       8.681388180581e-11 
 1387       8.628008387476e-11 
 1388       8.574607805093e-11 
 1389       8.521200658915e-11 
 1390       8.467801254546e-11 
 1391       8.414423977855e-11 
 1392       8.361083295120e-11 
 1393       8.307793753167e-11 
 1394       8.254569979516e-11 
 1395       8.201426682521e-11 
 1396       8.148378651512e-11 
 1397       8.095440756939e-11 
 1398       8.042627950513e-11 
 1399       7.989955265349e-11 
 1400       7.937437816109e-11 
 1401       7.885090799141e-11 
 1402       7.832929492626e-11 
 1403       7.780969256716e-11 
 1404       7.729225533681e-11 
 1405       7.677713848047e-11 
 1406       7.626449806738e-11 
 1407       7.575449099225e-11 
 1408       7.524727497659e-11 
 1409       7.474300857020e-11 
 1410       7.424185115258e-11 
 1411       7.374396293432e-11 
 1412       7.324950495858e-11 
 1413       7.275863910245e-11 
 1414       7.227152807842e-11 
 1415       7.178833543579e-11 
 1416       7.130922556209e-11 
 1417       7.083436368450e-11 
 1418       7.036391587127e-11 
 1419       6.989804903316e-11 
 1420       6.943693092485e-11 
 1421       6.898073014638e-11 
 1422       6.852961614453e-11 
 1423       6.808375921430e-11 
 1424       6.764330881697e-11 
 1425       6.720832828795e-11 
 1426       6.677885946123e-11 
 1427       6.635494429198e-11 
 1428       6.593662485673e-11 
 1429       6.552394335344e-11 
 1430       6.511694210172e-11 
 1431       6.471566354292e-11 
 1432       6.432015024029e-11 
 1433       6.393044487911e-11 
 1434       6.354659026684e-11 
 1435       6.316862933326e-11 
 1436       6.279660513062e-11 
 1437       6.243056083374e-11 
 1438       6.207053974022e-11 
 1439       6.171658527050e-11 
 1440       6.136874096807e-11 
 1441       6.102705049959e-11 
 1442       6.069155765499e-11 
 1443       6.036230634767e-11 
 1444       6.003934061462e-11 
 1445       5.972270461654e-11 
 1446       5.941244263801e-11 
 1447       5.910859908761e-11 
 1448       5.881121849807e-11 
 1449       5.852034552641e-11 
 1450       5.823602495409e-11 
 1451       5.795830168713e-11 
 1452       5.768722075628e-11 
 1453       5.742282731711e-11 
 1454       5.716516665021e-11 
 1455       5.691428416131e-11 
 1456       5.667022538140e-11 
 1457       5.643303596689e-11 
 1458       5.620276169975e-11 
 1459       5.597944848765e-11 
 1460       5.576314236410e-11 
 1461       5.555388948857e-11 
 1462       5.535173614670e-11 
 1463       5.515671019535e-11 
 1464       5.496876519496e-11 
 1465       5.478783571902e-11 
 1466       5.461385585747e-11 
 1467       5.444675921580e-11 
 1468       5.428647891415e-11 
 1469       5.413294758643e-11 
 1470       5.398609737939e-11 
 1471       5.384585995177e-11 
 1472       5.371216647333e-11 
 1473       5.358494762403e-11 
 1474       5.346413359307e-11 
 1475       5.334965407802e-11 
 1476       5.324143828392e-11 
 1477       5.313941492236e-11 
 1478       5.304351221063e-11 
 1479       5.295365787076e-11 
 1480       5.286977912866e-11 
 1481       5.279180271322e-11 
 1482       5.271965485539e-11 
 1483       5.265326128731e-11 
 1484       5.259254724138e-11 
 1485       5.253743744938e-11 
 1486       5.248785614159e-11 
 1487       5.244372704583e-11 
 1488       5.240497338663e-11 
 1489       5.237151788430e-11 
 1490       5.234328275402e-11 
 1491       5.232018970497e-11 
 1492       5.230215993941e-11 
 1493       5.228911415177e-11 
 1494       5.228097252781e-11 
 1495       5.227765474363e-11 
 1496       5.227907996486e-11 
 1497       5.228516684569e-11 
 1498       5.229583352804e-11 
 1499       5.231099764060e-11 
 1500       5.233057629795e-11 
 1501       5.235448609969e-11 
 1502       5.238263884097e-11 
 1503       5.241492860033e-11 
 1504       5.245124452432e-11 
 1505       5.249147510355e-11 
 1506       5.253550817153e-11 
 1507       5.258323090354e-11 
 1508       5.263452981552e-11 
 1509       5.268929076294e-11 
 1510       5.274739893966e-11 
 1511       5.280873887682e-11 
 1512       5.287319444169e-11 
 1513       5.294064883659e-11 
 1514       5.301098459770e-11 
 1515       5.308408359399e-11 
 1516       5.315982702605e-11 
 1517       5.323809542501e-11 
 1518       5.331876865135e-11 
 1519       5.340172589384e-11 
 1520       5.348684566836e-11 
 1521       5.357400581681e-11 
 1522       5.366308350596e-11 
 1523       5.375395522635e-11 
 1524       5.384649679112e-11 
 1525       5.394058333492e-11 
 1526       5.403608931279e-11 
 1527       5.413288849897e-11 
 1528       5.423085398588e-11 
 1529       5.432985818288e-11 
 1530       5.442977281522e-11 
 1531       5.453046892289e-11 
 1532       5.463181685949e-11 
 1533       5.473368629108e-11 
 1534       5.483594619513e-11 
 1535       5.493846485929e-11 
 1536       5.504110988035e-11 
 1537       5.514374816306e-11 
 1538       5.524624591903e-11 
 1539       5.534846866560e-11 
 1540       5.545028122470e-11 
 1541       5.555155767269e-11 
 1542       5.565221129548e-11 
 1543       5.575216491551e-11 
 1544       5.585134096595e-11 
 1545       5.594966149014e-11 
 1546       5.604704814090e-11 
 1547       5.614342217994e-11 
 1548       5.623870447723e-11 
 1549       5.633281551035e-11 
 1550       5.642567536392e-11 
 1551       5.651720372894e-11 
 1552       5.660731990215e-11 
 1553       5.669594278544e-11 
 1554       5.678299088522e-11 
 1555       5.686838231177e-11 
 1556       5.695203477865e-11 
 1557       5.703386560205e-11 
 1558       5.711379170018e-11 
 1559       5.719172959265e-11 
 1560       5.726759539981e-11 
 1561       5.734130484218e-11 
 1562       5.741277323980e-11 
 1563       5.748191551158e-11 
 1564       5.754864617472e-11 
 1565       5.761287934406e-11 
 1566       5.767452873147e-11 
 1567       5.773350764521e-11 
 1568       5.778972898931e-11 
 1569       5.784310526297e-11 
 1570       5.789354855989e-11 
 1571       5.794097056769e-11 
 1572       5.798528256725e-11 
 1573       5.802639543212e-11 
 1574       5.806421962788e-11 
 1575       5.809866521150e-11 
 1576       5.812964183074e-11 
 1577       5.815705872351e-11 
 1578       5.818082471726e-11 
 1579       5.820084822835e-11 
 1580       5.821705253931e-11 
 1581       5.822942178672e-11 
 1582       5.823795539787e-11 
 1583       5.824265285161e-11 
 1584       5.824351367853e-11 
 1585       5.824053746096e-11 
 1586       5.823372383318e-11 
 1587       5.822307248146e-11 
 1588       5.820858314422e-11 
 1589       5.819025561209e-11 
 1590       5.816808972807e-11 
 1591       5.814208538761e-11 
 1592       5.811224253871e-11 
 1593       5.807856118207e-11 
 1594       5.804104137116e-11 
 1595       5.799968321234e-11 
 1596       5.795448686499e-11 
 1597       5.790545254161e-11 
 1598       5.785258050789e-11 
 1599       5.779587108289e-11 
 1600       5.773532463911e-11 
 1601       5.767094160257e-11 
 1602       5.760272245300e-11 
 1603       5.753066772387e-11 
 1604       5.745477800254e-11 
 1605       5.737505393039e-11 
 1606       5.729149620285e-11 
 1607       5.720410556961e-11 
 1608       5.711288283467e-11 
 1609       5.701782885643e-11 
 1610       5.691894454789e-11 
 1611       5.681623087664e-11 
 1612       5.670968886508e-11 
 1613       5.659931959045e-11 
 1614       5.648512418498e-11 
 1615       5.636710383601e-11 
 1616       5.624525978604e-11 
 1617       5.611959333292e-11 
 1618       5.599010582989e-11 
 1619       5.585680856657e-11 
 1620       5.571975250918e-11 
 1621       5.557899882925e-11 
 1622       5.543460904777e-11 
 1623       5.528664503570e-11 
 1624       5.513516901460e-11 
 1625       5.498024355712e-11 
 1626       5.482193158760e-11 
 1627       5.466029638264e-11 
 1628       5.449540157165e-11 
 1629       5.432731113739e-11 
 1630       5.415608941658e-11 
 1631       5.398180110041e-11 
 1632       5.380451123514e-11 
 1633       5.362428522265e-11 
 1634       5.344118882098e-11 
 1635       5.325528814495e-11 
 1636       5.306664966664e-11 
 1637       5.287534021602e-11 
 1638       5.268142698150e-11 
 1639       5.248497751044e-11 
 1640       5.228605970979e-11 
 1641       5.208474184659e-11 
 1642       5.188109254856e-11 
 1643       5.167518080466e-11 
 1644       5.146707596564e-11 
 1645       5.125684774463e-11 
 1646       5.104456621766e-11 
 1647       5.083030182425e-11 
 1648       5.061412536798e-11 
 1649       5.039610801701e-11 
 1650       5.017632130470e-11 
 1651       4.995483713012e-11 
 1652       4.973172775864e-11 
 1653       4.950706582249e-11 
 1654       4.928092432130e-11 
 1655       4.905337662270e-11 
 1656       4.882449646285e-11 
 1657       4.859435794701e-11 
 1658       4.836303487740e-11 
 1659       4.813059872912e-11 
 1660       4.789712065748e-11 
 1661       4.766267216962e-11 
 1662       4.742732512507e-11 
 1663       4.719115173622e-11 
 1664       4.695422456892e-11 
 1665       4.671661654298e-11 
 1666       4.647840093268e-11 
 1667       4.623965136736e-11 
 1668       4.600044183190e-11 
 1669       4.576084666730e-11 
 1670       4.552094057114e-11 
 1671       4.528079859821e-11 
 1672       4.504049616095e-11 
 1673       4.480010903005e-11 
 1674       4.455971333493e-11 
 1675       4.431938556433e-11 
 1676       4.407920256678e-11 
 1677       4.383924155119e-11 
 1678       4.359958008733e-11 
 1679       4.336029610641e-11 
 1680       4.312146790157e-11 
 1681       4.288317412846e-11 
 1682       4.264549380572e-11 
 1683       4.240850631555e-11 
 1684       4.217229140423e-11 
 1685       4.193692918265e-11 
 1686       4.170250012685e-11 
 1687       4.146908507855e-11 
 1688       4.123676524567e-11 
 1689       4.100562220288e-11 
 1690       4.077573789213e-11 
 1691       4.054719462317e-11 
 1692       4.032007507409e-11 
 1693       4.009446229186e-11 
 1694       3.987043969286e-11 
 1695       3.964809106339e-11 
 1696       3.942750056024e-11 
 1697       3.920874402977e-11 
 1698       3.899186288234e-11 
 1699       3.877688999374e-11 
 1700       3.856385836626e-11 
 1701       3.835280112891e-11 
 1702       3.814375153759e-11 
 1703       3.793674297524e-11 
 1704       3.773180895204e-11 
 1705       3.752898310554e-11 
 1706       3.732829920086e-11 
 1707       3.712979113088e-11 
 1708       3.693349291635e-11 
 1709       3.673943870613e-11 
 1710       3.654766277730e-11 
 1711       3.635819953537e-11 
 1712       3.617108351445e-11 
 1713       3.598634937741e-11 
 1714       3.580403191603e-11 
 1715       3.562416605121e-11 
 1716       3.544678683313e-11 
 1717       3.527192944141e-11 
 1718       3.509962918527e-11 
 1719       3.492992150373e-11 
 1720       3.476284196579e-11 
 1721       3.459842627053e-11 
 1722       3.443671024737e-11 
 1723       3.427772985618e-11 
 1724       3.412152118748e-11 
 1725       3.396812046260e-11 
 1726       3.381756403386e-11 
 1727       3.366988838473e-11 
 1728       3.352513012999e-11 
 1729       3.338332601595e-11 
 1730       3.324451292055e-11 
 1731       3.310872785360e-11 
 1732       3.297600795690e-11 
 1733       3.284639050443e-11 
 1734       3.271991290254e-11 
 1735       3.259661269008e-11 
 1736       3.247651795506e-11 
 1737       3.235961849587e-11 
 1738       3.224589441732e-11 
 1739       3.213532569189e-11 
 1740       3.202789215956e-11 
 1741       3.192357352758e-11 
 1742       3.182234937023e-11 
 1743       3.172419912868e-11 
 1744       3.162910211071e-11 
 1745       3.153703749052e-11 
 1746       3.144798430855e-11 
 1747       3.136192147123e-11 
 1748       3.127882775079e-11 
 1749       3.119868178504e-11 
 1750       3.112146207718e-11 
 1751       3.104714699556e-11 
 1752       3.097571477348e-11 
 1753       3.090714350900e-11 
 1754       3.084141116471e-11 
 1755       3.077849556749e-11 
 1756       3.071837440839e-11 
 1757       3.066102524231e-11 
 1758       3.060642548788e-11 
 1759       3.055455242717e-11 
 1760       3.050538320557e-11 
 1761       3.045889483148e-11 
 1762       3.041506417618e-11 
 1763       3.037386797359e-11 
 1764       3.033528282004e-11 
 1765       3.029928517410e-11 
 1766       3.026585135633e-11 
 1767       3.023495754909e-11 
 1768       3.020657979635e-11 
 1769       3.018069400342e-11 
 1770       3.015727593681e-11 
 1771       3.013630122396e-11 
 1772       3.011774535307e-11 
 1773       3.010158367287e-11 
 1774       3.008779139241e-11 
 1775       3.007633942142e-11 
 1776       3.006718185420e-11 
 1777       3.006026838213e-11 
 1778       3.005554844335e-11 
 1779       3.005297122243e-11 
 1780       3.005248564998e-11 
 1781       3.005404040227e-11 
 1782       3.005758390089e-11 
 1783       3.006306431237e-11 
 1784       3.007042954778e-11 
 1785       3.007962726242e-11 
 1786       3.009060485541e-11 
 1787       3.010330946932e-11 
 1788       3.011768798983e-11 
 1789       3.013368704534e-11 
 1790       3.015125300659e-11 
 1791       3.017033198632e-11 
 1792       3.019086983889e-11 
 1793       3.021281215990e-11 
 1794       3.023610428583e-11 
 1795       3.026069129369e-11 
 1796       3.028651800060e-11 
 1797       3.031352896348e-11 
 1798       3.034166847865e-11 
 1799       3.037088058146e-11 
 1800       3.040110904593e-11 
 1801       3.043229738438e-11 
 1802       3.046438884706e-11 
 1803       3.049732642178e-11 
 1804       3.053105283354e-11 
 1805       3.056551054417e-11 
 1806       3.060064175196e-11 
 1807       3.063638839126e-11 
 1808       3.067269213217e-11 
 1809       3.070949438012e-11 
 1810       3.074673627553e-11 
 1811       3.078435869341e-11 
 1812       3.082230224305e-11 
 1813       3.086050726757e-11 
 1814       3.089891674573e-11 
 1815       3.093748502338e-11 
 1816       3.097616915168e-11 
 1817       3.101492599114e-11 
 1818       3.105371221132e-11 
 1819       3.109248429063e-11 
 1820       3.113119851598e-11 
 1821       3.116981098262e-11 
 1822       3.120827759379e-11 
 1823       3.124655406050e-11 
 1824       3.128459590125e-11 
 1825       3.132235844179e-11 
 1826       3.135979681484e-11 
 1827       3.139686595982e-11 
 1828       3.143352062259e-11 
 1829       3.146971535521e-11 
 1830       3.150540451565e-11 
 1831       3.154054226754e-11 
 1832       3.157508257990e-11 
 1833       3.160897922688e-11 
 1834       3.164218578751e-11 
 1835       3.167465564542e-11 
 1836       3.170634198857e-11 
 1837       3.173719780901e-11 
 1838       3.176717590260e-11 
 1839       3.179622886877e-11 
 1840       3.182430911021e-11 
 1841       3.185136883267e-11 
 1842       3.187736004463e-11 
 1843       3.190223455711e-11 
 1844       3.192594398334e-11 
 1845       3.194843973853e-11 
 1846       3.196967303960e-11 
 1847       3.198959490494e-11 
 1848       3.200815615409e-11 
 1849       3.202530740755e-11 
 1850       3.204099908646e-11 
 1851       3.205518141236e-11 
 1852       3.206780440692e-11 
 1853       3.207882468395e-11 
 1854       3.208822588449e-11 
 1855       3.209599840258e-11 
 1856       3.210213260763e-11 
 1857       3.210661884436e-11 
 1858       3.210944743282e-11 
 1859       3.211060866834e-11 
 1860       3.211009282149e-11 
 1861       3.210789013810e-11 
 1862       3.210399083919e-11 
 1863       3.209838512095e-11 
 1864       3.209106315475e-11 
 1865       3.208201508707e-11 
 1866       3.207123103950e-11 
 1867       3.205870110871e-11 
 1868       3.204441536642e-11 
 1869       3.202836385936e-11 
 1870       3.201053660929e-11 
 1871       3.199092361293e-11 
 1872       3.196951484194e-11 
 1873       3.194630024291e-11 
 1874       3.192126973734e-11 
 1875       3.189441322158e-11 
 1876       3.186572056684e-11 
 1877       3.183518161915e-11 
 1878       3.180278619933e-11 
 1879       3.176852410296e-11 
 1880       3.173238510038e-11 
 1881       3.169435893664e-11 
 1882       3.165443533149e-11 
 1883       3.161260397932e-11 
 1884       3.156885454920e-11 
 1885       3.152317668477e-11 
 1886       3.147556000428e-11 
 1887       3.142599410056e-11 
 1888       3.137446854096e-11 
 1889       3.132097286733e-11 
 1890       3.126549659602e-11 
 1891       3.120802921784e-11 
 1892       3.114856586993e-11 
 1893       3.108712439943e-11 
 1894       3.102372843175e-11 
 1895       3.095840171080e-11 
 1896       3.089116809921e-11 
 1897       3.082205157842e-11 
 1898       3.075107624892e-11 
 1899       3.067826633034e-11 
 1900       3.060364616167e-11 
 1901       3.052724020141e-11 
 1902       3.044907302772e-11 
 1903       3.036916933859e-11 
 1904       3.028755395201e-11 
 1905       3.020425180615e-11 
 1906       3.011928795947e-11 
 1907       3.003268759096e-11 
 1908       2.994447600025e-11 
 1909       2.985467860777e-11 
 1910       2.976332095496e-11 
 1911       2.967042870441e-11 
 1912       2.957602763999e-11 
 1913       2.948014366708e-11 
 1914       2.938280281269e-11 
 1915       2.928403122563e-11 
 1916       2.918385517669e-11 
 1917       2.908230105877e-11 
 1918       2.897939538711e-11 
 1919       2.887516479937e-11 
 1920       2.876963605587e-11 
 1921       2.866283603970e-11 
 1922       2.855479175690e-11 
 1923       2.844553033666e-11 
 1924       2.833507903142e-11 
 1925       2.822346521709e-11 
 1926       2.811071639319e-11 
 1927       2.799686018301e-11 
 1928       2.788192433378e-11 
 1929       2.776593671685e-11 
 1930       2.764892532783e-11 
 1931       2.753091949687e-11 
 1932       2.741195352927e-11 
 1933       2.729206309279e-11 
 1934       2.717128401026e-11 
 1935       2.704965225976e-11 
 1936       2.692720397485e-11 
 1937       2.680397544476e-11 
 1938       2.668000311461e-11 
 1939       2.655532358558e-11 
 1940       2.642997361512e-11 
 1941       2.630399011720e-11 
 1942       2.617741016245e-11 
 1943       2.605027097841e-11 
 1944       2.592260994970e-11 
 1945       2.579446461824e-11 
 1946       2.566587268345e-11 
 1947       2.553687200248e-11 
 1948       2.540750059035e-11 
 1949       2.527779662020e-11 
 1950       2.514779842351e-11 
 1951       2.501754449025e-11 
 1952       2.488707346912e-11 
 1953       2.475642416774e-11 
 1954       2.462563555287e-11 
 1955       2.449474675057e-11 
 1956       2.436379704646e-11 
 1957       2.423282588590e-11 
 1958       2.410187287417e-11 
 1959       2.397097777671e-11 
 1960       2.384018051929e-11 
 1961       2.370952118825e-11 
 1962       2.357904003066e-11 
 1963       2.344877745455e-11 
 1964       2.331877402914e-11 
 1965       2.318907048497e-11 
 1966       2.305970771418e-11 
 1967       2.293072677065e-11 
 1968       2.280216887025e-11 
 1969       2.267407539101e-11 
 1970       2.254648473960e-11 
 1971       2.241942292468e-11 
 1972       2.229291291391e-11 
 1973       2.216697776143e-11 
 1974       2.204164060801e-11 
 1975       2.191692468110e-11 
 1976       2.179285329497e-11 
 1977       2.166944985084e-11 
 1978       2.154673783693e-11 
 1979       2.142474082860e-11 
 1980       2.130348248846e-11 
 1981       2.118298656646e-11 
 1982       2.106327690001e-11 
 1983       2.094437741409e-11 
 1984       2.082631212131e-11 
 1985       2.070910512211e-11 
 1986       2.059278060475e-11 
 1987       2.047736284552e-11 
 1988       2.036287620878e-11 
 1989       2.024934514710e-11 
 1990       2.013679420136e-11 
 1991       2.002524800082e-11 
 1992       1.991473126331e-11 
 1993       1.980526879523e-11 
 1994       1.969688549174e-11 
 1995       1.958960633685e-11 
 1996       1.948345640348e-11 
 1997       1.937846085363e-11 
 1998       1.927464493843e-11 
 1999       1.917203399830e-11 
 2000       1.907065346300e-11 
 2001       1.897052885179e-11 
 2002       1.887168577349e-11 
 2003       1.877414992664e-11 
 2004       1.867794709954e-11 
 2005       1.858310317042e-11 
 2006       1.848964410748e-11 
 2007       1.839759596908e-11 
 2008       1.830698490377e-11 
 2009       1.821783250431e-11 
 2010       1.813014183238e-11 
 2011       1.804391129229e-11 
 2012       1.795913926775e-11 
 2013       1.787582412191e-11 
 2014       1.779396419730e-11 
 2015       1.771355781579e-11 
 2016       1.763460327859e-11 
 2017       1.755709886617e-11 
 2018       1.748104283826e-11 
 2019       1.740643343383e-11 
 2020       1.733326887103e-11 
 2021       1.726154734716e-11 
 2022       1.719126703866e-11 
 2023       1.712242610107e-11 
 2024       1.705502266899e-11 
 2025       1.698905485605e-11 
 2026       1.692452075488e-11 
 2027       1.686141843708e-11 
 2028       1.679974595320e-11 
 2029       1.673950133268e-11 
 2030       1.668068258384e-11 
 2031       1.662328769385e-11 
 2032       1.656731462868e-11 
 2033       1.651276133309e-11 
 2034       1.645962573058e-11 
 2035       1.640790572336e-11 
 2036       1.635759919235e-11 
 2037       1.630870399710e-11 
 2038       1.626121797578e-11 
 2039       1.621513894516e-11 
 2040       1.617046470056e-11 
 2041       1.612719301584e-11 
 2042       1.608532164333e-11 
 2043       1.604484831384e-11 
 2044       1.600577073662e-11 
 2045       1.596808659930e-11 
 2046       1.593179356787e-11 
 2047       1.589688928669e-11 
 2048       1.586336841497e-11 
 2049       1.583121371334e-11 
 2050       1.580040489355e-11 
 2051       1.577092157597e-11 
 2052       1.574274328952e-11 
 2053       1.571584947148e-11 
 2054       1.569021946744e-11 
 2055       1.566583253116e-11 
 2056       1.564266782445e-11 
 2057       1.562070441705e-11 
 2058       1.559992128653e-11 
 2059       1.558029731816e-11 
 2060       1.556181130479e-11 
 2061       1.554444194675e-11 
 2062       1.552816785172e-11 
 2063       1.551296753462e-11 
 2064       1.549881941749e-11 
 2065       1.548570182938e-11 
 2066       1.547359300622e-11 
 2067       1.546247109073e-11 
 2068       1.545231413225e-11 
 2069       1.544310008670e-11 
 2070       1.543480681640e-11 
 2071       1.542741208998e-11 
 2072       1.542089358227e-11 
 2073       1.541522887415e-11 
 2074       1.541039545249e-11 
 2075       1.540637070997e-11 
 2076       1.540313194501e-11 
 2077       1.540065636165e-11 
 2078       1.539892106939e-11 
 2079       1.539790308312e-11 
 2080       1.539757932301e-11 
 2081       1.539792661434e-11 
 2082       1.539892168743e-11 
 2083       1.540054117751e-11 
 2084       1.540276162460e-11 
 2085       1.540555947339e-11 
 2086       1.540891107316e-11 
 2087       1.541279290736e-11 
 2088       1.541718228462e-11 
 2089       1.542205665238e-11 
 2090       1.542739336747e-11 
 2091       1.543316969601e-11 
 2092       1.543936281328e-11 
 2093       1.544594980361e-11 
 2094       1.545290766029e-11 
 2095       1.546021328544e-11 
 2096       1.546784348990e-11 
 2097       1.547577499313e-11 
 2098       1.548398442312e-11 
 2099       1.549244831623e-11 
 2100       1.550114311712e-11 
 2101       1.551004517861e-11 
 2102       1.551913076161e-11 
 2103       1.552837603496e-11 
 2104       1.553775707538e-11 
 2105       1.554724986730e-11 
 2106       1.555683030277e-11 
 2107       1.556647418138e-11 
 2108       1.557615721012e-11 
 2109       1.558585500326e-11 
 2110       1.559554308228e-11 
 2111       1.560519687571e-11 
 2112       1.561479171905e-11 
 2113       1.562430285468e-11 
 2114       1.563370543170e-11 
 2115       1.564297450585e-11 
 2116       1.565208503941e-11 
 2117       1.566101190104e-11 
 2118       1.566972986575e-11 
 2119       1.567821361472e-11 
 2120       1.568643773520e-11 
 2121       1.569437672044e-11 
 2122       1.570200496956e-11 
 2123       1.570929678740e-11 
 2124       1.571622638447e-11 
 2125       1.572276787682e-11 
 2126       1.572889791267e-11 
 2127       1.573460357244e-11 
 2128       1.573987452293e-11 
 2129       1.574470039542e-11 
 2130       1.574907078566e-11 
 2131       1.575297525381e-11 
 2132       1.575640332441e-11 
 2133       1.575934448632e-11 
 2134       1.576178819273e-11 
 2135       1.576372386105e-11 
 2136       1.576514087292e-11 
 2137       1.576602857416e-11 
 2138       1.576637627472e-11 
 2139       1.576617324864e-11 
 2140       1.576540873401e-11 
 2141       1.576407193294e-11 
 2142       1.576215201151e-11 
 2143       1.575963809973e-11 
 2144       1.575651929150e-11 
 2145       1.575278464458e-11 
 2146       1.574842318054e-11 
 2147       1.574342388471e-11 
 2148       1.573777570615e-11 
 2149       1.573146755763e-11 
 2150       1.572448831554e-11 
 2151       1.571682681990e-11 
 2152       1.570847187429e-11 
 2153       1.569941224582e-11 
 2154       1.568963666509e-11 
 2155       1.567913382615e-11 
 2156       1.566789238643e-11 
 2157       1.565590096678e-11 
 2158       1.564314815131e-11 
 2159       1.562962248748e-11 
 2160       1.561531248594e-11 
 2161       1.560020662059e-11 
 2162       1.558429332846e-11 
 2163       1.556756100972e-11 
 2164       1.554999802763e-11 
 2165       1.553159560592e-11 
 2166       1.551235654256e-11 
 2167       1.549228655481e-11 
 2168       1.547139138723e-11 
 2169       1.544967681166e-11 
 2170       1.542714862728e-11 
 2171       1.540381266062e-11 
 2172       1.537967476563e-11 
 2173       1.535474082369e-11 
 2174       1.532901674364e-11 
 2175       1.530250846183e-11 
 2176       1.527522194213e-11 
 2177       1.524716317599e-11 
 2178       1.521833818247e-11 
 2179       1.518875300825e-11 
 2180       1.515841372768e-11 
 2181       1.512732644283e-11 
 2182       1.509549728350e-11 
 2183       1.506293240725e-11 
 2184       1.502963799945e-11 
 2185       1.499562027333e-11 
 2186       1.496088546996e-11 
 2187       1.492543985833e-11 
 2188       1.488928973537e-11 
 2189       1.485244142600e-11 
 2190       1.481490128311e-11 
 2191       1.477667568767e-11 
 2192       1.473777104870e-11 
 2193       1.469819380333e-11 
 2194       1.465795041685e-11 
 2195       1.461704738270e-11 
 2196       1.457549122256e-11 
 2197       1.453328848633e-11 
 2198       1.449044575219e-11 
 2199       1.444696962665e-11 
 2200       1.440286674453e-11 
 2201       1.435814376907e-11 
 2202       1.431280739190e-11 
 2203       1.426686433308e-11 
 2204       1.422032265433e-11 
 2205       1.417319570797e-11 
 2206       1.412549821425e-11 
 2207       1.407724495064e-11 
 2208       1.402845075191e-11 
 2209       1.397913051017e-11 
 2210       1.392929917497e-11 
 2211       1.387897175334e-11 
 2212       1.382816330987e-11 
 2213       1.377688896678e-11 
 2214       1.372516390396e-11 
 2215       1.367300335907e-11 
 2216       1.362042262758e-11 
 2217       1.356743706286e-11 
 2218       1.351406207621e-11 
 2219       1.346031313697e-11 
 2220       1.340620577255e-11 
 2221       1.335175556854e-11 
 2222       1.329697816870e-11 
 2223       1.324188927511e-11 
 2224       1.318650464820e-11 
 2225       1.313084010680e-11 
 2226       1.307491152822e-11 
 2227       1.301873484833e-11 
 2228       1.296232606161e-11 
 2229       1.290570122123e-11 
 2230       1.284887643910e-11 
 2231       1.279186788592e-11 
 2232       1.273469179131e-11 
 2233       1.267736444381e-11 
 2234       1.261990219098e-11 
 2235       1.256232143946e-11 
 2236       1.250463865501e-11 
 2237       1.244687036264e-11 
 2238       1.238903314660e-11 
 2239       1.233114365050e-11 
 2240       1.227321857737e-11 
 2241       1.221527468969e-11 
 2242       1.215732880949e-11 
 2243       1.209939707080e-11 
 2244       1.204149267154e-11 
 2245       1.198362810708e-11 
 2246       1.192581591657e-11 
 2247       1.186806868300e-11 
 2248       1.181039903324e-11 
 2249       1.175281963806e-11 
 2250       1.169534321224e-11 
 2251       1.163798251457e-11 
 2252       1.158075034790e-11 
 2253       1.152365955921e-11 
 2254       1.146672303966e-11 
 2255       1.140995372460e-11 
 2256       1.135336459368e-11 
 2257       1.129696867083e-11 
 2258       1.124077902437e-11 
 2259       1.118480876700e-11 
 2260       1.112907105591e-11 
 2261       1.107357909278e-11 
 2262       1.101834612385e-11 
 2263       1.096338543995e-11 
 2264       1.090871037659e-11 
 2265       1.085433431396e-11 
 2266       1.080027067699e-11 
 2267       1.074653293544e-11 
 2268       1.069313460388e-11 
 2269       1.064008924181e-11 
 2270       1.058741045363e-11 
 2271       1.053511188876e-11 
 2272       1.048320724165e-11 
 2273       1.043171025185e-11 
 2274       1.038063470402e-11 
 2275       1.032999442802e-11 
 2276       1.027980329895e-11 
 2277       1.023007523717e-11 
 2278       1.018082420839e-11 
 2279       1.013206422368e-11 
 2280       1.008380933954e-11 
 2281       1.003607365795e-11 
 2282       9.988869413158e-12 
 2283       9.942201218563e-12 
 2284       9.896071783017e-12 
 2285       9.850483820738e-12 
 2286       9.805440051308e-12 
 2287       9.760943199681e-12 
 2288       9.716995996185e-12 
 2289       9.673601176527e-12 
 2290       9.630761481799e-12 
 2291       9.588479658479e-12 
 2292       9.546758458438e-12 
 2293       9.505600638942e-12 
 2294       9.465008962659e-12 
 2295       9.424986197661e-12 
 2296       9.385535117429e-12 
 2297       9.346658500857e-12 
 2298       9.308359132259e-12 
 2299       9.270639801367e-12 
 2300       9.233503303344e-12 
 2301       9.196952438778e-12 
 2302       9.160990013697e-12 
 2303       9.125618839564e-12 
 2304       9.090841733287e-12 
 2305       9.056661517223e-12 
 2306       9.023081019179e-12 
 2307       8.990103072418e-12 
 2308       8.957730515664e-12 
 2309       8.925966193106e-12 
 2310       8.894812954402e-12 
 2311       8.864273654684e-12 
 2312       8.834351154559e-12 
 2313       8.805048320118e-12 
 2314       8.776368022938e-12 
 2315       8.748313140085e-12 
 2316       8.720886554122e-12 
 2317       8.694091153109e-12 
 2318       8.667929830609e-12 
 2319       8.642405485695e-12 
 2320       8.617521022949e-12 
 2321       8.593277730906e-12 
 2322       8.569670406188e-12 
 2323       8.546692198620e-12 
 2324       8.524336229970e-12 
 2325       8.502595593919e-12 
 2326       8.481463356024e-12 
 2327       8.460932553694e-12 
 2328       8.440996196151e-12 
 2329       8.421647264403e-12 
 2330       8.402878711208e-12 
 2331       8.384683461046e-12 
 2332       8.367054410086e-12 
 2333       8.349984426152e-12 
 2334       8.333466348696e-12 
 2335       8.317492988759e-12 
 2336       8.302057128947e-12 
 2337       8.287151523393e-12 
 2338       8.272768897730e-12 
 2339       8.258901949053e-12 
 2340       8.245543345896e-12 
 2341       8.232685728191e-12 
 2342       8.220321707242e-12 
 2343       8.208443865692e-12 
 2344       8.197044757490e-12 
 2345       8.186116907859e-12 
 2346       8.175652813268e-12 
 2347       8.165644941394e-12 
 2348       8.156085731094e-12 
 2349       8.146967592374e-12 
 2350       8.138282906355e-12 
 2351       8.130024025242e-12 
 2352       8.122183272291e-12 
 2353       8.114752941779e-12 
 2354       8.107725298973e-12 
 2355       8.101092580093e-12 
 2356       8.094846992288e-12 
 2357       8.088980713597e-12 
 2358       8.083485892920e-12 
 2359       8.078354649989e-12 
 2360       8.073578705017e-12 
 2361       8.069148265220e-12 
 2362       8.065053131328e-12 
 2363       8.061283067227e-12 
 2364       8.057827799926e-12 
 2365       8.054677019510e-12 
 2366       8.051820379105e-12 
 2367       8.049247494838e-12 
 2368       8.046947945794e-12 
 2369       8.044911273979e-12 
 2370       8.043126984280e-12 
 2371       8.041584544423e-12 
 2372       8.040273384937e-12 
 2373       8.039182899111e-12 
 2374       8.038302442954e-12 
 2375       8.037621335158e-12 
 2376       8.037128857056e-12 
 2377       8.036814252583e-12 
 2378       8.036666728237e-12 
 2379       8.036675453035e-12 
 2380       8.036829558480e-12 
 2381       8.037118138515e-12 
 2382       8.037530249488e-12 
 2383       8.038054910108e-12 
 2384       8.038681101408e-12 
 2385       8.039397766704e-12 
 2386       8.040193811558e-12 
 2387       8.041058103732e-12 
 2388       8.041979473153e-12 
 2389       8.042946711875e-12 
 2390       8.043948574033e-12 
 2391       8.044973775808e-12 
 2392       8.046010995387e-12 
 2393       8.047048872918e-12 
 2394       8.048076010479e-12 
 2395       8.049080972030e-12 
 2396       8.050052283377e-12 
 2397       8.050978432135e-12 
 2398       8.051847867680e-12 
 2399       8.052649800753e-12 
 2400       8.053376607653e-12 
 2401       8.054021440635e-12 
 2402       8.054577429584e-12 
 2403       8.055037681989e-12 
 2404       8.055395282926e-12 
 2405       8.055643295027e-12 
 2406       8.055774758464e-12 
 2407       8.055782690921e-12 
 2408       8.055660087574e-12 
 2409       8.055399921065e-12 
 2410       8.054995141481e-12 
 2411       8.054438676330e-12 
 2412       8.053723430519e-12 
 2413       8.052842286330e-12 
 2414       8.051788103396e-12 
 2415       8.050553718677e-12 
 2416       8.049131946443e-12 
 2417       8.047515578242e-12 
 2418       8.045697382885e-12 
 2419       8.043670106415e-12 
 2420       8.041426472092e-12 
 2421       8.038959180364e-12 
 2422       8.036260908846e-12 
 2423       8.033324312296e-12 
 2424       8.030142022593e-12 
 2425       8.026706648713e-12 
 2426       8.023010776708e-12 
 2427       8.019046969678e-12 
 2428       8.014807767754e-12 
 2429       8.010285688069e-12 
 2430       8.005473224739e-12 
 2431       8.000362848840e-12 
 2432       7.994947008380e-12 
 2433       7.989218128283e-12 
 2434       7.983168610358e-12 
 2435       7.976790833284e-12 
 2436       7.970077152580e-12 
 2437       7.963019900587e-12 
 2438       7.955612907236e-12 
 2439       7.947856072401e-12 
 2440       7.939750820961e-12 
 2441       7.931298584509e-12 
 2442       7.922500801354e-12 
 2443       7.913358916536e-12 
 2444       7.903874381827e-12 
 2445       7.894048655743e-12 
 2446       7.883883203548e-12 
 2447       7.873379497266e-12 
 2448       7.862539015682e-12 
 2449       7.851363244357e-12 
 2450       7.839853675630e-12 
 2451       7.828011808629e-12 
 2452       7.815839149274e-12 
 2453       7.803337210291e-12 
 2454       7.790507511215e-12 
 2455       7.777351578398e-12 
 2456       7.763870945019e-12 
 2457       7.750067151089e-12 
 2458       7.735941743458e-12 
 2459       7.721496275825e-12 
 2460       7.706732308747e-12 
 2461       7.691651409640e-12 
 2462       7.676255152793e-12 
 2463       7.660545119372e-12 
 2464       7.644522897430e-12 
 2465       7.628190081913e-12 
 2466       7.611548274667e-12 
 2467       7.594599084447e-12 
 2468       7.577344126924e-12 
 2469       7.559785024693e-12 
 2470       7.541923407278e-12 
 2471       7.523760911145e-12 
 2472       7.505299179703e-12 
 2473       7.486539863316e-12 
 2474       7.467484619310e-12 
 2475       7.448135111979e-12 
 2476       7.428493012594e-12 
 2477       7.408559372868e-12 
 2478       7.388332741298e-12 
 2479       7.367811035706e-12 
 2480       7.346992168758e-12 
 2481       7.325874047967e-12 
 2482       7.304454575685e-12 
 2483       7.282731649095e-12 
 2484       7.260703160213e-12 
 2485       7.238366995876e-12 
 2486       7.215721037746e-12 
 2487       7.192763162295e-12 
 2488       7.169491240809e-12 
 2489       7.145903139379e-12 
 2490       7.121996718898e-12 
 2491       7.097769835053e-12 
 2492       7.073220338327e-12 
 2493       7.048346073986e-12 
 2494       7.023144882082e-12 
 2495       6.997614597441e-12 
 2496       6.971753049667e-12 
 2497       6.945558063128e-12 
 2498       6.919027456957e-12 
 2499       6.892159045048e-12 
 2500       6.864950636046e-12 
