# dimensionless total [l(l+1)/2pi] C_l's
# for l=2 to 2500, i.e. number of multipoles equal to 2499
#
# -> if you prefer output in CAMB/HealPix/LensPix units/order, set 'format' to 'camb' in input file
# -> if you don't want to see such a header, set 'headers' to 'no' in input file
#
# 1:l     2:TT                 
    2       2.920493835187e-10 
    3       2.652154158422e-10 
    4       2.438137880619e-10 
    5       2.276796452647e-10 
    6       2.154333093011e-10 
    7       2.059449765823e-10 
    8       1.985336048305e-10 
    9       1.925758690476e-10 
   10       1.877069707461e-10 
   11       1.837105028777e-10 
   12       1.803633320432e-10 
   13       1.775915731402e-10 
   14       1.752835180816e-10 
   15       1.733557221212e-10 
   16       1.718062841401e-10 
   17       1.705671523776e-10 
   18       1.696001062976e-10 
   19       1.689226405173e-10 
   20       1.684524668700e-10 
   21       1.681904744243e-10 
   22       1.681070223164e-10 
   23       1.682237742114e-10 
   24       1.685324109897e-10 
   25       1.690099591310e-10 
   26       1.696040819026e-10 
   27       1.703259428209e-10 
   28       1.711857904776e-10 
   29       1.721895213050e-10 
   30       1.733159311054e-10 
   31       1.745252292736e-10 
   32       1.758271581684e-10 
   33       1.772340023126e-10 
   34       1.787451035383e-10 
   35       1.803615655336e-10 
   36       1.820736883373e-10 
   37       1.838637073197e-10 
   38       1.857341578943e-10 
   39       1.876868632831e-10 
   40       1.897141325788e-10 
   41       1.918035917460e-10 
   42       1.939568385048e-10 
   43       1.961752705298e-10 
   44       1.984542966446e-10 
   45       2.007869803077e-10 
   46       2.031775597484e-10 
   47       2.056310380883e-10 
   48       2.081490446098e-10 
   49       2.107295283916e-10 
   50       2.133687169241e-10 
   51       2.160683294793e-10 
   52       2.188297921590e-10 
   53       2.216519490063e-10 
   54       2.245308622283e-10 
   55       2.274617434410e-10 
   56       2.304457668924e-10 
   57       2.334845988645e-10 
   58       2.365783007333e-10 
   59       2.397252122184e-10 
   60       2.429218346324e-10 
   61       2.461644512390e-10 
   62       2.494546774625e-10 
   63       2.527949549761e-10 
   64       2.561868641138e-10 
   65       2.596310622367e-10 
   66       2.631272220998e-10 
   67       2.666739702188e-10 
   68       2.702697030981e-10 
   69       2.739153657353e-10 
   70       2.776121279811e-10 
   71       2.813605180126e-10 
   72       2.851603831522e-10 
   73       2.890108506858e-10 
   74       2.929102886810e-10 
   75       2.968562668060e-10 
   76       3.008464000493e-10 
   77       3.048811441164e-10 
   78       3.089614409705e-10 
   79       3.130878604174e-10 
   80       3.172605790284e-10 
   81       3.214793590637e-10 
   82       3.257435273950e-10 
   83       3.300519544287e-10 
   84       3.344034446051e-10 
   85       3.387980284444e-10 
   86       3.432358470472e-10 
   87       3.477167456110e-10 
   88       3.522402592712e-10 
   89       3.568055989411e-10 
   90       3.614116371520e-10 
   91       3.660568938939e-10 
   92       3.707395224555e-10 
   93       3.754577274506e-10 
   94       3.802111215715e-10 
   95       3.849995476611e-10 
   96       3.898226565915e-10 
   97       3.946798990370e-10 
   98       3.995705172468e-10 
   99       4.044935368181e-10 
  100       4.094477584684e-10 
  101       4.144317498092e-10 
  102       4.194438371178e-10 
  103       4.244820971109e-10 
  104       4.295446580489e-10 
  105       4.346306670938e-10 
  106       4.397394388974e-10 
  107       4.448701531697e-10 
  108       4.500218498508e-10 
  109       4.551934242829e-10 
  110       4.603836223822e-10 
  111       4.655910358114e-10 
  112       4.708140971517e-10 
  113       4.760510750746e-10 
  114       4.813000695142e-10 
  115       4.865590068392e-10 
  116       4.918258602579e-10 
  117       4.970993517541e-10 
  118       5.023783268247e-10 
  119       5.076615340770e-10 
  120       5.129476223928e-10 
  121       5.182351380916e-10 
  122       5.235225220943e-10 
  123       5.288081070866e-10 
  124       5.340901146825e-10 
  125       5.393666525881e-10 
  126       5.446357117649e-10 
  127       5.498951635935e-10 
  128       5.551427570368e-10 
  129       5.603763066055e-10 
  130       5.655942855914e-10 
  131       5.707952928550e-10 
  132       5.759778664006e-10 
  133       5.811404819055e-10 
  134       5.862815512489e-10 
  135       5.913994210402e-10 
  136       5.964923711484e-10 
  137       6.015586132307e-10 
  138       6.065962892612e-10 
  139       6.116034700602e-10 
  140       6.165781538223e-10 
  141       6.215182646462e-10 
  142       6.264216510625e-10 
  143       6.312860845636e-10 
  144       6.361094138665e-10 
  145       6.408900479513e-10 
  146       6.456265180691e-10 
  147       6.503173257126e-10 
  148       6.549609420395e-10 
  149       6.595558072965e-10 
  150       6.641003302434e-10 
  151       6.685928875767e-10 
  152       6.730318233535e-10 
  153       6.774154484157e-10 
  154       6.817420398132e-10 
  155       6.860098402286e-10 
  156       6.902170574004e-10 
  157       6.943618635470e-10 
  158       6.984423947909e-10 
  159       7.024567505822e-10 
  160       7.064029931228e-10 
  161       7.102792722977e-10 
  162       7.140842140959e-10 
  163       7.178165655974e-10 
  164       7.214750725562e-10 
  165       7.250584794019e-10 
  166       7.285655292405e-10 
  167       7.319949638560e-10 
  168       7.353455237117e-10 
  169       7.386159479515e-10 
  170       7.418049744012e-10 
  171       7.449113395697e-10 
  172       7.479337786505e-10 
  173       7.508710255231e-10 
  174       7.537218127538e-10 
  175       7.564848715978e-10 
  176       7.591589319996e-10 
  177       7.617427225953e-10 
  178       7.642349707131e-10 
  179       7.666344023750e-10 
  180       7.689398289827e-10 
  181       7.711504150785e-10 
  182       7.732654319204e-10 
  183       7.752841730281e-10 
  184       7.772059545039e-10 
  185       7.790301153532e-10 
  186       7.807560178052e-10 
  187       7.823830476331e-10 
  188       7.839106144753e-10 
  189       7.853381521554e-10 
  190       7.866651190033e-10 
  191       7.878909981754e-10 
  192       7.890152979753e-10 
  193       7.900375521748e-10 
  194       7.909573203337e-10 
  195       7.917741881211e-10 
  196       7.924877676358e-10 
  197       7.930976977266e-10 
  198       7.936036443133e-10 
  199       7.940053007071e-10 
  200       7.943023879313e-10 
  201       7.944946916969e-10 
  202       7.945821756073e-10 
  203       7.945648766680e-10 
  204       7.944428697839e-10 
  205       7.942162681884e-10 
  206       7.938852238724e-10 
  207       7.934499280132e-10 
  208       7.929106114033e-10 
  209       7.922675448796e-10 
  210       7.915210397520e-10 
  211       7.906714482325e-10 
  212       7.897191638642e-10 
  213       7.886646219502e-10 
  214       7.875082999823e-10 
  215       7.862507180703e-10 
  216       7.848924393706e-10 
  217       7.834340705155e-10 
  218       7.818762620417e-10 
  219       7.802197088194e-10 
  220       7.784651504815e-10 
  221       7.766133718521e-10 
  222       7.746652033757e-10 
  223       7.726215215462e-10 
  224       7.704832227029e-10 
  225       7.682511416603e-10 
  226       7.659261286766e-10 
  227       7.635090759790e-10 
  228       7.610009181298e-10 
  229       7.584026323913e-10 
  230       7.557152390917e-10 
  231       7.529398019908e-10 
  232       7.500774286448e-10 
  233       7.471292707726e-10 
  234       7.440965246209e-10 
  235       7.409804313298e-10 
  236       7.377822772983e-10 
  237       7.345033945499e-10 
  238       7.311451610981e-10 
  239       7.277090013119e-10 
  240       7.241963862811e-10 
  241       7.206088341824e-10 
  242       7.169479106442e-10 
  243       7.132152291127e-10 
  244       7.094124512172e-10 
  245       7.055412871354e-10 
  246       7.016034959594e-10 
  247       6.976008860608e-10 
  248       6.935353154563e-10 
  249       6.894086921735e-10 
  250       6.852228771625e-10 
  251       6.809793860637e-10 
  252       6.766796709355e-10 
  253       6.723252163372e-10 
  254       6.679175395077e-10 
  255       6.634581905453e-10 
  256       6.589487525865e-10 
  257       6.543908419849e-10 
  258       6.497861084910e-10 
  259       6.451362354308e-10 
  260       6.404429398852e-10 
  261       6.357079728692e-10 
  262       6.309331195109e-10 
  263       6.261201992305e-10 
  264       6.212710659201e-10 
  265       6.163876081221e-10 
  266       6.114717492087e-10 
  267       6.065254475613e-10 
  268       6.015506967491e-10 
  269       5.965495257087e-10 
  270       5.915239989231e-10 
  271       5.864762166007e-10 
  272       5.814083148548e-10 
  273       5.763224658825e-10 
  274       5.712208781439e-10 
  275       5.661057965413e-10 
  276       5.609795025983e-10 
  277       5.558443146389e-10 
  278       5.507025879670e-10 
  279       5.455565619038e-10 
  280       5.404078917610e-10 
  281       5.352580929692e-10 
  282       5.301086919789e-10 
  283       5.249612262046e-10 
  284       5.198172439684e-10 
  285       5.146783044447e-10 
  286       5.095459776031e-10 
  287       5.044218441530e-10 
  288       4.993074954875e-10 
  289       4.942045336267e-10 
  290       4.891145711625e-10 
  291       4.840392312019e-10 
  292       4.789801473109e-10 
  293       4.739389634588e-10 
  294       4.689173339620e-10 
  295       4.639169234275e-10 
  296       4.589394066975e-10 
  297       4.539864687926e-10 
  298       4.490598048563e-10 
  299       4.441611200987e-10 
  300       4.392921297403e-10 
  301       4.344545589560e-10 
  302       4.296501428191e-10 
  303       4.248806262451e-10 
  304       4.201477639355e-10 
  305       4.154533203223e-10 
  306       4.107990695110e-10 
  307       4.061867952254e-10 
  308       4.016182907507e-10 
  309       3.970953588782e-10 
  310       3.926198118487e-10 
  311       3.881934712964e-10 
  312       3.838180160385e-10 
  313       3.794945177510e-10 
  314       3.752238836387e-10 
  315       3.710070064055e-10 
  316       3.668447640111e-10 
  317       3.627380194281e-10 
  318       3.586876203991e-10 
  319       3.546943991934e-10 
  320       3.507591723641e-10 
  321       3.468827405051e-10 
  322       3.430658880077e-10 
  323       3.393093828180e-10 
  324       3.356139761935e-10 
  325       3.319804024603e-10 
  326       3.284093787700e-10 
  327       3.249016048563e-10 
  328       3.214577627924e-10 
  329       3.180785167478e-10 
  330       3.147645127452e-10 
  331       3.115163784174e-10 
  332       3.083347227642e-10 
  333       3.052201359099e-10 
  334       3.021731888592e-10 
  335       2.991944332552e-10 
  336       2.962844011357e-10 
  337       2.934436046903e-10 
  338       2.906725360175e-10 
  339       2.879716668816e-10 
  340       2.853414484693e-10 
  341       2.827823111472e-10 
  342       2.802946642183e-10 
  343       2.778788956793e-10 
  344       2.755353719770e-10 
  345       2.732644377661e-10 
  346       2.710664156652e-10 
  347       2.689416060145e-10 
  348       2.668902866324e-10 
  349       2.649126667073e-10 
  350       2.630087468568e-10 
  351       2.611784527799e-10 
  352       2.594216803104e-10 
  353       2.577382951288e-10 
  354       2.561281324742e-10 
  355       2.545909968565e-10 
  356       2.531266617677e-10 
  357       2.517348693942e-10 
  358       2.504153303287e-10 
  359       2.491677232819e-10 
  360       2.479916947944e-10 
  361       2.468868589488e-10 
  362       2.458527970812e-10 
  363       2.448890574937e-10 
  364       2.439951551657e-10 
  365       2.431705714660e-10 
  366       2.424147538646e-10 
  367       2.417271156450e-10 
  368       2.411070356156e-10 
  369       2.405538578216e-10 
  370       2.400668912573e-10 
  371       2.396454095778e-10 
  372       2.392886508104e-10 
  373       2.389958170674e-10 
  374       2.387660742573e-10 
  375       2.385985517968e-10 
  376       2.384923423230e-10 
  377       2.384465014049e-10 
  378       2.384600472555e-10 
  379       2.385319604437e-10 
  380       2.386611836061e-10 
  381       2.388466211589e-10 
  382       2.390871390099e-10 
  383       2.393815642702e-10 
  384       2.397286849663e-10 
  385       2.401272497517e-10 
  386       2.405759676191e-10 
  387       2.410735076123e-10 
  388       2.416186129174e-10 
  389       2.422104484313e-10 
  390       2.428482656290e-10 
  391       2.435312891615e-10 
  392       2.442587166586e-10 
  393       2.450297185315e-10 
  394       2.458434377758e-10 
  395       2.466989897743e-10 
  396       2.475954620999e-10 
  397       2.485319143185e-10 
  398       2.495073777913e-10 
  399       2.505208554785e-10 
  400       2.515713217412e-10 
  401       2.526577221449e-10 
  402       2.537789732622e-10 
  403       2.549339624752e-10 
  404       2.561215477791e-10 
  405       2.573405575841e-10 
  406       2.585897905191e-10 
  407       2.598680152339e-10 
  408       2.611739702024e-10 
  409       2.625063635253e-10 
  410       2.638638727326e-10 
  411       2.652451445873e-10 
  412       2.666487948872e-10 
  413       2.680734082683e-10 
  414       2.695175380078e-10 
  415       2.709797058263e-10 
  416       2.724584016912e-10 
  417       2.739520836193e-10 
  418       2.754591774794e-10 
  419       2.769780767956e-10 
  420       2.785071425500e-10 
  421       2.800447029850e-10 
  422       2.815890534069e-10 
  423       2.831384559883e-10 
  424       2.846911395709e-10 
  425       2.862452994685e-10 
  426       2.877990972698e-10 
  427       2.893508683148e-10 
  428       2.908997523014e-10 
  429       2.924450837452e-10 
  430       2.939861861843e-10 
  431       2.955223721179e-10 
  432       2.970529429459e-10 
  433       2.985771889078e-10 
  434       3.000943890219e-10 
  435       3.016038110247e-10 
  436       3.031047113101e-10 
  437       3.045963348681e-10 
  438       3.060779152246e-10 
  439       3.075486743803e-10 
  440       3.090078227499e-10 
  441       3.104545591014e-10 
  442       3.118880704949e-10 
  443       3.133075322224e-10 
  444       3.147121077466e-10 
  445       3.161009486401e-10 
  446       3.174731945247e-10 
  447       3.188279730105e-10 
  448       3.201643996352e-10 
  449       3.214815778032e-10 
  450       3.227785987247e-10 
  451       3.240545413551e-10 
  452       3.253084723341e-10 
  453       3.265394459249e-10 
  454       3.277465039532e-10 
  455       3.289286757466e-10 
  456       3.300849780740e-10 
  457       3.312144150842e-10 
  458       3.323159782455e-10 
  459       3.333886462849e-10 
  460       3.344313851271e-10 
  461       3.354431478339e-10 
  462       3.364228745431e-10 
  463       3.373694924079e-10 
  464       3.382819155363e-10 
  465       3.391590449296e-10 
  466       3.399999488475e-10 
  467       3.408044102168e-10 
  468       3.415723961816e-10 
  469       3.423038792600e-10 
  470       3.429988373833e-10 
  471       3.436572539346e-10 
  472       3.442791177871e-10 
  473       3.448644233433e-10 
  474       3.454131705732e-10 
  475       3.459253650534e-10 
  476       3.464010180053e-10 
  477       3.468401463345e-10 
  478       3.472427726686e-10 
  479       3.476089253966e-10 
  480       3.479386387071e-10 
  481       3.482319526272e-10 
  482       3.484889130613e-10 
  483       3.487095718295e-10 
  484       3.488939867064e-10 
  485       3.490422214598e-10 
  486       3.491543458893e-10 
  487       3.492304358651e-10 
  488       3.492705733666e-10 
  489       3.492748465211e-10 
  490       3.492433496424e-10 
  491       3.491761832696e-10 
  492       3.490734542058e-10 
  493       3.489352755565e-10 
  494       3.487617667686e-10 
  495       3.485530536690e-10 
  496       3.483092685032e-10 
  497       3.480305499739e-10 
  498       3.477170432799e-10 
  499       3.473689001547e-10 
  500       3.469862789050e-10 
  501       3.465693444496e-10 
  502       3.461182683581e-10 
  503       3.456332288893e-10 
  504       3.451144110301e-10 
  505       3.445620625877e-10 
  506       3.439766641636e-10 
  507       3.433587641531e-10 
  508       3.427089231984e-10 
  509       3.420277142544e-10 
  510       3.413157226535e-10 
  511       3.405735461706e-10 
  512       3.398017950878e-10 
  513       3.390010922599e-10 
  514       3.381720731792e-10 
  515       3.373153860403e-10 
  516       3.364316918054e-10 
  517       3.355216642690e-10 
  518       3.345859901234e-10 
  519       3.336253690229e-10 
  520       3.326405136497e-10 
  521       3.316321497783e-10 
  522       3.306010163406e-10 
  523       3.295478654912e-10 
  524       3.284734626719e-10 
  525       3.273785866772e-10 
  526       3.262640297190e-10 
  527       3.251305974916e-10 
  528       3.239791092370e-10 
  529       3.228103978093e-10 
  530       3.216253097406e-10 
  531       3.204247053050e-10 
  532       3.192094585844e-10 
  533       3.179804575331e-10 
  534       3.167386040428e-10 
  535       3.154848140077e-10 
  536       3.142200173897e-10 
  537       3.129451582830e-10 
  538       3.116611949793e-10 
  539       3.103691000327e-10 
  540       3.090698603251e-10 
  541       3.077644771307e-10 
  542       3.064539661810e-10 
  543       3.051393577305e-10 
  544       3.038216223674e-10 
  545       3.025014461361e-10 
  546       3.011794495256e-10 
  547       2.998562612139e-10 
  548       2.985325181024e-10 
  549       2.972088653510e-10 
  550       2.958859564134e-10 
  551       2.945644530716e-10 
  552       2.932450254708e-10 
  553       2.919283521550e-10 
  554       2.906151201010e-10 
  555       2.893060247544e-10 
  556       2.880017700634e-10 
  557       2.867030685149e-10 
  558       2.854106411684e-10 
  559       2.841252176918e-10 
  560       2.828475363958e-10 
  561       2.815783442690e-10 
  562       2.803183970131e-10 
  563       2.790684590774e-10 
  564       2.778293036941e-10 
  565       2.766017129130e-10 
  566       2.753864776366e-10 
  567       2.741843976551e-10 
  568       2.729962816812e-10 
  569       2.718229473851e-10 
  570       2.706652214295e-10 
  571       2.695239395045e-10 
  572       2.683999463623e-10 
  573       2.672940958529e-10 
  574       2.662072509580e-10 
  575       2.651402838269e-10 
  576       2.640940758108e-10 
  577       2.630695174981e-10 
  578       2.620675087492e-10 
  579       2.610889587314e-10 
  580       2.601347859540e-10 
  581       2.592059183033e-10 
  582       2.583032930771e-10 
  583       2.574277277000e-10 
  584       2.565795282476e-10 
  585       2.557588712118e-10 
  586       2.549659319246e-10 
  587       2.542008845479e-10 
  588       2.534639020631e-10 
  589       2.527551562599e-10 
  590       2.520748177262e-10 
  591       2.514230558370e-10 
  592       2.508000387443e-10 
  593       2.502059333660e-10 
  594       2.496409053753e-10 
  595       2.491051191906e-10 
  596       2.485987379640e-10 
  597       2.481219235716e-10 
  598       2.476748366021e-10 
  599       2.472576363467e-10 
  600       2.468704807879e-10 
  601       2.465135265897e-10 
  602       2.461869290861e-10 
  603       2.458908422710e-10 
  604       2.456254187874e-10 
  605       2.453908099169e-10 
  606       2.451871655687e-10 
  607       2.450146342695e-10 
  608       2.448733631525e-10 
  609       2.447634979467e-10 
  610       2.446851829666e-10 
  611       2.446385611014e-10 
  612       2.446237738044e-10 
  613       2.446409610820e-10 
  614       2.446902614839e-10 
  615       2.447718120916e-10 
  616       2.448857485083e-10 
  617       2.450322048480e-10 
  618       2.452113137251e-10 
  619       2.454232062435e-10 
  620       2.456680119862e-10 
  621       2.459458590045e-10 
  622       2.462567898038e-10 
  623       2.466005071599e-10 
  624       2.469766223272e-10 
  625       2.473847384671e-10 
  626       2.478244506110e-10 
  627       2.482953456238e-10 
  628       2.487970021675e-10 
  629       2.493289906639e-10 
  630       2.498908732589e-10 
  631       2.504822037849e-10 
  632       2.511025277249e-10 
  633       2.517513821753e-10 
  634       2.524282958098e-10 
  635       2.531327888421e-10 
  636       2.538643729900e-10 
  637       2.546225514380e-10 
  638       2.554068188012e-10 
  639       2.562166610884e-10 
  640       2.570515556657e-10 
  641       2.579109712195e-10 
  642       2.587943677200e-10 
  643       2.597011963848e-10 
  644       2.606308996419e-10 
  645       2.615829110931e-10 
  646       2.625566554778e-10 
  647       2.635515486355e-10 
  648       2.645669974701e-10 
  649       2.656023999127e-10 
  650       2.666571448848e-10 
  651       2.677306122624e-10 
  652       2.688221728384e-10 
  653       2.699311882868e-10 
  654       2.710570111255e-10 
  655       2.721989846798e-10 
  656       2.733564430459e-10 
  657       2.745287110542e-10 
  658       2.757151042324e-10 
  659       2.769149287693e-10 
  660       2.781274814776e-10 
  661       2.793520666895e-10 
  662       2.805880474237e-10 
  663       2.818347952742e-10 
  664       2.830916735485e-10 
  665       2.843580372356e-10 
  666       2.856332329745e-10 
  667       2.869165990214e-10 
  668       2.882074652186e-10 
  669       2.895051529618e-10 
  670       2.908089751682e-10 
  671       2.921182362448e-10 
  672       2.934322320563e-10 
  673       2.947502498929e-10 
  674       2.960715684385e-10 
  675       2.973954577385e-10 
  676       2.987211791680e-10 
  677       3.000479853998e-10 
  678       3.013751203721e-10 
  679       3.027018192570e-10 
  680       3.040273084279e-10 
  681       3.053508054280e-10 
  682       3.066715189380e-10 
  683       3.079886487444e-10 
  684       3.093013857070e-10 
  685       3.106089117274e-10 
  686       3.119103997168e-10 
  687       3.132050135639e-10 
  688       3.144919081029e-10 
  689       3.157702290819e-10 
  690       3.170391131302e-10 
  691       3.182976877270e-10 
  692       3.195450711688e-10 
  693       3.207803725380e-10 
  694       3.220026916703e-10 
  695       3.232111191230e-10 
  696       3.244047361430e-10 
  697       3.255826146350e-10 
  698       3.267438171288e-10 
  699       3.278873967482e-10 
  700       3.290124937561e-10 
  701       3.301186274641e-10 
  702       3.312054103406e-10 
  703       3.322724519748e-10 
  704       3.333193590688e-10 
  705       3.343457354291e-10 
  706       3.353511819578e-10 
  707       3.363352966450e-10 
  708       3.372976745597e-10 
  709       3.382379078418e-10 
  710       3.391555856935e-10 
  711       3.400502943711e-10 
  712       3.409216171764e-10 
  713       3.417691344488e-10 
  714       3.425924235562e-10 
  715       3.433910588870e-10 
  716       3.441646118420e-10 
  717       3.449126508255e-10 
  718       3.456347412371e-10 
  719       3.463304454633e-10 
  720       3.469993228695e-10 
  721       3.476409297907e-10 
  722       3.482548195243e-10 
  723       3.488405423207e-10 
  724       3.493976453755e-10 
  725       3.499256728207e-10 
  726       3.504241657170e-10 
  727       3.508926620444e-10 
  728       3.513306966949e-10 
  729       3.517378014633e-10 
  730       3.521135050392e-10 
  731       3.524573329985e-10 
  732       3.527688077950e-10 
  733       3.530474487522e-10 
  734       3.532927720546e-10 
  735       3.535042907397e-10 
  736       3.536815146891e-10 
  737       3.538239506208e-10 
  738       3.539311020802e-10 
  739       3.540025722306e-10 
  740       3.540383744669e-10 
  741       3.540386279157e-10 
  742       3.540034552066e-10 
  743       3.539329824859e-10 
  744       3.538273394311e-10 
  745       3.536866592648e-10 
  746       3.535110787692e-10 
  747       3.533007382999e-10 
  748       3.530557818005e-10 
  749       3.527763568162e-10 
  750       3.524626145087e-10 
  751       3.521147096696e-10 
  752       3.517328007353e-10 
  753       3.513170498006e-10 
  754       3.508676226331e-10 
  755       3.503846886875e-10 
  756       3.498684211197e-10 
  757       3.493189968006e-10 
  758       3.487365963310e-10 
  759       3.481214040551e-10 
  760       3.474736080749e-10 
  761       3.467934002647e-10 
  762       3.460809762847e-10 
  763       3.453365355956e-10 
  764       3.445602814726e-10 
  765       3.437524210196e-10 
  766       3.429131651833e-10 
  767       3.420427287676e-10 
  768       3.411413304476e-10 
  769       3.402091927836e-10 
  770       3.392465422358e-10 
  771       3.382536091779e-10 
  772       3.372306279114e-10 
  773       3.361778366803e-10 
  774       3.350954776845e-10 
  775       3.339837970945e-10 
  776       3.328430450653e-10 
  777       3.316734757508e-10 
  778       3.304753872676e-10 
  779       3.292492423800e-10 
  780       3.279955501064e-10 
  781       3.267148259965e-10 
  782       3.254075921533e-10 
  783       3.240743772556e-10 
  784       3.227157165793e-10 
  785       3.213321520202e-10 
  786       3.199242321159e-10 
  787       3.184925120677e-10 
  788       3.170375537628e-10 
  789       3.155599257963e-10 
  790       3.140602034936e-10 
  791       3.125389689319e-10 
  792       3.109968109630e-10 
  793       3.094343252347e-10 
  794       3.078521142134e-10 
  795       3.062507872059e-10 
  796       3.046309603815e-10 
  797       3.029932567942e-10 
  798       3.013383064048e-10 
  799       2.996667461027e-10 
  800       2.979792197285e-10 
  801       2.962763780955e-10 
  802       2.945588790121e-10 
  803       2.928273873039e-10 
  804       2.910825748359e-10 
  805       2.893251205340e-10 
  806       2.875557104078e-10 
  807       2.857750375723e-10 
  808       2.839838022700e-10 
  809       2.821827118932e-10 
  810       2.803724810056e-10 
  811       2.785538313651e-10 
  812       2.767274919451e-10 
  813       2.748941989573e-10 
  814       2.730546958733e-10 
  815       2.712097334469e-10 
  816       2.693600697359e-10 
  817       2.675064273023e-10 
  818       2.656493639283e-10 
  819       2.637893996344e-10 
  820       2.619270593069e-10 
  821       2.600628727127e-10 
  822       2.581973745133e-10 
  823       2.563311042791e-10 
  824       2.544646065041e-10 
  825       2.525984306202e-10 
  826       2.507331310117e-10 
  827       2.488692670292e-10 
  828       2.470074030047e-10 
  829       2.451481082656e-10 
  830       2.432919571490e-10 
  831       2.414395290162e-10 
  832       2.395914082675e-10 
  833       2.377481843558e-10 
  834       2.359104518016e-10 
  835       2.340788102072e-10 
  836       2.322538642713e-10 
  837       2.304362238028e-10 
  838       2.286265037360e-10 
  839       2.268253241443e-10 
  840       2.250333102550e-10 
  841       2.232510924637e-10 
  842       2.214793063483e-10 
  843       2.197185926839e-10 
  844       2.179695974568e-10 
  845       2.162329718792e-10 
  846       2.145093724034e-10 
  847       2.127994607362e-10 
  848       2.111039038533e-10 
  849       2.094233740138e-10 
  850       2.077585487745e-10 
  851       2.061101110044e-10 
  852       2.044787488990e-10 
  853       2.028651559944e-10 
  854       2.012700311825e-10 
  855       1.996940787245e-10 
  856       1.981379211552e-10 
  857       1.966018363374e-10 
  858       1.950860159518e-10 
  859       1.935906522019e-10 
  860       1.921159378141e-10 
  861       1.906620660373e-10 
  862       1.892292306438e-10 
  863       1.878176259289e-10 
  864       1.864274467115e-10 
  865       1.850588883335e-10 
  866       1.837121466609e-10 
  867       1.823874180833e-10 
  868       1.810848995141e-10 
  869       1.798047883908e-10 
  870       1.785472826753e-10 
  871       1.773125808536e-10 
  872       1.761008819364e-10 
  873       1.749123854588e-10 
  874       1.737472914808e-10 
  875       1.726058005874e-10 
  876       1.714881138886e-10 
  877       1.703944330196e-10 
  878       1.693249601409e-10 
  879       1.682798979387e-10 
  880       1.672594496247e-10 
  881       1.662638189363e-10 
  882       1.652932101370e-10 
  883       1.643478280164e-10 
  884       1.634278778902e-10 
  885       1.625335656005e-10 
  886       1.616650975160e-10 
  887       1.608226805319e-10 
  888       1.600065220703e-10 
  889       1.592168300804e-10 
  890       1.584538130382e-10 
  891       1.577176799470e-10 
  892       1.570086403378e-10 
  893       1.563269042686e-10 
  894       1.556726823256e-10 
  895       1.550461153373e-10 
  896       1.544470622637e-10 
  897       1.538753088478e-10 
  898       1.533306375765e-10 
  899       1.528128276704e-10 
  900       1.523216550734e-10 
  901       1.518568924423e-10 
  902       1.514183091367e-10 
  903       1.510056712080e-10 
  904       1.506187413897e-10 
  905       1.502572790865e-10 
  906       1.499210403644e-10 
  907       1.496097779399e-10 
  908       1.493232411699e-10 
  909       1.490611760412e-10 
  910       1.488233251603e-10 
  911       1.486094277426e-10 
  912       1.484192196027e-10 
  913       1.482524331434e-10 
  914       1.481087973456e-10 
  915       1.479880377580e-10 
  916       1.478898764864e-10 
  917       1.478140321840e-10 
  918       1.477602200401e-10 
  919       1.477281517706e-10 
  920       1.477175356069e-10 
  921       1.477280762860e-10 
  922       1.477594750402e-10 
  923       1.478114295862e-10 
  924       1.478836341153e-10 
  925       1.479757792825e-10 
  926       1.480875521967e-10 
  927       1.482186364098e-10 
  928       1.483687119067e-10 
  929       1.485374550946e-10 
  930       1.487245387930e-10 
  931       1.489296322231e-10 
  932       1.491524009974e-10 
  933       1.493925071094e-10 
  934       1.496495983545e-10 
  935       1.499232764325e-10 
  936       1.502131283259e-10 
  937       1.505187368114e-10 
  938       1.508396804483e-10 
  939       1.511755335665e-10 
  940       1.515258662548e-10 
  941       1.518902443490e-10 
  942       1.522682294200e-10 
  943       1.526593787622e-10 
  944       1.530632453815e-10 
  945       1.534793779834e-10 
  946       1.539073209614e-10 
  947       1.543466143851e-10 
  948       1.547967939883e-10 
  949       1.552573911572e-10 
  950       1.557279329185e-10 
  951       1.562079419279e-10 
  952       1.566969364578e-10 
  953       1.571944303858e-10 
  954       1.576999331829e-10 
  955       1.582129499014e-10 
  956       1.587329811632e-10 
  957       1.592595231482e-10 
  958       1.597920675823e-10 
  959       1.603301017252e-10 
  960       1.608731083594e-10 
  961       1.614205657777e-10 
  962       1.619719477714e-10 
  963       1.625267236191e-10 
  964       1.630843580740e-10 
  965       1.636443113527e-10 
  966       1.642060391232e-10 
  967       1.647689924931e-10 
  968       1.653326179976e-10 
  969       1.658963575879e-10 
  970       1.664596486193e-10 
  971       1.670219238392e-10 
  972       1.675826113757e-10 
  973       1.681411810477e-10 
  974       1.686972840828e-10 
  975       1.692506154734e-10 
  976       1.698008678385e-10 
  977       1.703477314175e-10 
  978       1.708908940644e-10 
  979       1.714300412420e-10 
  980       1.719648560157e-10 
  981       1.724950190476e-10 
  982       1.730202085907e-10 
  983       1.735401004825e-10 
  984       1.740543681397e-10 
  985       1.745626825516e-10 
  986       1.750647122746e-10 
  987       1.755601234261e-10 
  988       1.760485796782e-10 
  989       1.765297422525e-10 
  990       1.770032699132e-10 
  991       1.774688189620e-10 
  992       1.779260432317e-10 
  993       1.783745940800e-10 
  994       1.788141203843e-10 
  995       1.792442685350e-10 
  996       1.796646824299e-10 
  997       1.800750034681e-10 
  998       1.804748705442e-10 
  999       1.808639200423e-10 
 1000       1.812417858297e-10 
 1001       1.816080992515e-10 
 1002       1.819624891243e-10 
 1003       1.823045817303e-10 
 1004       1.826340008114e-10 
 1005       1.829503675630e-10 
 1006       1.832533006284e-10 
 1007       1.835424160926e-10 
 1008       1.838173274765e-10 
 1009       1.840776457307e-10 
 1010       1.843229792298e-10 
 1011       1.845529337663e-10 
 1012       1.847671771052e-10 
 1013       1.849656336811e-10 
 1014       1.851482926995e-10 
 1015       1.853151438326e-10 
 1016       1.854661772215e-10 
 1017       1.856013834768e-10 
 1018       1.857207536810e-10 
 1019       1.858242793898e-10 
 1020       1.859119526338e-10 
 1021       1.859837659197e-10 
 1022       1.860397122326e-10 
 1023       1.860797850371e-10 
 1024       1.861039782787e-10 
 1025       1.861122863862e-10 
 1026       1.861047042724e-10 
 1027       1.860812273364e-10 
 1028       1.860418514647e-10 
 1029       1.859865730331e-10 
 1030       1.859153889080e-10 
 1031       1.858282964485e-10 
 1032       1.857252935075e-10 
 1033       1.856063784335e-10 
 1034       1.854715500722e-10 
 1035       1.853208077681e-10 
 1036       1.851541513660e-10 
 1037       1.849715812127e-10 
 1038       1.847730981588e-10 
 1039       1.845587035597e-10 
 1040       1.843283992777e-10 
 1041       1.840821876836e-10 
 1042       1.838200716581e-10 
 1043       1.835420545933e-10 
 1044       1.832481403947e-10 
 1045       1.829383334823e-10 
 1046       1.826126387927e-10 
 1047       1.822710617802e-10 
 1048       1.819136084189e-10 
 1049       1.815402852038e-10 
 1050       1.811510991529e-10 
 1051       1.807460962275e-10 
 1052       1.803254771769e-10 
 1053       1.798894833073e-10 
 1054       1.794383582147e-10 
 1055       1.789723477904e-10 
 1056       1.784917002267e-10 
 1057       1.779966660230e-10 
 1058       1.774874979913e-10 
 1059       1.769644512619e-10 
 1060       1.764277832896e-10 
 1061       1.758777538588e-10 
 1062       1.753146250900e-10 
 1063       1.747386614451e-10 
 1064       1.741501297331e-10 
 1065       1.735492991162e-10 
 1066       1.729364411154e-10 
 1067       1.723118296162e-10 
 1068       1.716757408746e-10 
 1069       1.710284535225e-10 
 1070       1.703702485739e-10 
 1071       1.697014094302e-10 
 1072       1.690222218865e-10 
 1073       1.683329741367e-10 
 1074       1.676339567801e-10 
 1075       1.669254628263e-10 
 1076       1.662077877016e-10 
 1077       1.654812292545e-10 
 1078       1.647460877616e-10 
 1079       1.640026659331e-10 
 1080       1.632512689189e-10 
 1081       1.624922043141e-10 
 1082       1.617257821650e-10 
 1083       1.609523149747e-10 
 1084       1.601721177088e-10 
 1085       1.593855078015e-10 
 1086       1.585928051611e-10 
 1087       1.577943321755e-10 
 1088       1.569904137188e-10 
 1089       1.561813771562e-10 
 1090       1.553675446270e-10 
 1091       1.545492097668e-10 
 1092       1.537266606847e-10 
 1093       1.529001876633e-10 
 1094       1.520700831631e-10 
 1095       1.512366418282e-10 
 1096       1.504001604908e-10 
 1097       1.495609381767e-10 
 1098       1.487192761095e-10 
 1099       1.478754777164e-10 
 1100       1.470298486327e-10 
 1101       1.461826967069e-10 
 1102       1.453343320057e-10 
 1103       1.444850668192e-10 
 1104       1.436352156654e-10 
 1105       1.427850952956e-10 
 1106       1.419350246994e-10 
 1107       1.410853251093e-10 
 1108       1.402363200060e-10 
 1109       1.393883351235e-10 
 1110       1.385416984538e-10 
 1111       1.376967402519e-10 
 1112       1.368537930410e-10 
 1113       1.360131916174e-10 
 1114       1.351752730553e-10 
 1115       1.343403767123e-10 
 1116       1.335088442336e-10 
 1117       1.326810195577e-10 
 1118       1.318572489211e-10 
 1119       1.310378808632e-10 
 1120       1.302232662314e-10 
 1121       1.294137581862e-10 
 1122       1.286097122059e-10 
 1123       1.278114860920e-10 
 1124       1.270194399736e-10 
 1125       1.262339363130e-10 
 1126       1.254553399104e-10 
 1127       1.246840179086e-10 
 1128       1.239203397987e-10 
 1129       1.231646368754e-10 
 1130       1.224170800197e-10 
 1131       1.216778003448e-10 
 1132       1.209469296022e-10 
 1133       1.202246001829e-10 
 1134       1.195109451190e-10 
 1135       1.188060980848e-10 
 1136       1.181101933975e-10 
 1137       1.174233660189e-10 
 1138       1.167457515564e-10 
 1139       1.160774862641e-10 
 1140       1.154187070439e-10 
 1141       1.147695514471e-10 
 1142       1.141301576749e-10 
 1143       1.135006645803e-10 
 1144       1.128812116686e-10 
 1145       1.122719390991e-10 
 1146       1.116729876861e-10 
 1147       1.110844988999e-10 
 1148       1.105066148682e-10 
 1149       1.099394783770e-10 
 1150       1.093832328723e-10 
 1151       1.088380224607e-10 
 1152       1.083039919108e-10 
 1153       1.077812866546e-10 
 1154       1.072700527881e-10 
 1155       1.067704370731e-10 
 1156       1.062825869381e-10 
 1157       1.058066504794e-10 
 1158       1.053427764623e-10 
 1159       1.048911143223e-10 
 1160       1.044518141666e-10 
 1161       1.040250267746e-10 
 1162       1.036109035996e-10 
 1163       1.032095967699e-10 
 1164       1.028212590898e-10 
 1165       1.024460440407e-10 
 1166       1.020841057828e-10 
 1167       1.017355991557e-10 
 1168       1.014006386667e-10 
 1169       1.010791748908e-10 
 1170       1.007711165264e-10 
 1171       1.004763712657e-10 
 1172       1.001948457923e-10 
 1173       9.992644577872e-11 
 1174       9.967107588389e-11 
 1175       9.942863975090e-11 
 1176       9.919904000445e-11 
 1177       9.898217824845e-11 
 1178       9.877795506358e-11 
 1179       9.858627000485e-11 
 1180       9.840702159922e-11 
 1181       9.824010734311e-11 
 1182       9.808542369998e-11 
 1183       9.794286609793e-11 
 1184       9.781232892724e-11 
 1185       9.769370553797e-11 
 1186       9.758688823749e-11 
 1187       9.749176828805e-11 
 1188       9.740823590441e-11 
 1189       9.733618025134e-11 
 1190       9.727548944120e-11 
 1191       9.722605053156e-11 
 1192       9.718774952271e-11 
 1193       9.716047135525e-11 
 1194       9.714409990768e-11 
 1195       9.713851799393e-11 
 1196       9.714360736097e-11 
 1197       9.715924868634e-11 
 1198       9.718532157575e-11 
 1199       9.722170456063e-11 
 1200       9.726827509572e-11 
 1201       9.732490955660e-11 
 1202       9.739148323731e-11 
 1203       9.746787034789e-11 
 1204       9.755394401193e-11 
 1205       9.764957626418e-11 
 1206       9.775463804812e-11 
 1207       9.786898490424e-11 
 1208       9.799241385032e-11 
 1209       9.812470597417e-11 
 1210       9.826564069188e-11 
 1211       9.841499574422e-11 
 1212       9.857254719304e-11 
 1213       9.873806941766e-11 
 1214       9.891133511124e-11 
 1215       9.909211527719e-11 
 1216       9.928017922556e-11 
 1217       9.947529456944e-11 
 1218       9.967722722132e-11 
 1219       9.988574138952e-11 
 1220       1.001005995746e-10 
 1221       1.003215625655e-10 
 1222       1.005483894366e-10 
 1223       1.007808375431e-10 
 1224       1.010186625185e-10 
 1225       1.012616182700e-10 
 1226       1.015094569757e-10 
 1227       1.017619290804e-10 
 1228       1.020187832924e-10 
 1229       1.022797665797e-10 
 1230       1.025446241664e-10 
 1231       1.028130995290e-10 
 1232       1.030849343930e-10 
 1233       1.033598687293e-10 
 1234       1.036376407503e-10 
 1235       1.039179869066e-10 
 1236       1.042006418832e-10 
 1237       1.044853385959e-10 
 1238       1.047718081880e-10 
 1239       1.050597800261e-10 
 1240       1.053489816971e-10 
 1241       1.056391390042e-10 
 1242       1.059299759634e-10 
 1243       1.062212148001e-10 
 1244       1.065125759450e-10 
 1245       1.068037780310e-10 
 1246       1.070945553720e-10 
 1247       1.073847106313e-10 
 1248       1.076740627643e-10 
 1249       1.079624295890e-10 
 1250       1.082496277845e-10 
 1251       1.085354728877e-10 
 1252       1.088197792923e-10 
 1253       1.091023602455e-10 
 1254       1.093830278462e-10 
 1255       1.096615930428e-10 
 1256       1.099378656308e-10 
 1257       1.102116542504e-10 
 1258       1.104827663847e-10 
 1259       1.107510083568e-10 
 1260       1.110161853283e-10 
 1261       1.112781012962e-10 
 1262       1.115365590914e-10 
 1263       1.117913603760e-10 
 1264       1.120423056412e-10 
 1265       1.122891942049e-10 
 1266       1.125318242096e-10 
 1267       1.127699926202e-10 
 1268       1.130034952214e-10 
 1269       1.132321266158e-10 
 1270       1.134556802215e-10 
 1271       1.136739482699e-10 
 1272       1.138867218033e-10 
 1273       1.140937906728e-10 
 1274       1.142949435359e-10 
 1275       1.144899678544e-10 
 1276       1.146786498920e-10 
 1277       1.148607747121e-10 
 1278       1.150361261757e-10 
 1279       1.152044869386e-10 
 1280       1.153656384500e-10 
 1281       1.155193609495e-10 
 1282       1.156654334651e-10 
 1283       1.158036338110e-10 
 1284       1.159337385853e-10 
 1285       1.160555558704e-10 
 1286       1.161690237459e-10 
 1287       1.162741128917e-10 
 1288       1.163707939878e-10 
 1289       1.164590377139e-10 
 1290       1.165388147498e-10 
 1291       1.166100957754e-10 
 1292       1.166728514706e-10 
 1293       1.167270525160e-10 
 1294       1.167726695924e-10 
 1295       1.168096733813e-10 
 1296       1.168380345649e-10 
 1297       1.168577238260e-10 
 1298       1.168687118486e-10 
 1299       1.168709693177e-10 
 1300       1.168644669192e-10 
 1301       1.168491753407e-10 
 1302       1.168250652707e-10 
 1303       1.167921073997e-10 
 1304       1.167502724194e-10 
 1305       1.166995310235e-10 
 1306       1.166398539076e-10 
 1307       1.165712117689e-10 
 1308       1.164935753072e-10 
 1309       1.164069152241e-10 
 1310       1.163112022237e-10 
 1311       1.162064070126e-10 
 1312       1.160925002998e-10 
 1313       1.159694527971e-10 
 1314       1.158372352190e-10 
 1315       1.156958182828e-10 
 1316       1.155451727092e-10 
 1317       1.153852692217e-10 
 1318       1.152160785471e-10 
 1319       1.150375714156e-10 
 1320       1.148497185611e-10 
 1321       1.146524907207e-10 
 1322       1.144458586355e-10 
 1323       1.142297930505e-10 
 1324       1.140042891289e-10 
 1325       1.137694399915e-10 
 1326       1.135253639899e-10 
 1327       1.132721803674e-10 
 1328       1.130100092610e-10 
 1329       1.127389717029e-10 
 1330       1.124591896224e-10 
 1331       1.121707858478e-10 
 1332       1.118738841080e-10 
 1333       1.115686090345e-10 
 1334       1.112550861629e-10 
 1335       1.109334419350e-10 
 1336       1.106038037005e-10 
 1337       1.102662997184e-10 
 1338       1.099210591595e-10 
 1339       1.095682121076e-10 
 1340       1.092078895613e-10 
 1341       1.088402234365e-10 
 1342       1.084653465671e-10 
 1343       1.080833927076e-10 
 1344       1.076944965347e-10 
 1345       1.072987936488e-10 
 1346       1.068964205763e-10 
 1347       1.064875147708e-10 
 1348       1.060722146154e-10 
 1349       1.056506594240e-10 
 1350       1.052229894436e-10 
 1351       1.047893458557e-10 
 1352       1.043498707783e-10 
 1353       1.039047072677e-10 
 1354       1.034539993198e-10 
 1355       1.029978918728e-10 
 1356       1.025365308081e-10 
 1357       1.020700629525e-10 
 1358       1.015986360802e-10 
 1359       1.011223989140e-10 
 1360       1.006415011277e-10 
 1361       1.001560933473e-10 
 1362       9.966632715332e-11 
 1363       9.917235689100e-11 
 1364       9.867434511958e-11 
 1365       9.817245722508e-11 
 1366       9.766685961885e-11 
 1367       9.715771973941e-11 
 1368       9.664520605441e-11 
 1369       9.612948806246e-11 
 1370       9.561073629511e-11 
 1371       9.508912231871e-11 
 1372       9.456481873633e-11 
 1373       9.403799918964e-11 
 1374       9.350883836083e-11 
 1375       9.297751197453e-11 
 1376       9.244419679968e-11 
 1377       9.190907065146e-11 
 1378       9.137231239316e-11 
 1379       9.083410193814e-11 
 1380       9.029462025167e-11 
 1381       8.975404935287e-11 
 1382       8.921257231660e-11 
 1383       8.867037327539e-11 
 1384       8.812763742129e-11 
 1385       8.758455100783e-11 
 1386       8.704130135188e-11 
 1387       8.649807683558e-11 
 1388       8.595506690824e-11 
 1389       8.541246208822e-11 
 1390       8.487045396487e-11 
 1391       8.432923520039e-11 
 1392       8.378899953179e-11 
 1393       8.324994177272e-11 
 1394       8.271225781546e-11 
 1395       8.217614463274e-11 
 1396       8.164180027969e-11 
 1397       8.110942389575e-11 
 1398       8.057921570652e-11 
 1399       8.005137702574e-11 
 1400       7.952611025712e-11 
 1401       7.900361889631e-11 
 1402       7.848408956580e-11 
 1403       7.796763791100e-11 
 1404       7.745436214365e-11 
 1405       7.694436095833e-11 
 1406       7.643773353329e-11 
 1407       7.593457953123e-11 
 1408       7.543499910015e-11 
 1409       7.493909287412e-11 
 1410       7.444696197409e-11 
 1411       7.395870800873e-11 
 1412       7.347443307520e-11 
 1413       7.299423975996e-11 
 1414       7.251823113960e-11 
 1415       7.204651078165e-11 
 1416       7.157918274535e-11 
 1417       7.111635158249e-11 
 1418       7.065812233819e-11 
 1419       7.020460055175e-11 
 1420       6.975589225742e-11 
 1421       6.931210398520e-11 
 1422       6.887334276170e-11 
 1423       6.843971611088e-11 
 1424       6.801133205491e-11 
 1425       6.758829911494e-11 
 1426       6.717072631194e-11 
 1427       6.675872316748e-11 
 1428       6.635239970455e-11 
 1429       6.595186644838e-11 
 1430       6.555723442720e-11 
 1431       6.516861517310e-11 
 1432       6.478612072282e-11 
 1433       6.440986361854e-11 
 1434       6.403995690872e-11 
 1435       6.367651414886e-11 
 1436       6.331964940236e-11 
 1437       6.296947724129e-11 
 1438       6.262611274722e-11 
 1439       6.228967151199e-11 
 1440       6.196026963857e-11 
 1441       6.163800102167e-11 
 1442       6.132286893575e-11 
 1443       6.101485375434e-11 
 1444       6.071393560660e-11 
 1445       6.042009437690e-11 
 1446       6.013330970427e-11 
 1447       5.985356098191e-11 
 1448       5.958082735667e-11 
 1449       5.931508772858e-11 
 1450       5.905632075029e-11 
 1451       5.880450482664e-11 
 1452       5.855961811406e-11 
 1453       5.832163852016e-11 
 1454       5.809054370317e-11 
 1455       5.786631107143e-11 
 1456       5.764891778292e-11 
 1457       5.743834074473e-11 
 1458       5.723455661257e-11 
 1459       5.703754179024e-11 
 1460       5.684727242917e-11 
 1461       5.666372442785e-11 
 1462       5.648687343139e-11 
 1463       5.631669483099e-11 
 1464       5.615316376342e-11 
 1465       5.599625511051e-11 
 1466       5.584594349870e-11 
 1467       5.570220329848e-11 
 1468       5.556500862389e-11 
 1469       5.543433333205e-11 
 1470       5.531015102262e-11 
 1471       5.519243503730e-11 
 1472       5.508115845935e-11 
 1473       5.497629411306e-11 
 1474       5.487781456325e-11 
 1475       5.478569211477e-11 
 1476       5.469989881200e-11 
 1477       5.462040643831e-11 
 1478       5.454718651563e-11 
 1479       5.448021030385e-11 
 1480       5.441943657144e-11 
 1481       5.436477477587e-11 
 1482       5.431612151827e-11 
 1483       5.427337273824e-11 
 1484       5.423642371260e-11 
 1485       5.420516905429e-11 
 1486       5.417950271115e-11 
 1487       5.415931796476e-11 
 1488       5.414450742925e-11 
 1489       5.413496305016e-11 
 1490       5.413057610325e-11 
 1491       5.413123719328e-11 
 1492       5.413683625293e-11 
 1493       5.414726254153e-11 
 1494       5.416240464394e-11 
 1495       5.418215046938e-11 
 1496       5.420638725020e-11 
 1497       5.423500154078e-11 
 1498       5.426787921631e-11 
 1499       5.430490547160e-11 
 1500       5.434596481997e-11 
 1501       5.439094109201e-11 
 1502       5.443971743442e-11 
 1503       5.449217630889e-11 
 1504       5.454819949084e-11 
 1505       5.460766806830e-11 
 1506       5.467046244074e-11 
 1507       5.473646231786e-11 
 1508       5.480554671843e-11 
 1509       5.487759396915e-11 
 1510       5.495248170342e-11 
 1511       5.503008686018e-11 
 1512       5.511028568278e-11 
 1513       5.519295371776e-11 
 1514       5.527796581366e-11 
 1515       5.536519611992e-11 
 1516       5.545451808562e-11 
 1517       5.554580445837e-11 
 1518       5.563892728309e-11 
 1519       5.573376201879e-11 
 1520       5.583019993449e-11 
 1521       5.592813583031e-11 
 1522       5.602746392945e-11 
 1523       5.612807787717e-11 
 1524       5.622987073991e-11 
 1525       5.633273500424e-11 
 1526       5.643656257597e-11 
 1527       5.654124477916e-11 
 1528       5.664667235517e-11 
 1529       5.675273546168e-11 
 1530       5.685932367175e-11 
 1531       5.696632597286e-11 
 1532       5.707363076593e-11 
 1533       5.718112586438e-11 
 1534       5.728869849315e-11 
 1535       5.739623528777e-11 
 1536       5.750362229336e-11 
 1537       5.761074496370e-11 
 1538       5.771748816027e-11 
 1539       5.782373615125e-11 
 1540       5.792937261061e-11 
 1541       5.803428061713e-11 
 1542       5.813834265343e-11 
 1543       5.824144060502e-11 
 1544       5.834345575934e-11 
 1545       5.844426880478e-11 
 1546       5.854375982975e-11 
 1547       5.864180832172e-11 
 1548       5.873829316621e-11 
 1549       5.883309264589e-11 
 1550       5.892608443958e-11 
 1551       5.901714562132e-11 
 1552       5.910615265938e-11 
 1553       5.919298141532e-11 
 1554       5.927750714302e-11 
 1555       5.935960448771e-11 
 1556       5.943914748504e-11 
 1557       5.951600956010e-11 
 1558       5.959007830513e-11 
 1559       5.966129996644e-11 
 1560       5.972963537330e-11 
 1561       5.979504519688e-11 
 1562       5.985748995008e-11 
 1563       5.991692998727e-11 
 1564       5.997332550406e-11 
 1565       6.002663653707e-11 
 1566       6.007682296370e-11 
 1567       6.012384450191e-11 
 1568       6.016766070999e-11 
 1569       6.020823098630e-11 
 1570       6.024551456907e-11 
 1571       6.027947053616e-11 
 1572       6.031005780485e-11 
 1573       6.033723513156e-11 
 1574       6.036096111166e-11 
 1575       6.038119417924e-11 
 1576       6.039789260687e-11 
 1577       6.041101450535e-11 
 1578       6.042051782352e-11 
 1579       6.042636034799e-11 
 1580       6.042849970294e-11 
 1581       6.042689334987e-11 
 1582       6.042149858740e-11 
 1583       6.041227255098e-11 
 1584       6.039917221273e-11 
 1585       6.038215438115e-11 
 1586       6.036117570095e-11 
 1587       6.033619265274e-11 
 1588       6.030716155289e-11 
 1589       6.027403855323e-11 
 1590       6.023677964085e-11 
 1591       6.019534063786e-11 
 1592       6.014967720119e-11 
 1593       6.009974482230e-11 
 1594       6.004549882699e-11 
 1595       5.998689437519e-11 
 1596       5.992388646068e-11 
 1597       5.985644395440e-11 
 1598       5.978459187548e-11 
 1599       5.970836950694e-11 
 1600       5.962781638780e-11 
 1601       5.954297231348e-11 
 1602       5.945387733622e-11 
 1603       5.936057176554e-11 
 1604       5.926309616864e-11 
 1605       5.916149137085e-11 
 1606       5.905579845605e-11 
 1607       5.894605876710e-11 
 1608       5.883231390629e-11 
 1609       5.871460573574e-11 
 1610       5.859297637785e-11 
 1611       5.846746821571e-11 
 1612       5.833812389356e-11 
 1613       5.820498631720e-11 
 1614       5.806809865442e-11 
 1615       5.792750433544e-11 
 1616       5.778324705333e-11 
 1617       5.763537076444e-11 
 1618       5.748391968883e-11 
 1619       5.732893831073e-11 
 1620       5.717047137892e-11 
 1621       5.700856390719e-11 
 1622       5.684326117476e-11 
 1623       5.667460872672e-11 
 1624       5.650265237446e-11 
 1625       5.632743819608e-11 
 1626       5.614901253685e-11 
 1627       5.596742200961e-11 
 1628       5.578271349522e-11 
 1629       5.559493414299e-11 
 1630       5.540413137111e-11 
 1631       5.521035286704e-11 
 1632       5.501364658802e-11 
 1633       5.481406076143e-11 
 1634       5.461164388524e-11 
 1635       5.440644472847e-11 
 1636       5.419851687553e-11 
 1637       5.398793240307e-11 
 1638       5.377476832633e-11 
 1639       5.355910206688e-11 
 1640       5.334101145328e-11 
 1641       5.312057472171e-11 
 1642       5.289787051661e-11 
 1643       5.267297789128e-11 
 1644       5.244597630855e-11 
 1645       5.221694564142e-11 
 1646       5.198596617364e-11 
 1647       5.175311860040e-11 
 1648       5.151848402894e-11 
 1649       5.128214397919e-11 
 1650       5.104418038438e-11 
 1651       5.080467559172e-11 
 1652       5.056371236298e-11 
 1653       5.032137387518e-11 
 1654       5.007774372116e-11 
 1655       4.983290591028e-11 
 1656       4.958694486901e-11 
 1657       4.933994544156e-11 
 1658       4.909199289054e-11 
 1659       4.884317289759e-11 
 1660       4.859357156401e-11 
 1661       4.834327541136e-11 
 1662       4.809237138215e-11 
 1663       4.784094684043e-11 
 1664       4.758908957247e-11 
 1665       4.733688778732e-11 
 1666       4.708443011753e-11 
 1667       4.683180561972e-11 
 1668       4.657910377523e-11 
 1669       4.632641449077e-11 
 1670       4.607382809904e-11 
 1671       4.582143535937e-11 
 1672       4.556932745834e-11 
 1673       4.531759601042e-11 
 1674       4.506633305864e-11 
 1675       4.481562513502e-11 
 1676       4.456553538422e-11 
 1677       4.431612128500e-11 
 1678       4.406744057666e-11 
 1679       4.381955125932e-11 
 1680       4.357251159436e-11 
 1681       4.332638010478e-11 
 1682       4.308121557556e-11 
 1683       4.283707705409e-11 
 1684       4.259402385051e-11 
 1685       4.235211553809e-11 
 1686       4.211141195364e-11 
 1687       4.187197319784e-11 
 1688       4.163385963567e-11 
 1689       4.139713189677e-11 
 1690       4.116185087581e-11 
 1691       4.092807773288e-11 
 1692       4.069587389388e-11 
 1693       4.046530105086e-11 
 1694       4.023642116246e-11 
 1695       4.000929645423e-11 
 1696       3.978398941906e-11 
 1697       3.956056281751e-11 
 1698       3.933907967825e-11 
 1699       3.911960329838e-11 
 1700       3.890219724385e-11 
 1701       3.868692534981e-11 
 1702       3.847385172102e-11 
 1703       3.826304073221e-11 
 1704       3.805455702846e-11 
 1705       3.784846552560e-11 
 1706       3.764483141056e-11 
 1707       3.744372014176e-11 
 1708       3.724519744952e-11 
 1709       3.704932933637e-11 
 1710       3.685618207752e-11 
 1711       3.666582222115e-11 
 1712       3.647831658888e-11 
 1713       3.629373227605e-11 
 1714       3.611212606773e-11 
 1715       3.593351258688e-11 
 1716       3.575789587497e-11 
 1717       3.558527995177e-11 
 1718       3.541566881527e-11 
 1719       3.524906644162e-11 
 1720       3.508547678507e-11 
 1721       3.492490377797e-11 
 1722       3.476735133065e-11 
 1723       3.461282333140e-11 
 1724       3.446132364644e-11 
 1725       3.431285611980e-11 
 1726       3.416742457335e-11 
 1727       3.402503280670e-11 
 1728       3.388568459714e-11 
 1729       3.374938369963e-11 
 1730       3.361613384668e-11 
 1731       3.348593874839e-11 
 1732       3.335880209231e-11 
 1733       3.323472754344e-11 
 1734       3.311371874415e-11 
 1735       3.299577931416e-11 
 1736       3.288091285044e-11 
 1737       3.276912292722e-11 
 1738       3.266041309586e-11 
 1739       3.255478688488e-11 
 1740       3.245224779984e-11 
 1741       3.235279932333e-11 
 1742       3.225644491489e-11 
 1743       3.216318801099e-11 
 1744       3.207303202494e-11 
 1745       3.198598034688e-11 
 1746       3.190203634366e-11 
 1747       3.182120335888e-11 
 1748       3.174348471276e-11 
 1749       3.166888370213e-11 
 1750       3.159740360035e-11 
 1751       3.152904765728e-11 
 1752       3.146381909923e-11 
 1753       3.140171361544e-11 
 1754       3.134269674919e-11 
 1755       3.128672631789e-11 
 1756       3.123375990904e-11 
 1757       3.118375487986e-11 
 1758       3.113666835701e-11 
 1759       3.109245723617e-11 
 1760       3.105107818173e-11 
 1761       3.101248762647e-11 
 1762       3.097664177114e-11 
 1763       3.094349658420e-11 
 1764       3.091300780142e-11 
 1765       3.088513092555e-11 
 1766       3.085982122596e-11 
 1767       3.083703373833e-11 
 1768       3.081672326428e-11 
 1769       3.079884437100e-11 
 1770       3.078335139097e-11 
 1771       3.077019842154e-11 
 1772       3.075933932465e-11 
 1773       3.075072772643e-11 
 1774       3.074431701689e-11 
 1775       3.074006034957e-11 
 1776       3.073791064117e-11 
 1777       3.073782057125e-11 
 1778       3.073974258181e-11 
 1779       3.074362887705e-11 
 1780       3.074943142291e-11 
 1781       3.075710194682e-11 
 1782       3.076659193729e-11 
 1783       3.077785264360e-11 
 1784       3.079083507544e-11 
 1785       3.080549000257e-11 
 1786       3.082176795446e-11 
 1787       3.083961921997e-11 
 1788       3.085899384698e-11 
 1789       3.087984164207e-11 
 1790       3.090211217014e-11 
 1791       3.092575475410e-11 
 1792       3.095071823717e-11 
 1793       3.097695026845e-11 
 1794       3.100439801085e-11 
 1795       3.103300837751e-11 
 1796       3.106272803145e-11 
 1797       3.109350338525e-11 
 1798       3.112528060064e-11 
 1799       3.115800558819e-11 
 1800       3.119162400694e-11 
 1801       3.122608126404e-11 
 1802       3.126132251440e-11 
 1803       3.129729266033e-11 
 1804       3.133393635122e-11 
 1805       3.137119798312e-11 
 1806       3.140902169845e-11 
 1807       3.144735138561e-11 
 1808       3.148613067864e-11 
 1809       3.152530295683e-11 
 1810       3.156481134445e-11 
 1811       3.160459871028e-11 
 1812       3.164460766737e-11 
 1813       3.168478057259e-11 
 1814       3.172505952634e-11 
 1815       3.176538637217e-11 
 1816       3.180570269642e-11 
 1817       3.184594982789e-11 
 1818       3.188606883745e-11 
 1819       3.192600053773e-11 
 1820       3.196568548271e-11 
 1821       3.200506396741e-11 
 1822       3.204407602754e-11 
 1823       3.208266143909e-11 
 1824       3.212075971805e-11 
 1825       3.215831012000e-11 
 1826       3.219525163977e-11 
 1827       3.223152301109e-11 
 1828       3.226706270626e-11 
 1829       3.230180893573e-11 
 1830       3.233569964781e-11 
 1831       3.236867835901e-11 
 1832       3.240071169671e-11 
 1833       3.243177199599e-11 
 1834       3.246183148150e-11 
 1835       3.249086226729e-11 
 1836       3.251883635671e-11 
 1837       3.254572564220e-11 
 1838       3.257150190522e-11 
 1839       3.259613681602e-11 
 1840       3.261960193357e-11 
 1841       3.264186870537e-11 
 1842       3.266290846732e-11 
 1843       3.268269244357e-11 
 1844       3.270119174638e-11 
 1845       3.271837737596e-11 
 1846       3.273422022033e-11 
 1847       3.274869105519e-11 
 1848       3.276176054374e-11 
 1849       3.277339923659e-11 
 1850       3.278357757154e-11 
 1851       3.279226587351e-11 
 1852       3.279943435433e-11 
 1853       3.280505311263e-11 
 1854       3.280909213369e-11 
 1855       3.281152128929e-11 
 1856       3.281231033756e-11 
 1857       3.281142892285e-11 
 1858       3.280884657555e-11 
 1859       3.280453271198e-11 
 1860       3.279845663424e-11 
 1861       3.279058753004e-11 
 1862       3.278089447258e-11 
 1863       3.276934642038e-11 
 1864       3.275591221717e-11 
 1865       3.274056059168e-11 
 1866       3.272326015758e-11 
 1867       3.270397941328e-11 
 1868       3.268268674176e-11 
 1869       3.265935041051e-11 
 1870       3.263394560612e-11 
 1871       3.260647559887e-11 
 1872       3.257695074352e-11 
 1873       3.254538145961e-11 
 1874       3.251177823157e-11 
 1875       3.247615160881e-11 
 1876       3.243851220580e-11 
 1877       3.239887070217e-11 
 1878       3.235723784284e-11 
 1879       3.231362443807e-11 
 1880       3.226804136356e-11 
 1881       3.222049956058e-11 
 1882       3.217101003605e-11 
 1883       3.211958386260e-11 
 1884       3.206623217873e-11 
 1885       3.201096618884e-11 
 1886       3.195379716337e-11 
 1887       3.189473643889e-11 
 1888       3.183379541816e-11 
 1889       3.177098557029e-11 
 1890       3.170631843075e-11 
 1891       3.163980560156e-11 
 1892       3.157145875131e-11 
 1893       3.150128961528e-11 
 1894       3.142930999557e-11 
 1895       3.135553176113e-11 
 1896       3.127996684791e-11 
 1897       3.120262725893e-11 
 1898       3.112352506438e-11 
 1899       3.104267240172e-11 
 1900       3.096008147575e-11 
 1901       3.087576455877e-11 
 1902       3.078973399060e-11 
 1903       3.070200217870e-11 
 1904       3.061258159831e-11 
 1905       3.052148479247e-11 
 1906       3.042872437219e-11 
 1907       3.033431301647e-11 
 1908       3.023826347247e-11 
 1909       3.014059213144e-11 
 1910       3.004132978647e-11 
 1911       2.994051095740e-11 
 1912       2.983817032269e-11 
 1913       2.973434271958e-11 
 1914       2.962906314430e-11 
 1915       2.952236675234e-11 
 1916       2.941428885859e-11 
 1917       2.930486493762e-11 
 1918       2.919413062383e-11 
 1919       2.908212171174e-11 
 1920       2.896887415610e-11 
 1921       2.885442407222e-11 
 1922       2.873880773608e-11 
 1923       2.862206158461e-11 
 1924       2.850422221588e-11 
 1925       2.838532638931e-11 
 1926       2.826541102588e-11 
 1927       2.814451320836e-11 
 1928       2.802267018151e-11 
 1929       2.789991935230e-11 
 1930       2.777629829011e-11 
 1931       2.765184472696e-11 
 1932       2.752659655771e-11 
 1933       2.740059184029e-11 
 1934       2.727386879589e-11 
 1935       2.714646580919e-11 
 1936       2.701842142856e-11 
 1937       2.688977436629e-11 
 1938       2.676056349880e-11 
 1939       2.663082786683e-11 
 1940       2.650060667569e-11 
 1941       2.636993929543e-11 
 1942       2.623886526110e-11 
 1943       2.610742427292e-11 
 1944       2.597565619653e-11 
 1945       2.584360106317e-11 
 1946       2.571129906992e-11 
 1947       2.557879057990e-11 
 1948       2.544611468029e-11 
 1949       2.531330484406e-11 
 1950       2.518039323610e-11 
 1951       2.504741215258e-11 
 1952       2.491439402113e-11 
 1953       2.478137140101e-11 
 1954       2.464837698327e-11 
 1955       2.451544359093e-11 
 1956       2.438260417915e-11 
 1957       2.424989183537e-11 
 1958       2.411733977951e-11 
 1959       2.398498136412e-11 
 1960       2.385285007456e-11 
 1961       2.372097952914e-11 
 1962       2.358940347932e-11 
 1963       2.345815580987e-11 
 1964       2.332727053901e-11 
 1965       2.319678181861e-11 
 1966       2.306672393437e-11 
 1967       2.293713130592e-11 
 1968       2.280803848706e-11 
 1969       2.267948016590e-11 
 1970       2.255149116501e-11 
 1971       2.242410644163e-11 
 1972       2.229736108777e-11 
 1973       2.217129033047e-11 
 1974       2.204592953188e-11 
 1975       2.192131418947e-11 
 1976       2.179747993621e-11 
 1977       2.167446254069e-11 
 1978       2.155229790735e-11 
 1979       2.143102207659e-11 
 1980       2.131067122497e-11 
 1981       2.119128166536e-11 
 1982       2.107288984714e-11 
 1983       2.095553235632e-11 
 1984       2.083924591574e-11 
 1985       2.072406738524e-11 
 1986       2.061003376180e-11 
 1987       2.049717762455e-11 
 1988       2.038551343277e-11 
 1989       2.027505112725e-11 
 1990       2.016580067641e-11 
 1991       2.005777207627e-11 
 1992       1.995097535051e-11 
 1993       1.984542055049e-11 
 1994       1.974111775529e-11 
 1995       1.963807707172e-11 
 1996       1.953630863435e-11 
 1997       1.943582260556e-11 
 1998       1.933662917556e-11 
 1999       1.923873856241e-11 
 2000       1.914216101204e-11 
 2001       1.904690679834e-11 
 2002       1.895298622308e-11 
 2003       1.886040961606e-11 
 2004       1.876918733504e-11 
 2005       1.867932976583e-11 
 2006       1.859084732231e-11 
 2007       1.850375044643e-11 
 2008       1.841804960826e-11 
 2009       1.833375530603e-11 
 2010       1.825087806614e-11 
 2011       1.816942844319e-11 
 2012       1.808941702001e-11 
 2013       1.801085440772e-11 
 2014       1.793375124570e-11 
 2015       1.785811820168e-11 
 2016       1.778396597173e-11 
 2017       1.771130528029e-11 
 2018       1.764014688023e-11 
 2019       1.757050155284e-11 
 2020       1.750238010789e-11 
 2021       1.743579338365e-11 
 2022       1.737075224689e-11 
 2023       1.730726759297e-11 
 2024       1.724535034581e-11 
 2025       1.718501145796e-11 
 2026       1.712625773231e-11 
 2027       1.706907925429e-11 
 2028       1.701346186893e-11 
 2029       1.695939135084e-11 
 2030       1.690685340410e-11 
 2031       1.685583366216e-11 
 2032       1.680631768777e-11 
 2033       1.675829097289e-11 
 2034       1.671173893855e-11 
 2035       1.666664693481e-11 
 2036       1.662300024064e-11 
 2037       1.658078406385e-11 
 2038       1.653998354094e-11 
 2039       1.650058373709e-11 
 2040       1.646256964600e-11 
 2041       1.642592618984e-11 
 2042       1.639063821912e-11 
 2043       1.635669051263e-11 
 2044       1.632406777732e-11 
 2045       1.629275464823e-11 
 2046       1.626273568838e-11 
 2047       1.623399538869e-11 
 2048       1.620651816788e-11 
 2049       1.618028837237e-11 
 2050       1.615529027621e-11 
 2051       1.613150808096e-11 
 2052       1.610892591561e-11 
 2053       1.608752783649e-11 
 2054       1.606729782718e-11 
 2055       1.604821979838e-11 
 2056       1.603027758789e-11 
 2057       1.601345496045e-11 
 2058       1.599773560767e-11 
 2059       1.598310314794e-11 
 2060       1.596954112635e-11 
 2061       1.595703301456e-11 
 2062       1.594556221075e-11 
 2063       1.593511203950e-11 
 2064       1.592566575169e-11 
 2065       1.591720526532e-11 
 2066       1.590970737824e-11 
 2067       1.590314752839e-11 
 2068       1.589750105032e-11 
 2069       1.589274317508e-11 
 2070       1.588884903009e-11 
 2071       1.588579363901e-11 
 2072       1.588355192160e-11 
 2073       1.588209869361e-11 
 2074       1.588140866666e-11 
 2075       1.588145644807e-11 
 2076       1.588221654077e-11 
 2077       1.588366334316e-11 
 2078       1.588577114897e-11 
 2079       1.588851414716e-11 
 2080       1.589186642176e-11 
 2081       1.589580195176e-11 
 2082       1.590029461098e-11 
 2083       1.590531816794e-11 
 2084       1.591084628571e-11 
 2085       1.591685252184e-11 
 2086       1.592331032816e-11 
 2087       1.593019305071e-11 
 2088       1.593747392956e-11 
 2089       1.594512609873e-11 
 2090       1.595312258604e-11 
 2091       1.596143631297e-11 
 2092       1.597004009455e-11 
 2093       1.597890663922e-11 
 2094       1.598800854872e-11 
 2095       1.599731831794e-11 
 2096       1.600680833479e-11 
 2097       1.601645088010e-11 
 2098       1.602621812747e-11 
 2099       1.603608214312e-11 
 2100       1.604601488583e-11 
 2101       1.605598820673e-11 
 2102       1.606597384923e-11 
 2103       1.607594344886e-11 
 2104       1.608587039217e-11 
 2105       1.609573540778e-11 
 2106       1.610552101395e-11 
 2107       1.611520966305e-11 
 2108       1.612478374147e-11 
 2109       1.613422556954e-11 
 2110       1.614351740145e-11 
 2111       1.615264142519e-11 
 2112       1.616157976246e-11 
 2113       1.617031446858e-11 
 2114       1.617882753243e-11 
 2115       1.618710087636e-11 
 2116       1.619511635612e-11 
 2117       1.620285576079e-11 
 2118       1.621030081267e-11 
 2119       1.621743316725e-11 
 2120       1.622423441308e-11 
 2121       1.623068607173e-11 
 2122       1.623676959769e-11 
 2123       1.624246637832e-11 
 2124       1.624775773375e-11 
 2125       1.625262491677e-11 
 2126       1.625704911284e-11 
 2127       1.626101143992e-11 
 2128       1.626449294845e-11 
 2129       1.626747462125e-11 
 2130       1.626993737344e-11 
 2131       1.627186205238e-11 
 2132       1.627322943756e-11 
 2133       1.627402024055e-11 
 2134       1.627421510493e-11 
 2135       1.627379460617e-11 
 2136       1.627273925158e-11 
 2137       1.627102948026e-11 
 2138       1.626864566294e-11 
 2139       1.626556810201e-11 
 2140       1.626177703133e-11 
 2141       1.625725261625e-11 
 2142       1.625197495348e-11 
 2143       1.624592724591e-11 
 2144       1.623910535102e-11 
 2145       1.623150829757e-11 
 2146       1.622313511659e-11 
 2147       1.621398484141e-11 
 2148       1.620405650766e-11 
 2149       1.619334915325e-11 
 2150       1.618186181843e-11 
 2151       1.616959354573e-11 
 2152       1.615654338002e-11 
 2153       1.614271036847e-11 
 2154       1.612809356060e-11 
 2155       1.611269200824e-11 
 2156       1.609650476556e-11 
 2157       1.607953088908e-11 
 2158       1.606176943766e-11 
 2159       1.604321947251e-11 
 2160       1.602388005720e-11 
 2161       1.600375025765e-11 
 2162       1.598282914215e-11 
 2163       1.596111578137e-11 
 2164       1.593860924834e-11 
 2165       1.591530861849e-11 
 2166       1.589121296961e-11 
 2167       1.586632138189e-11 
 2168       1.584063293793e-11 
 2169       1.581414672271e-11 
 2170       1.578686182362e-11 
 2171       1.575877733047e-11 
 2172       1.572989233547e-11 
 2173       1.570020593325e-11 
 2174       1.566971722088e-11 
 2175       1.563842529785e-11 
 2176       1.560632926607e-11 
 2177       1.557342822991e-11 
 2178       1.553972129619e-11 
 2179       1.550520757414e-11 
 2180       1.546988617548e-11 
 2181       1.543375621439e-11 
 2182       1.539681905109e-11 
 2183       1.535908503913e-11 
 2184       1.532056682340e-11 
 2185       1.528127710072e-11 
 2186       1.524122861985e-11 
 2187       1.520043418161e-11 
 2188       1.515890663892e-11 
 2189       1.511665889684e-11 
 2190       1.507370391266e-11 
 2191       1.503005469595e-11 
 2192       1.498572430864e-11 
 2193       1.494072586502e-11 
 2194       1.489507253190e-11 
 2195       1.484877752857e-11 
 2196       1.480185412694e-11 
 2197       1.475431565156e-11 
 2198       1.470617547969e-11 
 2199       1.465744704136e-11 
 2200       1.460814381943e-11 
 2201       1.455827934968e-11 
 2202       1.450786722082e-11 
 2203       1.445692107460e-11 
 2204       1.440545460582e-11 
 2205       1.435348156246e-11 
 2206       1.430101574567e-11 
 2207       1.424807100989e-11 
 2208       1.419466126286e-11 
 2209       1.414080046573e-11 
 2210       1.408650263309e-11 
 2211       1.403178183304e-11 
 2212       1.397665218725e-11 
 2213       1.392112787102e-11 
 2214       1.386522311336e-11 
 2215       1.380895219702e-11 
 2216       1.375232945856e-11 
 2217       1.369536928845e-11 
 2218       1.363808613108e-11 
 2219       1.358049448482e-11 
 2220       1.352260890215e-11 
 2221       1.346444409980e-11 
 2222       1.340601529006e-11 
 2223       1.334733785182e-11 
 2224       1.328842722067e-11 
 2225       1.322929888893e-11 
 2226       1.316996840577e-11 
 2227       1.311045137723e-11 
 2228       1.305076346630e-11 
 2229       1.299092039299e-11 
 2230       1.293093793438e-11 
 2231       1.287083192470e-11 
 2232       1.281061825538e-11 
 2233       1.275031287512e-11 
 2234       1.268993178996e-11 
 2235       1.262949106334e-11 
 2236       1.256900681614e-11 
 2237       1.250849522681e-11 
 2238       1.244797253135e-11 
 2239       1.238745502343e-11 
 2240       1.232695905445e-11 
 2241       1.226650103356e-11 
 2242       1.220609742781e-11 
 2243       1.214576476211e-11 
 2244       1.208551961937e-11 
 2245       1.202537864054e-11 
 2246       1.196535852466e-11 
 2247       1.190547602897e-11 
 2248       1.184574796890e-11 
 2249       1.178619121820e-11 
 2250       1.172682270898e-11 
 2251       1.166765943177e-11 
 2252       1.160871843559e-11 
 2253       1.155001682801e-11 
 2254       1.149157177522e-11 
 2255       1.143340050209e-11 
 2256       1.137552029222e-11 
 2257       1.131794848806e-11 
 2258       1.126070249088e-11 
 2259       1.120379976093e-11 
 2260       1.114725616986e-11 
 2261       1.109108104640e-11 
 2262       1.103528209874e-11 
 2263       1.097986705920e-11 
 2264       1.092484368429e-11 
 2265       1.087021975472e-11 
 2266       1.081600307541e-11 
 2267       1.076220147554e-11 
 2268       1.070882280854e-11 
 2269       1.065587495217e-11 
 2270       1.060336580850e-11 
 2271       1.055130330395e-11 
 2272       1.049969538931e-11 
 2273       1.044855003979e-11 
 2274       1.039787525501e-11 
 2275       1.034767905904e-11 
 2276       1.029796950045e-11 
 2277       1.024875465228e-11 
 2278       1.020004261212e-11 
 2279       1.015184150210e-11 
 2280       1.010415946896e-11 
 2281       1.005700468400e-11 
 2282       1.001038534318e-11 
 2283       9.964309667098e-12 
 2284       9.918785901053e-12 
 2285       9.873822315033e-12 
 2286       9.829427203764e-12 
 2287       9.785608886727e-12 
 2288       9.742375708186e-12 
 2289       9.699736037215e-12 
 2290       9.657698267719e-12 
 2291       9.616270818461e-12 
 2292       9.575462133089e-12 
 2293       9.535280680163e-12 
 2294       9.495734953174e-12 
 2295       9.456833470577e-12 
 2296       9.418584775809e-12 
 2297       9.380997437321e-12 
 2298       9.344080048600e-12 
 2299       9.307839242095e-12 
 2300       9.272273717118e-12 
 2301       9.237380173963e-12 
 2302       9.203155296531e-12 
 2303       9.169595752313e-12 
 2304       9.136698192367e-12 
 2305       9.104459251301e-12 
 2306       9.072875547254e-12 
 2307       9.041943681874e-12 
 2308       9.011660240298e-12 
 2309       8.982021791136e-12 
 2310       8.953024886447e-12 
 2311       8.924666061723e-12 
 2312       8.896941835867e-12 
 2313       8.869848711175e-12 
 2314       8.843383173313e-12 
 2315       8.817541691302e-12 
 2316       8.792320717496e-12 
 2317       8.767716687562e-12 
 2318       8.743726020461e-12 
 2319       8.720345118428e-12 
 2320       8.697570366953e-12 
 2321       8.675398134760e-12 
 2322       8.653824773790e-12 
 2323       8.632846619179e-12 
 2324       8.612459989237e-12 
 2325       8.592661185433e-12 
 2326       8.573446492372e-12 
 2327       8.554812177776e-12 
 2328       8.536754492462e-12 
 2329       8.519269670330e-12 
 2330       8.502353928332e-12 
 2331       8.486003466464e-12 
 2332       8.470214467737e-12 
 2333       8.454983098163e-12 
 2334       8.440305506733e-12 
 2335       8.426177825398e-12 
 2336       8.412596169049e-12 
 2337       8.399556635497e-12 
 2338       8.387054286956e-12 
 2339       8.375080087549e-12 
 2340       8.363623946583e-12 
 2341       8.352675735267e-12 
 2342       8.342225286665e-12 
 2343       8.332262395661e-12 
 2344       8.322776818913e-12 
 2345       8.313758274811e-12 
 2346       8.305196443435e-12 
 2347       8.297080966514e-12 
 2348       8.289401447384e-12 
 2349       8.282147450946e-12 
 2350       8.275308503622e-12 
 2351       8.268874093315e-12 
 2352       8.262833669368e-12 
 2353       8.257176642519e-12 
 2354       8.251892384862e-12 
 2355       8.246970229803e-12 
 2356       8.242399472017e-12 
 2357       8.238169367410e-12 
 2358       8.234269133074e-12 
 2359       8.230687947245e-12 
 2360       8.227414949262e-12 
 2361       8.224439239524e-12 
 2362       8.221749879450e-12 
 2363       8.219335891435e-12 
 2364       8.217186258808e-12 
 2365       8.215289925791e-12 
 2366       8.213635797457e-12 
 2367       8.212212739688e-12 
 2368       8.211009579131e-12 
 2369       8.210015103160e-12 
 2370       8.209218059830e-12 
 2371       8.208607157838e-12 
 2372       8.208171066477e-12 
 2373       8.207898415600e-12 
 2374       8.207777795572e-12 
 2375       8.207797757233e-12 
 2376       8.207946811853e-12 
 2377       8.208213834954e-12 
 2378       8.208589280589e-12 
 2379       8.209063974456e-12 
 2380       8.209628710687e-12 
 2381       8.210274251809e-12 
 2382       8.210991328712e-12 
 2383       8.211770640618e-12 
 2384       8.212602855044e-12 
 2385       8.213478607769e-12 
 2386       8.214388502804e-12 
 2387       8.215323112354e-12 
 2388       8.216272976789e-12 
 2389       8.217228604607e-12 
 2390       8.218180472402e-12 
 2391       8.219119024831e-12 
 2392       8.220034674580e-12 
 2393       8.220917802331e-12 
 2394       8.221758756728e-12 
 2395       8.222547854343e-12 
 2396       8.223275379645e-12 
 2397       8.223931584963e-12 
 2398       8.224506690458e-12 
 2399       8.224990884083e-12 
 2400       8.225374321553e-12 
 2401       8.225647126314e-12 
 2402       8.225799389503e-12 
 2403       8.225821169922e-12 
 2404       8.225702494000e-12 
 2405       8.225433355758e-12 
 2406       8.225003716783e-12 
 2407       8.224403506186e-12 
 2408       8.223622620575e-12 
 2409       8.222650924015e-12 
 2410       8.221478248004e-12 
 2411       8.220094391430e-12 
 2412       8.218489120543e-12 
 2413       8.216652168920e-12 
 2414       8.214573237433e-12 
 2415       8.212241994214e-12 
 2416       8.209649332506e-12 
 2417       8.206791152625e-12 
 2418       8.203664602852e-12 
 2419       8.200266823622e-12 
 2420       8.196594947517e-12 
 2421       8.192646099257e-12 
 2422       8.188417395695e-12 
 2423       8.183905945806e-12 
 2424       8.179108850681e-12 
 2425       8.174023203523e-12 
 2426       8.168646089631e-12 
 2427       8.162974586402e-12 
 2428       8.157005763316e-12 
 2429       8.150736681933e-12 
 2430       8.144164395882e-12 
 2431       8.137285950857e-12 
 2432       8.130098384607e-12 
 2433       8.122598726929e-12 
 2434       8.114783999660e-12 
 2435       8.106651216670e-12 
 2436       8.098197383856e-12 
 2437       8.089419499130e-12 
 2438       8.080314552416e-12 
 2439       8.070879525640e-12 
 2440       8.061111392723e-12 
 2441       8.051007119575e-12 
 2442       8.040563664083e-12 
 2443       8.029777976109e-12 
 2444       8.018646997478e-12 
 2445       8.007167661972e-12 
 2446       7.995336895326e-12 
 2447       7.983151615212e-12 
 2448       7.970608731240e-12 
 2449       7.957705144946e-12 
 2450       7.944437749784e-12 
 2451       7.930803431122e-12 
 2452       7.916799066230e-12 
 2453       7.902421524277e-12 
 2454       7.887667666319e-12 
 2455       7.872535589338e-12 
 2456       7.857028366475e-12 
 2457       7.841150329091e-12 
 2458       7.824905824761e-12 
 2459       7.808299217295e-12 
 2460       7.791334886755e-12 
 2461       7.774017229472e-12 
 2462       7.756350658061e-12 
 2463       7.738339601440e-12 
 2464       7.719988504848e-12 
 2465       7.701301829861e-12 
 2466       7.682284054408e-12 
 2467       7.662939672791e-12 
 2468       7.643273195701e-12 
 2469       7.623289150233e-12 
 2470       7.602992079908e-12 
 2471       7.582386544684e-12 
 2472       7.561477120980e-12 
 2473       7.540268401686e-12 
 2474       7.518764996186e-12 
 2475       7.496971530374e-12 
 2476       7.474892646668e-12 
 2477       7.452533004031e-12 
 2478       7.429897277985e-12 
 2479       7.406990160632e-12 
 2480       7.383816360668e-12 
 2481       7.360380603400e-12 
 2482       7.336687630765e-12 
 2483       7.312742201348e-12 
 2484       7.288549090396e-12 
 2485       7.264113089838e-12 
 2486       7.239439008301e-12 
 2487       7.214531671126e-12 
 2488       7.189395920388e-12 
 2489       7.164036614911e-12 
 2490       7.138458630286e-12 
 2491       7.112666858888e-12 
 2492       7.086666209893e-12 
 2493       7.060461609296e-12 
 2494       7.034054830477e-12 
 2495       7.007434965531e-12 
 2496       6.980587898030e-12 
 2497       6.953499467347e-12 
 2498       6.926155468613e-12 
 2499       6.898541652673e-12 
 2500       6.870643726042e-12 
