# dimensionless total [l(l+1)/2pi] C_l's
# for l=2 to 2500, i.e. number of multipoles equal to 2499
#
# -> if you prefer output in CAMB/HealPix/LensPix units/order, set 'format' to 'camb' in input file
# -> if you don't want to see such a header, set 'headers' to 'no' in input file
#
# 1:l     2:TT                 
    2       2.827216018623e-10 
    3       2.535631053986e-10 
    4       2.304145039168e-10 
    5       2.129332421128e-10 
    6       1.996623065799e-10 
    7       1.894298787663e-10 
    8       1.815144147856e-10 
    9       1.752210726103e-10 
   10       1.702006020647e-10 
   11       1.662282618795e-10 
   12       1.630894592909e-10 
   13       1.606054896030e-10 
   14       1.586885720321e-10 
   15       1.572122216965e-10 
   16       1.562117723374e-10 
   17       1.556412614183e-10 
   18       1.553504263000e-10 
   19       1.553534270406e-10 
   20       1.556221286966e-10 
   21       1.561516393194e-10 
   22       1.568904018440e-10 
   23       1.578431779746e-10 
   24       1.589916080104e-10 
   25       1.603127342332e-10 
   26       1.617615844101e-10 
   27       1.633533520440e-10 
   28       1.650978294584e-10 
   29       1.669804861794e-10 
   30       1.689992014704e-10 
   31       1.711360484395e-10 
   32       1.733587881819e-10 
   33       1.756703677381e-10 
   34       1.780741697528e-10 
   35       1.805648347125e-10 
   36       1.831466955874e-10 
   37       1.858195363492e-10 
   38       1.885722770131e-10 
   39       1.913891210551e-10 
   40       1.942732486491e-10 
   41       1.972293238917e-10 
   42       2.002563615275e-10 
   43       2.033501194736e-10 
   44       2.065125240843e-10 
   45       2.097442187192e-10 
   46       2.130414811353e-10 
   47       2.163958392696e-10 
   48       2.197976423335e-10 
   49       2.232488609658e-10 
   50       2.267532351576e-10 
   51       2.303124560453e-10 
   52       2.339259834947e-10 
   53       2.375923673403e-10 
   54       2.413140298690e-10 
   55       2.450933951933e-10 
   56       2.489313765589e-10 
   57       2.528272569753e-10 
   58       2.567785698463e-10 
   59       2.607823377068e-10 
   60       2.648393954702e-10 
   61       2.689508619839e-10 
   62       2.731167983651e-10 
   63       2.773361346687e-10 
   64       2.816065965561e-10 
   65       2.859257334157e-10 
   66       2.902944205170e-10 
   67       2.947139696562e-10 
   68       2.991850514235e-10 
   69       3.037076526808e-10 
   70       3.082810340398e-10 
   71       3.129036873403e-10 
   72       3.175740254967e-10 
   73       3.222926998293e-10 
   74       3.270606527723e-10 
   75       3.318783995545e-10 
   76       3.367460023994e-10 
   77       3.416630447229e-10 
   78       3.466286053331e-10 
   79       3.516412326286e-10 
   80       3.566994279474e-10 
   81       3.618032490442e-10 
   82       3.669529392861e-10 
   83       3.721484271162e-10 
   84       3.773893096815e-10 
   85       3.826748364601e-10 
   86       3.880038928893e-10 
   87       3.933749839926e-10 
   88       3.987862180077e-10 
   89       4.042357453026e-10 
   90       4.097231897194e-10 
   91       4.152484126418e-10 
   92       4.208110682757e-10 
   93       4.264105940980e-10 
   94       4.320462013051e-10 
   95       4.377168652606e-10 
   96       4.434213159443e-10 
   97       4.491580284005e-10 
   98       4.549252131861e-10 
   99       4.607210946074e-10 
  100       4.665448110455e-10 
  101       4.723956250032e-10 
  102       4.782726407070e-10 
  103       4.841747980442e-10 
  104       4.901008664989e-10 
  105       4.960494390894e-10 
  106       5.020189263043e-10 
  107       5.080075500400e-10 
  108       5.140133375367e-10 
  109       5.200341153153e-10 
  110       5.260677557074e-10 
  111       5.321129653109e-10 
  112       5.381685865617e-10 
  113       5.442333506214e-10 
  114       5.503058737961e-10 
  115       5.563846539561e-10 
  116       5.624680669546e-10 
  117       5.685543630473e-10 
  118       5.746416633116e-10 
  119       5.807279560654e-10 
  120       5.868110932868e-10 
  121       5.928887870329e-10 
  122       5.989586058595e-10 
  123       6.050181789299e-10 
  124       6.110658425221e-10 
  125       6.171000613913e-10 
  126       6.231192258055e-10 
  127       6.291216495988e-10 
  128       6.351055682245e-10 
  129       6.410691368087e-10 
  130       6.470104282035e-10 
  131       6.529274310399e-10 
  132       6.588180477816e-10 
  133       6.646800927779e-10 
  134       6.705112903173e-10 
  135       6.763092726804e-10 
  136       6.820715781937e-10 
  137       6.877958178293e-10 
  138       6.934801985846e-10 
  139       6.991230508229e-10 
  140       7.047226637170e-10 
  141       7.102772843719e-10 
  142       7.157851169487e-10 
  143       7.212443217867e-10 
  144       7.266530145272e-10 
  145       7.320092652364e-10 
  146       7.373110975283e-10 
  147       7.425564876878e-10 
  148       7.477433637941e-10 
  149       7.528696048434e-10 
  150       7.579330398724e-10 
  151       7.629314470806e-10 
  152       7.678625529545e-10 
  153       7.727241706885e-10 
  154       7.775146317720e-10 
  155       7.822323930279e-10 
  156       7.868759007525e-10 
  157       7.914435905484e-10 
  158       7.959338871565e-10 
  159       8.003452042888e-10 
  160       8.046759444611e-10 
  161       8.089244988252e-10 
  162       8.130892470016e-10 
  163       8.171685569118e-10 
  164       8.211607846113e-10 
  165       8.250642741215e-10 
  166       8.288773572628e-10 
  167       8.325983534866e-10 
  168       8.362255697083e-10 
  169       8.397573001394e-10 
  170       8.431918261205e-10 
  171       8.465275252631e-10 
  172       8.497632094400e-10 
  173       8.528978147872e-10 
  174       8.559302952076e-10 
  175       8.588596226495e-10 
  176       8.616847873846e-10 
  177       8.644047982871e-10 
  178       8.670186831119e-10 
  179       8.695254887731e-10 
  180       8.719242816227e-10 
  181       8.742141477287e-10 
  182       8.763941931541e-10 
  183       8.784635442352e-10 
  184       8.804213478597e-10 
  185       8.822667717461e-10 
  186       8.839990047212e-10 
  187       8.856172569993e-10 
  188       8.871207604604e-10 
  189       8.885087689290e-10 
  190       8.897805584520e-10 
  191       8.909354850304e-10 
  192       8.919731620685e-10 
  193       8.928932968008e-10 
  194       8.936956345007e-10 
  195       8.943799589460e-10 
  196       8.949460928860e-10 
  197       8.953938985079e-10 
  198       8.957232779033e-10 
  199       8.959341735344e-10 
  200       8.960265687010e-10 
  201       8.960004880066e-10 
  202       8.958559978253e-10 
  203       8.955932067677e-10 
  204       8.952122661480e-10 
  205       8.947133704503e-10 
  206       8.940967577947e-10 
  207       8.933627104047e-10 
  208       8.925115550728e-10 
  209       8.915436636274e-10 
  210       8.904594533994e-10 
  211       8.892593876884e-10 
  212       8.879439762296e-10 
  213       8.865137731498e-10 
  214       8.849693697156e-10 
  215       8.833114019968e-10 
  216       8.815405537900e-10 
  217       8.796575570779e-10 
  218       8.776631924895e-10 
  219       8.755582897600e-10 
  220       8.733437281907e-10 
  221       8.710204371089e-10 
  222       8.685893963275e-10 
  223       8.660516366054e-10 
  224       8.634082401070e-10 
  225       8.606603408623e-10 
  226       8.578091252267e-10 
  227       8.548558323407e-10 
  228       8.518017545904e-10 
  229       8.486482380667e-10 
  230       8.453966830256e-10 
  231       8.420485443480e-10 
  232       8.386053319994e-10 
  233       8.350686114903e-10 
  234       8.314400043354e-10 
  235       8.277211885143e-10 
  236       8.239138989304e-10 
  237       8.200199278719e-10 
  238       8.160410431783e-10 
  239       8.119787362915e-10 
  240       8.078344598328e-10 
  241       8.036097088078e-10 
  242       7.993060208921e-10 
  243       7.949249767179e-10 
  244       7.904682001603e-10 
  245       7.859373586236e-10 
  246       7.813341633273e-10 
  247       7.766603695929e-10 
  248       7.719177771297e-10 
  249       7.671082303212e-10 
  250       7.622336185117e-10 
  251       7.572958762922e-10 
  252       7.522969837867e-10 
  253       7.472389669390e-10 
  254       7.421238977983e-10 
  255       7.369538948059e-10 
  256       7.317311230815e-10 
  257       7.264577947091e-10 
  258       7.211361690237e-10 
  259       7.157685528977e-10 
  260       7.103573010264e-10 
  261       7.049048162154e-10 
  262       6.994135496658e-10 
  263       6.938860012614e-10 
  264       6.883247198543e-10 
  265       6.827323035516e-10 
  266       6.771112466053e-10 
  267       6.714634702833e-10 
  268       6.657907670804e-10 
  269       6.600949518483e-10 
  270       6.543778618224e-10 
  271       6.486413566486e-10 
  272       6.428873184113e-10 
  273       6.371176516595e-10 
  274       6.313342834348e-10 
  275       6.255391632977e-10 
  276       6.197342633554e-10 
  277       6.139215782884e-10 
  278       6.081031253778e-10 
  279       6.022809445325e-10 
  280       5.964570983162e-10 
  281       5.906336719745e-10 
  282       5.848127734619e-10 
  283       5.789965334693e-10 
  284       5.731871054507e-10 
  285       5.673866656503e-10 
  286       5.615974131299e-10 
  287       5.558215697959e-10 
  288       5.500613804262e-10 
  289       5.443191126977e-10 
  290       5.385970572129e-10 
  291       5.328975275275e-10 
  292       5.272228601772e-10 
  293       5.215754147048e-10 
  294       5.159575736876e-10 
  295       5.103717427641e-10 
  296       5.048203506614e-10 
  297       4.993056694559e-10 
  298       4.938292656164e-10 
  299       4.883925222734e-10 
  300       4.829968163600e-10 
  301       4.776435183951e-10 
  302       4.723339922670e-10 
  303       4.670695950166e-10 
  304       4.618516766209e-10 
  305       4.566815797762e-10 
  306       4.515606396816e-10 
  307       4.464901838225e-10 
  308       4.414715317536e-10 
  309       4.365059948825e-10 
  310       4.315948762532e-10 
  311       4.267394703293e-10 
  312       4.219410627774e-10 
  313       4.172009302502e-10 
  314       4.125203401707e-10 
  315       4.079005505144e-10 
  316       4.033428095938e-10 
  317       3.988483558410e-10 
  318       3.944184175913e-10 
  319       3.900542128668e-10 
  320       3.857569491593e-10 
  321       3.815278232143e-10 
  322       3.773680208136e-10 
  323       3.732787165594e-10 
  324       3.692610736573e-10 
  325       3.653162436997e-10 
  326       3.614453664491e-10 
  327       3.576495696217e-10 
  328       3.539299686707e-10 
  329       3.502876665695e-10 
  330       3.467237535952e-10 
  331       3.432393071120e-10 
  332       3.398352818503e-10 
  333       3.365121759001e-10 
  334       3.332703497185e-10 
  335       3.301101339845e-10 
  336       3.270318292640e-10 
  337       3.240357056741e-10 
  338       3.211220025478e-10 
  339       3.182909280980e-10 
  340       3.155426590827e-10 
  341       3.128773404691e-10 
  342       3.102950850981e-10 
  343       3.077959733492e-10 
  344       3.053800528043e-10 
  345       3.030473379130e-10 
  346       3.007978096566e-10 
  347       2.986314152129e-10 
  348       2.965480676203e-10 
  349       2.945476454428e-10 
  350       2.926299924345e-10 
  351       2.907949172034e-10 
  352       2.890421928770e-10 
  353       2.873715567658e-10 
  354       2.857827100285e-10 
  355       2.842753173363e-10 
  356       2.828490065371e-10 
  357       2.815033683208e-10 
  358       2.802379558827e-10 
  359       2.790522845892e-10 
  360       2.779458316413e-10 
  361       2.769180357398e-10 
  362       2.759682967495e-10 
  363       2.750959753638e-10 
  364       2.743003927692e-10 
  365       2.735808303097e-10 
  366       2.729365291514e-10 
  367       2.723666899473e-10 
  368       2.718704725013e-10 
  369       2.714469954331e-10 
  370       2.710953358423e-10 
  371       2.708145922483e-10 
  372       2.706040768074e-10 
  373       2.704631299535e-10 
  374       2.703910575224e-10 
  375       2.703871304708e-10 
  376       2.704505845966e-10 
  377       2.705806202577e-10 
  378       2.707764020921e-10 
  379       2.710370587370e-10 
  380       2.713616825487e-10 
  381       2.717493293219e-10 
  382       2.721990180091e-10 
  383       2.727097304406e-10 
  384       2.732804110435e-10 
  385       2.739099665615e-10 
  386       2.745972657746e-10 
  387       2.753411392182e-10 
  388       2.761403789030e-10 
  389       2.769937380342e-10 
  390       2.778999307315e-10 
  391       2.788576317482e-10 
  392       2.798654761908e-10 
  393       2.809220592386e-10 
  394       2.820259358635e-10 
  395       2.831756205490e-10 
  396       2.843695870102e-10 
  397       2.856062679128e-10 
  398       2.868840545933e-10 
  399       2.882012967781e-10 
  400       2.895563023030e-10 
  401       2.909473368330e-10 
  402       2.923726235815e-10 
  403       2.938303430301e-10 
  404       2.953186326482e-10 
  405       2.968355866121e-10 
  406       2.983792555249e-10 
  407       2.999476461360e-10 
  408       3.015387210604e-10 
  409       3.031503984985e-10 
  410       3.047807647884e-10 
  411       3.064287209295e-10 
  412       3.080933584068e-10 
  413       3.097737482978e-10 
  414       3.114689411440e-10 
  415       3.131779668213e-10 
  416       3.148998344118e-10 
  417       3.166335320744e-10 
  418       3.183780269161e-10 
  419       3.201322648632e-10 
  420       3.218951705322e-10 
  421       3.236656471009e-10 
  422       3.254425761796e-10 
  423       3.272248176820e-10 
  424       3.290112096967e-10 
  425       3.308005683579e-10 
  426       3.325916877165e-10 
  427       3.343833396115e-10 
  428       3.361742735409e-10 
  429       3.379632165327e-10 
  430       3.397488730162e-10 
  431       3.415299246928e-10 
  432       3.433050304074e-10 
  433       3.450728260196e-10 
  434       3.468319242742e-10 
  435       3.485809146728e-10 
  436       3.503183633448e-10 
  437       3.520428129185e-10 
  438       3.537527823920e-10 
  439       3.554467670046e-10 
  440       3.571232381075e-10 
  441       3.587806430353e-10 
  442       3.604174049768e-10 
  443       3.620319228464e-10 
  444       3.636225711548e-10 
  445       3.651876998805e-10 
  446       3.667256343403e-10 
  447       3.682346750613e-10 
  448       3.697130976511e-10 
  449       3.711593874992e-10 
  450       3.725729525053e-10 
  451       3.739534331684e-10 
  452       3.753004698518e-10 
  453       3.766137027947e-10 
  454       3.778927721218e-10 
  455       3.791373178545e-10 
  456       3.803469799212e-10 
  457       3.815213981679e-10 
  458       3.826602123688e-10 
  459       3.837630622369e-10 
  460       3.848295874342e-10 
  461       3.858594275829e-10 
  462       3.868522222755e-10 
  463       3.878076110855e-10 
  464       3.887252335777e-10 
  465       3.896047293194e-10 
  466       3.904457378902e-10 
  467       3.912478988933e-10 
  468       3.920108519653e-10 
  469       3.927342367874e-10 
  470       3.934176930956e-10 
  471       3.940608606914e-10 
  472       3.946633794524e-10 
  473       3.952248893427e-10 
  474       3.957450304236e-10 
  475       3.962234428641e-10 
  476       3.966597669515e-10 
  477       3.970536431020e-10 
  478       3.974047118709e-10 
  479       3.977126139639e-10 
  480       3.979769902470e-10 
  481       3.981974817572e-10 
  482       3.983737297134e-10 
  483       3.985053755265e-10 
  484       3.985920608102e-10 
  485       3.986334273916e-10 
  486       3.986291173217e-10 
  487       3.985787728859e-10 
  488       3.984821629465e-10 
  489       3.983395660906e-10 
  490       3.981513989226e-10 
  491       3.979180908385e-10 
  492       3.976400841002e-10 
  493       3.973178339095e-10 
  494       3.969518084820e-10 
  495       3.965424891217e-10 
  496       3.960903702945e-10 
  497       3.955959597027e-10 
  498       3.950597783590e-10 
  499       3.944823606603e-10 
  500       3.938642544623e-10 
  501       3.932060211532e-10 
  502       3.925082357279e-10 
  503       3.917714868621e-10 
  504       3.909963769864e-10 
  505       3.901835223604e-10 
  506       3.893335531468e-10 
  507       3.884471134853e-10 
  508       3.875248615671e-10 
  509       3.865674697085e-10 
  510       3.855756244252e-10 
  511       3.845500265068e-10 
  512       3.834913910900e-10 
  513       3.824004477336e-10 
  514       3.812779404918e-10 
  515       3.801246279892e-10 
  516       3.789412834938e-10 
  517       3.777286949919e-10 
  518       3.764876652622e-10 
  519       3.752190119491e-10 
  520       3.739235676378e-10 
  521       3.726021799276e-10 
  522       3.712557115064e-10 
  523       3.698850402248e-10 
  524       3.684910591700e-10 
  525       3.670746767398e-10 
  526       3.656368167172e-10 
  527       3.641783850363e-10 
  528       3.627001689227e-10 
  529       3.612029351143e-10 
  530       3.596874629763e-10 
  531       3.581545445611e-10 
  532       3.566049846678e-10 
  533       3.550396009022e-10 
  534       3.534592237365e-10 
  535       3.518646965687e-10 
  536       3.502568757827e-10 
  537       3.486366308078e-10 
  538       3.470048441786e-10 
  539       3.453624115945e-10 
  540       3.437102419797e-10 
  541       3.420492575427e-10 
  542       3.403803938361e-10 
  543       3.387045998164e-10 
  544       3.370228379035e-10 
  545       3.353360840407e-10 
  546       3.336453277543e-10 
  547       3.319515722134e-10 
  548       3.302558342894e-10 
  549       3.285591446160e-10 
  550       3.268625476488e-10 
  551       3.251671017250e-10 
  552       3.234738791231e-10 
  553       3.217839661228e-10 
  554       3.200984630646e-10 
  555       3.184184844094e-10 
  556       3.167451587986e-10 
  557       3.150796291133e-10 
  558       3.134230525347e-10 
  559       3.117766006029e-10 
  560       3.101414592777e-10 
  561       3.085188289975e-10 
  562       3.069099247393e-10 
  563       3.053159760786e-10 
  564       3.037382272488e-10 
  565       3.021779372012e-10 
  566       3.006362426803e-10 
  567       2.991137434586e-10 
  568       2.976109065493e-10 
  569       2.961282022334e-10 
  570       2.946661040685e-10 
  571       2.932250888972e-10 
  572       2.918056368553e-10 
  573       2.904082313809e-10 
  574       2.890333592223e-10 
  575       2.876815104469e-10 
  576       2.863531784494e-10 
  577       2.850488599608e-10 
  578       2.837690550562e-10 
  579       2.825142671640e-10 
  580       2.812850030739e-10 
  581       2.800817729457e-10 
  582       2.789050903176e-10 
  583       2.777554721148e-10 
  584       2.766334386581e-10 
  585       2.755395136722e-10 
  586       2.744742242944e-10 
  587       2.734381010830e-10 
  588       2.724316780257e-10 
  589       2.714554925485e-10 
  590       2.705100855236e-10 
  591       2.695960012784e-10 
  592       2.687137876038e-10 
  593       2.678639957627e-10 
  594       2.670471804988e-10 
  595       2.662639000445e-10 
  596       2.655147161298e-10 
  597       2.648001939910e-10 
  598       2.641209023787e-10 
  599       2.634774135667e-10 
  600       2.628703033604e-10 
  601       2.623001511050e-10 
  602       2.617675396947e-10 
  603       2.612730555805e-10 
  604       2.608172887789e-10 
  605       2.604007044555e-10 
  606       2.600232542605e-10 
  607       2.596847556514e-10 
  608       2.593850194369e-10 
  609       2.591238497441e-10 
  610       2.589010439846e-10 
  611       2.587163928209e-10 
  612       2.585696801332e-10 
  613       2.584606829856e-10 
  614       2.583891715927e-10 
  615       2.583549092859e-10 
  616       2.583576524802e-10 
  617       2.583971506403e-10 
  618       2.584731462472e-10 
  619       2.585853747649e-10 
  620       2.587335646064e-10 
  621       2.589174371006e-10 
  622       2.591367064587e-10 
  623       2.593910797404e-10 
  624       2.596802568206e-10 
  625       2.600039303559e-10 
  626       2.603617857509e-10 
  627       2.607535011247e-10 
  628       2.611787472776e-10 
  629       2.616371876573e-10 
  630       2.621284783254e-10 
  631       2.626522679241e-10 
  632       2.632081976424e-10 
  633       2.637959011827e-10 
  634       2.644150047271e-10 
  635       2.650651269043e-10 
  636       2.657458787557e-10 
  637       2.664568637016e-10 
  638       2.671976775086e-10 
  639       2.679679082551e-10 
  640       2.687671362982e-10 
  641       2.695949342403e-10 
  642       2.704508668953e-10 
  643       2.713344912551e-10 
  644       2.722453269329e-10 
  645       2.731827668253e-10 
  646       2.741461643621e-10 
  647       2.751348628049e-10 
  648       2.761481952042e-10 
  649       2.771854843583e-10 
  650       2.782460427706e-10 
  651       2.793291726079e-10 
  652       2.804341656582e-10 
  653       2.815603032885e-10 
  654       2.827068564031e-10 
  655       2.838730854012e-10 
  656       2.850582401349e-10 
  657       2.862615598673e-10 
  658       2.874822732305e-10 
  659       2.887195981831e-10 
  660       2.899727419687e-10 
  661       2.912409010732e-10 
  662       2.925232611836e-10 
  663       2.938189971451e-10 
  664       2.951272729196e-10 
  665       2.964472415431e-10 
  666       2.977780450844e-10 
  667       2.991188146024e-10 
  668       3.004686701043e-10 
  669       3.018267205033e-10 
  670       3.031920635771e-10 
  671       3.045637859252e-10 
  672       3.059409629272e-10 
  673       3.073226587007e-10 
  674       3.087079260592e-10 
  675       3.100958064698e-10 
  676       3.114853300118e-10 
  677       3.128755153340e-10 
  678       3.142653696126e-10 
  679       3.156538885100e-10 
  680       3.170400561315e-10 
  681       3.184228449844e-10 
  682       3.198012159351e-10 
  683       3.211741975177e-10 
  684       3.225411258005e-10 
  685       3.239014095567e-10 
  686       3.252544513553e-10 
  687       3.265996475403e-10 
  688       3.279363882084e-10 
  689       3.292640571878e-10 
  690       3.305820320160e-10 
  691       3.318896839186e-10 
  692       3.331863777875e-10 
  693       3.344714721591e-10 
  694       3.357443191925e-10 
  695       3.370042646483e-10 
  696       3.382506478665e-10 
  697       3.394828017448e-10 
  698       3.407000527173e-10 
  699       3.419017207325e-10 
  700       3.430871192319e-10 
  701       3.442555551277e-10 
  702       3.454063287820e-10 
  703       3.465387339846e-10 
  704       3.476520579312e-10 
  705       3.487455812022e-10 
  706       3.498185777405e-10 
  707       3.508703148304e-10 
  708       3.519000530752e-10 
  709       3.529070463764e-10 
  710       3.538905419110e-10 
  711       3.548497801109e-10 
  712       3.557839946404e-10 
  713       3.566924123748e-10 
  714       3.575742533789e-10 
  715       3.584287308850e-10 
  716       3.592550512715e-10 
  717       3.600524140410e-10 
  718       3.608200117990e-10 
  719       3.615570302315e-10 
  720       3.622626480841e-10 
  721       3.629360371401e-10 
  722       3.635764844268e-10 
  723       3.641837615887e-10 
  724       3.647577629326e-10 
  725       3.652983838818e-10 
  726       3.658055209818e-10 
  727       3.662790719077e-10 
  728       3.667189354697e-10 
  729       3.671250116199e-10 
  730       3.674972014590e-10 
  731       3.678354072422e-10 
  732       3.681395323860e-10 
  733       3.684094814744e-10 
  734       3.686451602654e-10 
  735       3.688464756976e-10 
  736       3.690133358963e-10 
  737       3.691456501800e-10 
  738       3.692433290672e-10 
  739       3.693062842821e-10 
  740       3.693344287618e-10 
  741       3.693276766621e-10 
  742       3.692859433643e-10 
  743       3.692091454815e-10 
  744       3.690972008651e-10 
  745       3.689500286108e-10 
  746       3.687675490658e-10 
  747       3.685496838345e-10 
  748       3.682963557854e-10 
  749       3.680074890570e-10 
  750       3.676830090648e-10 
  751       3.673228425076e-10 
  752       3.669269173734e-10 
  753       3.664951629465e-10 
  754       3.660275098136e-10 
  755       3.655238898701e-10 
  756       3.649842363267e-10 
  757       3.644084837160e-10 
  758       3.637965678985e-10 
  759       3.631484260694e-10 
  760       3.624639967645e-10 
  761       3.617432980636e-10 
  762       3.609866638284e-10 
  763       3.601945120055e-10 
  764       3.593672668631e-10 
  765       3.585053590135e-10 
  766       3.576092254355e-10 
  767       3.566793094975e-10 
  768       3.557160609796e-10 
  769       3.547199360966e-10 
  770       3.536913975201e-10 
  771       3.526309144019e-10 
  772       3.515389623957e-10 
  773       3.504160236804e-10 
  774       3.492625869823e-10 
  775       3.480791475979e-10 
  776       3.468662074163e-10 
  777       3.456242749421e-10 
  778       3.443538653178e-10 
  779       3.430555003465e-10 
  780       3.417297085143e-10 
  781       3.403770250131e-10 
  782       3.389979917633e-10 
  783       3.375931574360e-10 
  784       3.361630774762e-10 
  785       3.347083141247e-10 
  786       3.332294364413e-10 
  787       3.317270203271e-10 
  788       3.302016485472e-10 
  789       3.286539107532e-10 
  790       3.270844035060e-10 
  791       3.254937302981e-10 
  792       3.238825015765e-10 
  793       3.222513347652e-10 
  794       3.206008542878e-10 
  795       3.189316915899e-10 
  796       3.172444851622e-10 
  797       3.155398805626e-10 
  798       3.138185304390e-10 
  799       3.120810945519e-10 
  800       3.103282273981e-10 
  801       3.085605407885e-10 
  802       3.067786406324e-10 
  803       3.049831392948e-10 
  804       3.031746556170e-10 
  805       3.013538149366e-10 
  806       2.995212491079e-10 
  807       2.976775965222e-10 
  808       2.958235021278e-10 
  809       2.939596174508e-10 
  810       2.920866006148e-10 
  811       2.902051163619e-10 
  812       2.883158360720e-10 
  813       2.864194377841e-10 
  814       2.845166062158e-10 
  815       2.826080327841e-10 
  816       2.806944156255e-10 
  817       2.787764596159e-10 
  818       2.768548763918e-10 
  819       2.749303843695e-10 
  820       2.730037087661e-10 
  821       2.710755816198e-10 
  822       2.691467418095e-10 
  823       2.672179350760e-10 
  824       2.652899140415e-10 
  825       2.633634382303e-10 
  826       2.614392740892e-10 
  827       2.595181950072e-10 
  828       2.576009813363e-10 
  829       2.556884204117e-10 
  830       2.537813065720e-10 
  831       2.518804411794e-10 
  832       2.499866326401e-10 
  833       2.481006964246e-10 
  834       2.462234550878e-10 
  835       2.443557382897e-10 
  836       2.424983828150e-10 
  837       2.406522325940e-10 
  838       2.388181387227e-10 
  839       2.369968759738e-10 
  840       2.351888906971e-10 
  841       2.333945485736e-10 
  842       2.316142177339e-10 
  843       2.298482687636e-10 
  844       2.280970747099e-10 
  845       2.263610110872e-10 
  846       2.246404558834e-10 
  847       2.229357895662e-10 
  848       2.212473950885e-10 
  849       2.195756578951e-10 
  850       2.179209659287e-10 
  851       2.162837096353e-10 
  852       2.146642819713e-10 
  853       2.130630784085e-10 
  854       2.114804969411e-10 
  855       2.099169380911e-10 
  856       2.083728049146e-10 
  857       2.068485030079e-10 
  858       2.053444405136e-10 
  859       2.038610281264e-10 
  860       2.023986790995e-10 
  861       2.009578092505e-10 
  862       1.995388369673e-10 
  863       1.981421832146e-10 
  864       1.967682715393e-10 
  865       1.954175280774e-10 
  866       1.940903815593e-10 
  867       1.927872633163e-10 
  868       1.915086072865e-10 
  869       1.902548500208e-10 
  870       1.890264306893e-10 
  871       1.878237910870e-10 
  872       1.866473756398e-10 
  873       1.854976314111e-10 
  874       1.843750081072e-10 
  875       1.832799580838e-10 
  876       1.822129363520e-10 
  877       1.811744005841e-10 
  878       1.801647205909e-10 
  879       1.791839050910e-10 
  880       1.782318704104e-10 
  881       1.773085305917e-10 
  882       1.764137973863e-10 
  883       1.755475802464e-10 
  884       1.747097863168e-10 
  885       1.739003204270e-10 
  886       1.731190850831e-10 
  887       1.723659804599e-10 
  888       1.716409043930e-10 
  889       1.709437523703e-10 
  890       1.702744175245e-10 
  891       1.696327906249e-10 
  892       1.690187600694e-10 
  893       1.684322118762e-10 
  894       1.678730296764e-10 
  895       1.673410947054e-10 
  896       1.668362857953e-10 
  897       1.663584793665e-10 
  898       1.659075494201e-10 
  899       1.654833675294e-10 
  900       1.650858028325e-10 
  901       1.647147220236e-10 
  902       1.643699893457e-10 
  903       1.640514665819e-10 
  904       1.637590130478e-10 
  905       1.634924855834e-10 
  906       1.632517385452e-10 
  907       1.630366237979e-10 
  908       1.628469907066e-10 
  909       1.626826861286e-10 
  910       1.625435544058e-10 
  911       1.624294373561e-10 
  912       1.623401742658e-10 
  913       1.622756018817e-10 
  914       1.622355544024e-10 
  915       1.622198634712e-10 
  916       1.622283581673e-10 
  917       1.622608269302e-10 
  918       1.623169026830e-10 
  919       1.623961758642e-10 
  920       1.624982323158e-10 
  921       1.626226532705e-10 
  922       1.627690153380e-10 
  923       1.629368904917e-10 
  924       1.631258460549e-10 
  925       1.633354446878e-10 
  926       1.635652443738e-10 
  927       1.638147984062e-10 
  928       1.640836553745e-10 
  929       1.643713591515e-10 
  930       1.646774488791e-10 
  931       1.650014589554e-10 
  932       1.653429190214e-10 
  933       1.657013539468e-10 
  934       1.660762838174e-10 
  935       1.664672239212e-10 
  936       1.668736847350e-10 
  937       1.672951719111e-10 
  938       1.677311862637e-10 
  939       1.681812237555e-10 
  940       1.686447754845e-10 
  941       1.691213276700e-10 
  942       1.696103616399e-10 
  943       1.701113538167e-10 
  944       1.706237757041e-10 
  945       1.711470938738e-10 
  946       1.716807699521e-10 
  947       1.722242606059e-10 
  948       1.727770175302e-10 
  949       1.733384874336e-10 
  950       1.739081120258e-10 
  951       1.744853280034e-10 
  952       1.750695670371e-10 
  953       1.756602557578e-10 
  954       1.762568157432e-10 
  955       1.768586635047e-10 
  956       1.774652415958e-10 
  957       1.780761124863e-10 
  958       1.786908660955e-10 
  959       1.793090887907e-10 
  960       1.799303633780e-10 
  961       1.805542690929e-10 
  962       1.811803815905e-10 
  963       1.818082729370e-10 
  964       1.824375115995e-10 
  965       1.830676624371e-10 
  966       1.836982866915e-10 
  967       1.843289419774e-10 
  968       1.849591822735e-10 
  969       1.855885579129e-10 
  970       1.862166155738e-10 
  971       1.868428982700e-10 
  972       1.874669453419e-10 
  973       1.880882924467e-10 
  974       1.887064715495e-10 
  975       1.893210109134e-10 
  976       1.899314350908e-10 
  977       1.905372649134e-10 
  978       1.911380174833e-10 
  979       1.917332061633e-10 
  980       1.923223405678e-10 
  981       1.929049265533e-10 
  982       1.934804662092e-10 
  983       1.940484578483e-10 
  984       1.946083959973e-10 
  985       1.951597713878e-10 
  986       1.957020709466e-10 
  987       1.962347777868e-10 
  988       1.967573711976e-10 
  989       1.972693266361e-10 
  990       1.977701157168e-10 
  991       1.982592062029e-10 
  992       1.987360619971e-10 
  993       1.992001431315e-10 
  994       1.996509057589e-10 
  995       2.000878714450e-10 
  996       2.005108361791e-10 
  997       2.009196644128e-10 
  998       2.013142200360e-10 
  999       2.016943663754e-10 
 1000       2.020599661940e-10 
 1001       2.024108816896e-10 
 1002       2.027469744944e-10 
 1003       2.030681056735e-10 
 1004       2.033741357245e-10 
 1005       2.036649245759e-10 
 1006       2.039403315866e-10 
 1007       2.042002155449e-10 
 1008       2.044444346672e-10 
 1009       2.046728465974e-10 
 1010       2.048853084057e-10 
 1011       2.050816765879e-10 
 1012       2.052618070639e-10 
 1013       2.054255551775e-10 
 1014       2.055727756946e-10 
 1015       2.057033228030e-10 
 1016       2.058170501109e-10 
 1017       2.059138106461e-10 
 1018       2.059934568551e-10 
 1019       2.060558406021e-10 
 1020       2.061008131680e-10 
 1021       2.061282252494e-10 
 1022       2.061379269577e-10 
 1023       2.061297678180e-10 
 1024       2.061035967684e-10 
 1025       2.060592621589e-10 
 1026       2.059966117503e-10 
 1027       2.059154927132e-10 
 1028       2.058157516275e-10 
 1029       2.056972344808e-10 
 1030       2.055597866679e-10 
 1031       2.054032529897e-10 
 1032       2.052274776521e-10 
 1033       2.050323042651e-10 
 1034       2.048176327187e-10 
 1035       2.045835906921e-10 
 1036       2.043303645657e-10 
 1037       2.040581427694e-10 
 1038       2.037671157877e-10 
 1039       2.034574761660e-10 
 1040       2.031294185149e-10 
 1041       2.027831395164e-10 
 1042       2.024188379292e-10 
 1043       2.020367145935e-10 
 1044       2.016369724373e-10 
 1045       2.012198164813e-10 
 1046       2.007854538443e-10 
 1047       2.003340937486e-10 
 1048       1.998659475258e-10 
 1049       1.993812286218e-10 
 1050       1.988801526022e-10 
 1051       1.983629371580e-10 
 1052       1.978298021109e-10 
 1053       1.972809694184e-10 
 1054       1.967166631798e-10 
 1055       1.961371096412e-10 
 1056       1.955425372007e-10 
 1057       1.949331764146e-10 
 1058       1.943092600018e-10 
 1059       1.936710228502e-10 
 1060       1.930187020213e-10 
 1061       1.923525367562e-10 
 1062       1.916727684804e-10 
 1063       1.909796408099e-10 
 1064       1.902733995562e-10 
 1065       1.895542927318e-10 
 1066       1.888225705553e-10 
 1067       1.880784854576e-10 
 1068       1.873222920865e-10 
 1069       1.865542473124e-10 
 1070       1.857746102339e-10 
 1071       1.849836421829e-10 
 1072       1.841816067304e-10 
 1073       1.833687796826e-10 
 1074       1.825454792097e-10 
 1075       1.817120361381e-10 
 1076       1.808687840033e-10 
 1077       1.800160590562e-10 
 1078       1.791542002694e-10 
 1079       1.782835493438e-10 
 1080       1.774044507150e-10 
 1081       1.765172515598e-10 
 1082       1.756223018025e-10 
 1083       1.747199541215e-10 
 1084       1.738105639558e-10 
 1085       1.728944895113e-10 
 1086       1.719720917674e-10 
 1087       1.710437344831e-10 
 1088       1.701097842039e-10 
 1089       1.691706102682e-10 
 1090       1.682265848133e-10 
 1091       1.672780827824e-10 
 1092       1.663254819307e-10 
 1093       1.653691628321e-10 
 1094       1.644095088853e-10 
 1095       1.634469063206e-10 
 1096       1.624817442063e-10 
 1097       1.615144144548e-10 
 1098       1.605453118296e-10 
 1099       1.595748339514e-10 
 1100       1.586033813044e-10 
 1101       1.576313572432e-10 
 1102       1.566591679990e-10 
 1103       1.556872226860e-10 
 1104       1.547159333079e-10 
 1105       1.537457147644e-10 
 1106       1.527769848577e-10 
 1107       1.518101642988e-10 
 1108       1.508456767141e-10 
 1109       1.498839486515e-10 
 1110       1.489254095874e-10 
 1111       1.479704919328e-10 
 1112       1.470195959998e-10 
 1113       1.460729843837e-10 
 1114       1.451308862056e-10 
 1115       1.441935320301e-10 
 1116       1.432611538679e-10 
 1117       1.423339851788e-10 
 1118       1.414122608754e-10 
 1119       1.404962173253e-10 
 1120       1.395860923548e-10 
 1121       1.386821252516e-10 
 1122       1.377845567681e-10 
 1123       1.368936291242e-10 
 1124       1.360095860105e-10 
 1125       1.351326725914e-10 
 1126       1.342631355079e-10 
 1127       1.334012228811e-10 
 1128       1.325471843148e-10 
 1129       1.317012708988e-10 
 1130       1.308637352119e-10 
 1131       1.300348313249e-10 
 1132       1.292148148038e-10 
 1133       1.284039427126e-10 
 1134       1.276024736167e-10 
 1135       1.268106675856e-10 
 1136       1.260287861962e-10 
 1137       1.252570925357e-10 
 1138       1.244958512047e-10 
 1139       1.237453283205e-10 
 1140       1.230057915196e-10 
 1141       1.222775099614e-10 
 1142       1.215607543305e-10 
 1143       1.208557968407e-10 
 1144       1.201629112372e-10 
 1145       1.194823728000e-10 
 1146       1.188144583472e-10 
 1147       1.181594462374e-10 
 1148       1.175176163735e-10 
 1149       1.168892502053e-10 
 1150       1.162746307325e-10 
 1151       1.156739932445e-10 
 1152       1.150873768470e-10 
 1153       1.145147710561e-10 
 1154       1.139561648894e-10 
 1155       1.134115468648e-10 
 1156       1.128809049990e-10 
 1157       1.123642268059e-10 
 1158       1.118614992956e-10 
 1159       1.113727089724e-10 
 1160       1.108978418342e-10 
 1161       1.104368833704e-10 
 1162       1.099898185607e-10 
 1163       1.095566318740e-10 
 1164       1.091373072664e-10 
 1165       1.087318281803e-10 
 1166       1.083401775429e-10 
 1167       1.079623377646e-10 
 1168       1.075982907379e-10 
 1169       1.072480178354e-10 
 1170       1.069114999093e-10 
 1171       1.065887172891e-10 
 1172       1.062796497808e-10 
 1173       1.059842766654e-10 
 1174       1.057025766971e-10 
 1175       1.054345281023e-10 
 1176       1.051801085781e-10 
 1177       1.049392952908e-10 
 1178       1.047120648748e-10 
 1179       1.044983934305e-10 
 1180       1.042982565238e-10 
 1181       1.041116291841e-10 
 1182       1.039384859028e-10 
 1183       1.037788006325e-10 
 1184       1.036325467849e-10 
 1185       1.034996972301e-10 
 1186       1.033802242945e-10 
 1187       1.032740997598e-10 
 1188       1.031812948616e-10 
 1189       1.031017802877e-10 
 1190       1.030354973615e-10 
 1191       1.029822712059e-10 
 1192       1.029418965099e-10 
 1193       1.029141662433e-10 
 1194       1.028988716533e-10 
 1195       1.028958022606e-10 
 1196       1.029047458551e-10 
 1197       1.029254884927e-10 
 1198       1.029578144908e-10 
 1199       1.030015064251e-10 
 1200       1.030563451251e-10 
 1201       1.031221096710e-10 
 1202       1.031985773890e-10 
 1203       1.032855238484e-10 
 1204       1.033827228567e-10 
 1205       1.034899464568e-10 
 1206       1.036069649225e-10 
 1207       1.037335467546e-10 
 1208       1.038694586777e-10 
 1209       1.040144656355e-10 
 1210       1.041683307877e-10 
 1211       1.043308155058e-10 
 1212       1.045016793690e-10 
 1213       1.046806801611e-10 
 1214       1.048675738660e-10 
 1215       1.050621146638e-10 
 1216       1.052640549278e-10 
 1217       1.054731452195e-10 
 1218       1.056891342856e-10 
 1219       1.059117690540e-10 
 1220       1.061407946295e-10 
 1221       1.063759542906e-10 
 1222       1.066169894851e-10 
 1223       1.068636398267e-10 
 1224       1.071156430909e-10 
 1225       1.073727352112e-10 
 1226       1.076346502751e-10 
 1227       1.079011205208e-10 
 1228       1.081718763325e-10 
 1229       1.084466532714e-10 
 1230       1.087252132643e-10 
 1231       1.090073236592e-10 
 1232       1.092927502104e-10 
 1233       1.095812570758e-10 
 1234       1.098726068131e-10 
 1235       1.101665603768e-10 
 1236       1.104628771150e-10 
 1237       1.107613147656e-10 
 1238       1.110616294538e-10 
 1239       1.113635756881e-10 
 1240       1.116669063574e-10 
 1241       1.119713727276e-10 
 1242       1.122767244382e-10 
 1243       1.125827094995e-10 
 1244       1.128890742885e-10 
 1245       1.131955635464e-10 
 1246       1.135019203748e-10 
 1247       1.138078862327e-10 
 1248       1.141132009330e-10 
 1249       1.144176026394e-10 
 1250       1.147208278630e-10 
 1251       1.150226114591e-10 
 1252       1.153226866237e-10 
 1253       1.156207848906e-10 
 1254       1.159166361277e-10 
 1255       1.162099685341e-10 
 1256       1.165005086362e-10 
 1257       1.167879812854e-10 
 1258       1.170721096538e-10 
 1259       1.173526152315e-10 
 1260       1.176292178231e-10 
 1261       1.179016355447e-10 
 1262       1.181695848201e-10 
 1263       1.184327803780e-10 
 1264       1.186909352483e-10 
 1265       1.189437607594e-10 
 1266       1.191909665342e-10 
 1267       1.194322604872e-10 
 1268       1.196673811910e-10 
 1269       1.198961953892e-10 
 1270       1.201186016012e-10 
 1271       1.203344978536e-10 
 1272       1.205437816791e-10 
 1273       1.207463501157e-10 
 1274       1.209420997062e-10 
 1275       1.211309264969e-10 
 1276       1.213127260368e-10 
 1277       1.214873933769e-10 
 1278       1.216548230692e-10 
 1279       1.218149091658e-10 
 1280       1.219675452181e-10 
 1281       1.221126242760e-10 
 1282       1.222500388868e-10 
 1283       1.223796810945e-10 
 1284       1.225014424390e-10 
 1285       1.226152139550e-10 
 1286       1.227208861713e-10 
 1287       1.228183491097e-10 
 1288       1.229074922846e-10 
 1289       1.229882047016e-10 
 1290       1.230603748569e-10 
 1291       1.231238907364e-10 
 1292       1.231786398148e-10 
 1293       1.232245090547e-10 
 1294       1.232613849059e-10 
 1295       1.232891533041e-10 
 1296       1.233076996707e-10 
 1297       1.233169089112e-10 
 1298       1.233166654149e-10 
 1299       1.233068530536e-10 
 1300       1.232873551812e-10 
 1301       1.232580546322e-10 
 1302       1.232188337215e-10 
 1303       1.231695742429e-10 
 1304       1.231101574689e-10 
 1305       1.230404641492e-10 
 1306       1.229603745101e-10 
 1307       1.228698007054e-10 
 1308       1.227687845674e-10 
 1309       1.226574009478e-10 
 1310       1.225357253661e-10 
 1311       1.224038340116e-10 
 1312       1.222618037443e-10 
 1313       1.221097120964e-10 
 1314       1.219476372740e-10 
 1315       1.217756581583e-10 
 1316       1.215938543069e-10 
 1317       1.214023059554e-10 
 1318       1.212010940187e-10 
 1319       1.209903000923e-10 
 1320       1.207700064542e-10 
 1321       1.205402960655e-10 
 1322       1.203012525725e-10 
 1323       1.200529603079e-10 
 1324       1.197955042920e-10 
 1325       1.195289702342e-10 
 1326       1.192534445347e-10 
 1327       1.189690142856e-10 
 1328       1.186757672722e-10 
 1329       1.183737919748e-10 
 1330       1.180631775697e-10 
 1331       1.177440139310e-10 
 1332       1.174163916316e-10 
 1333       1.170804019450e-10 
 1334       1.167361368463e-10 
 1335       1.163836890139e-10 
 1336       1.160231518308e-10 
 1337       1.156546193862e-10 
 1338       1.152781864763e-10 
 1339       1.148939486067e-10 
 1340       1.145020019928e-10 
 1341       1.141024435618e-10 
 1342       1.136953709539e-10 
 1343       1.132808825239e-10 
 1344       1.128590773422e-10 
 1345       1.124300551967e-10 
 1346       1.119939283739e-10 
 1347       1.115508571407e-10 
 1348       1.111010146509e-10 
 1349       1.106445752025e-10 
 1350       1.101817142396e-10 
 1351       1.097126083548e-10 
 1352       1.092374352914e-10 
 1353       1.087563739453e-10 
 1354       1.082696043675e-10 
 1355       1.077773077663e-10 
 1356       1.072796665093e-10 
 1357       1.067768641254e-10 
 1358       1.062690853076e-10 
 1359       1.057565159146e-10 
 1360       1.052393429732e-10 
 1361       1.047177546806e-10 
 1362       1.041919404064e-10 
 1363       1.036620906948e-10 
 1364       1.031283972670e-10 
 1365       1.025910530229e-10 
 1366       1.020502520441e-10 
 1367       1.015061895951e-10 
 1368       1.009590621263e-10 
 1369       1.004090672758e-10 
 1370       9.985640387157e-11 
 1371       9.930127193374e-11 
 1372       9.874387267680e-11 
 1373       9.818440851169e-11 
 1374       9.762308304810e-11 
 1375       9.706010109653e-11 
 1376       9.649566867057e-11 
 1377       9.592999298906e-11 
 1378       9.536328247824e-11 
 1379       9.479574677399e-11 
 1380       9.422759672395e-11 
 1381       9.365904438979e-11 
 1382       9.309030304931e-11 
 1383       9.252158719866e-11 
 1384       9.195311255455e-11 
 1385       9.138508331350e-11 
 1386       9.081765377806e-11 
 1387       9.025096632982e-11 
 1388       8.968516413686e-11 
 1389       8.912039115521e-11 
 1390       8.855679213018e-11 
 1391       8.799451259779e-11 
 1392       8.743369888613e-11 
 1393       8.687449811677e-11 
 1394       8.631705820613e-11 
 1395       8.576152786687e-11 
 1396       8.520805660931e-11 
 1397       8.465679474276e-11 
 1398       8.410789337697e-11 
 1399       8.356150442346e-11 
 1400       8.301778059697e-11 
 1401       8.247687541679e-11 
 1402       8.193894320819e-11 
 1403       8.140413910378e-11 
 1404       8.087261904492e-11 
 1405       8.034453978309e-11 
 1406       7.982005888129e-11 
 1407       7.929933471543e-11 
 1408       7.878252647571e-11 
 1409       7.826979416801e-11 
 1410       7.776129861528e-11 
 1411       7.725720145893e-11 
 1412       7.675766516022e-11 
 1413       7.626285300162e-11 
 1414       7.577292908827e-11 
 1415       7.528805834928e-11 
 1416       7.480840653917e-11 
 1417       7.433414023925e-11 
 1418       7.386542685902e-11 
 1419       7.340243463751e-11 
 1420       7.294533264473e-11 
 1421       7.249429078302e-11 
 1422       7.204947978846e-11 
 1423       7.161107123222e-11 
 1424       7.117921286966e-11 
 1425       7.075395440757e-11 
 1426       7.033532097731e-11 
 1427       6.992333771789e-11 
 1428       6.951802977587e-11 
 1429       6.911942230537e-11 
 1430       6.872754046792e-11 
 1431       6.834240943241e-11 
 1432       6.796405437507e-11 
 1433       6.759250047933e-11 
 1434       6.722777293580e-11 
 1435       6.686989694218e-11 
 1436       6.651889770319e-11 
 1437       6.617480043051e-11 
 1438       6.583763034270e-11 
 1439       6.550741266515e-11 
 1440       6.518417262996e-11 
 1441       6.486793547594e-11 
 1442       6.455872644850e-11 
 1443       6.425657079957e-11 
 1444       6.396149378757e-11 
 1445       6.367352067729e-11 
 1446       6.339267673987e-11 
 1447       6.311898725271e-11 
 1448       6.285247749937e-11 
 1449       6.259317276956e-11 
 1450       6.234109835903e-11 
 1451       6.209627956950e-11 
 1452       6.185874170861e-11 
 1453       6.162851008984e-11 
 1454       6.140561003242e-11 
 1455       6.119006686132e-11 
 1456       6.098190590712e-11 
 1457       6.078115250594e-11 
 1458       6.058783199944e-11 
 1459       6.040196973466e-11 
 1460       6.022359106401e-11 
 1461       6.005272134519e-11 
 1462       5.988938594111e-11 
 1463       5.973359161096e-11 
 1464       5.958527048010e-11 
 1465       5.944433550991e-11 
 1466       5.931069905469e-11 
 1467       5.918427286058e-11 
 1468       5.906496806442e-11 
 1469       5.895269519263e-11 
 1470       5.884736416013e-11 
 1471       5.874888426922e-11 
 1472       5.865716420843e-11 
 1473       5.857211205146e-11 
 1474       5.849363525603e-11 
 1475       5.842164066281e-11 
 1476       5.835603449424e-11 
 1477       5.829672235349e-11 
 1478       5.824360922329e-11 
 1479       5.819659946488e-11 
 1480       5.815559681682e-11 
 1481       5.812050439394e-11 
 1482       5.809122468621e-11 
 1483       5.806765955762e-11 
 1484       5.804971024506e-11 
 1485       5.803727735725e-11 
 1486       5.803026087356e-11 
 1487       5.802856014297e-11 
 1488       5.803207388291e-11 
 1489       5.804070017814e-11 
 1490       5.805433647970e-11 
 1491       5.807287960373e-11 
 1492       5.809622573039e-11 
 1493       5.812427040275e-11 
 1494       5.815690852565e-11 
 1495       5.819403436463e-11 
 1496       5.823554154479e-11 
 1497       5.828132304967e-11 
 1498       5.833127122018e-11 
 1499       5.838527775342e-11 
 1500       5.844323370164e-11 
 1501       5.850502947109e-11 
 1502       5.857055300963e-11 
 1503       5.863968435254e-11 
 1504       5.871230102141e-11 
 1505       5.878827982934e-11 
 1506       5.886749687980e-11 
 1507       5.894982756535e-11 
 1508       5.903514656646e-11 
 1509       5.912332785032e-11 
 1510       5.921424466962e-11 
 1511       5.930776956131e-11 
 1512       5.940377434544e-11 
 1513       5.950213012393e-11 
 1514       5.960270727934e-11 
 1515       5.970537547371e-11 
 1516       5.981000364731e-11 
 1517       5.991646001745e-11 
 1518       6.002461207725e-11 
 1519       6.013432659448e-11 
 1520       6.024546961030e-11 
 1521       6.035790643807e-11 
 1522       6.047150166216e-11 
 1523       6.058611913670e-11 
 1524       6.070162198441e-11 
 1525       6.081787259538e-11 
 1526       6.093473262587e-11 
 1527       6.105206299706e-11 
 1528       6.116972389390e-11 
 1529       6.128757476385e-11 
 1530       6.140547431573e-11 
 1531       6.152328051844e-11 
 1532       6.164085059980e-11 
 1533       6.175804104535e-11 
 1534       6.187470759710e-11 
 1535       6.199070525233e-11 
 1536       6.210588826244e-11 
 1537       6.222011013164e-11 
 1538       6.233322361585e-11 
 1539       6.244508072139e-11 
 1540       6.255553270387e-11 
 1541       6.266444303931e-11 
 1542       6.277172647503e-11 
 1543       6.287731034704e-11 
 1544       6.298112164078e-11 
 1545       6.308308699052e-11 
 1546       6.318313267882e-11 
 1547       6.328118463599e-11 
 1548       6.337716843951e-11 
 1549       6.347100931348e-11 
 1550       6.356263212810e-11 
 1551       6.365196139908e-11 
 1552       6.373892128710e-11 
 1553       6.382343559726e-11 
 1554       6.390542777851e-11 
 1555       6.398482092313e-11 
 1556       6.406153776615e-11 
 1557       6.413550068478e-11 
 1558       6.420663169791e-11 
 1559       6.427485246551e-11 
 1560       6.434008428810e-11 
 1561       6.440224810618e-11 
 1562       6.446126449970e-11 
 1563       6.451705368747e-11 
 1564       6.456953552665e-11 
 1565       6.461862951216e-11 
 1566       6.466425477616e-11 
 1567       6.470633008746e-11 
 1568       6.474477385100e-11 
 1569       6.477950410728e-11 
 1570       6.481043853179e-11 
 1571       6.483749443450e-11 
 1572       6.486058875927e-11 
 1573       6.487963808331e-11 
 1574       6.489455861663e-11 
 1575       6.490526620147e-11 
 1576       6.491167631177e-11 
 1577       6.491370405260e-11 
 1578       6.491126415962e-11 
 1579       6.490427099849e-11 
 1580       6.489265533568e-11 
 1581       6.487641482163e-11 
 1582       6.485556397382e-11 
 1583       6.483011744824e-11 
 1584       6.480009003954e-11 
 1585       6.476549668134e-11 
 1586       6.472635244647e-11 
 1587       6.468267254720e-11 
 1588       6.463447233555e-11 
 1589       6.458176730347e-11 
 1590       6.452457308313e-11 
 1591       6.446290544720e-11 
 1592       6.439678030902e-11 
 1593       6.432621372296e-11 
 1594       6.425122188457e-11 
 1595       6.417182113090e-11 
 1596       6.408802794073e-11 
 1597       6.399985893482e-11 
 1598       6.390733087615e-11 
 1599       6.381046067021e-11 
 1600       6.370926536522e-11 
 1601       6.360376215240e-11 
 1602       6.349396836619e-11 
 1603       6.337990148454e-11 
 1604       6.326157912917e-11 
 1605       6.313901906578e-11 
 1606       6.301223920431e-11 
 1607       6.288125759922e-11 
 1608       6.274609244975e-11 
 1609       6.260676210010e-11 
 1610       6.246328503979e-11 
 1611       6.231567990380e-11 
 1612       6.216396547291e-11 
 1613       6.200816067392e-11 
 1614       6.184828457989e-11 
 1615       6.168435641040e-11 
 1616       6.151639553182e-11 
 1617       6.134442145754e-11 
 1618       6.116845384823e-11 
 1619       6.098852169966e-11 
 1620       6.080469099645e-11 
 1621       6.061703730873e-11 
 1622       6.042563662786e-11 
 1623       6.023056536717e-11 
 1624       6.003190036260e-11 
 1625       5.982971887339e-11 
 1626       5.962409858272e-11 
 1627       5.941511759841e-11 
 1628       5.920285445360e-11 
 1629       5.898738810740e-11 
 1630       5.876879794556e-11 
 1631       5.854716378118e-11 
 1632       5.832256585534e-11 
 1633       5.809508483778e-11 
 1634       5.786480182762e-11 
 1635       5.763179835396e-11 
 1636       5.739615637659e-11 
 1637       5.715795828668e-11 
 1638       5.691728690741e-11 
 1639       5.667422549470e-11 
 1640       5.642885773780e-11 
 1641       5.618126776006e-11 
 1642       5.593154011952e-11 
 1643       5.567975980963e-11 
 1644       5.542601225990e-11 
 1645       5.517038333659e-11 
 1646       5.491295934338e-11 
 1647       5.465382702203e-11 
 1648       5.439307355304e-11 
 1649       5.413078655638e-11 
 1650       5.386705409209e-11 
 1651       5.360196466102e-11 
 1652       5.333560720544e-11 
 1653       5.306807110977e-11 
 1654       5.279944620119e-11 
 1655       5.252982275039e-11 
 1656       5.225929147216e-11 
 1657       5.198794352615e-11 
 1658       5.171586777950e-11 
 1659       5.144314256735e-11 
 1660       5.116984386100e-11 
 1661       5.089604799982e-11 
 1662       5.062183169181e-11 
 1663       5.034727201415e-11 
 1664       5.007244641375e-11 
 1665       4.979743270779e-11 
 1666       4.952230908431e-11 
 1667       4.924715410273e-11 
 1668       4.897204669441e-11 
 1669       4.869706616321e-11 
 1670       4.842229218606e-11 
 1671       4.814780481346e-11 
 1672       4.787368447009e-11 
 1673       4.760001195534e-11 
 1674       4.732686844385e-11 
 1675       4.705433548608e-11 
 1676       4.678249500888e-11 
 1677       4.651142931599e-11 
 1678       4.624122108866e-11 
 1679       4.597195338613e-11 
 1680       4.570370964627e-11 
 1681       4.543657368605e-11 
 1682       4.517062970213e-11 
 1683       4.490596227144e-11 
 1684       4.464265635167e-11 
 1685       4.438079728189e-11 
 1686       4.412047078306e-11 
 1687       4.386176295858e-11 
 1688       4.360476029488e-11 
 1689       4.334954966194e-11 
 1690       4.309621831386e-11 
 1691       4.284485388940e-11 
 1692       4.259554441256e-11 
 1693       4.234837829308e-11 
 1694       4.210344432706e-11 
 1695       4.186083169746e-11 
 1696       4.162062997469e-11 
 1697       4.138291858060e-11 
 1698       4.114773508002e-11 
 1699       4.091510661696e-11 
 1700       4.068506042644e-11 
 1701       4.045762383459e-11 
 1702       4.023282425875e-11 
 1703       4.001068920764e-11 
 1704       3.979124628143e-11 
 1705       3.957452317186e-11 
 1706       3.936054766236e-11 
 1707       3.914934762818e-11 
 1708       3.894095103648e-11 
 1709       3.873538594645e-11 
 1710       3.853268050942e-11 
 1711       3.833286296900e-11 
 1712       3.813596166117e-11 
 1713       3.794200501440e-11 
 1714       3.775102154977e-11 
 1715       3.756303988107e-11 
 1716       3.737808871493e-11 
 1717       3.719619685093e-11 
 1718       3.701739318172e-11 
 1719       3.684170669311e-11 
 1720       3.666916646422e-11 
 1721       3.649980166756e-11 
 1722       3.633364156918e-11 
 1723       3.617071552874e-11 
 1724       3.601105299968e-11 
 1725       3.585468352928e-11 
 1726       3.570163675881e-11 
 1727       3.555194242363e-11 
 1728       3.540563035330e-11 
 1729       3.526273047172e-11 
 1730       3.512327279720e-11 
 1731       3.498728744263e-11 
 1732       3.485480461554e-11 
 1733       3.472585461825e-11 
 1734       3.460046784798e-11 
 1735       3.447867479695e-11 
 1736       3.436049597177e-11 
 1737       3.424591155850e-11 
 1738       3.413489150211e-11 
 1739       3.402740556377e-11 
 1740       3.392342332052e-11 
 1741       3.382291416502e-11 
 1742       3.372584730523e-11 
 1743       3.363219176414e-11 
 1744       3.354191637948e-11 
 1745       3.345498980344e-11 
 1746       3.337138050237e-11 
 1747       3.329105675651e-11 
 1748       3.321398665967e-11 
 1749       3.314013811899e-11 
 1750       3.306947885463e-11 
 1751       3.300197639948e-11 
 1752       3.293759809886e-11 
 1753       3.287631111027e-11 
 1754       3.281808240307e-11 
 1755       3.276287875823e-11 
 1756       3.271066676798e-11 
 1757       3.266141283560e-11 
 1758       3.261508317507e-11 
 1759       3.257164381083e-11 
 1760       3.253106057745e-11 
 1761       3.249329911939e-11 
 1762       3.245832489068e-11 
 1763       3.242610315463e-11 
 1764       3.239659898356e-11 
 1765       3.236977725852e-11 
 1766       3.234560266899e-11 
 1767       3.232403971259e-11 
 1768       3.230505269479e-11 
 1769       3.228860572865e-11 
 1770       3.227466273451e-11 
 1771       3.226318743968e-11 
 1772       3.225414337823e-11 
 1773       3.224749389062e-11 
 1774       3.224320212346e-11 
 1775       3.224122773803e-11 
 1776       3.224151700677e-11 
 1777       3.224401263459e-11 
 1778       3.224865704222e-11 
 1779       3.225539236576e-11 
 1780       3.226416045633e-11 
 1781       3.227490287963e-11 
 1782       3.228756091551e-11 
 1783       3.230207555757e-11 
 1784       3.231838751278e-11 
 1785       3.233643720102e-11 
 1786       3.235616475469e-11 
 1787       3.237751001829e-11 
 1788       3.240041254803e-11 
 1789       3.242481161139e-11 
 1790       3.245064618673e-11 
 1791       3.247785496285e-11 
 1792       3.250637633862e-11 
 1793       3.253614842253e-11 
 1794       3.256710903228e-11 
 1795       3.259919569441e-11 
 1796       3.263234564384e-11 
 1797       3.266649582346e-11 
 1798       3.270158288377e-11 
 1799       3.273754318240e-11 
 1800       3.277431278375e-11 
 1801       3.281182745854e-11 
 1802       3.285002268343e-11 
 1803       3.288883364059e-11 
 1804       3.292819521729e-11 
 1805       3.296804200548e-11 
 1806       3.300830830140e-11 
 1807       3.304892810517e-11 
 1808       3.308983512032e-11 
 1809       3.313096275345e-11 
 1810       3.317224411380e-11 
 1811       3.321361201280e-11 
 1812       3.325499896371e-11 
 1813       3.329633718116e-11 
 1814       3.333756288672e-11 
 1815       3.337862926435e-11 
 1816       3.341949360859e-11 
 1817       3.346011302793e-11 
 1818       3.350044444447e-11 
 1819       3.354044459373e-11 
 1820       3.358007002435e-11 
 1821       3.361927709787e-11 
 1822       3.365802198845e-11 
 1823       3.369626068262e-11 
 1824       3.373394897904e-11 
 1825       3.377104248822e-11 
 1826       3.380749663229e-11 
 1827       3.384326664471e-11 
 1828       3.387830757007e-11 
 1829       3.391257426377e-11 
 1830       3.394602139184e-11 
 1831       3.397860343059e-11 
 1832       3.401027466645e-11 
 1833       3.404098919566e-11 
 1834       3.407070092401e-11 
 1835       3.409936356662e-11 
 1836       3.412693064766e-11 
 1837       3.415335550012e-11 
 1838       3.417859126550e-11 
 1839       3.420259089363e-11 
 1840       3.422530714235e-11 
 1841       3.424669257729e-11 
 1842       3.426669957161e-11 
 1843       3.428528030574e-11 
 1844       3.430238676713e-11 
 1845       3.431797074998e-11 
 1846       3.433198385499e-11 
 1847       3.434437748915e-11 
 1848       3.435510286540e-11 
 1849       3.436411100244e-11 
 1850       3.437135272445e-11 
 1851       3.437677866087e-11 
 1852       3.438033924606e-11 
 1853       3.438199239652e-11 
 1854       3.438172660898e-11 
 1855       3.437953804415e-11 
 1856       3.437542286599e-11 
 1857       3.436937724163e-11 
 1858       3.436139734146e-11 
 1859       3.435147933911e-11 
 1860       3.433961941147e-11 
 1861       3.432581373867e-11 
 1862       3.431005850417e-11 
 1863       3.429234989469e-11 
 1864       3.427268410028e-11 
 1865       3.425105731429e-11 
 1866       3.422746573344e-11 
 1867       3.420190555775e-11 
 1868       3.417437299066e-11 
 1869       3.414486423893e-11 
 1870       3.411337551274e-11 
 1871       3.407990302565e-11 
 1872       3.404444299467e-11 
 1873       3.400699164019e-11 
 1874       3.396754518608e-11 
 1875       3.392609985962e-11 
 1876       3.388265189161e-11 
 1877       3.383719751628e-11 
 1878       3.378973297137e-11 
 1879       3.374025449815e-11 
 1880       3.368875834136e-11 
 1881       3.363524074931e-11 
 1882       3.357969797384e-11 
 1883       3.352212627035e-11 
 1884       3.346252189780e-11 
 1885       3.340088111876e-11 
 1886       3.333720019936e-11 
 1887       3.327147540937e-11 
 1888       3.320370302218e-11 
 1889       3.313387931479e-11 
 1890       3.306200056788e-11 
 1891       3.298806306578e-11 
 1892       3.291206867427e-11 
 1893       3.283404162114e-11 
 1894       3.275401184544e-11 
 1895       3.267200943172e-11 
 1896       3.258806461021e-11 
 1897       3.250220775704e-11 
 1898       3.241446939440e-11 
 1899       3.232488019078e-11 
 1900       3.223347096113e-11 
 1901       3.214027266712e-11 
 1902       3.204531641728e-11 
 1903       3.194863346723e-11 
 1904       3.185025521988e-11 
 1905       3.175021322560e-11 
 1906       3.164853918248e-11 
 1907       3.154526493645e-11 
 1908       3.144042248158e-11 
 1909       3.133404396016e-11 
 1910       3.122616166302e-11 
 1911       3.111680802963e-11 
 1912       3.100601564837e-11 
 1913       3.089381725670e-11 
 1914       3.078024574135e-11 
 1915       3.066533413855e-11 
 1916       3.054911563419e-11 
 1917       3.043162356408e-11 
 1918       3.031289141407e-11 
 1919       3.019295282033e-11 
 1920       3.007184156948e-11 
 1921       2.994959159886e-11 
 1922       2.982623699667e-11 
 1923       2.970181200218e-11 
 1924       2.957635100597e-11 
 1925       2.944988855010e-11 
 1926       2.932245932829e-11 
 1927       2.919409818617e-11 
 1928       2.906484012142e-11 
 1929       2.893472028405e-11 
 1930       2.880377397650e-11 
 1931       2.867203701768e-11 
 1932       2.853954683729e-11 
 1933       2.840634139020e-11 
 1934       2.827245879358e-11 
 1935       2.813793732717e-11 
 1936       2.800281543348e-11 
 1937       2.786713171796e-11 
 1938       2.773092494929e-11 
 1939       2.759423405954e-11 
 1940       2.745709814435e-11 
 1941       2.731955646324e-11 
 1942       2.718164843973e-11 
 1943       2.704341366159e-11 
 1944       2.690489188105e-11 
 1945       2.676612301500e-11 
 1946       2.662714714523e-11 
 1947       2.648800451860e-11 
 1948       2.634873554729e-11 
 1949       2.620938080898e-11 
 1950       2.606998104709e-11 
 1951       2.593057717097e-11 
 1952       2.579121025613e-11 
 1953       2.565192154444e-11 
 1954       2.551275244432e-11 
 1955       2.537374453100e-11 
 1956       2.523493954672e-11 
 1957       2.509637940088e-11 
 1958       2.495810617035e-11 
 1959       2.482016209961e-11 
 1960       2.468258960097e-11 
 1961       2.454543125482e-11 
 1962       2.440872980981e-11 
 1963       2.427252818305e-11 
 1964       2.413686946037e-11 
 1965       2.400179689647e-11 
 1966       2.386735391519e-11 
 1967       2.373358410968e-11 
 1968       2.360053124264e-11 
 1969       2.346823924650e-11 
 1970       2.333674822826e-11 
 1971       2.320608245109e-11 
 1972       2.307626226385e-11 
 1973       2.294730808846e-11 
 1974       2.281924042002e-11 
 1975       2.269207982687e-11 
 1976       2.256584695068e-11 
 1977       2.244056250655e-11 
 1978       2.231624728310e-11 
 1979       2.219292214255e-11 
 1980       2.207060802080e-11 
 1981       2.194932592753e-11 
 1982       2.182909694629e-11 
 1983       2.170994223459e-11 
 1984       2.159188302397e-11 
 1985       2.147494062011e-11 
 1986       2.135913640290e-11 
 1987       2.124449182654e-11 
 1988       2.113102841964e-11 
 1989       2.101876778526e-11 
 1990       2.090773160107e-11 
 1991       2.079794161936e-11 
 1992       2.068941966720e-11 
 1993       2.058218764649e-11 
 1994       2.047626753404e-11 
 1995       2.037168138167e-11 
 1996       2.026845131633e-11 
 1997       2.016659954012e-11 
 1998       2.006614833046e-11 
 1999       1.996712004008e-11 
 2000       1.986953709722e-11 
 2001       1.977342200562e-11 
 2002       1.967879734467e-11 
 2003       1.958568576947e-11 
 2004       1.949411001092e-11 
 2005       1.940409287584e-11 
 2006       1.931565724700e-11 
 2007       1.922882608326e-11 
 2008       1.914362241962e-11 
 2009       1.906006439659e-11 
 2010       1.897815030830e-11 
 2011       1.889787344564e-11 
 2012       1.881922705700e-11 
 2013       1.874220434828e-11 
 2014       1.866679848279e-11 
 2015       1.859300258121e-11 
 2016       1.852080972151e-11 
 2017       1.845021293891e-11 
 2018       1.838120522581e-11 
 2019       1.831377953174e-11 
 2020       1.824792876329e-11 
 2021       1.818364578404e-11 
 2022       1.812092341454e-11 
 2023       1.805975443221e-11 
 2024       1.800013157131e-11 
 2025       1.794204752284e-11 
 2026       1.788549493453e-11 
 2027       1.783046641074e-11 
 2028       1.777695451245e-11 
 2029       1.772495175713e-11 
 2030       1.767445061873e-11 
 2031       1.762544352762e-11 
 2032       1.757792287052e-11 
 2033       1.753188099041e-11 
 2034       1.748731018655e-11 
 2035       1.744420271433e-11 
 2036       1.740255078526e-11 
 2037       1.736234656692e-11 
 2038       1.732358218286e-11 
 2039       1.728624971258e-11 
 2040       1.725034119144e-11 
 2041       1.721584861061e-11 
 2042       1.718276391704e-11 
 2043       1.715107901334e-11 
 2044       1.712078575779e-11 
 2045       1.709187596421e-11 
 2046       1.706434140197e-11 
 2047       1.703817379587e-11 
 2048       1.701336221026e-11 
 2049       1.698988518096e-11 
 2050       1.696771852698e-11 
 2051       1.694683796113e-11 
 2052       1.692721908988e-11 
 2053       1.690883741325e-11 
 2054       1.689166832465e-11 
 2055       1.687568711078e-11 
 2056       1.686086895144e-11 
 2057       1.684718891945e-11 
 2058       1.683462198049e-11 
 2059       1.682314299296e-11 
 2060       1.681272670788e-11 
 2061       1.680334776869e-11 
 2062       1.679498071120e-11 
 2063       1.678759996339e-11 
 2064       1.678117984529e-11 
 2065       1.677569456886e-11 
 2066       1.677111823787e-11 
 2067       1.676742484773e-11 
 2068       1.676458828534e-11 
 2069       1.676258232905e-11 
 2070       1.676138064840e-11 
 2071       1.676095680408e-11 
 2072       1.676128424776e-11 
 2073       1.676233632195e-11 
 2074       1.676408625989e-11 
 2075       1.676650718539e-11 
 2076       1.676957211269e-11 
 2077       1.677325394637e-11 
 2078       1.677752548116e-11 
 2079       1.678235940187e-11 
 2080       1.678772828317e-11 
 2081       1.679360458955e-11 
 2082       1.679996067511e-11 
 2083       1.680676878345e-11 
 2084       1.681400104758e-11 
 2085       1.682162948970e-11 
 2086       1.682962602114e-11 
 2087       1.683796334902e-11 
 2088       1.684661770352e-11 
 2089       1.685556612947e-11 
 2090       1.686478558117e-11 
 2091       1.687425292224e-11 
 2092       1.688394492557e-11 
 2093       1.689383827316e-11 
 2094       1.690390955603e-11 
 2095       1.691413527412e-11 
 2096       1.692449183615e-11 
 2097       1.693495555954e-11 
 2098       1.694550267030e-11 
 2099       1.695610930291e-11 
 2100       1.696675150020e-11 
 2101       1.697740521327e-11 
 2102       1.698804630134e-11 
 2103       1.699865053170e-11 
 2104       1.700919357952e-11 
 2105       1.701965102783e-11 
 2106       1.702999836734e-11 
 2107       1.704021099636e-11 
 2108       1.705026422069e-11 
 2109       1.706013325352e-11 
 2110       1.706979321529e-11 
 2111       1.707921913361e-11 
 2112       1.708838594314e-11 
 2113       1.709726848547e-11 
 2114       1.710584150903e-11 
 2115       1.711407966898e-11 
 2116       1.712195752708e-11 
 2117       1.712944955160e-11 
 2118       1.713653011720e-11 
 2119       1.714317350483e-11 
 2120       1.714935390160e-11 
 2121       1.715504540070e-11 
 2122       1.716022200128e-11 
 2123       1.716485760833e-11 
 2124       1.716892603257e-11 
 2125       1.717240099036e-11 
 2126       1.717525924115e-11 
 2127       1.717749002370e-11 
 2128       1.717908568464e-11 
 2129       1.718003854673e-11 
 2130       1.718034090886e-11 
 2131       1.717998504599e-11 
 2132       1.717896320918e-11 
 2133       1.717726762551e-11 
 2134       1.717489049808e-11 
 2135       1.717182400600e-11 
 2136       1.716806030430e-11 
 2137       1.716359152400e-11 
 2138       1.715840977199e-11 
 2139       1.715250713106e-11 
 2140       1.714587565986e-11 
 2141       1.713850739287e-11 
 2142       1.713039434038e-11 
 2143       1.712152848847e-11 
 2144       1.711190179894e-11 
 2145       1.710150620937e-11 
 2146       1.709033363299e-11 
 2147       1.707837595875e-11 
 2148       1.706562505122e-11 
 2149       1.705207275060e-11 
 2150       1.703771087271e-11 
 2151       1.702253120891e-11 
 2152       1.700652552613e-11 
 2153       1.698968556681e-11 
 2154       1.697200304887e-11 
 2155       1.695346966572e-11 
 2156       1.693407708621e-11 
 2157       1.691381695458e-11 
 2158       1.689268089050e-11 
 2159       1.687066048895e-11 
 2160       1.684774732030e-11 
 2161       1.682393293019e-11 
 2162       1.679920883958e-11 
 2163       1.677356654465e-11 
 2164       1.674699751684e-11 
 2165       1.671949616693e-11 
 2166       1.669106875933e-11 
 2167       1.666172455803e-11 
 2168       1.663147286796e-11 
 2169       1.660032303506e-11 
 2170       1.656828444632e-11 
 2171       1.653536652983e-11 
 2172       1.650157875483e-11 
 2173       1.646693063175e-11 
 2174       1.643143171230e-11 
 2175       1.639509158945e-11 
 2176       1.635791989755e-11 
 2177       1.631992631234e-11 
 2178       1.628112055101e-11 
 2179       1.624151237224e-11 
 2180       1.620111157627e-11 
 2181       1.615992800494e-11 
 2182       1.611797154173e-11 
 2183       1.607525211181e-11 
 2184       1.603177968212e-11 
 2185       1.598756426138e-11 
 2186       1.594261590016e-11 
 2187       1.589694469094e-11 
 2188       1.585056076812e-11 
 2189       1.580347430812e-11 
 2190       1.575569552940e-11 
 2191       1.570723469251e-11 
 2192       1.565810210015e-11 
 2193       1.560830809721e-11 
 2194       1.555786307084e-11 
 2195       1.550677745046e-11 
 2196       1.545506170786e-11 
 2197       1.540272635720e-11 
 2198       1.534978195511e-11 
 2199       1.529623910069e-11 
 2200       1.524210843560e-11 
 2201       1.518740064408e-11 
 2202       1.513212645302e-11 
 2203       1.507629663201e-11 
 2204       1.501992296403e-11 
 2205       1.496302116453e-11 
 2206       1.490560798183e-11 
 2207       1.484770022835e-11 
 2208       1.478931478063e-11 
 2209       1.473046857941e-11 
 2210       1.467117862974e-11 
 2211       1.461146200102e-11 
 2212       1.455133582706e-11 
 2213       1.449081730622e-11 
 2214       1.442992370141e-11 
 2215       1.436867234020e-11 
 2216       1.430708061489e-11 
 2217       1.424516598259e-11 
 2218       1.418294596527e-11 
 2219       1.412043814986e-11 
 2220       1.405766018831e-11 
 2221       1.399462979767e-11 
 2222       1.393136476015e-11 
 2223       1.386788292322e-11 
 2224       1.380420219965e-11 
 2225       1.374034056761e-11 
 2226       1.367631607074e-11 
 2227       1.361214681821e-11 
 2228       1.354785098481e-11 
 2229       1.348344681101e-11 
 2230       1.341895260305e-11 
 2231       1.335438673298e-11 
 2232       1.328976763879e-11 
 2233       1.322511382443e-11 
 2234       1.316044385990e-11 
 2235       1.309577638135e-11 
 2236       1.303113009111e-11 
 2237       1.296652375781e-11 
 2238       1.290197621641e-11 
 2239       1.283750636829e-11 
 2240       1.277313318135e-11 
 2241       1.270887569003e-11 
 2242       1.264475299545e-11 
 2243       1.258078306128e-11 
 2244       1.251697909289e-11 
 2245       1.245335313473e-11 
 2246       1.238991727238e-11 
 2247       1.232668363261e-11 
 2248       1.226366438340e-11 
 2249       1.220087173400e-11 
 2250       1.213831793496e-11 
 2251       1.207601527821e-11 
 2252       1.201397609705e-11 
 2253       1.195221276625e-11 
 2254       1.189073770206e-11 
 2255       1.182956336227e-11 
 2256       1.176870224625e-11 
 2257       1.170816689498e-11 
 2258       1.164796989114e-11 
 2259       1.158812385911e-11 
 2260       1.152864146503e-11 
 2261       1.146953541684e-11 
 2262       1.141081846434e-11 
 2263       1.135250339923e-11 
 2264       1.129460305514e-11 
 2265       1.123713030769e-11 
 2266       1.118009807453e-11 
 2267       1.112351931539e-11 
 2268       1.106740703211e-11 
 2269       1.101177426872e-11 
 2270       1.095663411142e-11 
 2271       1.090199968871e-11 
 2272       1.084788417136e-11 
 2273       1.079430077250e-11 
 2274       1.074126274765e-11 
 2275       1.068878339475e-11 
 2276       1.063687605424e-11 
 2277       1.058555410909e-11 
 2278       1.053483098481e-11 
 2279       1.048472014956e-11 
 2280       1.043523511414e-11 
 2281       1.038638943206e-11 
 2282       1.033819454508e-11 
 2283       1.029065330460e-11 
 2284       1.024376640878e-11 
 2285       1.019753455330e-11 
 2286       1.015195843130e-11 
 2287       1.010703873345e-11 
 2288       1.006277614786e-11 
 2289       1.001917136016e-11 
 2290       9.976225053429e-12 
 2291       9.933937908220e-12 
 2292       9.892310602557e-12 
 2293       9.851343811923e-12 
 2294       9.811038209258e-12 
 2295       9.771394464951e-12 
 2296       9.732413246840e-12 
 2297       9.694095220205e-12 
 2298       9.656441047765e-12 
 2299       9.619451389669e-12 
 2300       9.583126903498e-12 
 2301       9.547468244254e-12 
 2302       9.512476064360e-12 
 2303       9.478151013654e-12 
 2304       9.444493739383e-12 
 2305       9.411504886198e-12 
 2306       9.379185096154e-12 
 2307       9.347535008700e-12 
 2308       9.316555260676e-12 
 2309       9.286246486312e-12 
 2310       9.256609317216e-12 
 2311       9.227644382377e-12 
 2312       9.199352308156e-12 
 2313       9.171733718280e-12 
 2314       9.144789233844e-12 
 2315       9.118519473299e-12 
 2316       9.092925052452e-12 
 2317       9.068006584458e-12 
 2318       9.043764679820e-12 
 2319       9.020199946380e-12 
 2320       8.997312989315e-12 
 2321       8.975102836301e-12 
 2322       8.953562202144e-12 
 2323       8.932682194264e-12 
 2324       8.912453884786e-12 
 2325       8.892868310490e-12 
 2326       8.873916472780e-12 
 2327       8.855589337637e-12 
 2328       8.837877835587e-12 
 2329       8.820772861652e-12 
 2330       8.804265275321e-12 
 2331       8.788345900502e-12 
 2332       8.773005525484e-12 
 2333       8.758234902900e-12 
 2334       8.744024749687e-12 
 2335       8.730365747041e-12 
 2336       8.717248540386e-12 
 2337       8.704663739327e-12 
 2338       8.692601917613e-12 
 2339       8.681053613098e-12 
 2340       8.670009327700e-12 
 2341       8.659459527362e-12 
 2342       8.649394642014e-12 
 2343       8.639805065528e-12 
 2344       8.630681155684e-12 
 2345       8.622013234129e-12 
 2346       8.613791586333e-12 
 2347       8.606006461558e-12 
 2348       8.598648072807e-12 
 2349       8.591706596795e-12 
 2350       8.585172173903e-12 
 2351       8.579034908140e-12 
 2352       8.573284867102e-12 
 2353       8.567912081937e-12 
 2354       8.562906547298e-12 
 2355       8.558258221309e-12 
 2356       8.553957025524e-12 
 2357       8.549992844887e-12 
 2358       8.546355527690e-12 
 2359       8.543034885537e-12 
 2360       8.540020603976e-12 
 2361       8.537301973868e-12 
 2362       8.534868158274e-12 
 2363       8.532708281585e-12 
 2364       8.530811429483e-12 
 2365       8.529166648900e-12 
 2366       8.527762947974e-12 
 2367       8.526589296009e-12 
 2368       8.525634623434e-12 
 2369       8.524887821760e-12 
 2370       8.524337743538e-12 
 2371       8.523973202319e-12 
 2372       8.523782972611e-12 
 2373       8.523755789839e-12 
 2374       8.523880350301e-12 
 2375       8.524145311129e-12 
 2376       8.524539290247e-12 
 2377       8.525050866325e-12 
 2378       8.525668578744e-12 
 2379       8.526380927551e-12 
 2380       8.527176373416e-12 
 2381       8.528043337594e-12 
 2382       8.528970201880e-12 
 2383       8.529945308571e-12 
 2384       8.530956960419e-12 
 2385       8.531993420595e-12 
 2386       8.533042912644e-12 
 2387       8.534093620444e-12 
 2388       8.535133688167e-12 
 2389       8.536151220233e-12 
 2390       8.537134281270e-12 
 2391       8.538070896075e-12 
 2392       8.538949049570e-12 
 2393       8.539756686758e-12 
 2394       8.540481712688e-12 
 2395       8.541111992406e-12 
 2396       8.541635350919e-12 
 2397       8.542039573151e-12 
 2398       8.542312403901e-12 
 2399       8.542442583931e-12 
 2400       8.542422965231e-12 
 2401       8.542247414682e-12 
 2402       8.541909779636e-12 
 2403       8.541403887899e-12 
 2404       8.540723547703e-12 
 2405       8.539862547693e-12 
 2406       8.538814656905e-12 
 2407       8.537573624744e-12 
 2408       8.536133180966e-12 
 2409       8.534487035658e-12 
 2410       8.532628879216e-12 
 2411       8.530552382330e-12 
 2412       8.528251195956e-12 
 2413       8.525718951303e-12 
 2414       8.522949259810e-12 
 2415       8.519935713125e-12 
 2416       8.516671883089e-12 
 2417       8.513151321711e-12 
 2418       8.509367561151e-12 
 2419       8.505314113699e-12 
 2420       8.500984471756e-12 
 2421       8.496372107814e-12 
 2422       8.491470474432e-12 
 2423       8.486273004222e-12 
 2424       8.480773109827e-12 
 2425       8.474964183896e-12 
 2426       8.468839599072e-12 
 2427       8.462392707967e-12 
 2428       8.455616843142e-12 
 2429       8.448505317091e-12 
 2430       8.441051422214e-12 
 2431       8.433248430803e-12 
 2432       8.425089595022e-12 
 2433       8.416568146881e-12 
 2434       8.407677298224e-12 
 2435       8.398410240702e-12 
 2436       8.388760145757e-12 
 2437       8.378720164600e-12 
 2438       8.368285094726e-12 
 2439       8.357456390420e-12 
 2440       8.346237182301e-12 
 2441       8.334630613539e-12 
 2442       8.322639839861e-12 
 2443       8.310268029572e-12 
 2444       8.297518363566e-12 
 2445       8.284394035338e-12 
 2446       8.270898251000e-12 
 2447       8.257034229294e-12 
 2448       8.242805201606e-12 
 2449       8.228214411976e-12 
 2450       8.213265117117e-12 
 2451       8.197960586426e-12 
 2452       8.182304101997e-12 
 2453       8.166298958636e-12 
 2454       8.149948463874e-12 
 2455       8.133255937979e-12 
 2456       8.116224713974e-12 
 2457       8.098858137645e-12 
 2458       8.081159567559e-12 
 2459       8.063132375077e-12 
 2460       8.044779944364e-12 
 2461       8.026105672407e-12 
 2462       8.007112969026e-12 
 2463       7.987805256891e-12 
 2464       7.968185971530e-12 
 2465       7.948258561346e-12 
 2466       7.928026487632e-12 
 2467       7.907493224583e-12 
 2468       7.886662259307e-12 
 2469       7.865537091843e-12 
 2470       7.844121235174e-12 
 2471       7.822418215237e-12 
 2472       7.800431570939e-12 
 2473       7.778164854173e-12 
 2474       7.755621629828e-12 
 2475       7.732805475802e-12 
 2476       7.709719983020e-12 
 2477       7.686367626639e-12 
 2478       7.662746372357e-12 
 2479       7.638853050071e-12 
 2480       7.614684480852e-12 
 2481       7.590237476936e-12 
 2482       7.565508841715e-12 
 2483       7.540495369730e-12 
 2484       7.515193846663e-12 
 2485       7.489601049326e-12 
 2486       7.463713745654e-12 
 2487       7.437528694696e-12 
 2488       7.411042646609e-12 
 2489       7.384252342646e-12 
 2490       7.357154515149e-12 
 2491       7.329745887542e-12 
 2492       7.302023174319e-12 
 2493       7.273983081040e-12 
 2494       7.245622304319e-12 
 2495       7.216937531818e-12 
 2496       7.187925442235e-12 
 2497       7.158582705301e-12 
 2498       7.128905981766e-12 
 2499       7.098891923394e-12 
 2500       7.068537172955e-12 
