# dimensionless total [l(l+1)/2pi] C_l's
# for l=2 to 2500, i.e. number of multipoles equal to 2499
#
# -> if you prefer output in CAMB/HealPix/LensPix units/order, set 'format' to 'camb' in input file
# -> if you don't want to see such a header, set 'headers' to 'no' in input file
#
# 1:l     2:TT                 
    2       3.184269841406e-10 
    3       2.948641795257e-10 
    4       2.752349206277e-10 
    5       2.599571647415e-10 
    6       2.480674777186e-10 
    7       2.386596712774e-10 
    8       2.310004624550e-10 
    9       2.246156222822e-10 
   10       2.192054634793e-10 
   11       2.145192918890e-10 
   12       2.104521066791e-10 
   13       2.069132444029e-10 
   14       2.037377632118e-10 
   15       2.009070300507e-10 
   16       1.984621056091e-10 
   17       1.963278357004e-10 
   18       1.944561447143e-10 
   19       1.928718685612e-10 
   20       1.914889696344e-10 
   21       1.903321356961e-10 
   22       1.893879829897e-10 
   23       1.886552347830e-10 
   24       1.880873663293e-10 
   25       1.876838962594e-10 
   26       1.874283835985e-10 
   27       1.873421110632e-10 
   28       1.874211000615e-10 
   29       1.876290855939e-10 
   30       1.879752138708e-10 
   31       1.884592171594e-10 
   32       1.890595179506e-10 
   33       1.897750517152e-10 
   34       1.905937993515e-10 
   35       1.914923562679e-10 
   36       1.924811212171e-10 
   37       1.935717082941e-10 
   38       1.947632259187e-10 
   39       1.960472624032e-10 
   40       1.974282260081e-10 
   41       1.989076427872e-10 
   42       2.004775201142e-10 
   43       2.021253074914e-10 
   44       2.038527475871e-10 
   45       2.056613944402e-10 
   46       2.075467604428e-10 
   47       2.094977928619e-10 
   48       2.115018294459e-10 
   49       2.135623385610e-10 
   50       2.156852803871e-10 
   51       2.178738265139e-10 
   52       2.201281160070e-10 
   53       2.224467447899e-10 
   54       2.248322449181e-10 
   55       2.272865891209e-10 
   56       2.298094134108e-10 
   57       2.323978458268e-10 
   58       2.350463351761e-10 
   59       2.377488365167e-10 
   60       2.405063492327e-10 
   61       2.433208299625e-10 
   62       2.461929002752e-10 
   63       2.491217553030e-10 
   64       2.521050723728e-10 
   65       2.551402440889e-10 
   66       2.582285863350e-10 
   67       2.613718607584e-10 
   68       2.645709756514e-10 
   69       2.678259316309e-10 
   70       2.711357673177e-10 
   71       2.744985050162e-10 
   72       2.779120179342e-10 
   73       2.813769452711e-10 
   74       2.848942411202e-10 
   75       2.884642697925e-10 
   76       2.920867725356e-10 
   77       2.957608342532e-10 
   78       2.994848502244e-10 
   79       3.032564928226e-10 
   80       3.070734773218e-10 
   81       3.109360856922e-10 
   82       3.148450223993e-10 
   83       3.188006360494e-10 
   84       3.228029009062e-10 
   85       3.268513984084e-10 
   86       3.309452986863e-10 
   87       3.350833420796e-10 
   88       3.392638206540e-10 
   89       3.434850419513e-10 
   90       3.477468438972e-10 
   91       3.520492845860e-10 
   92       3.563921701012e-10 
   93       3.607750432579e-10 
   94       3.651971723433e-10 
   95       3.696575398595e-10 
   96       3.741548312642e-10 
   97       3.786874237127e-10 
   98       3.832533747994e-10 
   99       3.878507951197e-10 
  100       3.924790505033e-10 
  101       3.971377099440e-10 
  102       4.018261704494e-10 
  103       4.065436504343e-10 
  104       4.112891831150e-10 
  105       4.160616099032e-10 
  106       4.208595737998e-10 
  107       4.256815127892e-10 
  108       4.305256532329e-10 
  109       4.353900032637e-10 
  110       4.402726229734e-10 
  111       4.451724884488e-10 
  112       4.500887264649e-10 
  113       4.550203437353e-10 
  114       4.599662230262e-10 
  115       4.649251192704e-10 
  116       4.698956556822e-10 
  117       4.748763198714e-10 
  118       4.798654599573e-10 
  119       4.848612806836e-10 
  120       4.898618395322e-10 
  121       4.948650428378e-10 
  122       4.998686419021e-10 
  123       5.048704602138e-10 
  124       5.098691129424e-10 
  125       5.148633631635e-10 
  126       5.198518961099e-10 
  127       5.248333171044e-10 
  128       5.298061494924e-10 
  129       5.347688325746e-10 
  130       5.397197195395e-10 
  131       5.446570753959e-10 
  132       5.495790749057e-10 
  133       5.544838005162e-10 
  134       5.593692402931e-10 
  135       5.642332858530e-10 
  136       5.690737302954e-10 
  137       5.738884371855e-10 
  138       5.786758716095e-10 
  139       5.834346204081e-10 
  140       5.881632250854e-10 
  141       5.928601808271e-10 
  142       5.975239355186e-10 
  143       6.021528887639e-10 
  144       6.067453909029e-10 
  145       6.112997420309e-10 
  146       6.158141910156e-10 
  147       6.202869345164e-10 
  148       6.247161160022e-10 
  149       6.290998247697e-10 
  150       6.334360949617e-10 
  151       6.377229045857e-10 
  152       6.419581745315e-10 
  153       6.461399102392e-10 
  154       6.502666435825e-10 
  155       6.543370303716e-10 
  156       6.583497111427e-10 
  157       6.623033109021e-10 
  158       6.661964388714e-10 
  159       6.700276882321e-10 
  160       6.737956358703e-10 
  161       6.774988421220e-10 
  162       6.811358505171e-10 
  163       6.847051875249e-10 
  164       6.882053622983e-10 
  165       6.916348664189e-10 
  166       6.949921736421e-10 
  167       6.982757396409e-10 
  168       7.014840017520e-10 
  169       7.046153787192e-10 
  170       7.076682704395e-10 
  171       7.106411652960e-10 
  172       7.135329727377e-10 
  173       7.163427180710e-10 
  174       7.190694375490e-10 
  175       7.217121785555e-10 
  176       7.242699997881e-10 
  177       7.267419714426e-10 
  178       7.291271753967e-10 
  179       7.314247053931e-10 
  180       7.336336672240e-10 
  181       7.357531789146e-10 
  182       7.377823709066e-10 
  183       7.397203862421e-10 
  184       7.415663807476e-10 
  185       7.433195232174e-10 
  186       7.449789955973e-10 
  187       7.465439931688e-10 
  188       7.480137247324e-10 
  189       7.493874127914e-10 
  190       7.506642937359e-10 
  191       7.518436790619e-10 
  192       7.529251437737e-10 
  193       7.539083524999e-10 
  194       7.547930001085e-10 
  195       7.555788120913e-10 
  196       7.562655449469e-10 
  197       7.568529865642e-10 
  198       7.573409566062e-10 
  199       7.577293068930e-10 
  200       7.580179217855e-10 
  201       7.582067185688e-10 
  202       7.582956478359e-10 
  203       7.582846938708e-10 
  204       7.581738750324e-10 
  205       7.579632441373e-10 
  206       7.576528888441e-10 
  207       7.572429320363e-10 
  208       7.567335322059e-10 
  209       7.561248838368e-10 
  210       7.554172177886e-10 
  211       7.546108016797e-10 
  212       7.537059402708e-10 
  213       7.527029822810e-10 
  214       7.516023405518e-10 
  215       7.504044739863e-10 
  216       7.491098816372e-10 
  217       7.477191031070e-10 
  218       7.462327189487e-10 
  219       7.446513510660e-10 
  220       7.429756631137e-10 
  221       7.412063608982e-10 
  222       7.393441927778e-10 
  223       7.373899500631e-10 
  224       7.353444674177e-10 
  225       7.332086232582e-10 
  226       7.309833401546e-10 
  227       7.286695852311e-10 
  228       7.262683705663e-10 
  229       7.237807535932e-10 
  230       7.212078375004e-10 
  231       7.185507716318e-10 
  232       7.158107518874e-10 
  233       7.129890211235e-10 
  234       7.100868695532e-10 
  235       7.071056351468e-10 
  236       7.040467040320e-10 
  237       7.009115108948e-10 
  238       6.977014745172e-10 
  239       6.944177992308e-10 
  240       6.910616622113e-10 
  241       6.876342775211e-10 
  242       6.841368963726e-10 
  243       6.805708073920e-10 
  244       6.769373368826e-10 
  245       6.732378490887e-10 
  246       6.694737464591e-10 
  247       6.656464699102e-10 
  248       6.617574990904e-10 
  249       6.578083526428e-10 
  250       6.538005884694e-10 
  251       6.497358039944e-10 
  252       6.456156364277e-10 
  253       6.414417630288e-10 
  254       6.372159013699e-10 
  255       6.329398095997e-10 
  256       6.286152867073e-10 
  257       6.242441727850e-10 
  258       6.198283492926e-10 
  259       6.153697393205e-10 
  260       6.108703078536e-10 
  261       6.063320620345e-10 
  262       6.017570514275e-10 
  263       5.971473682818e-10 
  264       5.925051477952e-10 
  265       5.878325683776e-10 
  266       5.831317233595e-10 
  267       5.784042278561e-10 
  268       5.736515910678e-10 
  269       5.688753429592e-10 
  270       5.640770343056e-10 
  271       5.592582367395e-10 
  272       5.544205427969e-10 
  273       5.495655659634e-10 
  274       5.446949407210e-10 
  275       5.398103225939e-10 
  276       5.349133881956e-10 
  277       5.300058352745e-10 
  278       5.250893827607e-10 
  279       5.201657708122e-10 
  280       5.152367608614e-10 
  281       5.103041356614e-10 
  282       5.053696993320e-10 
  283       5.004352774068e-10 
  284       4.955027168789e-10 
  285       4.905738862476e-10 
  286       4.856506755644e-10 
  287       4.807349964798e-10 
  288       4.758287822897e-10 
  289       4.709339879810e-10 
  290       4.660525902788e-10 
  291       4.611865876924e-10 
  292       4.563380005618e-10 
  293       4.515088711036e-10 
  294       4.467012634580e-10 
  295       4.419172637349e-10 
  296       4.371589800600e-10 
  297       4.324283855646e-10 
  298       4.277268388007e-10 
  299       4.230555400550e-10 
  300       4.184156861345e-10 
  301       4.138084702002e-10 
  302       4.092350816002e-10 
  303       4.046967057033e-10 
  304       4.001945237323e-10 
  305       3.957297125976e-10 
  306       3.913034447303e-10 
  307       3.869168879161e-10 
  308       3.825712051281e-10 
  309       3.782675543608e-10 
  310       3.740070884629e-10 
  311       3.697909549714e-10 
  312       3.656202959444e-10 
  313       3.614962477951e-10 
  314       3.574199411246e-10 
  315       3.533925005556e-10 
  316       3.494150445661e-10 
  317       3.454886853223e-10 
  318       3.416145285123e-10 
  319       3.377936731794e-10 
  320       3.340272115558e-10 
  321       3.303162288955e-10 
  322       3.266618033082e-10 
  323       3.230650055924e-10 
  324       3.195268990690e-10 
  325       3.160485394147e-10 
  326       3.126309744951e-10 
  327       3.092752441986e-10 
  328       3.059823802695e-10 
  329       3.027534061416e-10 
  330       2.995893367713e-10 
  331       2.964911784714e-10 
  332       2.934598268409e-10 
  333       2.904957559783e-10 
  334       2.875993153799e-10 
  335       2.847708303441e-10 
  336       2.820106016944e-10 
  337       2.793189055017e-10 
  338       2.766959928074e-10 
  339       2.741420893460e-10 
  340       2.716573952684e-10 
  341       2.692420848640e-10 
  342       2.668963062840e-10 
  343       2.646201812641e-10 
  344       2.624138048473e-10 
  345       2.602772451065e-10 
  346       2.582105428677e-10 
  347       2.562137114324e-10 
  348       2.542867363007e-10 
  349       2.524295748939e-10 
  350       2.506421562776e-10 
  351       2.489243808841e-10 
  352       2.472761202355e-10 
  353       2.456972166665e-10 
  354       2.441874830468e-10 
  355       2.427467025047e-10 
  356       2.413746281490e-10 
  357       2.400709827926e-10 
  358       2.388354586746e-10 
  359       2.376677171838e-10 
  360       2.365673885808e-10 
  361       2.355340717214e-10 
  362       2.345673337791e-10 
  363       2.336667099680e-10 
  364       2.328317032654e-10 
  365       2.320617841351e-10 
  366       2.313563902496e-10 
  367       2.307149262133e-10 
  368       2.301367632852e-10 
  369       2.296212391017e-10 
  370       2.291676573993e-10 
  371       2.287753336604e-10 
  372       2.284437345842e-10 
  373       2.281723435258e-10 
  374       2.279606148289e-10 
  375       2.278079735887e-10 
  376       2.277138154148e-10 
  377       2.276775061939e-10 
  378       2.276983818522e-10 
  379       2.277757481185e-10 
  380       2.279088802869e-10 
  381       2.280970229793e-10 
  382       2.283393899083e-10 
  383       2.286351636400e-10 
  384       2.289834953567e-10 
  385       2.293835046194e-10 
  386       2.298342791308e-10 
  387       2.303348744979e-10 
  388       2.308843139951e-10 
  389       2.314815883261e-10 
  390       2.321256553876e-10 
  391       2.328154400314e-10 
  392       2.335498338274e-10 
  393       2.343276948261e-10 
  394       2.351478473217e-10 
  395       2.360090816144e-10 
  396       2.369101537737e-10 
  397       2.378497854006e-10 
  398       2.388266633903e-10 
  399       2.398394396957e-10 
  400       2.408867310890e-10 
  401       2.419671189256e-10 
  402       2.430791489060e-10 
  403       2.442213308386e-10 
  404       2.453921384031e-10 
  405       2.465900089124e-10 
  406       2.478133430758e-10 
  407       2.490605047618e-10 
  408       2.503298207606e-10 
  409       2.516195805467e-10 
  410       2.529280360422e-10 
  411       2.542535834104e-10 
  412       2.555953159999e-10 
  413       2.569524904719e-10 
  414       2.583243464254e-10 
  415       2.597101062893e-10 
  416       2.611089752137e-10 
  417       2.625201409619e-10 
  418       2.639427738021e-10 
  419       2.653760263991e-10 
  420       2.668190337060e-10 
  421       2.682709128561e-10 
  422       2.697307630545e-10 
  423       2.711976654696e-10 
  424       2.726706831254e-10 
  425       2.741488607927e-10 
  426       2.756312248811e-10 
  427       2.771167833309e-10 
  428       2.786045255043e-10 
  429       2.800934220775e-10 
  430       2.815824249326e-10 
  431       2.830704670490e-10 
  432       2.845564623952e-10 
  433       2.860393058206e-10 
  434       2.875178729473e-10 
  435       2.889910200617e-10 
  436       2.904575840063e-10 
  437       2.919163820714e-10 
  438       2.933662118870e-10 
  439       2.948058513142e-10 
  440       2.962340583372e-10 
  441       2.976495709550e-10 
  442       2.990511070731e-10 
  443       3.004373643952e-10 
  444       3.018070203150e-10 
  445       3.031587318077e-10 
  446       3.044911353223e-10 
  447       3.058028466727e-10 
  448       3.070924609298e-10 
  449       3.083585523130e-10 
  450       3.095996740822e-10 
  451       3.108145607690e-10 
  452       3.120027422648e-10 
  453       3.131639493104e-10 
  454       3.142979129553e-10 
  455       3.154043645693e-10 
  456       3.164830358528e-10 
  457       3.175336588479e-10 
  458       3.185559659489e-10 
  459       3.195496899137e-10 
  460       3.205145638743e-10 
  461       3.214503213476e-10 
  462       3.223566962462e-10 
  463       3.232334228897e-10 
  464       3.240802360151e-10 
  465       3.248968707876e-10 
  466       3.256830628118e-10 
  467       3.264385481422e-10 
  468       3.271630632943e-10 
  469       3.278563452555e-10 
  470       3.285181314953e-10 
  471       3.291481599772e-10 
  472       3.297461691686e-10 
  473       3.303118980520e-10 
  474       3.308450861362e-10 
  475       3.313454734664e-10 
  476       3.318128006357e-10 
  477       3.322468087957e-10 
  478       3.326472396671e-10 
  479       3.330138355510e-10 
  480       3.333463393394e-10 
  481       3.336444945263e-10 
  482       3.339080452183e-10 
  483       3.341367361456e-10 
  484       3.343303126727e-10 
  485       3.344885208095e-10 
  486       3.346111072218e-10 
  487       3.346978192426e-10 
  488       3.347484048824e-10 
  489       3.347626128405e-10 
  490       3.347401925154e-10 
  491       3.346809970346e-10 
  492       3.345852956767e-10 
  493       3.344534707255e-10 
  494       3.342859153503e-10 
  495       3.340830336680e-10 
  496       3.338452408049e-10 
  497       3.335729629590e-10 
  498       3.332666374619e-10 
  499       3.329267128407e-10 
  500       3.325536488802e-10 
  501       3.321479166848e-10 
  502       3.317099987406e-10 
  503       3.312403889773e-10 
  504       3.307395928304e-10 
  505       3.302081273031e-10 
  506       3.296465210281e-10 
  507       3.290553143302e-10 
  508       3.284350592877e-10 
  509       3.277863197948e-10 
  510       3.271096716236e-10 
  511       3.264057024857e-10 
  512       3.256750120948e-10 
  513       3.249182122284e-10 
  514       3.241359267899e-10 
  515       3.233287918705e-10 
  516       3.224974558113e-10 
  517       3.216425792655e-10 
  518       3.207648352600e-10 
  519       3.198649092578e-10 
  520       3.189434992199e-10 
  521       3.180013156673e-10 
  522       3.170390817428e-10 
  523       3.160575332736e-10 
  524       3.150574188325e-10 
  525       3.140394998008e-10 
  526       3.130045504297e-10 
  527       3.119533579025e-10 
  528       3.108867223965e-10 
  529       3.098054571453e-10 
  530       3.087103885007e-10 
  531       3.076023175252e-10 
  532       3.064819034871e-10 
  533       3.053497772945e-10 
  534       3.042065797214e-10 
  535       3.030529614534e-10 
  536       3.018895831334e-10 
  537       3.007171154071e-10 
  538       2.995362389689e-10 
  539       2.983476446074e-10 
  540       2.971520332513e-10 
  541       2.959501160147e-10 
  542       2.947426142432e-10 
  543       2.935302595594e-10 
  544       2.923137939083e-10 
  545       2.910939696035e-10 
  546       2.898715493726e-10 
  547       2.886473064027e-10 
  548       2.874220243864e-10 
  549       2.861964975674e-10 
  550       2.849715307859e-10 
  551       2.837479395247e-10 
  552       2.825265499547e-10 
  553       2.813081989802e-10 
  554       2.800937342854e-10 
  555       2.788840143793e-10 
  556       2.776799086416e-10 
  557       2.764822973688e-10 
  558       2.752920718193e-10 
  559       2.741101342592e-10 
  560       2.729373980083e-10 
  561       2.717747874854e-10 
  562       2.706232382543e-10 
  563       2.694836970692e-10 
  564       2.683571219204e-10 
  565       2.672444820802e-10 
  566       2.661467581485e-10 
  567       2.650649420982e-10 
  568       2.640000373212e-10 
  569       2.629530586741e-10 
  570       2.619250325235e-10 
  571       2.609168735327e-10 
  572       2.599290114752e-10 
  573       2.589617549936e-10 
  574       2.580154139988e-10 
  575       2.570902996699e-10 
  576       2.561867244550e-10 
  577       2.553050020710e-10 
  578       2.544454475047e-10 
  579       2.536083770127e-10 
  580       2.527941081217e-10 
  581       2.520029596296e-10 
  582       2.512352516049e-10 
  583       2.504913053879e-10 
  584       2.497714435909e-10 
  585       2.490759900980e-10 
  586       2.484052700665e-10 
  587       2.477596099264e-10 
  588       2.471393373813e-10 
  589       2.465447814086e-10 
  590       2.459762722600e-10 
  591       2.454341414616e-10 
  592       2.449187218148e-10 
  593       2.444303473961e-10 
  594       2.439693535580e-10 
  595       2.435360769292e-10 
  596       2.431308554147e-10 
  597       2.427540281968e-10 
  598       2.424059357348e-10 
  599       2.420869197661e-10 
  600       2.417973233058e-10 
  601       2.415374906479e-10 
  602       2.413077673652e-10 
  603       2.411085003096e-10 
  604       2.409400376128e-10 
  605       2.408027286868e-10 
  606       2.406969242237e-10 
  607       2.406229761967e-10 
  608       2.405812378601e-10 
  609       2.405720637499e-10 
  610       2.405958096842e-10 
  611       2.406527303201e-10 
  612       2.407426691419e-10 
  613       2.408653610821e-10 
  614       2.410205342623e-10 
  615       2.412079099618e-10 
  616       2.414272025842e-10 
  617       2.416781196255e-10 
  618       2.419603616413e-10 
  619       2.422736222144e-10 
  620       2.426175879223e-10 
  621       2.429919383049e-10 
  622       2.433963458317e-10 
  623       2.438304758696e-10 
  624       2.442939866501e-10 
  625       2.447865292373e-10 
  626       2.453077474947e-10 
  627       2.458572780535e-10 
  628       2.464347502796e-10 
  629       2.470397862412e-10 
  630       2.476720006764e-10 
  631       2.483310009608e-10 
  632       2.490163870748e-10 
  633       2.497277515712e-10 
  634       2.504646795428e-10 
  635       2.512267485898e-10 
  636       2.520135287873e-10 
  637       2.528245826530e-10 
  638       2.536594651144e-10 
  639       2.545177234768e-10 
  640       2.553988973903e-10 
  641       2.563025188174e-10 
  642       2.572281120010e-10 
  643       2.581751934313e-10 
  644       2.591432718136e-10 
  645       2.601318480359e-10 
  646       2.611404151363e-10 
  647       2.621684582702e-10 
  648       2.632154546786e-10 
  649       2.642808736549e-10 
  650       2.653641765126e-10 
  651       2.664648103296e-10 
  652       2.675821890923e-10 
  653       2.687157120653e-10 
  654       2.698647699417e-10 
  655       2.710287448095e-10 
  656       2.722070101170e-10 
  657       2.733989306386e-10 
  658       2.746038624407e-10 
  659       2.758211528474e-10 
  660       2.770501404060e-10 
  661       2.782901548532e-10 
  662       2.795405170805e-10 
  663       2.808005391001e-10 
  664       2.820695240107e-10 
  665       2.833467659631e-10 
  666       2.846315501260e-10 
  667       2.859231526521e-10 
  668       2.872208406431e-10 
  669       2.885238721163e-10 
  670       2.898314959697e-10 
  671       2.911429519482e-10 
  672       2.924574706090e-10 
  673       2.937742732878e-10 
  674       2.950925720639e-10 
  675       2.964115697267e-10 
  676       2.977304597409e-10 
  677       2.990484262125e-10 
  678       3.003646438545e-10 
  679       3.016782779526e-10 
  680       3.029884843311e-10 
  681       3.042944093185e-10 
  682       3.055951897134e-10 
  683       3.068899527502e-10 
  684       3.081778160646e-10 
  685       3.094578876598e-10 
  686       3.107292658720e-10 
  687       3.119910393363e-10 
  688       3.132422869521e-10 
  689       3.144820778494e-10 
  690       3.157094713539e-10 
  691       3.169236027854e-10 
  692       3.181239429057e-10 
  693       3.193100438769e-10 
  694       3.204814539130e-10 
  695       3.216377172662e-10 
  696       3.227783742153e-10 
  697       3.239029610522e-10 
  698       3.250110100697e-10 
  699       3.261020495484e-10 
  700       3.271756037442e-10 
  701       3.282311928756e-10 
  702       3.292683331111e-10 
  703       3.302865365562e-10 
  704       3.312853112408e-10 
  705       3.322641611068e-10 
  706       3.332225859949e-10 
  707       3.341600816323e-10 
  708       3.350761396197e-10 
  709       3.359702474188e-10 
  710       3.368418883396e-10 
  711       3.376905415275e-10 
  712       3.385156819508e-10 
  713       3.393167803879e-10 
  714       3.400933034144e-10 
  715       3.408447133910e-10 
  716       3.415704684501e-10 
  717       3.422700224834e-10 
  718       3.429428251293e-10 
  719       3.435883217601e-10 
  720       3.442059534690e-10 
  721       3.447951570581e-10 
  722       3.453553650249e-10 
  723       3.458860055502e-10 
  724       3.463865024849e-10 
  725       3.468562753378e-10 
  726       3.472947392625e-10 
  727       3.477013050449e-10 
  728       3.480753790905e-10 
  729       3.484163634114e-10 
  730       3.487236556140e-10 
  731       3.489967565683e-10 
  732       3.492355957981e-10 
  733       3.494402125582e-10 
  734       3.496106487508e-10 
  735       3.497469489377e-10 
  736       3.498491603516e-10 
  737       3.499173329071e-10 
  738       3.499515192127e-10 
  739       3.499517745820e-10 
  740       3.499181570450e-10 
  741       3.498507273599e-10 
  742       3.497495490241e-10 
  743       3.496146882863e-10 
  744       3.494462141570e-10 
  745       3.492441984209e-10 
  746       3.490087156476e-10 
  747       3.487398432037e-10 
  748       3.484376612637e-10 
  749       3.481022528215e-10 
  750       3.477337037024e-10 
  751       3.473321025737e-10 
  752       3.468975409569e-10 
  753       3.464301132387e-10 
  754       3.459299166826e-10 
  755       3.453970514401e-10 
  756       3.448316205628e-10 
  757       3.442337300130e-10 
  758       3.436034886757e-10 
  759       3.429410083699e-10 
  760       3.422464038600e-10 
  761       3.415197928673e-10 
  762       3.407612960813e-10 
  763       3.399710371714e-10 
  764       3.391491427982e-10 
  765       3.382957426249e-10 
  766       3.374109693288e-10 
  767       3.364949586127e-10 
  768       3.355478492164e-10 
  769       3.345697829282e-10 
  770       3.335609045962e-10 
  771       3.325214135629e-10 
  772       3.314517190129e-10 
  773       3.303522875873e-10 
  774       3.292235922488e-10 
  775       3.280661123037e-10 
  776       3.268803334232e-10 
  777       3.256667476658e-10 
  778       3.244258534987e-10 
  779       3.231581558197e-10 
  780       3.218641659792e-10 
  781       3.205444018019e-10 
  782       3.191993876083e-10 
  783       3.178296542370e-10 
  784       3.164357390664e-10 
  785       3.150181860362e-10 
  786       3.135775456695e-10 
  787       3.121143750946e-10 
  788       3.106292380667e-10 
  789       3.091227049897e-10 
  790       3.075953529383e-10 
  791       3.060477656791e-10 
  792       3.044805336935e-10 
  793       3.028942541985e-10 
  794       3.012895311689e-10 
  795       2.996669753594e-10 
  796       2.980272043260e-10 
  797       2.963708424477e-10 
  798       2.946985209490e-10 
  799       2.930108779210e-10 
  800       2.913085583435e-10 
  801       2.895922141068e-10 
  802       2.878625040336e-10 
  803       2.861200939006e-10 
  804       2.843656564604e-10 
  805       2.825998714636e-10 
  806       2.808234256799e-10 
  807       2.790370129208e-10 
  808       2.772413340606e-10 
  809       2.754370970589e-10 
  810       2.736250169819e-10 
  811       2.718057817132e-10 
  812       2.699799483645e-10 
  813       2.681480450443e-10 
  814       2.663106050157e-10 
  815       2.644681667116e-10 
  816       2.626212737507e-10 
  817       2.607704749529e-10 
  818       2.589163243550e-10 
  819       2.570593812257e-10 
  820       2.552002100822e-10 
  821       2.533393807045e-10 
  822       2.514774681520e-10 
  823       2.496150527787e-10 
  824       2.477527202483e-10 
  825       2.458910615506e-10 
  826       2.440306730165e-10 
  827       2.421721563335e-10 
  828       2.403161185618e-10 
  829       2.384631721492e-10 
  830       2.366139349472e-10 
  831       2.347690302261e-10 
  832       2.329290866909e-10 
  833       2.310947384968e-10 
  834       2.292666252646e-10 
  835       2.274453920965e-10 
  836       2.256316895913e-10 
  837       2.238261738604e-10 
  838       2.220295065430e-10 
  839       2.202423548218e-10 
  840       2.184653914386e-10 
  841       2.166992947099e-10 
  842       2.149447485423e-10 
  843       2.132024424479e-10 
  844       2.114730715605e-10 
  845       2.097573366504e-10 
  846       2.080559441406e-10 
  847       2.063696061218e-10 
  848       2.046990403685e-10 
  849       2.030449703539e-10 
  850       2.014081252663e-10 
  851       1.997891534805e-10 
  852       1.981883613165e-10 
  853       1.966059698312e-10 
  854       1.950422009570e-10 
  855       1.934972775029e-10 
  856       1.919714231555e-10 
  857       1.904648624810e-10 
  858       1.889778209257e-10 
  859       1.875105248174e-10 
  860       1.860632013668e-10 
  861       1.846360786689e-10 
  862       1.832293857036e-10 
  863       1.818433523376e-10 
  864       1.804782093252e-10 
  865       1.791341883099e-10 
  866       1.778115218253e-10 
  867       1.765104432964e-10 
  868       1.752311870411e-10 
  869       1.739739882711e-10 
  870       1.727390830933e-10 
  871       1.715267085111e-10 
  872       1.703371024254e-10 
  873       1.691705036362e-10 
  874       1.680271518433e-10 
  875       1.669072876482e-10 
  876       1.658111525548e-10 
  877       1.647389889708e-10 
  878       1.636910402091e-10 
  879       1.626675504888e-10 
  880       1.616687649365e-10 
  881       1.606949295877e-10 
  882       1.597462913877e-10 
  883       1.588230981932e-10 
  884       1.579255987734e-10 
  885       1.570540428111e-10 
  886       1.562086809041e-10 
  887       1.553897645663e-10 
  888       1.545975462291e-10 
  889       1.538322792425e-10 
  890       1.530942178765e-10 
  891       1.523835438667e-10 
  892       1.517001447307e-10 
  893       1.510438318217e-10 
  894       1.504144134452e-10 
  895       1.498116948488e-10 
  896       1.492354782126e-10 
  897       1.486855626394e-10 
  898       1.481617441442e-10 
  899       1.476638156454e-10 
  900       1.471915669540e-10 
  901       1.467447847642e-10 
  902       1.463232526436e-10 
  903       1.459267510230e-10 
  904       1.455550571870e-10 
  905       1.452079452636e-10 
  906       1.448851862150e-10 
  907       1.445865478270e-10 
  908       1.443117946999e-10 
  909       1.440606882379e-10 
  910       1.438329866400e-10 
  911       1.436284448896e-10 
  912       1.434468147447e-10 
  913       1.432878447282e-10 
  914       1.431512801183e-10 
  915       1.430368629379e-10 
  916       1.429443319455e-10 
  917       1.428734226249e-10 
  918       1.428238671754e-10 
  919       1.427953945023e-10 
  920       1.427877302065e-10 
  921       1.428005965751e-10 
  922       1.428337125711e-10 
  923       1.428867938241e-10 
  924       1.429595526200e-10 
  925       1.430516978912e-10 
  926       1.431629352071e-10 
  927       1.432929667637e-10 
  928       1.434414913741e-10 
  929       1.436082044588e-10 
  930       1.437927980353e-10 
  931       1.439949471747e-10 
  932       1.442142691577e-10 
  933       1.444503636579e-10 
  934       1.447028262067e-10 
  935       1.449712481813e-10 
  936       1.452552167927e-10 
  937       1.455543150745e-10 
  938       1.458681218707e-10 
  939       1.461962118241e-10 
  940       1.465381553649e-10 
  941       1.468935186985e-10 
  942       1.472618637940e-10 
  943       1.476427483725e-10 
  944       1.480357258953e-10 
  945       1.484403455522e-10 
  946       1.488561522498e-10 
  947       1.492826865997e-10 
  948       1.497194849068e-10 
  949       1.501660791577e-10 
  950       1.506219970088e-10 
  951       1.510867617746e-10 
  952       1.515598924160e-10 
  953       1.520409035286e-10 
  954       1.525293053310e-10 
  955       1.530246036530e-10 
  956       1.535262999239e-10 
  957       1.540338911608e-10 
  958       1.545468699567e-10 
  959       1.550647244692e-10 
  960       1.555869384082e-10 
  961       1.561129910245e-10 
  962       1.566423570984e-10 
  963       1.571745069270e-10 
  964       1.577089063137e-10 
  965       1.582450165554e-10 
  966       1.587822944315e-10 
  967       1.593201921918e-10 
  968       1.598581575447e-10 
  969       1.603956336461e-10 
  970       1.609320590867e-10 
  971       1.614669137599e-10 
  972       1.619998572418e-10 
  973       1.625305924690e-10 
  974       1.630588200427e-10 
  975       1.635842382226e-10 
  976       1.641065429212e-10 
  977       1.646254276978e-10 
  978       1.651405837528e-10 
  979       1.656516999216e-10 
  980       1.661584626686e-10 
  981       1.666605560816e-10 
  982       1.671576618659e-10 
  983       1.676494593380e-10 
  984       1.681356254203e-10 
  985       1.686158346346e-10 
  986       1.690897590968e-10 
  987       1.695570685104e-10 
  988       1.700174301611e-10 
  989       1.704705089108e-10 
  990       1.709159671914e-10 
  991       1.713534649992e-10 
  992       1.717826598891e-10 
  993       1.722032069683e-10 
  994       1.726147588909e-10 
  995       1.730169658515e-10 
  996       1.734094755798e-10 
  997       1.737919333343e-10 
  998       1.741639818966e-10 
  999       1.745252615656e-10 
 1000       1.748754101513e-10 
 1001       1.752140629693e-10 
 1002       1.755408528345e-10 
 1003       1.758554100556e-10 
 1004       1.761573624288e-10 
 1005       1.764463352322e-10 
 1006       1.767219512200e-10 
 1007       1.769838306161e-10 
 1008       1.772315911088e-10 
 1009       1.774648478445e-10 
 1010       1.776832134221e-10 
 1011       1.778863625986e-10 
 1012       1.780742274437e-10 
 1013       1.782468049932e-10 
 1014       1.784040927948e-10 
 1015       1.785460889097e-10 
 1016       1.786727919140e-10 
 1017       1.787842009010e-10 
 1018       1.788803154824e-10 
 1019       1.789611357901e-10 
 1020       1.790266624780e-10 
 1021       1.790768967238e-10 
 1022       1.791118402303e-10 
 1023       1.791314952275e-10 
 1024       1.791358644740e-10 
 1025       1.791249512589e-10 
 1026       1.790987594034e-10 
 1027       1.790572932627e-10 
 1028       1.790005577271e-10 
 1029       1.789285582246e-10 
 1030       1.788413007218e-10 
 1031       1.787387917260e-10 
 1032       1.786210382867e-10 
 1033       1.784880479976e-10 
 1034       1.783398289978e-10 
 1035       1.781763899742e-10 
 1036       1.779977401624e-10 
 1037       1.778038893489e-10 
 1038       1.775948478727e-10 
 1039       1.773706266271e-10 
 1040       1.771312370610e-10 
 1041       1.768766911811e-10 
 1042       1.766070015532e-10 
 1043       1.763221813041e-10 
 1044       1.760222441233e-10 
 1045       1.757072042646e-10 
 1046       1.753770765478e-10 
 1047       1.750318763607e-10 
 1048       1.746716196601e-10 
 1049       1.742963229743e-10 
 1050       1.739060034043e-10 
 1051       1.735007153539e-10 
 1052       1.730806612754e-10 
 1053       1.726460824670e-10 
 1054       1.721972224894e-10 
 1055       1.717343271715e-10 
 1056       1.712576446163e-10 
 1057       1.707674252062e-10 
 1058       1.702639216093e-10 
 1059       1.697473887845e-10 
 1060       1.692180839873e-10 
 1061       1.686762667757e-10 
 1062       1.681221990159e-10 
 1063       1.675561448875e-10 
 1064       1.669783708899e-10 
 1065       1.663891458474e-10 
 1066       1.657887409150e-10 
 1067       1.651774295844e-10 
 1068       1.645554876892e-10 
 1069       1.639231934112e-10 
 1070       1.632808272852e-10 
 1071       1.626286722057e-10 
 1072       1.619670134319e-10 
 1073       1.612961385934e-10 
 1074       1.606163376962e-10 
 1075       1.599279031283e-10 
 1076       1.592311296651e-10 
 1077       1.585263144755e-10 
 1078       1.578137571273e-10 
 1079       1.570937595929e-10 
 1080       1.563666262551e-10 
 1081       1.556326639126e-10 
 1082       1.548921817861e-10 
 1083       1.541454915234e-10 
 1084       1.533929072055e-10 
 1085       1.526347453520e-10 
 1086       1.518713249271e-10 
 1087       1.511029673451e-10 
 1088       1.503299964761e-10 
 1089       1.495527386515e-10 
 1090       1.487715226700e-10 
 1091       1.479866691650e-10 
 1092       1.471984585392e-10 
 1093       1.464071626117e-10 
 1094       1.456130552222e-10 
 1095       1.448164122349e-10 
 1096       1.440175115441e-10 
 1097       1.432166330778e-10 
 1098       1.424140588032e-10 
 1099       1.416100727306e-10 
 1100       1.408049609184e-10 
 1101       1.399990114777e-10 
 1102       1.391925145767e-10 
 1103       1.383857624455e-10 
 1104       1.375790493807e-10 
 1105       1.367726717499e-10 
 1106       1.359669279964e-10 
 1107       1.351621186438e-10 
 1108       1.343585463004e-10 
 1109       1.335565156644e-10 
 1110       1.327563335278e-10 
 1111       1.319583087813e-10 
 1112       1.311627524192e-10 
 1113       1.303699775436e-10 
 1114       1.295802993690e-10 
 1115       1.287940352274e-10 
 1116       1.280115045723e-10 
 1117       1.272330289837e-10 
 1118       1.264589321727e-10 
 1119       1.256895399857e-10 
 1120       1.249251804097e-10 
 1121       1.241661835763e-10 
 1122       1.234128817666e-10 
 1123       1.226656094158e-10 
 1124       1.219247031177e-10 
 1125       1.211905016293e-10 
 1126       1.204633458757e-10 
 1127       1.197435789543e-10 
 1128       1.190315461398e-10 
 1129       1.183275948884e-10 
 1130       1.176320748427e-10 
 1131       1.169452957092e-10 
 1132       1.162674002852e-10 
 1133       1.155984898004e-10 
 1134       1.149386658958e-10 
 1135       1.142880306244e-10 
 1136       1.136466864520e-10 
 1137       1.130147362575e-10 
 1138       1.123922833341e-10 
 1139       1.117794313895e-10 
 1140       1.111762845467e-10 
 1141       1.105829473447e-10 
 1142       1.099995247392e-10 
 1143       1.094261221033e-10 
 1144       1.088628452278e-10 
 1145       1.083098003224e-10 
 1146       1.077670940159e-10 
 1147       1.072348333573e-10 
 1148       1.067131258160e-10 
 1149       1.062020792828e-10 
 1150       1.057018020705e-10 
 1151       1.052124029142e-10 
 1152       1.047339909727e-10 
 1153       1.042666758284e-10 
 1154       1.038105674885e-10 
 1155       1.033657763853e-10 
 1156       1.029324133772e-10 
 1157       1.025105897491e-10 
 1158       1.021004172130e-10 
 1159       1.017020079090e-10 
 1160       1.013154744057e-10 
 1161       1.009409297010e-10 
 1162       1.005784872225e-10 
 1163       1.002282608285e-10 
 1164       9.989036480860e-11 
 1165       9.956491388409e-11 
 1166       9.925202320889e-11 
 1167       9.895180837013e-11 
 1168       9.866438538880e-11 
 1169       9.838987072040e-11 
 1170       9.812838125563e-11 
 1171       9.787999560024e-11 
 1172       9.764463738424e-11 
 1173       9.742219049757e-11 
 1174       9.721253767606e-11 
 1175       9.701556049874e-11 
 1176       9.683113938511e-11 
 1177       9.665915359238e-11 
 1178       9.649948121282e-11 
 1179       9.635199917094e-11 
 1180       9.621658322086e-11 
 1181       9.609310794351e-11 
 1182       9.598144674398e-11 
 1183       9.588147184872e-11 
 1184       9.579305430288e-11 
 1185       9.571606396754e-11 
 1186       9.565036951702e-11 
 1187       9.559583843615e-11 
 1188       9.555233701751e-11 
 1189       9.551973035878e-11 
 1190       9.549788235992e-11 
 1191       9.548665572056e-11 
 1192       9.548591193716e-11 
 1193       9.549551130038e-11 
 1194       9.551531289230e-11 
 1195       9.554517458371e-11 
 1196       9.558495303142e-11 
 1197       9.563450367549e-11 
 1198       9.569368073651e-11 
 1199       9.576233721291e-11 
 1200       9.584032487822e-11 
 1201       9.592749427833e-11 
 1202       9.602369472880e-11 
 1203       9.612877431209e-11 
 1204       9.624257987490e-11 
 1205       9.636495702536e-11 
 1206       9.649575013042e-11 
 1207       9.663480231300e-11 
 1208       9.678195544937e-11 
 1209       9.693705016637e-11 
 1210       9.709992583872e-11 
 1211       9.727041160817e-11 
 1212       9.744829932799e-11 
 1213       9.763337028650e-11 
 1214       9.782540415214e-11 
 1215       9.802417896992e-11 
 1216       9.822947115806e-11 
 1217       9.844105550447e-11 
 1218       9.865870516329e-11 
 1219       9.888219165149e-11 
 1220       9.911128484534e-11 
 1221       9.934575297702e-11 
 1222       9.958536263109e-11 
 1223       9.982987874111e-11 
 1224       1.000790645861e-10 
 1225       1.003326817872e-10 
 1226       1.005904903041e-10 
 1227       1.008522484315e-10 
 1228       1.011177127960e-10 
 1229       1.013866383523e-10 
 1230       1.016587783799e-10 
 1231       1.019338844794e-10 
 1232       1.022117065695e-10 
 1233       1.024919928833e-10 
 1234       1.027744899646e-10 
 1235       1.030589426649e-10 
 1236       1.033450941395e-10 
 1237       1.036326858444e-10 
 1238       1.039214575326e-10 
 1239       1.042111472510e-10 
 1240       1.045014913363e-10 
 1241       1.047922244122e-10 
 1242       1.050830793855e-10 
 1243       1.053737874430e-10 
 1244       1.056640780478e-10 
 1245       1.059536789356e-10 
 1246       1.062423161120e-10 
 1247       1.065297138483e-10 
 1248       1.068155946784e-10 
 1249       1.070996793952e-10 
 1250       1.073816870472e-10 
 1251       1.076613570237e-10 
 1252       1.079385155987e-10 
 1253       1.082130101575e-10 
 1254       1.084846871773e-10 
 1255       1.087533922249e-10 
 1256       1.090189699555e-10 
 1257       1.092812641104e-10 
 1258       1.095401175157e-10 
 1259       1.097953720804e-10 
 1260       1.100468687944e-10 
 1261       1.102944477270e-10 
 1262       1.105379480249e-10 
 1263       1.107772079109e-10 
 1264       1.110120646814e-10 
 1265       1.112423547053e-10 
 1266       1.114679134220e-10 
 1267       1.116885753396e-10 
 1268       1.119041740330e-10 
 1269       1.121145421423e-10 
 1270       1.123195113714e-10 
 1271       1.125189124853e-10 
 1272       1.127125753093e-10 
 1273       1.129003287266e-10 
 1274       1.130820006769e-10 
 1275       1.132574181544e-10 
 1276       1.134264072062e-10 
 1277       1.135887929304e-10 
 1278       1.137443994745e-10 
 1279       1.138930500335e-10 
 1280       1.140345668479e-10 
 1281       1.141687712027e-10 
 1282       1.142954834248e-10 
 1283       1.144145228816e-10 
 1284       1.145257079792e-10 
 1285       1.146288561609e-10 
 1286       1.147237839048e-10 
 1287       1.148103067227e-10 
 1288       1.148882391579e-10 
 1289       1.149573947836e-10 
 1290       1.150175862012e-10 
 1291       1.150686581276e-10 
 1292       1.151105870715e-10 
 1293       1.151433827826e-10 
 1294       1.151670552652e-10 
 1295       1.151816147788e-10 
 1296       1.151870718388e-10 
 1297       1.151834372174e-10 
 1298       1.151707219435e-10 
 1299       1.151489373040e-10 
 1300       1.151180948441e-10 
 1301       1.150782063680e-10 
 1302       1.150292839394e-10 
 1303       1.149713398823e-10 
 1304       1.149043867815e-10 
 1305       1.148284374831e-10 
 1306       1.147435050954e-10 
 1307       1.146496029893e-10 
 1308       1.145467447990e-10 
 1309       1.144349444227e-10 
 1310       1.143142160228e-10 
 1311       1.141845740272e-10 
 1312       1.140460331292e-10 
 1313       1.138986082887e-10 
 1314       1.137423147325e-10 
 1315       1.135771679549e-10 
 1316       1.134031837185e-10 
 1317       1.132203780548e-10 
 1318       1.130287672644e-10 
 1319       1.128283679184e-10 
 1320       1.126191968581e-10 
 1321       1.124012711965e-10 
 1322       1.121746083182e-10 
 1323       1.119392258804e-10 
 1324       1.116951418135e-10 
 1325       1.114423743215e-10 
 1326       1.111809418829e-10 
 1327       1.109108632510e-10 
 1328       1.106321574548e-10 
 1329       1.103448437996e-10 
 1330       1.100489418673e-10 
 1331       1.097444912427e-10 
 1332       1.094316109276e-10 
 1333       1.091104405807e-10 
 1334       1.087811208530e-10 
 1335       1.084437933899e-10 
 1336       1.080986008335e-10 
 1337       1.077456868240e-10 
 1338       1.073851960021e-10 
 1339       1.070172740105e-10 
 1340       1.066420674963e-10 
 1341       1.062597241129e-10 
 1342       1.058703925214e-10 
 1343       1.054742223934e-10 
 1344       1.050713644122e-10 
 1345       1.046619702752e-10 
 1346       1.042461926958e-10 
 1347       1.038241854049e-10 
 1348       1.033961031537e-10 
 1349       1.029621017148e-10 
 1350       1.025223378847e-10 
 1351       1.020769694854e-10 
 1352       1.016261553668e-10 
 1353       1.011700554081e-10 
 1354       1.007088305201e-10 
 1355       1.002426426470e-10 
 1356       9.977165476866e-11 
 1357       9.929603090201e-11 
 1358       9.881593610347e-11 
 1359       9.833153647067e-11 
 1360       9.784299914448e-11 
 1361       9.735049231093e-11 
 1362       9.685418520319e-11 
 1363       9.635424810347e-11 
 1364       9.585085234502e-11 
 1365       9.534417031405e-11 
 1366       9.483437545172e-11 
 1367       9.432164225602e-11 
 1368       9.380614628380e-11 
 1369       9.328806415267e-11 
 1370       9.276757354295e-11 
 1371       9.224484879635e-11 
 1372       9.172004765655e-11 
 1373       9.119332439103e-11 
 1374       9.066483418328e-11 
 1375       9.013473313440e-11 
 1376       8.960317826480e-11 
 1377       8.907032751587e-11 
 1378       8.853633975166e-11 
 1379       8.800137476050e-11 
 1380       8.746559325675e-11 
 1381       8.692915688241e-11 
 1382       8.639222820878e-11 
 1383       8.585497073819e-11 
 1384       8.531754890562e-11 
 1385       8.478012808037e-11 
 1386       8.424287456777e-11 
 1387       8.370595561081e-11 
 1388       8.316953939181e-11 
 1389       8.263379503413e-11 
 1390       8.209889260378e-11 
 1391       8.156500311115e-11 
 1392       8.103229851263e-11 
 1393       8.050095171231e-11 
 1394       7.997113656364e-11 
 1395       7.944302787109e-11 
 1396       7.891680139184e-11 
 1397       7.839263383744e-11 
 1398       7.787070287547e-11 
 1399       7.735118713121e-11 
 1400       7.683426618934e-11 
 1401       7.632012059557e-11 
 1402       7.580893185833e-11 
 1403       7.530088245044e-11 
 1404       7.479615581077e-11 
 1405       7.429493634592e-11 
 1406       7.379740943188e-11 
 1407       7.330376141570e-11 
 1408       7.281417961718e-11 
 1409       7.232885233051e-11 
 1410       7.184796882596e-11 
 1411       7.137169791668e-11 
 1412       7.090012341280e-11 
 1413       7.043330800168e-11 
 1414       6.997131462245e-11 
 1415       6.951420646637e-11 
 1416       6.906204697724e-11 
 1417       6.861489985173e-11 
 1418       6.817282903983e-11 
 1419       6.773589874515e-11 
 1420       6.730417342535e-11 
 1421       6.687771779249e-11 
 1422       6.645659681346e-11 
 1423       6.604087571027e-11 
 1424       6.563061996051e-11 
 1425       6.522589529770e-11 
 1426       6.482676771164e-11 
 1427       6.443330344885e-11 
 1428       6.404556901288e-11 
 1429       6.366363116475e-11 
 1430       6.328755692328e-11 
 1431       6.291741356550e-11 
 1432       6.255326862701e-11 
 1433       6.219518990237e-11 
 1434       6.184324544547e-11 
 1435       6.149750356993e-11 
 1436       6.115803284943e-11 
 1437       6.082490211814e-11 
 1438       6.049818047109e-11 
 1439       6.017793726452e-11 
 1440       5.986424211627e-11 
 1441       5.955716490618e-11 
 1442       5.925677577644e-11 
 1443       5.896314513199e-11 
 1444       5.867634364088e-11 
 1445       5.839644223468e-11 
 1446       5.812351210881e-11 
 1447       5.785762472295e-11 
 1448       5.759885180143e-11 
 1449       5.734726533359e-11 
 1450       5.710293757413e-11 
 1451       5.686592006396e-11 
 1452       5.663618046033e-11 
 1453       5.641366507071e-11 
 1454       5.619831977379e-11 
 1455       5.599009001865e-11 
 1456       5.578892082393e-11 
 1457       5.559475677706e-11 
 1458       5.540754203340e-11 
 1459       5.522722031547e-11 
 1460       5.505373491208e-11 
 1461       5.488702867753e-11 
 1462       5.472704403083e-11 
 1463       5.457372295483e-11 
 1464       5.442700699545e-11 
 1465       5.428683726082e-11 
 1466       5.415315442051e-11 
 1467       5.402589870468e-11 
 1468       5.390500990327e-11 
 1469       5.379042736519e-11 
 1470       5.368208999750e-11 
 1471       5.357993626459e-11 
 1472       5.348390418738e-11 
 1473       5.339393134248e-11 
 1474       5.330995486139e-11 
 1475       5.323191142967e-11 
 1476       5.315973728616e-11 
 1477       5.309336822210e-11 
 1478       5.303273958037e-11 
 1479       5.297778625464e-11 
 1480       5.292844268859e-11 
 1481       5.288464287504e-11 
 1482       5.284632035519e-11 
 1483       5.281340821776e-11 
 1484       5.278583909819e-11 
 1485       5.276354517784e-11 
 1486       5.274645818316e-11 
 1487       5.273450938484e-11 
 1488       5.272762959705e-11 
 1489       5.272574917661e-11 
 1490       5.272879802213e-11 
 1491       5.273669889781e-11 
 1492       5.274934733460e-11 
 1493       5.276663153021e-11 
 1494       5.278843900552e-11 
 1495       5.281465660337e-11 
 1496       5.284517048740e-11 
 1497       5.287986614087e-11 
 1498       5.291862836547e-11 
 1499       5.296134128018e-11 
 1500       5.300788832005e-11 
 1501       5.305815223504e-11 
 1502       5.311201508888e-11 
 1503       5.316935825782e-11 
 1504       5.323006242952e-11 
 1505       5.329400760184e-11 
 1506       5.336107308166e-11 
 1507       5.343113748373e-11 
 1508       5.350407872947e-11 
 1509       5.357977404581e-11 
 1510       5.365809996399e-11 
 1511       5.373893231841e-11 
 1512       5.382214624544e-11 
 1513       5.390761618225e-11 
 1514       5.399521586560e-11 
 1515       5.408481833074e-11 
 1516       5.417629591014e-11 
 1517       5.426952023239e-11 
 1518       5.436436222099e-11 
 1519       5.446069209316e-11 
 1520       5.455837935869e-11 
 1521       5.465729281875e-11 
 1522       5.475730056472e-11 
 1523       5.485826997701e-11 
 1524       5.496006772389e-11 
 1525       5.506255976029e-11 
 1526       5.516561132666e-11 
 1527       5.526908694775e-11 
 1528       5.537285043149e-11 
 1529       5.547676486776e-11 
 1530       5.558069262723e-11 
 1531       5.568450464450e-11 
 1532       5.578810836679e-11 
 1533       5.589142006992e-11 
 1534       5.599435559755e-11 
 1535       5.609683036048e-11 
 1536       5.619875933592e-11 
 1537       5.630005706683e-11 
 1538       5.640063766119e-11 
 1539       5.650041479132e-11 
 1540       5.659930169315e-11 
 1541       5.669721116555e-11 
 1542       5.679405556960e-11 
 1543       5.688974682791e-11 
 1544       5.698419642390e-11 
 1545       5.707731540113e-11 
 1546       5.716901436256e-11 
 1547       5.725920346987e-11 
 1548       5.734779244276e-11 
 1549       5.743469055822e-11 
 1550       5.751980664989e-11 
 1551       5.760304910729e-11 
 1552       5.768432587516e-11 
 1553       5.776354445274e-11 
 1554       5.784061189307e-11 
 1555       5.791543480233e-11 
 1556       5.798791933905e-11 
 1557       5.805797121350e-11 
 1558       5.812549568692e-11 
 1559       5.819039757089e-11 
 1560       5.825258122654e-11 
 1561       5.831195056391e-11 
 1562       5.836840904126e-11 
 1563       5.842185966430e-11 
 1564       5.847220498555e-11 
 1565       5.851934710364e-11 
 1566       5.856318766254e-11 
 1567       5.860362785095e-11 
 1568       5.864056840153e-11 
 1569       5.867390959022e-11 
 1570       5.870355123557e-11 
 1571       5.872940872676e-11 
 1572       5.875146127252e-11 
 1573       5.876970410014e-11 
 1574       5.878413246751e-11 
 1575       5.879474166317e-11 
 1576       5.880152700647e-11 
 1577       5.880448384756e-11 
 1578       5.880360756752e-11 
 1579       5.879889357843e-11 
 1580       5.879033732342e-11 
 1581       5.877793427677e-11 
 1582       5.876167994401e-11 
 1583       5.874156986195e-11 
 1584       5.871759959877e-11 
 1585       5.868976475413e-11 
 1586       5.865806095922e-11 
 1587       5.862248387681e-11 
 1588       5.858302920141e-11 
 1589       5.853969265925e-11 
 1590       5.849247000842e-11 
 1591       5.844135703895e-11 
 1592       5.838634957284e-11 
 1593       5.832744346417e-11 
 1594       5.826463459918e-11 
 1595       5.819791889634e-11 
 1596       5.812729230643e-11 
 1597       5.805275081260e-11 
 1598       5.797429043048e-11 
 1599       5.789190720822e-11 
 1600       5.780559722661e-11 
 1601       5.771535659911e-11 
 1602       5.762118147197e-11 
 1603       5.752306802428e-11 
 1604       5.742101246806e-11 
 1605       5.731501104832e-11 
 1606       5.720506004318e-11 
 1607       5.709115576388e-11 
 1608       5.697329455492e-11 
 1609       5.685147279412e-11 
 1610       5.672568689267e-11 
 1611       5.659594405417e-11 
 1612       5.646229465837e-11 
 1613       5.632480017168e-11 
 1614       5.618352241544e-11 
 1615       5.603852356654e-11 
 1616       5.588986615796e-11 
 1617       5.573761307940e-11 
 1618       5.558182757777e-11 
 1619       5.542257325786e-11 
 1620       5.525991408283e-11 
 1621       5.509391437484e-11 
 1622       5.492463881560e-11 
 1623       5.475215244695e-11 
 1624       5.457652067144e-11 
 1625       5.439780925289e-11 
 1626       5.421608431699e-11 
 1627       5.403141235183e-11 
 1628       5.384386020854e-11 
 1629       5.365349510179e-11 
 1630       5.346038461042e-11 
 1631       5.326459667801e-11 
 1632       5.306619961342e-11 
 1633       5.286526209139e-11 
 1634       5.266185315310e-11 
 1635       5.245604220679e-11 
 1636       5.224789902825e-11 
 1637       5.203749376148e-11 
 1638       5.182489691921e-11 
 1639       5.161017938350e-11 
 1640       5.139341240630e-11 
 1641       5.117466761005e-11 
 1642       5.095401698820e-11 
 1643       5.073153290586e-11 
 1644       5.050728810030e-11 
 1645       5.028135568158e-11 
 1646       5.005380913311e-11 
 1647       4.982472231220e-11 
 1648       4.959416945065e-11 
 1649       4.936222515535e-11 
 1650       4.912896440882e-11 
 1651       4.889446198310e-11 
 1652       4.865879067458e-11 
 1653       4.842202305467e-11 
 1654       4.818423205564e-11 
 1655       4.794549097114e-11 
 1656       4.770587345679e-11 
 1657       4.746545353067e-11 
 1658       4.722430557392e-11 
 1659       4.698250433126e-11 
 1660       4.674012491156e-11 
 1661       4.649724278838e-11 
 1662       4.625393380050e-11 
 1663       4.601027415249e-11 
 1664       4.576634041526e-11 
 1665       4.552220952661e-11 
 1666       4.527795879174e-11 
 1667       4.503366588385e-11 
 1668       4.478940884468e-11 
 1669       4.454526608503e-11 
 1670       4.430131638533e-11 
 1671       4.405763889618e-11 
 1672       4.381431313891e-11 
 1673       4.357141900611e-11 
 1674       4.332903676221e-11 
 1675       4.308724704399e-11 
 1676       4.284613086116e-11 
 1677       4.260576959690e-11 
 1678       4.236624500837e-11 
 1679       4.212763922735e-11 
 1680       4.189003476068e-11 
 1681       4.165351449090e-11 
 1682       4.141816167673e-11 
 1683       4.118405995368e-11 
 1684       4.095129333453e-11 
 1685       4.071994620995e-11 
 1686       4.049010334899e-11 
 1687       4.026184989967e-11 
 1688       4.003527138950e-11 
 1689       3.981045372605e-11 
 1690       3.958748319749e-11 
 1691       3.936643725322e-11 
 1692       3.914735675758e-11 
 1693       3.893027349715e-11 
 1694       3.871521937906e-11 
 1695       3.850222643116e-11 
 1696       3.829132680214e-11 
 1697       3.808255276173e-11 
 1698       3.787593670084e-11 
 1699       3.767151113176e-11 
 1700       3.746930868824e-11 
 1701       3.726936212576e-11 
 1702       3.707170432160e-11 
 1703       3.687636827505e-11 
 1704       3.668338710756e-11 
 1705       3.649279406291e-11 
 1706       3.630462250736e-11 
 1707       3.611890592980e-11 
 1708       3.593567794196e-11 
 1709       3.575497227853e-11 
 1710       3.557682279731e-11 
 1711       3.540126347941e-11 
 1712       3.522832842942e-11 
 1713       3.505805187552e-11 
 1714       3.489046816967e-11 
 1715       3.472561178779e-11 
 1716       3.456351732988e-11 
 1717       3.440421952025e-11 
 1718       3.424775320759e-11 
 1719       3.409415336521e-11 
 1720       3.394345509116e-11 
 1721       3.379569360841e-11 
 1722       3.365090426501e-11 
 1723       3.350912253425e-11 
 1724       3.337038401480e-11 
 1725       3.323472443092e-11 
 1726       3.310217963258e-11 
 1727       3.297278559564e-11 
 1728       3.284657842201e-11 
 1729       3.272359433980e-11 
 1730       3.260386970351e-11 
 1731       3.248743104576e-11 
 1732       3.237426514031e-11 
 1733       3.226434868631e-11 
 1734       3.215765823351e-11 
 1735       3.205417018204e-11 
 1736       3.195386078214e-11 
 1737       3.185670613393e-11 
 1738       3.176268218719e-11 
 1739       3.167176474113e-11 
 1740       3.158392944412e-11 
 1741       3.149915179349e-11 
 1742       3.141740713527e-11 
 1743       3.133867066396e-11 
 1744       3.126291742231e-11 
 1745       3.119012230105e-11 
 1746       3.112026003868e-11 
 1747       3.105330522124e-11 
 1748       3.098923228204e-11 
 1749       3.092801550146e-11 
 1750       3.086962900669e-11 
 1751       3.081404677151e-11 
 1752       3.076124261604e-11 
 1753       3.071119020651e-11 
 1754       3.066386305503e-11 
 1755       3.061923451933e-11 
 1756       3.057727780257e-11 
 1757       3.053796595306e-11 
 1758       3.050127186403e-11 
 1759       3.046716827341e-11 
 1760       3.043562776359e-11 
 1761       3.040662276118e-11 
 1762       3.038012553678e-11 
 1763       3.035610820471e-11 
 1764       3.033454272284e-11 
 1765       3.031540089230e-11 
 1766       3.029865435724e-11 
 1767       3.028427460465e-11 
 1768       3.027223296405e-11 
 1769       3.026250060732e-11 
 1770       3.025504854843e-11 
 1771       3.024984387425e-11 
 1772       3.024683840354e-11 
 1773       3.024597993380e-11 
 1774       3.024721600132e-11 
 1775       3.025049388082e-11 
 1776       3.025576058506e-11 
 1777       3.026296286443e-11 
 1778       3.027204720662e-11 
 1779       3.028295983622e-11 
 1780       3.029564671432e-11 
 1781       3.031005353815e-11 
 1782       3.032612574070e-11 
 1783       3.034380849033e-11 
 1784       3.036304669039e-11 
 1785       3.038378497886e-11 
 1786       3.040596772793e-11 
 1787       3.042953904368e-11 
 1788       3.045444276562e-11 
 1789       3.048062246638e-11 
 1790       3.050802145130e-11 
 1791       3.053658275804e-11 
 1792       3.056624915623e-11 
 1793       3.059696314705e-11 
 1794       3.062866696290e-11 
 1795       3.066130256696e-11 
 1796       3.069481165286e-11 
 1797       3.072913564428e-11 
 1798       3.076421569456e-11 
 1799       3.079999268633e-11 
 1800       3.083640723115e-11 
 1801       3.087339966908e-11 
 1802       3.091091006836e-11 
 1803       3.094887822496e-11 
 1804       3.098724366228e-11 
 1805       3.102594563069e-11 
 1806       3.106492310722e-11 
 1807       3.110411479512e-11 
 1808       3.114345912354e-11 
 1809       3.118289424707e-11 
 1810       3.122235804545e-11 
 1811       3.126179182118e-11 
 1812       3.130115142602e-11 
 1813       3.134039622366e-11 
 1814       3.137948539958e-11 
 1815       3.141837796081e-11 
 1816       3.145703273566e-11 
 1817       3.149540837353e-11 
 1818       3.153346334459e-11 
 1819       3.157115593961e-11 
 1820       3.160844426966e-11 
 1821       3.164528626589e-11 
 1822       3.168163967928e-11 
 1823       3.171746208040e-11 
 1824       3.175271085914e-11 
 1825       3.178734322452e-11 
 1826       3.182131620437e-11 
 1827       3.185458664515e-11 
 1828       3.188711121167e-11 
 1829       3.191884638685e-11 
 1830       3.194974847149e-11 
 1831       3.197977358402e-11 
 1832       3.200887766022e-11 
 1833       3.203701645303e-11 
 1834       3.206414553226e-11 
 1835       3.209022028440e-11 
 1836       3.211519591228e-11 
 1837       3.213902743495e-11 
 1838       3.216166968730e-11 
 1839       3.218307731995e-11 
 1840       3.220320479888e-11 
 1841       3.222200640529e-11 
 1842       3.223943623528e-11 
 1843       3.225544819963e-11 
 1844       3.226999602359e-11 
 1845       3.228303324657e-11 
 1846       3.229451322194e-11 
 1847       3.230438911677e-11 
 1848       3.231261391160e-11 
 1849       3.231914040017e-11 
 1850       3.232392118918e-11 
 1851       3.232691599263e-11 
 1852       3.232811357833e-11 
 1853       3.232750999438e-11 
 1854       3.232510129039e-11 
 1855       3.232088351750e-11 
 1856       3.231485272836e-11 
 1857       3.230700497717e-11 
 1858       3.229733631968e-11 
 1859       3.228584281319e-11 
 1860       3.227252051658e-11 
 1861       3.225736549028e-11 
 1862       3.224037379634e-11 
 1863       3.222154149840e-11 
 1864       3.220086466171e-11 
 1865       3.217833935314e-11 
 1866       3.215396164118e-11 
 1867       3.212772759597e-11 
 1868       3.209963328930e-11 
 1869       3.206967479462e-11 
 1870       3.203784818706e-11 
 1871       3.200414954341e-11 
 1872       3.196857494217e-11 
 1873       3.193112046353e-11 
 1874       3.189178218941e-11 
 1875       3.185055620343e-11 
 1876       3.180743859096e-11 
 1877       3.176242543911e-11 
 1878       3.171551283673e-11 
 1879       3.166669687446e-11 
 1880       3.161597364468e-11 
 1881       3.156333924158e-11 
 1882       3.150878976114e-11 
 1883       3.145232130113e-11 
 1884       3.139392996116e-11 
 1885       3.133361184264e-11 
 1886       3.127136304883e-11 
 1887       3.120717968483e-11 
 1888       3.114105785761e-11 
 1889       3.107299367598e-11 
 1890       3.100298325065e-11 
 1891       3.093102802685e-11 
 1892       3.085715082734e-11 
 1893       3.078137993362e-11 
 1894       3.070374376471e-11 
 1895       3.062427087733e-11 
 1896       3.054298996611e-11 
 1897       3.045992986381e-11 
 1898       3.037511954143e-11 
 1899       3.028858810846e-11 
 1900       3.020036481307e-11 
 1901       3.011047904226e-11 
 1902       3.001896032208e-11 
 1903       2.992583831781e-11 
 1904       2.983114283415e-11 
 1905       2.973490381541e-11 
 1906       2.963715134570e-11 
 1907       2.953791564911e-11 
 1908       2.943722708991e-11 
 1909       2.933511617274e-11 
 1910       2.923161354279e-11 
 1911       2.912674998599e-11 
 1912       2.902055642921e-11 
 1913       2.891306394043e-11 
 1914       2.880430372896e-11 
 1915       2.869430714560e-11 
 1916       2.858310568283e-11 
 1917       2.847073097502e-11 
 1918       2.835721479860e-11 
 1919       2.824258907228e-11 
 1920       2.812688585717e-11 
 1921       2.801013735707e-11 
 1922       2.789237591856e-11 
 1923       2.777363403125e-11 
 1924       2.765394432795e-11 
 1925       2.753333958487e-11 
 1926       2.741185272179e-11 
 1927       2.728951680226e-11 
 1928       2.716636503380e-11 
 1929       2.704243076806e-11 
 1930       2.691774750104e-11 
 1931       2.679234912652e-11 
 1932       2.666627069811e-11 
 1933       2.653954767333e-11 
 1934       2.641221566112e-11 
 1935       2.628431042201e-11 
 1936       2.615586786834e-11 
 1937       2.602692406443e-11 
 1938       2.589751522677e-11 
 1939       2.576767772427e-11 
 1940       2.563744807841e-11 
 1941       2.550686296345e-11 
 1942       2.537595920663e-11 
 1943       2.524477378836e-11 
 1944       2.511334384243e-11 
 1945       2.498170665620e-11 
 1946       2.484989967079e-11 
 1947       2.471796048130e-11 
 1948       2.458592683697e-11 
 1949       2.445383664143e-11 
 1950       2.432172795284e-11 
 1951       2.418963898411e-11 
 1952       2.405760810314e-11 
 1953       2.392567383293e-11 
 1954       2.379387485185e-11 
 1955       2.366224999382e-11 
 1956       2.353083824849e-11 
 1957       2.339967876145e-11 
 1958       2.326881083442e-11 
 1959       2.313827392545e-11 
 1960       2.300810764913e-11 
 1961       2.287835177677e-11 
 1962       2.274904623662e-11 
 1963       2.262023111402e-11 
 1964       2.249194665164e-11 
 1965       2.236423324969e-11 
 1966       2.223713146607e-11 
 1967       2.211068201659e-11 
 1968       2.198492577517e-11 
 1969       2.185990377403e-11 
 1970       2.173565720392e-11 
 1971       2.161222344801e-11 
 1972       2.148962415126e-11 
 1973       2.136787706288e-11 
 1974       2.124699999460e-11 
 1975       2.112701082076e-11 
 1976       2.100792747838e-11 
 1977       2.088976796724e-11 
 1978       2.077255034995e-11 
 1979       2.065629275200e-11 
 1980       2.054101336190e-11 
 1981       2.042673043116e-11 
 1982       2.031346227447e-11 
 1983       2.020122726970e-11 
 1984       2.009004385798e-11 
 1985       1.997993054383e-11 
 1986       1.987090589516e-11 
 1987       1.976298854342e-11 
 1988       1.965619718361e-11 
 1989       1.955055057438e-11 
 1990       1.944606753812e-11 
 1991       1.934276696103e-11 
 1992       1.924066779316e-11 
 1993       1.913978904853e-11 
 1994       1.904014980518e-11 
 1995       1.894176920526e-11 
 1996       1.884466645507e-11 
 1997       1.874886082520e-11 
 1998       1.865437165052e-11 
 1999       1.856121833034e-11 
 2000       1.846942032843e-11 
 2001       1.837899717310e-11 
 2002       1.828996845729e-11 
 2003       1.820235383865e-11 
 2004       1.811617303959e-11 
 2005       1.803144584738e-11 
 2006       1.794819211421e-11 
 2007       1.786643175726e-11 
 2008       1.778618475880e-11 
 2009       1.770747116624e-11 
 2010       1.763031109220e-11 
 2011       1.755472000546e-11 
 2012       1.748069456598e-11 
 2013       1.740822668692e-11 
 2014       1.733730823435e-11 
 2015       1.726793102721e-11 
 2016       1.720008683723e-11 
 2017       1.713376738889e-11 
 2018       1.706896435930e-11 
 2019       1.700566937820e-11 
 2020       1.694387402785e-11 
 2021       1.688356984299e-11 
 2022       1.682474831077e-11 
 2023       1.676740087066e-11 
 2024       1.671151891443e-11 
 2025       1.665709378606e-11 
 2026       1.660411678166e-11 
 2027       1.655257914943e-11 
 2028       1.650247208959e-11 
 2029       1.645378675432e-11 
 2030       1.640651424767e-11 
 2031       1.636064562552e-11 
 2032       1.631617189552e-11 
 2033       1.627308401700e-11 
 2034       1.623137290091e-11 
 2035       1.619102940978e-11 
 2036       1.615204435764e-11 
 2037       1.611440850994e-11 
 2038       1.607811258350e-11 
 2039       1.604314724645e-11 
 2040       1.600950311817e-11 
 2041       1.597717076919e-11 
 2042       1.594614072116e-11 
 2043       1.591640344678e-11 
 2044       1.588794936973e-11 
 2045       1.586076886460e-11 
 2046       1.583485225682e-11 
 2047       1.581018982263e-11 
 2048       1.578677178897e-11 
 2049       1.576458833344e-11 
 2050       1.574362958423e-11 
 2051       1.572388341235e-11 
 2052       1.570532879113e-11 
 2053       1.568794238919e-11 
 2054       1.567170077375e-11 
 2055       1.565658041045e-11 
 2056       1.564255766327e-11 
 2057       1.562960879435e-11 
 2058       1.561770996394e-11 
 2059       1.560683723018e-11 
 2060       1.559696654906e-11 
 2061       1.558807377421e-11 
 2062       1.558013465686e-11 
 2063       1.557312484562e-11 
 2064       1.556701988642e-11 
 2065       1.556179522237e-11 
 2066       1.555742619360e-11 
 2067       1.555388803715e-11 
 2068       1.555115588688e-11 
 2069       1.554920477328e-11 
 2070       1.554800962338e-11 
 2071       1.554754526061e-11 
 2072       1.554778640467e-11 
 2073       1.554870767142e-11 
 2074       1.555028357274e-11 
 2075       1.555248851638e-11 
 2076       1.555529680589e-11 
 2077       1.555868264041e-11 
 2078       1.556262011463e-11 
 2079       1.556708321861e-11 
 2080       1.557204583764e-11 
 2081       1.557748175216e-11 
 2082       1.558336463760e-11 
 2083       1.558966806427e-11 
 2084       1.559636549719e-11 
 2085       1.560343029602e-11 
 2086       1.561083571491e-11 
 2087       1.561855490236e-11 
 2088       1.562656090109e-11 
 2089       1.563482664793e-11 
 2090       1.564332497369e-11 
 2091       1.565202982979e-11 
 2092       1.566091997776e-11 
 2093       1.566997532533e-11 
 2094       1.567917570189e-11 
 2095       1.568850085840e-11 
 2096       1.569793046732e-11 
 2097       1.570744412249e-11 
 2098       1.571702133905e-11 
 2099       1.572664155334e-11 
 2100       1.573628412280e-11 
 2101       1.574592832589e-11 
 2102       1.575555336199e-11 
 2103       1.576513835129e-11 
 2104       1.577466233473e-11 
 2105       1.578410427388e-11 
 2106       1.579344305084e-11 
 2107       1.580265746818e-11 
 2108       1.581172624880e-11 
 2109       1.582062803587e-11 
 2110       1.582934139274e-11 
 2111       1.583784480280e-11 
 2112       1.584611666945e-11 
 2113       1.585413531596e-11 
 2114       1.586187898537e-11 
 2115       1.586932584044e-11 
 2116       1.587645396353e-11 
 2117       1.588324135649e-11 
 2118       1.588966594060e-11 
 2119       1.589570555644e-11 
 2120       1.590133796384e-11 
 2121       1.590654084172e-11 
 2122       1.591129178808e-11 
 2123       1.591556831983e-11 
 2124       1.591934787275e-11 
 2125       1.592260780135e-11 
 2126       1.592532537882e-11 
 2127       1.592747779691e-11 
 2128       1.592904216583e-11 
 2129       1.592999551418e-11 
 2130       1.593031478884e-11 
 2131       1.592997998709e-11 
 2132       1.592898357674e-11 
 2133       1.592732114049e-11 
 2134       1.592498824967e-11 
 2135       1.592198046411e-11 
 2136       1.591829333226e-11 
 2137       1.591392239104e-11 
 2138       1.590886316596e-11 
 2139       1.590311117100e-11 
 2140       1.589666190867e-11 
 2141       1.588951086998e-11 
 2142       1.588165353441e-11 
 2143       1.587308536990e-11 
 2144       1.586380183289e-11 
 2145       1.585379836822e-11 
 2146       1.584307040920e-11 
 2147       1.583161337756e-11 
 2148       1.581942268343e-11 
 2149       1.580649372537e-11 
 2150       1.579282189031e-11 
 2151       1.577840255356e-11 
 2152       1.576323107881e-11 
 2153       1.574730281811e-11 
 2154       1.573061311183e-11 
 2155       1.571315728871e-11 
 2156       1.569493066580e-11 
 2157       1.567592854844e-11 
 2158       1.565614623030e-11 
 2159       1.563557899334e-11 
 2160       1.561422210776e-11 
 2161       1.559207083207e-11 
 2162       1.556912041301e-11 
 2163       1.554536608558e-11 
 2164       1.552080307298e-11 
 2165       1.549542658668e-11 
 2166       1.546923182632e-11 
 2167       1.544221397974e-11 
 2168       1.541436822299e-11 
 2169       1.538568972028e-11 
 2170       1.535617362398e-11 
 2171       1.532581767291e-11 
 2172       1.529463000631e-11 
 2173       1.526262140256e-11 
 2174       1.522980268568e-11 
 2175       1.519618472540e-11 
 2176       1.516177843721e-11 
 2177       1.512659478244e-11 
 2178       1.509064476829e-11 
 2179       1.505393944788e-11 
 2180       1.501648992034e-11 
 2181       1.497830733082e-11 
 2182       1.493940287056e-11 
 2183       1.489978777698e-11 
 2184       1.485947333368e-11 
 2185       1.481847087052e-11 
 2186       1.477679176368e-11 
 2187       1.473444743572e-11 
 2188       1.469144935561e-11 
 2189       1.464780903879e-11 
 2190       1.460353804726e-11 
 2191       1.455864798958e-11 
 2192       1.451315052098e-11 
 2193       1.446705734335e-11 
 2194       1.442038020537e-11 
 2195       1.437313090251e-11 
 2196       1.432532127710e-11 
 2197       1.427696321839e-11 
 2198       1.422806866259e-11 
 2199       1.417864959296e-11 
 2200       1.412871803981e-11 
 2201       1.407828608061e-11 
 2202       1.402736584001e-11 
 2203       1.397596948990e-11 
 2204       1.392410924948e-11 
 2205       1.387179738529e-11 
 2206       1.381904621129e-11 
 2207       1.376586808889e-11 
 2208       1.371227542704e-11 
 2209       1.365828068224e-11 
 2210       1.360389635864e-11 
 2211       1.354913546971e-11 
 2212       1.349401292669e-11 
 2213       1.343854415947e-11 
 2214       1.338274465582e-11 
 2215       1.332662996145e-11 
 2216       1.327021568010e-11 
 2217       1.321351747359e-11 
 2218       1.315655106190e-11 
 2219       1.309933222319e-11 
 2220       1.304187679395e-11 
 2221       1.298420066898e-11 
 2222       1.292631980150e-11 
 2223       1.286825020322e-11 
 2224       1.281000794440e-11 
 2225       1.275160915388e-11 
 2226       1.269307001921e-11 
 2227       1.263440678666e-11 
 2228       1.257563576134e-11 
 2229       1.251677330720e-11 
 2230       1.245783584716e-11 
 2231       1.239883986312e-11 
 2232       1.233980189608e-11 
 2233       1.228073854616e-11 
 2234       1.222166647270e-11 
 2235       1.216260239431e-11 
 2236       1.210356308892e-11 
 2237       1.204456539388e-11 
 2238       1.198562620602e-11 
 2239       1.192676248168e-11 
 2240       1.186799123681e-11 
 2241       1.180932954705e-11 
 2242       1.175079454774e-11 
 2243       1.169240343404e-11 
 2244       1.163417346098e-11 
 2245       1.157612194350e-11 
 2246       1.151826625657e-11 
 2247       1.146062383520e-11 
 2248       1.140321217453e-11 
 2249       1.134604882991e-11 
 2250       1.128915141695e-11 
 2251       1.123253611992e-11 
 2252       1.117621320630e-11 
 2253       1.112019148319e-11 
 2254       1.106447978636e-11 
 2255       1.100908698028e-11 
 2256       1.095402195815e-11 
 2257       1.089929364195e-11 
 2258       1.084491098242e-11 
 2259       1.079088295915e-11 
 2260       1.073721858056e-11 
 2261       1.068392688399e-11 
 2262       1.063101693566e-11 
 2263       1.057849783074e-11 
 2264       1.052637869341e-11 
 2265       1.047466867681e-11 
 2266       1.042337696315e-11 
 2267       1.037251276370e-11 
 2268       1.032208531883e-11 
 2269       1.027210389803e-11 
 2270       1.022257779997e-11 
 2271       1.017351635251e-11 
 2272       1.012492891271e-11 
 2273       1.007682486690e-11 
 2274       1.002921363070e-11 
 2275       9.982104649031e-12 
 2276       9.935507396164e-12 
 2277       9.889431375750e-12 
 2278       9.843886120843e-12 
 2279       9.798881193935e-12 
 2280       9.754426186987e-12 
 2281       9.710530721460e-12 
 2282       9.667204448342e-12 
 2283       9.624457048185e-12 
 2284       9.582298231129e-12 
 2285       9.540737736939e-12 
 2286       9.499785335030e-12 
 2287       9.459450824502e-12 
 2288       9.419744034169e-12 
 2289       9.380674822590e-12 
 2290       9.342253078099e-12 
 2291       9.304486664920e-12 
 2292       9.267375247102e-12 
 2293       9.230916425178e-12 
 2294       9.195107786480e-12 
 2295       9.159946905124e-12 
 2296       9.125431341994e-12 
 2297       9.091558644726e-12 
 2298       9.058326347691e-12 
 2299       9.025731971979e-12 
 2300       8.993773025382e-12 
 2301       8.962447002381e-12 
 2302       8.931751384124e-12 
 2303       8.901683638417e-12 
 2304       8.872241219702e-12 
 2305       8.843421569042e-12 
 2306       8.815222114108e-12 
 2307       8.787640269160e-12 
 2308       8.760673435028e-12 
 2309       8.734318999105e-12 
 2310       8.708574335318e-12 
 2311       8.683436804125e-12 
 2312       8.658903752488e-12 
 2313       8.634972513862e-12 
 2314       8.611640408180e-12 
 2315       8.588904741834e-12 
 2316       8.566762807657e-12 
 2317       8.545211884913e-12 
 2318       8.524249239275e-12 
 2319       8.503872122813e-12 
 2320       8.484077773973e-12 
 2321       8.464863417565e-12 
 2322       8.446226264746e-12 
 2323       8.428163513002e-12 
 2324       8.410672346135e-12 
 2325       8.393749934241e-12 
 2326       8.377393433701e-12 
 2327       8.361599987160e-12 
 2328       8.346366723512e-12 
 2329       8.331690757884e-12 
 2330       8.317569191621e-12 
 2331       8.303997980044e-12 
 2332       8.290968527999e-12 
 2333       8.278471072895e-12 
 2334       8.266495814943e-12 
 2335       8.255032917115e-12 
 2336       8.244072505102e-12 
 2337       8.233604667275e-12 
 2338       8.223619454641e-12 
 2339       8.214106880804e-12 
 2340       8.205056921922e-12 
 2341       8.196459516668e-12 
 2342       8.188304566187e-12 
 2343       8.180581934056e-12 
 2344       8.173281446240e-12 
 2345       8.166392891055e-12 
 2346       8.159906019124e-12 
 2347       8.153810543337e-12 
 2348       8.148096138810e-12 
 2349       8.142752442841e-12 
 2350       8.137769054873e-12 
 2351       8.133135536450e-12 
 2352       8.128841411175e-12 
 2353       8.124876164674e-12 
 2354       8.121229244549e-12 
 2355       8.117890060337e-12 
 2356       8.114847983475e-12 
 2357       8.112092347251e-12 
 2358       8.109612446769e-12 
 2359       8.107397538902e-12 
 2360       8.105436842257e-12 
 2361       8.103719537129e-12 
 2362       8.102234765463e-12 
 2363       8.100971630809e-12 
 2364       8.099919198287e-12 
 2365       8.099066494537e-12 
 2366       8.098402507687e-12 
 2367       8.097916187306e-12 
 2368       8.097596444363e-12 
 2369       8.097432151189e-12 
 2370       8.097412141434e-12 
 2371       8.097525559510e-12 
 2372       8.097762911366e-12 
 2373       8.098115020123e-12 
 2374       8.098572677139e-12 
 2375       8.099126641979e-12 
 2376       8.099767642381e-12 
 2377       8.100486374221e-12 
 2378       8.101273501480e-12 
 2379       8.102119656209e-12 
 2380       8.103015438499e-12 
 2381       8.103951416442e-12 
 2382       8.104918126101e-12 
 2383       8.105906071475e-12 
 2384       8.106905724464e-12 
 2385       8.107907524840e-12 
 2386       8.108901880206e-12 
 2387       8.109879165969e-12 
 2388       8.110829725302e-12 
 2389       8.111743869111e-12 
 2390       8.112611876005e-12 
 2391       8.113423992254e-12 
 2392       8.114170431766e-12 
 2393       8.114841376044e-12 
 2394       8.115426974157e-12 
 2395       8.115917342706e-12 
 2396       8.116302565788e-12 
 2397       8.116572694964e-12 
 2398       8.116717749226e-12 
 2399       8.116727714962e-12 
 2400       8.116592545921e-12 
 2401       8.116302163183e-12 
 2402       8.115846455120e-12 
 2403       8.115215277369e-12 
 2404       8.114398452791e-12 
 2405       8.113385771443e-12 
 2406       8.112166990542e-12 
 2407       8.110731834429e-12 
 2408       8.109069994540e-12 
 2409       8.107171129369e-12 
 2410       8.105024864435e-12 
 2411       8.102622052886e-12 
 2412       8.099958565750e-12 
 2413       8.097031524633e-12 
 2414       8.093838043168e-12 
 2415       8.090375227001e-12 
 2416       8.086640173790e-12 
 2417       8.082629973192e-12 
 2418       8.078341706858e-12 
 2419       8.073772448426e-12 
 2420       8.068919263508e-12 
 2421       8.063779209691e-12 
 2422       8.058349336521e-12 
 2423       8.052626685500e-12 
 2424       8.046608290076e-12 
 2425       8.040291175637e-12 
 2426       8.033672359503e-12 
 2427       8.026748850916e-12 
 2428       8.019517651035e-12 
 2429       8.011975752929e-12 
 2430       8.004120141564e-12 
 2431       7.995947793802e-12 
 2432       7.987455678388e-12 
 2433       7.978640755945e-12 
 2434       7.969499978967e-12 
 2435       7.960030291808e-12 
 2436       7.950228630676e-12 
 2437       7.940091923629e-12 
 2438       7.929617090558e-12 
 2439       7.918801043191e-12 
 2440       7.907640685074e-12 
 2441       7.896132911572e-12 
 2442       7.884274609856e-12 
 2443       7.872062658898e-12 
 2444       7.859493929463e-12 
 2445       7.846565284099e-12 
 2446       7.833273577132e-12 
 2447       7.819615654656e-12 
 2448       7.805588354527e-12 
 2449       7.791188506356e-12 
 2450       7.776412931498e-12 
 2451       7.761259736743e-12 
 2452       7.745732203837e-12 
 2453       7.729834923183e-12 
 2454       7.713572502267e-12 
 2455       7.696949565683e-12 
 2456       7.679970755146e-12 
 2457       7.662640729513e-12 
 2458       7.644964164799e-12 
 2459       7.626945754199e-12 
 2460       7.608590208100e-12 
 2461       7.589902254104e-12 
 2462       7.570886637045e-12 
 2463       7.551548119006e-12 
 2464       7.531891479338e-12 
 2465       7.511921514677e-12 
 2466       7.491643038964e-12 
 2467       7.471060883462e-12 
 2468       7.450179896774e-12 
 2469       7.429004944861e-12 
 2470       7.407540911060e-12 
 2471       7.385792696104e-12 
 2472       7.363765218137e-12 
 2473       7.341463412735e-12 
 2474       7.318892232921e-12 
 2475       7.296056649187e-12 
 2476       7.272961649508e-12 
 2477       7.249612239363e-12 
 2478       7.226013441753e-12 
 2479       7.202170297217e-12 
 2480       7.178087863851e-12 
 2481       7.153771217329e-12 
 2482       7.129225450916e-12 
 2483       7.104455675489e-12 
 2484       7.079467019556e-12 
 2485       7.054264629273e-12 
 2486       7.028853668460e-12 
 2487       7.003239318623e-12 
 2488       6.977426778970e-12 
 2489       6.951421266429e-12 
 2490       6.925228015665e-12 
 2491       6.898849677984e-12 
 2492       6.872278501285e-12 
 2493       6.845504104175e-12 
 2494       6.818516072879e-12 
 2495       6.791303961209e-12 
 2496       6.763857290531e-12 
 2497       6.736165549732e-12 
 2498       6.708218195190e-12 
 2499       6.680004650739e-12 
 2500       6.651514307641e-12 
