# dimensionless total [l(l+1)/2pi] C_l's
# for l=2 to 2500, i.e. number of multipoles equal to 2499
#
# -> if you prefer output in CAMB/HealPix/LensPix units/order, set 'format' to 'camb' in input file
# -> if you don't want to see such a header, set 'headers' to 'no' in input file
#
# 1:l     2:TT                 
    2       3.309321724178e-10 
    3       3.078229268787e-10 
    4       2.879411569799e-10 
    5       2.721097206028e-10 
    6       2.594725494109e-10 
    7       2.491460283941e-10 
    8       2.405573349372e-10 
    9       2.333142881764e-10 
   10       2.270103656730e-10 
   11       2.214335182096e-10 
   12       2.165482269373e-10 
   13       2.122173495251e-10 
   14       2.083591658961e-10 
   15       2.049342315728e-10 
   16       2.018952109210e-10 
   17       1.991884111162e-10 
   18       1.968269974476e-10 
   19       1.948275099597e-10 
   20       1.930619557749e-10 
   21       1.915446125487e-10 
   22       1.902619755269e-10 
   23       1.892324689727e-10 
   24       1.884287587752e-10 
   25       1.878311500637e-10 
   26       1.873924121729e-10 
   27       1.871375205299e-10 
   28       1.870784292986e-10 
   29       1.871921040923e-10 
   30       1.874784223064e-10 
   31       1.879166405151e-10 
   32       1.884655590948e-10 
   33       1.891319008615e-10 
   34       1.899221775171e-10 
   35       1.908300079385e-10 
   36       1.918618345364e-10 
   37       1.930169672894e-10 
   38       1.942787069000e-10 
   39       1.956235302525e-10 
   40       1.970563506533e-10 
   41       1.985845716804e-10 
   42       2.002075362512e-10 
   43       2.019198178291e-10 
   44       2.037242178457e-10 
   45       2.056214708016e-10 
   46       2.076059789865e-10 
   47       2.096652713751e-10 
   48       2.117850566694e-10 
   49       2.139673293516e-10 
   50       2.162164378281e-10 
   51       2.185336865021e-10 
   52       2.209170800847e-10 
   53       2.233633576082e-10 
   54       2.258752970728e-10 
   55       2.284558435090e-10 
   56       2.311058275988e-10 
   57       2.338238059916e-10 
   58       2.366059016199e-10 
   59       2.394475363576e-10 
   60       2.423494615420e-10 
   61       2.453128481886e-10 
   62       2.483374241977e-10 
   63       2.514213788172e-10 
   64       2.545612671059e-10 
   65       2.577534402745e-10 
   66       2.609989033854e-10 
   67       2.642993186878e-10 
   68       2.676555186507e-10 
   69       2.710674531070e-10 
   70       2.745341363989e-10 
   71       2.780535945225e-10 
   72       2.816237348091e-10 
   73       2.852452656890e-10 
   74       2.889192444681e-10 
   75       2.926461731973e-10 
   76       2.964259668798e-10 
   77       3.002579216785e-10 
   78       3.041406831231e-10 
   79       3.080722143173e-10 
   80       3.120504730808e-10 
   81       3.160756487469e-10 
   82       3.201482576010e-10 
   83       3.242684500721e-10 
   84       3.284359920688e-10 
   85       3.326502463146e-10 
   86       3.369101536840e-10 
   87       3.412142145378e-10 
   88       3.455604700591e-10 
   89       3.499470096547e-10 
   90       3.543736250627e-10 
   91       3.588403825402e-10 
   92       3.633471092639e-10 
   93       3.678933825470e-10 
   94       3.724785190555e-10 
   95       3.771015640258e-10 
   96       3.817612804809e-10 
   97       3.864561384476e-10 
   98       3.911843041729e-10 
   99       3.959439766789e-10 
  100       4.007344751260e-10 
  101       4.055552861499e-10 
  102       4.104057237742e-10 
  103       4.152849228373e-10 
  104       4.201918324199e-10 
  105       4.251252092714e-10 
  106       4.300836112372e-10 
  107       4.350653906854e-10 
  108       4.400686879344e-10 
  109       4.450914246790e-10 
  110       4.501315834842e-10 
  111       4.551881010196e-10 
  112       4.602600773703e-10 
  113       4.653464964710e-10 
  114       4.704462223447e-10 
  115       4.755579953408e-10 
  116       4.806804283734e-10 
  117       4.858120031605e-10 
  118       4.909510664617e-10 
  119       4.960958263169e-10 
  120       5.012443482847e-10 
  121       5.063945516810e-10 
  122       5.115442058172e-10 
  123       5.166911435663e-10 
  124       5.218339378535e-10 
  125       5.269712961550e-10 
  126       5.321018481010e-10 
  127       5.372241434237e-10 
  128       5.423366499062e-10 
  129       5.474377513303e-10 
  130       5.525257454252e-10 
  131       5.575988418156e-10 
  132       5.626551599701e-10 
  133       5.676927271497e-10 
  134       5.727094763558e-10 
  135       5.777032442789e-10 
  136       5.826717692467e-10 
  137       5.876128622674e-10 
  138       5.925249444791e-10 
  139       5.974065616839e-10 
  140       6.022562152995e-10 
  141       6.070723614052e-10 
  142       6.118534097901e-10 
  143       6.165977229989e-10 
  144       6.213036153798e-10 
  145       6.259693521311e-10 
  146       6.305931483483e-10 
  147       6.351731680709e-10 
  148       6.397075233300e-10 
  149       6.441942731943e-10 
  150       6.486314228182e-10 
  151       6.530169224878e-10 
  152       6.573486666689e-10 
  153       6.616246350544e-10 
  154       6.658433324658e-10 
  155       6.700033882087e-10 
  156       6.741034175177e-10 
  157       6.781420213267e-10 
  158       6.821177860392e-10 
  159       6.860292832983e-10 
  160       6.898750697573e-10 
  161       6.936536868495e-10 
  162       6.973636605584e-10 
  163       7.010035011883e-10 
  164       7.045717031341e-10 
  165       7.080667446519e-10 
  166       7.114870876286e-10 
  167       7.148311773529e-10 
  168       7.180974422848e-10 
  169       7.212842938262e-10 
  170       7.243901260910e-10 
  171       7.274134206618e-10 
  172       7.303530711430e-10 
  173       7.332080853549e-10 
  174       7.359774829802e-10 
  175       7.386602957626e-10 
  176       7.412555677053e-10 
  177       7.437623552695e-10 
  178       7.461797275730e-10 
  179       7.485067665887e-10 
  180       7.507425673433e-10 
  181       7.528862381157e-10 
  182       7.549369006356e-10 
  183       7.568936902818e-10 
  184       7.587557562814e-10 
  185       7.605222619075e-10 
  186       7.621923846785e-10 
  187       7.637653165562e-10 
  188       7.652402641444e-10 
  189       7.666164488876e-10 
  190       7.678931072694e-10 
  191       7.690695528797e-10 
  192       7.701453674008e-10 
  193       7.711202243620e-10 
  194       7.719938289571e-10 
  195       7.727659184461e-10 
  196       7.734362625557e-10 
  197       7.740046638805e-10 
  198       7.744709582840e-10 
  199       7.748350152995e-10 
  200       7.750967385311e-10 
  201       7.752560660549e-10 
  202       7.753129708197e-10 
  203       7.752674610481e-10 
  204       7.751195806377e-10 
  205       7.748694095618e-10 
  206       7.745170642706e-10 
  207       7.740626980922e-10 
  208       7.735065016333e-10 
  209       7.728487031805e-10 
  210       7.720895691014e-10 
  211       7.712294042453e-10 
  212       7.702685523441e-10 
  213       7.692073996240e-10 
  214       7.680463850782e-10 
  215       7.667859916627e-10 
  216       7.654267435558e-10 
  217       7.639692065670e-10 
  218       7.624139885472e-10 
  219       7.607617397972e-10 
  220       7.590131534780e-10 
  221       7.571689660200e-10 
  222       7.552299575319e-10 
  223       7.531969522110e-10 
  224       7.510708187521e-10 
  225       7.488524707572e-10 
  226       7.465428671447e-10 
  227       7.441430125591e-10 
  228       7.416539577802e-10 
  229       7.390768001329e-10 
  230       7.364126838962e-10 
  231       7.336628007132e-10 
  232       7.308283899999e-10 
  233       7.279107393552e-10 
  234       7.249111849700e-10 
  235       7.218311120369e-10 
  236       7.186719551594e-10 
  237       7.154351987616e-10 
  238       7.121223105291e-10 
  239       7.087345364114e-10 
  240       7.052730939944e-10 
  241       7.017392386179e-10 
  242       6.981342636445e-10 
  243       6.944595007272e-10 
  244       6.907163200778e-10 
  245       6.869061307351e-10 
  246       6.830303808328e-10 
  247       6.790905578681e-10 
  248       6.750881889696e-10 
  249       6.710248411654e-10 
  250       6.669021216515e-10 
  251       6.627216780598e-10 
  252       6.584851987263e-10 
  253       6.541944129594e-10 
  254       6.498510913078e-10 
  255       6.454570458289e-10 
  256       6.410141303571e-10 
  257       6.365242407713e-10 
  258       6.319893152640e-10 
  259       6.274113346089e-10 
  260       6.227923224289e-10 
  261       6.181343454649e-10 
  262       6.134395138435e-10 
  263       6.087099813453e-10 
  264       6.039479456728e-10 
  265       5.991556487193e-10 
  266       5.943352435054e-10 
  267       5.894883864350e-10 
  268       5.846166234199e-10 
  269       5.797215212599e-10 
  270       5.748046676856e-10 
  271       5.698676714010e-10 
  272       5.649121621271e-10 
  273       5.599397906441e-10 
  274       5.549522288347e-10 
  275       5.499511697267e-10 
  276       5.449383275362e-10 
  277       5.399154377103e-10 
  278       5.348842569701e-10 
  279       5.298465633534e-10 
  280       5.248041562577e-10 
  281       5.197588564833e-10 
  282       5.147125062758e-10 
  283       5.096669693692e-10 
  284       5.046241310290e-10 
  285       4.995858980947e-10 
  286       4.945541990227e-10 
  287       4.895309839298e-10 
  288       4.845182246352e-10 
  289       4.795179147041e-10 
  290       4.745320694902e-10 
  291       4.695627261789e-10 
  292       4.646119438298e-10 
  293       4.596818034199e-10 
  294       4.547744078864e-10 
  295       4.498918821696e-10 
  296       4.450363732557e-10 
  297       4.402098902604e-10 
  298       4.354138159754e-10 
  299       4.306493716123e-10 
  300       4.259177744445e-10 
  301       4.212202376335e-10 
  302       4.165579700543e-10 
  303       4.119321761221e-10 
  304       4.073440556180e-10 
  305       4.027948035148e-10 
  306       3.982856098036e-10 
  307       3.938176593190e-10 
  308       3.893921315660e-10 
  309       3.850102005452e-10 
  310       3.806730345794e-10 
  311       3.763817961395e-10 
  312       3.721376416700e-10 
  313       3.679417214159e-10 
  314       3.637951792478e-10 
  315       3.596991524887e-10 
  316       3.556547717394e-10 
  317       3.516631607049e-10 
  318       3.477254360203e-10 
  319       3.438427070767e-10 
  320       3.400160758473e-10 
  321       3.362466367134e-10 
  322       3.325354762906e-10 
  323       3.288836732544e-10 
  324       3.252922981667e-10 
  325       3.217624133012e-10 
  326       3.182950724703e-10 
  327       3.148913208500e-10 
  328       3.115521948069e-10 
  329       3.082787217237e-10 
  330       3.050719198252e-10 
  331       3.019327980047e-10 
  332       2.988622528816e-10 
  333       2.958607553719e-10 
  334       2.929286500998e-10 
  335       2.900662566479e-10 
  336       2.872738692710e-10 
  337       2.845517566112e-10 
  338       2.819001614121e-10 
  339       2.793193002332e-10 
  340       2.768093631645e-10 
  341       2.743705135408e-10 
  342       2.720028876566e-10 
  343       2.697065944797e-10 
  344       2.674817153667e-10 
  345       2.653283037768e-10 
  346       2.632463849863e-10 
  347       2.612359558033e-10 
  348       2.592969842822e-10 
  349       2.574294094378e-10 
  350       2.556331409601e-10 
  351       2.539080589287e-10 
  352       2.522540135273e-10 
  353       2.506708247578e-10 
  354       2.491582821553e-10 
  355       2.477161445024e-10 
  356       2.463441395432e-10 
  357       2.450419636987e-10 
  358       2.438092817802e-10 
  359       2.426457267046e-10 
  360       2.415508992085e-10 
  361       2.405243675626e-10 
  362       2.395656672864e-10 
  363       2.386743008624e-10 
  364       2.378497374510e-10 
  365       2.370914126043e-10 
  366       2.363987279813e-10 
  367       2.357710510617e-10 
  368       2.352077148609e-10 
  369       2.347080176441e-10 
  370       2.342712226410e-10 
  371       2.338966074536e-10 
  372       2.335836149952e-10 
  373       2.333317078931e-10 
  374       2.331403190872e-10 
  375       2.330088515869e-10 
  376       2.329366782291e-10 
  377       2.329231414358e-10 
  378       2.329675529720e-10 
  379       2.330691937029e-10 
  380       2.332273133522e-10 
  381       2.334411302592e-10 
  382       2.337098311367e-10 
  383       2.340325708289e-10 
  384       2.344084720685e-10 
  385       2.348366252350e-10 
  386       2.353160881120e-10 
  387       2.358458856451e-10 
  388       2.364250096993e-10 
  389       2.370524188168e-10 
  390       2.377270379748e-10 
  391       2.384477583430e-10 
  392       2.392134370414e-10 
  393       2.400228968979e-10 
  394       2.408749262060e-10 
  395       2.417682784823e-10 
  396       2.427016722245e-10 
  397       2.436737906690e-10 
  398       2.446832815481e-10 
  399       2.457287568486e-10 
  400       2.468087925685e-10 
  401       2.479219284752e-10 
  402       2.490666678631e-10 
  403       2.502414773113e-10 
  404       2.514447864412e-10 
  405       2.526749876742e-10 
  406       2.539304359893e-10 
  407       2.552094486809e-10 
  408       2.565103051163e-10 
  409       2.578312464937e-10 
  410       2.591704755996e-10 
  411       2.605263446676e-10 
  412       2.618979267630e-10 
  413       2.632844641108e-10 
  414       2.646851817101e-10 
  415       2.660992872242e-10 
  416       2.675259708724e-10 
  417       2.689644053206e-10 
  418       2.704137455721e-10 
  419       2.718731288591e-10 
  420       2.733416745330e-10 
  421       2.748184839560e-10 
  422       2.763026403917e-10 
  423       2.777932088961e-10 
  424       2.792892362089e-10 
  425       2.807897506440e-10 
  426       2.822937619807e-10 
  427       2.838002613548e-10 
  428       2.853082211493e-10 
  429       2.868165948858e-10 
  430       2.883243171150e-10 
  431       2.898303033078e-10 
  432       2.913334497465e-10 
  433       2.928326334155e-10 
  434       2.943267118926e-10 
  435       2.958145232396e-10 
  436       2.972948858934e-10 
  437       2.987665985573e-10 
  438       3.002284400913e-10 
  439       3.016791694039e-10 
  440       3.031175253422e-10 
  441       3.045422265838e-10 
  442       3.059519715269e-10 
  443       3.073454381818e-10 
  444       3.087212840619e-10 
  445       3.100781460742e-10 
  446       3.114146404109e-10 
  447       3.127293624399e-10 
  448       3.140208865960e-10 
  449       3.152877662717e-10 
  450       3.165285337086e-10 
  451       3.177419066042e-10 
  452       3.189274154865e-10 
  453       3.200847963437e-10 
  454       3.212137857481e-10 
  455       3.223141208686e-10 
  456       3.233855394833e-10 
  457       3.244277799919e-10 
  458       3.254405814292e-10 
  459       3.264236834769e-10 
  460       3.273768264765e-10 
  461       3.282997514423e-10 
  462       3.291922000736e-10 
  463       3.300539147677e-10 
  464       3.308846386323e-10 
  465       3.316841154984e-10 
  466       3.324520899328e-10 
  467       3.331883072508e-10 
  468       3.338925135289e-10 
  469       3.345644556174e-10 
  470       3.352038811530e-10 
  471       3.358105385718e-10 
  472       3.363841771214e-10 
  473       3.369245468742e-10 
  474       3.374313987394e-10 
  475       3.379044844763e-10 
  476       3.383435567064e-10 
  477       3.387483689265e-10 
  478       3.391186755211e-10 
  479       3.394542317751e-10 
  480       3.397547938865e-10 
  481       3.400201189792e-10 
  482       3.402499651154e-10 
  483       3.404440913084e-10 
  484       3.406022575352e-10 
  485       3.407242247492e-10 
  486       3.408097548930e-10 
  487       3.408586109107e-10 
  488       3.408705567611e-10 
  489       3.408453574296e-10 
  490       3.407827789418e-10 
  491       3.406826914579e-10 
  492       3.405453818925e-10 
  493       3.403712505810e-10 
  494       3.401607090981e-10 
  495       3.399141803220e-10 
  496       3.396320984976e-10 
  497       3.393149093010e-10 
  498       3.389630699030e-10 
  499       3.385770490333e-10 
  500       3.381573270438e-10 
  501       3.377043959732e-10 
  502       3.372187596102e-10 
  503       3.367009335577e-10 
  504       3.361514452968e-10 
  505       3.355708342503e-10 
  506       3.349596518468e-10 
  507       3.343184615846e-10 
  508       3.336478390954e-10 
  509       3.329483722082e-10 
  510       3.322206610133e-10 
  511       3.314653179262e-10 
  512       3.306829677511e-10 
  513       3.298742477453e-10 
  514       3.290398076825e-10 
  515       3.281803099171e-10 
  516       3.272964294480e-10 
  517       3.263888539823e-10 
  518       3.254582839991e-10 
  519       3.245054328139e-10 
  520       3.235310266416e-10 
  521       3.225358046614e-10 
  522       3.215205190795e-10 
  523       3.204859351942e-10 
  524       3.194328314588e-10 
  525       3.183619995457e-10 
  526       3.172742444108e-10 
  527       3.161703843567e-10 
  528       3.150512510967e-10 
  529       3.139176898191e-10 
  530       3.127705592505e-10 
  531       3.116106900119e-10 
  532       3.104387583015e-10 
  533       3.092554088757e-10 
  534       3.080612964895e-10 
  535       3.068570859434e-10 
  536       3.056434521291e-10 
  537       3.044210800757e-10 
  538       3.031906649958e-10 
  539       3.019529123320e-10 
  540       3.007085378026e-10 
  541       2.994582674479e-10 
  542       2.982028376766e-10 
  543       2.969429953114e-10 
  544       2.956794976358e-10 
  545       2.944131124398e-10 
  546       2.931446180662e-10 
  547       2.918748034568e-10 
  548       2.906044681983e-10 
  549       2.893344225689e-10 
  550       2.880654875840e-10 
  551       2.867984950425e-10 
  552       2.855342875731e-10 
  553       2.842737186804e-10 
  554       2.830176527907e-10 
  555       2.817669652987e-10 
  556       2.805225426132e-10 
  557       2.792852822037e-10 
  558       2.780560926458e-10 
  559       2.768358936684e-10 
  560       2.756256161988e-10 
  561       2.744262024097e-10 
  562       2.732386057646e-10 
  563       2.720637910646e-10 
  564       2.709027344943e-10 
  565       2.697564236678e-10 
  566       2.686258576749e-10 
  567       2.675120471274e-10 
  568       2.664160142054e-10 
  569       2.653387927028e-10 
  570       2.642814280743e-10 
  571       2.632448504723e-10 
  572       2.622294902101e-10 
  573       2.612356525829e-10 
  574       2.602636439892e-10 
  575       2.593137719299e-10 
  576       2.583863450076e-10 
  577       2.574816729264e-10 
  578       2.566000664914e-10 
  579       2.557418376078e-10 
  580       2.549072992808e-10 
  581       2.540967656150e-10 
  582       2.533105518136e-10 
  583       2.525489741784e-10 
  584       2.518123501086e-10 
  585       2.511009981010e-10 
  586       2.504152377490e-10 
  587       2.497553897423e-10 
  588       2.491217758663e-10 
  589       2.485147190017e-10 
  590       2.479345431236e-10 
  591       2.473815733017e-10 
  592       2.468561356991e-10 
  593       2.463585575722e-10 
  594       2.458891672699e-10 
  595       2.454482942332e-10 
  596       2.450362689950e-10 
  597       2.446534231790e-10 
  598       2.443000894996e-10 
  599       2.439766017613e-10 
  600       2.436832948580e-10 
  601       2.434205047728e-10 
  602       2.431885685773e-10 
  603       2.429878244311e-10 
  604       2.428186115812e-10 
  605       2.426812703617e-10 
  606       2.425761421931e-10 
  607       2.425035695820e-10 
  608       2.424638961201e-10 
  609       2.424574664844e-10 
  610       2.424846264362e-10 
  611       2.425456196239e-10 
  612       2.426402752912e-10 
  613       2.427683131215e-10 
  614       2.429294457271e-10 
  615       2.431233786156e-10 
  616       2.433498101562e-10 
  617       2.436084315463e-10 
  618       2.438989267774e-10 
  619       2.442209726017e-10 
  620       2.445742384989e-10 
  621       2.449583866418e-10 
  622       2.453730718630e-10 
  623       2.458179416217e-10 
  624       2.462926359694e-10 
  625       2.467967875164e-10 
  626       2.473300213987e-10 
  627       2.478919552437e-10 
  628       2.484821991369e-10 
  629       2.491003555884e-10 
  630       2.497460194987e-10 
  631       2.504187781259e-10 
  632       2.511182110513e-10 
  633       2.518438901463e-10 
  634       2.525953795384e-10 
  635       2.533722355778e-10 
  636       2.541740068037e-10 
  637       2.550002339106e-10 
  638       2.558504497149e-10 
  639       2.567241791210e-10 
  640       2.576209390876e-10 
  641       2.585402385946e-10 
  642       2.594815786088e-10 
  643       2.604444520507e-10 
  644       2.614283437607e-10 
  645       2.624327304656e-10 
  646       2.634570807447e-10 
  647       2.645008549966e-10 
  648       2.655635054052e-10 
  649       2.666444759060e-10 
  650       2.677432021529e-10 
  651       2.688591076047e-10 
  652       2.699915917574e-10 
  653       2.711400415821e-10 
  654       2.723038353460e-10 
  655       2.734823425773e-10 
  656       2.746749240311e-10 
  657       2.758809316542e-10 
  658       2.770997085505e-10 
  659       2.783305889466e-10 
  660       2.795728981562e-10 
  661       2.808259525466e-10 
  662       2.820890595027e-10 
  663       2.833615173933e-10 
  664       2.846426155359e-10 
  665       2.859316341618e-10 
  666       2.872278443817e-10 
  667       2.885305081511e-10 
  668       2.898388782350e-10 
  669       2.911521981738e-10 
  670       2.924697022480e-10 
  671       2.937906154439e-10 
  672       2.951141534189e-10 
  673       2.964395224662e-10 
  674       2.977659194809e-10 
  675       2.990925319245e-10 
  676       3.004185377907e-10 
  677       3.017431055704e-10 
  678       3.030653942171e-10 
  679       3.043845531121e-10 
  680       3.056997220299e-10 
  681       3.070100311031e-10 
  682       3.083146007882e-10 
  683       3.096125418306e-10 
  684       3.109029552298e-10 
  685       3.121849322046e-10 
  686       3.134575541589e-10 
  687       3.147198926464e-10 
  688       3.159710093359e-10 
  689       3.172099559770e-10 
  690       3.184357743650e-10 
  691       3.196475855965e-10 
  692       3.208448599724e-10 
  693       3.220271527213e-10 
  694       3.231940152123e-10 
  695       3.243449949433e-10 
  696       3.254796355279e-10 
  697       3.265974766839e-10 
  698       3.276980542202e-10 
  699       3.287809000254e-10 
  700       3.298455420543e-10 
  701       3.308915043168e-10 
  702       3.319183068646e-10 
  703       3.329254657795e-10 
  704       3.339124931608e-10 
  705       3.348788971131e-10 
  706       3.358241817337e-10 
  707       3.367478471008e-10 
  708       3.376493892606e-10 
  709       3.385283002156e-10 
  710       3.393840679116e-10 
  711       3.402161762259e-10 
  712       3.410241049548e-10 
  713       3.418073298011e-10 
  714       3.425653223622e-10 
  715       3.432975501174e-10 
  716       3.440034764157e-10 
  717       3.446825604635e-10 
  718       3.453342573125e-10 
  719       3.459580178467e-10 
  720       3.465532887709e-10 
  721       3.471195125980e-10 
  722       3.476561276364e-10 
  723       3.481625679783e-10 
  724       3.486382634868e-10 
  725       3.490826397840e-10 
  726       3.494951182384e-10 
  727       3.498751159529e-10 
  728       3.502220457518e-10 
  729       3.505353161695e-10 
  730       3.508143314373e-10 
  731       3.510586006178e-10 
  732       3.512680674203e-10 
  733       3.514427869418e-10 
  734       3.515828171280e-10 
  735       3.516882187862e-10 
  736       3.517590555969e-10 
  737       3.517953941263e-10 
  738       3.517973038386e-10 
  739       3.517648571075e-10 
  740       3.516981292291e-10 
  741       3.515971984336e-10 
  742       3.514621458977e-10 
  743       3.512930557564e-10 
  744       3.510900151157e-10 
  745       3.508531140642e-10 
  746       3.505824456858e-10 
  747       3.502781060712e-10 
  748       3.499401943309e-10 
  749       3.495688126064e-10 
  750       3.491640660833e-10 
  751       3.487260630025e-10 
  752       3.482549146734e-10 
  753       3.477507354850e-10 
  754       3.472136429190e-10 
  755       3.466437575612e-10 
  756       3.460412031142e-10 
  757       3.454061064092e-10 
  758       3.447385974183e-10 
  759       3.440388092668e-10 
  760       3.433068782451e-10 
  761       3.425429438209e-10 
  762       3.417471486516e-10 
  763       3.409196385961e-10 
  764       3.400605627272e-10 
  765       3.391700733436e-10 
  766       3.382483259825e-10 
  767       3.372954794309e-10 
  768       3.363116957386e-10 
  769       3.352971402300e-10 
  770       3.342519815161e-10 
  771       3.331764415510e-10 
  772       3.320709468147e-10 
  773       3.309359800148e-10 
  774       3.297720303244e-10 
  775       3.285795934035e-10 
  776       3.273591714220e-10 
  777       3.261112730815e-10 
  778       3.248364136378e-10 
  779       3.235351149230e-10 
  780       3.222079053677e-10 
  781       3.208553200234e-10 
  782       3.194779005848e-10 
  783       3.180761954116e-10 
  784       3.166507595514e-10 
  785       3.152021547614e-10 
  786       3.137309495310e-10 
  787       3.122377191037e-10 
  788       3.107230454999e-10 
  789       3.091875175384e-10 
  790       3.076317308594e-10 
  791       3.060562879460e-10 
  792       3.044617981473e-10 
  793       3.028488776997e-10 
  794       3.012181497500e-10 
  795       2.995702443770e-10 
  796       2.979057986143e-10 
  797       2.962254564721e-10 
  798       2.945298689594e-10 
  799       2.928196941070e-10 
  800       2.910955969886e-10 
  801       2.893582497441e-10 
  802       2.876083316011e-10 
  803       2.858465288976e-10 
  804       2.840735351040e-10 
  805       2.822900508456e-10 
  806       2.804967839244e-10 
  807       2.786944493419e-10 
  808       2.768837693208e-10 
  809       2.750654733277e-10 
  810       2.732402980952e-10 
  811       2.714089499456e-10 
  812       2.695719909753e-10 
  813       2.677299508664e-10 
  814       2.658833644153e-10 
  815       2.640327715480e-10 
  816       2.621787173351e-10 
  817       2.603217520077e-10 
  818       2.584624309722e-10 
  819       2.566013148263e-10 
  820       2.547389693740e-10 
  821       2.528759656409e-10 
  822       2.510128798899e-10 
  823       2.491502936363e-10 
  824       2.472887936632e-10 
  825       2.454289720371e-10 
  826       2.435714261230e-10 
  827       2.417167586001e-10 
  828       2.398655774768e-10 
  829       2.380184961063e-10 
  830       2.361761332019e-10 
  831       2.343391128525e-10 
  832       2.325080645378e-10 
  833       2.306836231438e-10 
  834       2.288664289782e-10 
  835       2.270571277855e-10 
  836       2.252563707629e-10 
  837       2.234648145751e-10 
  838       2.216831213701e-10 
  839       2.199119587943e-10 
  840       2.181520000081e-10 
  841       2.164039237012e-10 
  842       2.146684141079e-10 
  843       2.129461610224e-10 
  844       2.112378598145e-10 
  845       2.095442114446e-10 
  846       2.078659224794e-10 
  847       2.062037051071e-10 
  848       2.045582771528e-10 
  849       2.029303620938e-10 
  850       2.013206890752e-10 
  851       1.997299041258e-10 
  852       1.981583021066e-10 
  853       1.966060901952e-10 
  854       1.950734762691e-10 
  855       1.935606689065e-10 
  856       1.920678773870e-10 
  857       1.905953116921e-10 
  858       1.891431825057e-10 
  859       1.877117012154e-10 
  860       1.863010799128e-10 
  861       1.849115313939e-10 
  862       1.835432691603e-10 
  863       1.821965074196e-10 
  864       1.808714610862e-10 
  865       1.795683457818e-10 
  866       1.782873778363e-10 
  867       1.770287742884e-10 
  868       1.757927528860e-10 
  869       1.745795320875e-10 
  870       1.733893310618e-10 
  871       1.722223696896e-10 
  872       1.710788685634e-10 
  873       1.699590489888e-10 
  874       1.688631329850e-10 
  875       1.677913432852e-10 
  876       1.667439033376e-10 
  877       1.657210373059e-10 
  878       1.647229700703e-10 
  879       1.637499272275e-10 
  880       1.628021350922e-10 
  881       1.618798206972e-10 
  882       1.609832117943e-10 
  883       1.601125368549e-10 
  884       1.592680250709e-10 
  885       1.584499063549e-10 
  886       1.576584113417e-10 
  887       1.568937713878e-10 
  888       1.561562185733e-10 
  889       1.554459857018e-10 
  890       1.547633063012e-10 
  891       1.541083413744e-10 
  892       1.534809583332e-10 
  893       1.528809484433e-10 
  894       1.523080997357e-10 
  895       1.517621969967e-10 
  896       1.512430217574e-10 
  897       1.507503522831e-10 
  898       1.502839635630e-10 
  899       1.498436273002e-10 
  900       1.494291119007e-10 
  901       1.490401824635e-10 
  902       1.486766007700e-10 
  903       1.483381252738e-10 
  904       1.480245110899e-10 
  905       1.477355099850e-10 
  906       1.474708703663e-10 
  907       1.472303372719e-10 
  908       1.470136523600e-10 
  909       1.468205538985e-10 
  910       1.466507767547e-10 
  911       1.465040523850e-10 
  912       1.463801088245e-10 
  913       1.462786706764e-10 
  914       1.461994591021e-10 
  915       1.461421918101e-10 
  916       1.461065830463e-10 
  917       1.460923435833e-10 
  918       1.460991807101e-10 
  919       1.461267982216e-10 
  920       1.461748964084e-10 
  921       1.462431720463e-10 
  922       1.463313183859e-10 
  923       1.464390251422e-10 
  924       1.465659784846e-10 
  925       1.467118610259e-10 
  926       1.468763518124e-10 
  927       1.470591263131e-10 
  928       1.472598564100e-10 
  929       1.474782103868e-10 
  930       1.477138529195e-10 
  931       1.479664342906e-10 
  932       1.482355578711e-10 
  933       1.485208121083e-10 
  934       1.488217812422e-10 
  935       1.491380452936e-10 
  936       1.494691800522e-10 
  937       1.498147570648e-10 
  938       1.501743436236e-10 
  939       1.505475027539e-10 
  940       1.509337932027e-10 
  941       1.513327694263e-10 
  942       1.517439815791e-10 
  943       1.521669755012e-10 
  944       1.526012927066e-10 
  945       1.530464703716e-10 
  946       1.535020413226e-10 
  947       1.539675340245e-10 
  948       1.544424725686e-10 
  949       1.549263766611e-10 
  950       1.554187616106e-10 
  951       1.559191383169e-10 
  952       1.564270132586e-10 
  953       1.569418884818e-10 
  954       1.574632615875e-10 
  955       1.579906257204e-10 
  956       1.585234695566e-10 
  957       1.590612772920e-10 
  958       1.596035286302e-10 
  959       1.601496987709e-10 
  960       1.606992583977e-10 
  961       1.612516736664e-10 
  962       1.618064061932e-10 
  963       1.623629130429e-10 
  964       1.629206467167e-10 
  965       1.634790551405e-10 
  966       1.640375816531e-10 
  967       1.645956649944e-10 
  968       1.651527392932e-10 
  969       1.657082340558e-10 
  970       1.662615741535e-10 
  971       1.668122287845e-10 
  972       1.673598591873e-10 
  973       1.679041731253e-10 
  974       1.684448761094e-10 
  975       1.689816713922e-10 
  976       1.695142599626e-10 
  977       1.700423405404e-10 
  978       1.705656095698e-10 
  979       1.710837612148e-10 
  980       1.715964873527e-10 
  981       1.721034775689e-10 
  982       1.726044191513e-10 
  983       1.730989970843e-10 
  984       1.735868940437e-10 
  985       1.740677903904e-10 
  986       1.745413641652e-10 
  987       1.750072910832e-10 
  988       1.754652445278e-10 
  989       1.759148955453e-10 
  990       1.763559128393e-10 
  991       1.767879627650e-10 
  992       1.772107093233e-10 
  993       1.776238141557e-10 
  994       1.780269365381e-10 
  995       1.784197333756e-10 
  996       1.788018591963e-10 
  997       1.791729661465e-10 
  998       1.795327039842e-10 
  999       1.798807200739e-10 
 1000       1.802166593810e-10 
 1001       1.805401644660e-10 
 1002       1.808508754787e-10 
 1003       1.811484301530e-10 
 1004       1.814324638009e-10 
 1005       1.817026093070e-10 
 1006       1.819584971227e-10 
 1007       1.821997552607e-10 
 1008       1.824260092896e-10 
 1009       1.826368823276e-10 
 1010       1.828319950375e-10 
 1011       1.830110315046e-10 
 1012       1.831739379259e-10 
 1013       1.833207267806e-10 
 1014       1.834514112083e-10 
 1015       1.835660050116e-10 
 1016       1.836645226577e-10 
 1017       1.837469792806e-10 
 1018       1.838133906834e-10 
 1019       1.838637733401e-10 
 1020       1.838981443978e-10 
 1021       1.839165216791e-10 
 1022       1.839189236834e-10 
 1023       1.839053695898e-10 
 1024       1.838758792587e-10 
 1025       1.838304732341e-10 
 1026       1.837691727455e-10 
 1027       1.836919997104e-10 
 1028       1.835989767356e-10 
 1029       1.834901271202e-10 
 1030       1.833654748571e-10 
 1031       1.832250446350e-10 
 1032       1.830688618411e-10 
 1033       1.828969525626e-10 
 1034       1.827093435889e-10 
 1035       1.825060624139e-10 
 1036       1.822871372380e-10 
 1037       1.820525969700e-10 
 1038       1.818024712293e-10 
 1039       1.815367903482e-10 
 1040       1.812555853735e-10 
 1041       1.809588880691e-10 
 1042       1.806467309177e-10 
 1043       1.803191471233e-10 
 1044       1.799761706125e-10 
 1045       1.796178360377e-10 
 1046       1.792441787783e-10 
 1047       1.788552349429e-10 
 1048       1.784510413718e-10 
 1049       1.780316356389e-10 
 1050       1.775970560534e-10 
 1051       1.771473772316e-10 
 1052       1.766828173469e-10 
 1053       1.762036323746e-10 
 1054       1.757100806639e-10 
 1055       1.752024229435e-10 
 1056       1.746809223280e-10 
 1057       1.741458443237e-10 
 1058       1.735974568344e-10 
 1059       1.730360301675e-10 
 1060       1.724618370398e-10 
 1061       1.718751525836e-10 
 1062       1.712762543527e-10 
 1063       1.706654223280e-10 
 1064       1.700429389239e-10 
 1065       1.694090889937e-10 
 1066       1.687641598361e-10 
 1067       1.681084412009e-10 
 1068       1.674422252948e-10 
 1069       1.667658067877e-10 
 1070       1.660794828181e-10 
 1071       1.653835529997e-10 
 1072       1.646783194269e-10 
 1073       1.639640866808e-10 
 1074       1.632411618353e-10 
 1075       1.625098544629e-10 
 1076       1.617704766407e-10 
 1077       1.610233429563e-10 
 1078       1.602687705140e-10 
 1079       1.595070789402e-10 
 1080       1.587385903900e-10 
 1081       1.579636295525e-10 
 1082       1.571825236572e-10 
 1083       1.563956024799e-10 
 1084       1.556031983485e-10 
 1085       1.548056461488e-10 
 1086       1.540032833310e-10 
 1087       1.531964499149e-10 
 1088       1.523854884965e-10 
 1089       1.515707442535e-10 
 1090       1.507525649516e-10 
 1091       1.499312876893e-10 
 1092       1.491071989281e-10 
 1093       1.482805739388e-10 
 1094       1.474516900186e-10 
 1095       1.466208264957e-10 
 1096       1.457882647336e-10 
 1097       1.449542881362e-10 
 1098       1.441191821519e-10 
 1099       1.432832342785e-10 
 1100       1.424467340678e-10 
 1101       1.416099731301e-10 
 1102       1.407732451390e-10 
 1103       1.399368458358e-10 
 1104       1.391010730340e-10 
 1105       1.382662266243e-10 
 1106       1.374326085791e-10 
 1107       1.366005229567e-10 
 1108       1.357702759065e-10 
 1109       1.349421756731e-10 
 1110       1.341165326013e-10 
 1111       1.332936591405e-10 
 1112       1.324738698492e-10 
 1113       1.316574814001e-10 
 1114       1.308448125841e-10 
 1115       1.300361843151e-10 
 1116       1.292319196350e-10 
 1117       1.284323437177e-10 
 1118       1.276377838742e-10 
 1119       1.268485695568e-10 
 1120       1.260650323642e-10 
 1121       1.252875060456e-10 
 1122       1.245163265056e-10 
 1123       1.237518318088e-10 
 1124       1.229943621843e-10 
 1125       1.222442600303e-10 
 1126       1.215018699188e-10 
 1127       1.207675386004e-10 
 1128       1.200416150083e-10 
 1129       1.193244502636e-10 
 1130       1.186163976795e-10 
 1131       1.179177687987e-10 
 1132       1.172287008750e-10 
 1133       1.165492876884e-10 
 1134       1.158796233580e-10 
 1135       1.152198023422e-10 
 1136       1.145699194391e-10 
 1137       1.139300697874e-10 
 1138       1.133003488666e-10 
 1139       1.126808524973e-10 
 1140       1.120716768423e-10 
 1141       1.114729184063e-10 
 1142       1.108846740369e-10 
 1143       1.103070409252e-10 
 1144       1.097401166059e-10 
 1145       1.091839989577e-10 
 1146       1.086387862045e-10 
 1147       1.081045769152e-10 
 1148       1.075814700043e-10 
 1149       1.070695647326e-10 
 1150       1.065689607077e-10 
 1151       1.060797578842e-10 
 1152       1.056020565644e-10 
 1153       1.051359573988e-10 
 1154       1.046815613865e-10 
 1155       1.042389698758e-10 
 1156       1.038082845645e-10 
 1157       1.033896075005e-10 
 1158       1.029830410823e-10 
 1159       1.025886880596e-10 
 1160       1.022066515335e-10 
 1161       1.018370349572e-10 
 1162       1.014799421365e-10 
 1163       1.011354772301e-10 
 1164       1.008037447503e-10 
 1165       1.004848495633e-10 
 1166       1.001788968899e-10 
 1167       9.988599230590e-11 
 1168       9.960624174238e-11 
 1169       9.933975148652e-11 
 1170       9.908662818187e-11 
 1171       9.884693997920e-11 
 1172       9.862059945699e-11 
 1173       9.840747924058e-11 
 1174       9.820745071648e-11 
 1175       9.802038402945e-11 
 1176       9.784614807956e-11 
 1177       9.768461051934e-11 
 1178       9.753563775081e-11 
 1179       9.739909492262e-11 
 1180       9.727484592710e-11 
 1181       9.716275339737e-11 
 1182       9.706267870444e-11 
 1183       9.697448195428e-11 
 1184       9.689802198492e-11 
 1185       9.683315636356e-11 
 1186       9.677974138360e-11 
 1187       9.673763206182e-11 
 1188       9.670668213539e-11 
 1189       9.668674405901e-11 
 1190       9.667766900196e-11 
 1191       9.667930684523e-11 
 1192       9.669150617861e-11 
 1193       9.671411429773e-11 
 1194       9.674697720122e-11 
 1195       9.678993958773e-11 
 1196       9.684284485309e-11 
 1197       9.690553508735e-11 
 1198       9.697785107189e-11 
 1199       9.705963227651e-11 
 1200       9.715071685651e-11 
 1201       9.725094164980e-11 
 1202       9.736014217398e-11 
 1203       9.747815262342e-11 
 1204       9.760480586636e-11 
 1205       9.773993344202e-11 
 1206       9.788336555765e-11 
 1207       9.803493108565e-11 
 1208       9.819445756066e-11 
 1209       9.836177117663e-11 
 1210       9.853669678394e-11 
 1211       9.871905037993e-11 
 1212       9.890861648727e-11 
 1213       9.910517049677e-11 
 1214       9.930848614562e-11 
 1215       9.951833551386e-11 
 1216       9.973448902090e-11 
 1217       9.995671542193e-11 
 1218       1.001847818044e-10 
 1219       1.004184535847e-10 
 1220       1.006574945042e-10 
 1221       1.009016666262e-10 
 1222       1.011507303320e-10 
 1223       1.014044443179e-10 
 1224       1.016625655910e-10 
 1225       1.019248494662e-10 
 1226       1.021910495624e-10 
 1227       1.024609177993e-10 
 1228       1.027342043935e-10 
 1229       1.030106578551e-10 
 1230       1.032900249843e-10 
 1231       1.035720508677e-10 
 1232       1.038564788750e-10 
 1233       1.041430506552e-10 
 1234       1.044315061333e-10 
 1235       1.047215835067e-10 
 1236       1.050130192416e-10 
 1237       1.053055480696e-10 
 1238       1.055989029842e-10 
 1239       1.058928152370e-10 
 1240       1.061870143346e-10 
 1241       1.064812280348e-10 
 1242       1.067751823431e-10 
 1243       1.070686015091e-10 
 1244       1.073612080232e-10 
 1245       1.076527226131e-10 
 1246       1.079428642398e-10 
 1247       1.082313500948e-10 
 1248       1.085178955960e-10 
 1249       1.088022143842e-10 
 1250       1.090840183202e-10 
 1251       1.093630413351e-10 
 1252       1.096391112973e-10 
 1253       1.099120789787e-10 
 1254       1.101817942744e-10 
 1255       1.104481062012e-10 
 1256       1.107108628959e-10 
 1257       1.109699116134e-10 
 1258       1.112250987251e-10 
 1259       1.114762697173e-10 
 1260       1.117232691894e-10 
 1261       1.119659408524e-10 
 1262       1.122041275267e-10 
 1263       1.124376711411e-10 
 1264       1.126664127305e-10 
 1265       1.128901924345e-10 
 1266       1.131088494959e-10 
 1267       1.133222222585e-10 
 1268       1.135301481657e-10 
 1269       1.137324637588e-10 
 1270       1.139290046753e-10 
 1271       1.141196056473e-10 
 1272       1.143041004995e-10 
 1273       1.144823221477e-10 
 1274       1.146541025972e-10 
 1275       1.148192729409e-10 
 1276       1.149776633579e-10 
 1277       1.151291031113e-10 
 1278       1.152734205471e-10 
 1279       1.154104430921e-10 
 1280       1.155399972522e-10 
 1281       1.156619086111e-10 
 1282       1.157760018281e-10 
 1283       1.158821006368e-10 
 1284       1.159800278430e-10 
 1285       1.160696053235e-10 
 1286       1.161506540240e-10 
 1287       1.162229939577e-10 
 1288       1.162864442034e-10 
 1289       1.163408229036e-10 
 1290       1.163859472635e-10 
 1291       1.164216672821e-10 
 1292       1.164479673696e-10 
 1293       1.164648658774e-10 
 1294       1.164723814705e-10 
 1295       1.164705331272e-10 
 1296       1.164593401409e-10 
 1297       1.164388221198e-10 
 1298       1.164089989885e-10 
 1299       1.163698909883e-10 
 1300       1.163215186778e-10 
 1301       1.162639029341e-10 
 1302       1.161970649531e-10 
 1303       1.161210262504e-10 
 1304       1.160358086621e-10 
 1305       1.159414343455e-10 
 1306       1.158379257795e-10 
 1307       1.157253057660e-10 
 1308       1.156035974299e-10 
 1309       1.154728242205e-10 
 1310       1.153330099118e-10 
 1311       1.151841786032e-10 
 1312       1.150263547205e-10 
 1313       1.148595630165e-10 
 1314       1.146838285718e-10 
 1315       1.144991767953e-10 
 1316       1.143056334253e-10 
 1317       1.141032245299e-10 
 1318       1.138919765079e-10 
 1319       1.136719160895e-10 
 1320       1.134430703370e-10 
 1321       1.132054666456e-10 
 1322       1.129591327441e-10 
 1323       1.127040966956e-10 
 1324       1.124403868981e-10 
 1325       1.121680320858e-10 
 1326       1.118870613289e-10 
 1327       1.115975040352e-10 
 1328       1.112993899503e-10 
 1329       1.109927491587e-10 
 1330       1.106776120841e-10 
 1331       1.103540285212e-10 
 1332       1.100221249564e-10 
 1333       1.096820478783e-10 
 1334       1.093339448059e-10 
 1335       1.089779642906e-10 
 1336       1.086142559183e-10 
 1337       1.082429703115e-10 
 1338       1.078642591313e-10 
 1339       1.074782750793e-10 
 1340       1.070851718997e-10 
 1341       1.066851043813e-10 
 1342       1.062782283594e-10 
 1343       1.058647007183e-10 
 1344       1.054446793926e-10 
 1345       1.050183233697e-10 
 1346       1.045857926919e-10 
 1347       1.041472484579e-10 
 1348       1.037028528253e-10 
 1349       1.032527690126e-10 
 1350       1.027971613009e-10 
 1351       1.023361950361e-10 
 1352       1.018700366310e-10 
 1353       1.013988535672e-10 
 1354       1.009228143972e-10 
 1355       1.004420887464e-10 
 1356       9.995684731498e-11 
 1357       9.946726188018e-11 
 1358       9.897350529809e-11 
 1359       9.847575150580e-11 
 1360       9.797417552335e-11 
 1361       9.746895345580e-11 
 1362       9.696026249521e-11 
 1363       9.644828092269e-11 
 1364       9.593318811041e-11 
 1365       9.541516452359e-11 
 1366       9.489439172257e-11 
 1367       9.437105236480e-11 
 1368       9.384533020685e-11 
 1369       9.331741010645e-11 
 1370       9.278747802452e-11 
 1371       9.225571519042e-11 
 1372       9.172228052569e-11 
 1373       9.118732803689e-11 
 1374       9.065101263696e-11 
 1375       9.011349014686e-11 
 1376       8.957491729723e-11 
 1377       8.903545173003e-11 
 1378       8.849525200019e-11 
 1379       8.795447757724e-11 
 1380       8.741328884701e-11 
 1381       8.687184711320e-11 
 1382       8.633031459908e-11 
 1383       8.578885444915e-11 
 1384       8.524763073071e-11 
 1385       8.470680843561e-11 
 1386       8.416655348181e-11 
 1387       8.362703271508e-11 
 1388       8.308841391062e-11 
 1389       8.255086577473e-11 
 1390       8.201455794643e-11 
 1391       8.147966099912e-11 
 1392       8.094634644225e-11 
 1393       8.041478672293e-11 
 1394       7.988515522758e-11 
 1395       7.935762628361e-11 
 1396       7.883237516103e-11 
 1397       7.830957807414e-11 
 1398       7.778941218312e-11 
 1399       7.727205559573e-11 
 1400       7.675768736892e-11 
 1401       7.624648751051e-11 
 1402       7.573863698080e-11 
 1403       7.523431769424e-11 
 1404       7.473371252110e-11 
 1405       7.423700528905e-11 
 1406       7.374438078487e-11 
 1407       7.325602475609e-11 
 1408       7.277212391258e-11 
 1409       7.229286592829e-11 
 1410       7.181843944280e-11 
 1411       7.134901169844e-11 
 1412       7.088466119446e-11 
 1413       7.042544433810e-11 
 1414       6.997141774618e-11 
 1415       6.952263824540e-11 
 1416       6.907916287261e-11 
 1417       6.864104887514e-11 
 1418       6.820835371110e-11 
 1419       6.778113504964e-11 
 1420       6.735945077132e-11 
 1421       6.694335896835e-11 
 1422       6.653291794490e-11 
 1423       6.612818621744e-11 
 1424       6.572922251500e-11 
 1425       6.533608577945e-11 
 1426       6.494883516589e-11 
 1427       6.456753004284e-11 
 1428       6.419222999261e-11 
 1429       6.382299481159e-11 
 1430       6.345988451054e-11 
 1431       6.310295931487e-11 
 1432       6.275227966498e-11 
 1433       6.240790621655e-11 
 1434       6.206989984082e-11 
 1435       6.173832162489e-11 
 1436       6.141323287206e-11 
 1437       6.109469510208e-11 
 1438       6.078277005147e-11 
 1439       6.047751967385e-11 
 1440       6.017900614019e-11 
 1441       5.988729183913e-11 
 1442       5.960243937729e-11 
 1443       5.932451157956e-11 
 1444       5.905357148942e-11 
 1445       5.878968236919e-11 
 1446       5.853290770039e-11 
 1447       5.828331118400e-11 
 1448       5.804095674078e-11 
 1449       5.780590851155e-11 
 1450       5.757823085753e-11 
 1451       5.735796749111e-11 
 1452       5.714507863767e-11 
 1453       5.693950324101e-11 
 1454       5.674117977447e-11 
 1455       5.655004624001e-11 
 1456       5.636604016739e-11 
 1457       5.618909861319e-11 
 1458       5.601915816001e-11 
 1459       5.585615491552e-11 
 1460       5.570002451160e-11 
 1461       5.555070210344e-11 
 1462       5.540812236866e-11 
 1463       5.527221950641e-11 
 1464       5.514292723650e-11 
 1465       5.502017879848e-11 
 1466       5.490390695079e-11 
 1467       5.479404396984e-11 
 1468       5.469052164916e-11 
 1469       5.459327129844e-11 
 1470       5.450222374273e-11 
 1471       5.441730932148e-11 
 1472       5.433845788770e-11 
 1473       5.426559880703e-11 
 1474       5.419866095689e-11 
 1475       5.413757272556e-11 
 1476       5.408226201133e-11 
 1477       5.403265622155e-11 
 1478       5.398868227182e-11 
 1479       5.395026658501e-11 
 1480       5.391733509047e-11 
 1481       5.388981322307e-11 
 1482       5.386762592232e-11 
 1483       5.385069763152e-11 
 1484       5.383895229684e-11 
 1485       5.383231336642e-11 
 1486       5.383070378953e-11 
 1487       5.383404601564e-11 
 1488       5.384226199352e-11 
 1489       5.385527317039e-11 
 1490       5.387300049104e-11 
 1491       5.389535867815e-11 
 1492       5.392223901390e-11 
 1493       5.395352638772e-11 
 1494       5.398910499852e-11 
 1495       5.402885835343e-11 
 1496       5.407266926666e-11 
 1497       5.412041985828e-11 
 1498       5.417199155304e-11 
 1499       5.422726507913e-11 
 1500       5.428612046704e-11 
 1501       5.434843704834e-11 
 1502       5.441409345444e-11 
 1503       5.448296761547e-11 
 1504       5.455493675904e-11 
 1505       5.462987740902e-11 
 1506       5.470766538440e-11 
 1507       5.478817579804e-11 
 1508       5.487128305553e-11 
 1509       5.495686085391e-11 
 1510       5.504478218057e-11 
 1511       5.513491931198e-11 
 1512       5.522714381251e-11 
 1513       5.532132653327e-11 
 1514       5.541733761085e-11 
 1515       5.551504646618e-11 
 1516       5.561432180331e-11 
 1517       5.571503160820e-11 
 1518       5.581704314754e-11 
 1519       5.592022296755e-11 
 1520       5.602443689278e-11 
 1521       5.612955002491e-11 
 1522       5.623542674157e-11 
 1523       5.634193069512e-11 
 1524       5.644892481147e-11 
 1525       5.655627128886e-11 
 1526       5.666383159670e-11 
 1527       5.677146647434e-11 
 1528       5.687903592989e-11 
 1529       5.698639923900e-11 
 1530       5.709341494372e-11 
 1531       5.719995120299e-11 
 1532       5.730591695499e-11 
 1533       5.741123105018e-11 
 1534       5.751581192588e-11 
 1535       5.761957760561e-11 
 1536       5.772244569840e-11 
 1537       5.782433339817e-11 
 1538       5.792515748300e-11 
 1539       5.802483431454e-11 
 1540       5.812327983725e-11 
 1541       5.822040957781e-11 
 1542       5.831613864442e-11 
 1543       5.841038172612e-11 
 1544       5.850305309218e-11 
 1545       5.859406659133e-11 
 1546       5.868333565121e-11 
 1547       5.877077327760e-11 
 1548       5.885629205385e-11 
 1549       5.893980414011e-11 
 1550       5.902122127274e-11 
 1551       5.910045476363e-11 
 1552       5.917741549948e-11 
 1553       5.925201394121e-11 
 1554       5.932416012323e-11 
 1555       5.939376365280e-11 
 1556       5.946073370938e-11 
 1557       5.952497904391e-11 
 1558       5.958640797820e-11 
 1559       5.964492840422e-11 
 1560       5.970044778346e-11 
 1561       5.975287314624e-11 
 1562       5.980211109108e-11 
 1563       5.984806778398e-11 
 1564       5.989064895779e-11 
 1565       5.992975991152e-11 
 1566       5.996530550972e-11 
 1567       5.999719018174e-11 
 1568       6.002531792112e-11 
 1569       6.004959228488e-11 
 1570       6.006991639291e-11 
 1571       6.008620936213e-11 
 1572       6.009845577790e-11 
 1573       6.010665668196e-11 
 1574       6.011081317949e-11 
 1575       6.011092643922e-11 
 1576       6.010699769358e-11 
 1577       6.009902823883e-11 
 1578       6.008701943518e-11 
 1579       6.007097270692e-11 
 1580       6.005088954258e-11 
 1581       6.002677149501e-11 
 1582       5.999862018156e-11 
 1583       5.996643728418e-11 
 1584       5.993022454958e-11 
 1585       5.988998378932e-11 
 1586       5.984571687999e-11 
 1587       5.979742576330e-11 
 1588       5.974511244622e-11 
 1589       5.968877900114e-11 
 1590       5.962842756596e-11 
 1591       5.956406034425e-11 
 1592       5.949567960538e-11 
 1593       5.942328768462e-11 
 1594       5.934688698331e-11 
 1595       5.926647996897e-11 
 1596       5.918206917544e-11 
 1597       5.909365720300e-11 
 1598       5.900124671853e-11 
 1599       5.890484045558e-11 
 1600       5.880444121458e-11 
 1601       5.870005186290e-11 
 1602       5.859167533505e-11 
 1603       5.847931463273e-11 
 1604       5.836297282504e-11 
 1605       5.824265304856e-11 
 1606       5.811835850750e-11 
 1607       5.799009247384e-11 
 1608       5.785785828743e-11 
 1609       5.772165935615e-11 
 1610       5.758149915603e-11 
 1611       5.743739154381e-11 
 1612       5.728939179672e-11 
 1613       5.713756585482e-11 
 1614       5.698198003477e-11 
 1615       5.682270103045e-11 
 1616       5.665979591355e-11 
 1617       5.649333213420e-11 
 1618       5.632337752156e-11 
 1619       5.615000028442e-11 
 1620       5.597326901183e-11 
 1621       5.579325267370e-11 
 1622       5.561002062139e-11 
 1623       5.542364258836e-11 
 1624       5.523418869072e-11 
 1625       5.504172942788e-11 
 1626       5.484633568315e-11 
 1627       5.464807872435e-11 
 1628       5.444703020438e-11 
 1629       5.424326216190e-11 
 1630       5.403684702186e-11 
 1631       5.382785759617e-11 
 1632       5.361636708427e-11 
 1633       5.340244907374e-11 
 1634       5.318617754093e-11 
 1635       5.296762685156e-11 
 1636       5.274687176130e-11 
 1637       5.252398741642e-11 
 1638       5.229904935437e-11 
 1639       5.207213350440e-11 
 1640       5.184331618815e-11 
 1641       5.161267412027e-11 
 1642       5.138028440906e-11 
 1643       5.114622455700e-11 
 1644       5.091057246143e-11 
 1645       5.067340641513e-11 
 1646       5.043480510693e-11 
 1647       5.019484762230e-11 
 1648       4.995361344399e-11 
 1649       4.971118245262e-11 
 1650       4.946763492727e-11 
 1651       4.922305015989e-11 
 1652       4.897750228367e-11 
 1653       4.873106440890e-11 
 1654       4.848381000638e-11 
 1655       4.823581290797e-11 
 1656       4.798714730718e-11 
 1657       4.773788775963e-11 
 1658       4.748810918370e-11 
 1659       4.723788686099e-11 
 1660       4.698729643692e-11 
 1661       4.673641392124e-11 
 1662       4.648531568861e-11 
 1663       4.623407847913e-11 
 1664       4.598277939888e-11 
 1665       4.573149592049e-11 
 1666       4.548030588365e-11 
 1667       4.522928749571e-11 
 1668       4.497851933215e-11 
 1669       4.472808033722e-11 
 1670       4.447804982440e-11 
 1671       4.422850747700e-11 
 1672       4.397953334870e-11 
 1673       4.373120786408e-11 
 1674       4.348361181916e-11 
 1675       4.323682638199e-11 
 1676       4.299093309314e-11 
 1677       4.274601386631e-11 
 1678       4.250215098880e-11 
 1679       4.225942712213e-11 
 1680       4.201792530254e-11 
 1681       4.177772894155e-11 
 1682       4.153892182652e-11 
 1683       4.130158812118e-11 
 1684       4.106581236617e-11 
 1685       4.083167947961e-11 
 1686       4.059927475763e-11 
 1687       4.036868387494e-11 
 1688       4.013999288531e-11 
 1689       3.991328822223e-11 
 1690       3.968865669933e-11 
 1691       3.946617567877e-11 
 1692       3.924588348192e-11 
 1693       3.902780872369e-11 
 1694       3.881198012173e-11 
 1695       3.859842649653e-11 
 1696       3.838717677157e-11 
 1697       3.817825997343e-11 
 1698       3.797170523198e-11 
 1699       3.776754178044e-11 
 1700       3.756579895558e-11 
 1701       3.736650619782e-11 
 1702       3.716969305135e-11 
 1703       3.697538916431e-11 
 1704       3.678362428890e-11 
 1705       3.659442828149e-11 
 1706       3.640783110279e-11 
 1707       3.622386281799e-11 
 1708       3.604255359685e-11 
 1709       3.586393371388e-11 
 1710       3.568803354843e-11 
 1711       3.551488358489e-11 
 1712       3.534451441273e-11 
 1713       3.517695672674e-11 
 1714       3.501224132708e-11 
 1715       3.485039911946e-11 
 1716       3.469146111526e-11 
 1717       3.453545843165e-11 
 1718       3.438242229175e-11 
 1719       3.423238402477e-11 
 1720       3.408537506611e-11 
 1721       3.394142695750e-11 
 1722       3.380057134717e-11 
 1723       3.366283998996e-11 
 1724       3.352826474743e-11 
 1725       3.339687758805e-11 
 1726       3.326871058728e-11 
 1727       3.314379592775e-11 
 1728       3.302216589935e-11 
 1729       3.290385289940e-11 
 1730       3.278888943277e-11 
 1731       3.267729819169e-11 
 1732       3.256906220331e-11 
 1733       3.246415443007e-11 
 1734       3.236254766684e-11 
 1735       3.226421454070e-11 
 1736       3.216912751062e-11 
 1737       3.207725886726e-11 
 1738       3.198858073265e-11 
 1739       3.190306505996e-11 
 1740       3.182068363323e-11 
 1741       3.174140806710e-11 
 1742       3.166520980657e-11 
 1743       3.159206012669e-11 
 1744       3.152193013237e-11 
 1745       3.145479075802e-11 
 1746       3.139061276740e-11 
 1747       3.132936675326e-11 
 1748       3.127102313713e-11 
 1749       3.121555216904e-11 
 1750       3.116292392727e-11 
 1751       3.111310831808e-11 
 1752       3.106607507542e-11 
 1753       3.102179376072e-11 
 1754       3.098023376259e-11 
 1755       3.094136429656e-11 
 1756       3.090515440485e-11 
 1757       3.087157295604e-11 
 1758       3.084058864489e-11 
 1759       3.081216999202e-11 
 1760       3.078628534365e-11 
 1761       3.076290287137e-11 
 1762       3.074199057185e-11 
 1763       3.072351626658e-11 
 1764       3.070744760162e-11 
 1765       3.069375204732e-11 
 1766       3.068239689809e-11 
 1767       3.067334927209e-11 
 1768       3.066657611099e-11 
 1769       3.066204417972e-11 
 1770       3.065972006620e-11 
 1771       3.065956684887e-11 
 1772       3.066153406979e-11 
 1773       3.066556767819e-11 
 1774       3.067161335473e-11 
 1775       3.067961651112e-11 
 1776       3.068952228976e-11 
 1777       3.070127556329e-11 
 1778       3.071482093424e-11 
 1779       3.073010273466e-11 
 1780       3.074706502566e-11 
 1781       3.076565159708e-11 
 1782       3.078580596708e-11 
 1783       3.080747138176e-11 
 1784       3.083059081475e-11 
 1785       3.085510696684e-11 
 1786       3.088096226555e-11 
 1787       3.090809886482e-11 
 1788       3.093645864452e-11 
 1789       3.096598321015e-11 
 1790       3.099661389239e-11 
 1791       3.102829174673e-11 
 1792       3.106095755307e-11 
 1793       3.109455181537e-11 
 1794       3.112901476120e-11 
 1795       3.116428634139e-11 
 1796       3.120030622962e-11 
 1797       3.123701382205e-11 
 1798       3.127434823691e-11 
 1799       3.131224831412e-11 
 1800       3.135065261489e-11 
 1801       3.138949942136e-11 
 1802       3.142872673617e-11 
 1803       3.146827228208e-11 
 1804       3.150807350160e-11 
 1805       3.154806755659e-11 
 1806       3.158819132785e-11 
 1807       3.162838141476e-11 
 1808       3.166857413487e-11 
 1809       3.170870552352e-11 
 1810       3.174871133344e-11 
 1811       3.178853130659e-11 
 1812       3.182812202819e-11 
 1813       3.186744417576e-11 
 1814       3.190645825612e-11 
 1815       3.194512460514e-11 
 1816       3.198340338750e-11 
 1817       3.202125459648e-11 
 1818       3.205863805370e-11 
 1819       3.209551340892e-11 
 1820       3.213184013975e-11 
 1821       3.216757755147e-11 
 1822       3.220268477678e-11 
 1823       3.223712077556e-11 
 1824       3.227084433462e-11 
 1825       3.230381406750e-11 
 1826       3.233598841421e-11 
 1827       3.236732564103e-11 
 1828       3.239778384022e-11 
 1829       3.242732092985e-11 
 1830       3.245589465350e-11 
 1831       3.248346258008e-11 
 1832       3.250998210358e-11 
 1833       3.253541044281e-11 
 1834       3.255970464123e-11 
 1835       3.258282156663e-11 
 1836       3.260471791096e-11 
 1837       3.262535019008e-11 
 1838       3.264467474351e-11 
 1839       3.266264773422e-11 
 1840       3.267922514838e-11 
 1841       3.269436279513e-11 
 1842       3.270801630635e-11 
 1843       3.272014113641e-11 
 1844       3.273069256197e-11 
 1845       3.273962568171e-11 
 1846       3.274689541610e-11 
 1847       3.275245650721e-11 
 1848       3.275626351841e-11 
 1849       3.275827083419e-11 
 1850       3.275843265989e-11 
 1851       3.275671050394e-11 
 1852       3.275309568967e-11 
 1853       3.274758702101e-11 
 1854       3.274018331622e-11 
 1855       3.273088340790e-11 
 1856       3.271968614307e-11 
 1857       3.270659038313e-11 
 1858       3.269159500395e-11 
 1859       3.267469889585e-11 
 1860       3.265590096366e-11 
 1861       3.263520012673e-11 
 1862       3.261259531896e-11 
 1863       3.258808548884e-11 
 1864       3.256166959946e-11 
 1865       3.253334662857e-11 
 1866       3.250311556855e-11 
 1867       3.247097542651e-11 
 1868       3.243692522425e-11 
 1869       3.240096399834e-11 
 1870       3.236309080013e-11 
 1871       3.232330469575e-11 
 1872       3.228160476620e-11 
 1873       3.223799010730e-11 
 1874       3.219245982980e-11 
 1875       3.214501305934e-11 
 1876       3.209564893651e-11 
 1877       3.204436661688e-11 
 1878       3.199116527102e-11 
 1879       3.193604408452e-11 
 1880       3.187900225804e-11 
 1881       3.182003900731e-11 
 1882       3.175915356320e-11 
 1883       3.169634517168e-11 
 1884       3.163161309393e-11 
 1885       3.156495660630e-11 
 1886       3.149637500037e-11 
 1887       3.142586758298e-11 
 1888       3.135343367625e-11 
 1889       3.127907261759e-11 
 1890       3.120278375979e-11 
 1891       3.112457161726e-11 
 1892       3.104446134867e-11 
 1893       3.096248339422e-11 
 1894       3.087866834044e-11 
 1895       3.079304692037e-11 
 1896       3.070565001378e-11 
 1897       3.061650864737e-11 
 1898       3.052565399496e-11 
 1899       3.043311737768e-11 
 1900       3.033893026421e-11 
 1901       3.024312427093e-11 
 1902       3.014573116215e-11 
 1903       3.004678285033e-11 
 1904       2.994631139624e-11 
 1905       2.984434900915e-11 
 1906       2.974092804712e-11 
 1907       2.963608101707e-11 
 1908       2.952984057511e-11 
 1909       2.942223952664e-11 
 1910       2.931331082659e-11 
 1911       2.920308757966e-11 
 1912       2.909160304043e-11 
 1913       2.897889061365e-11 
 1914       2.886498385438e-11 
 1915       2.874991646823e-11 
 1916       2.863372231152e-11 
 1917       2.851643539154e-11 
 1918       2.839808986669e-11 
 1919       2.827872004670e-11 
 1920       2.815836039284e-11 
 1921       2.803704551815e-11 
 1922       2.791481018755e-11 
 1923       2.779168931814e-11 
 1924       2.766771797934e-11 
 1925       2.754293139312e-11 
 1926       2.741736493418e-11 
 1927       2.729105413015e-11 
 1928       2.716403466184e-11 
 1929       2.703634236335e-11 
 1930       2.690801322236e-11 
 1931       2.677908322086e-11 
 1932       2.664958785581e-11 
 1933       2.651956261528e-11 
 1934       2.638904313770e-11 
 1935       2.625806521208e-11 
 1936       2.612666477818e-11 
 1937       2.599487792674e-11 
 1938       2.586274089964e-11 
 1939       2.573029009011e-11 
 1940       2.559756204295e-11 
 1941       2.546459345467e-11 
 1942       2.533142117374e-11 
 1943       2.519808220076e-11 
 1944       2.506461368865e-11 
 1945       2.493105294286e-11 
 1946       2.479743742155e-11 
 1947       2.466380473582e-11 
 1948       2.453019264986e-11 
 1949       2.439663908115e-11 
 1950       2.426318210071e-11 
 1951       2.412985993323e-11 
 1952       2.399671095730e-11 
 1953       2.386377370559e-11 
 1954       2.373108686507e-11 
 1955       2.359868927716e-11 
 1956       2.346661993799e-11 
 1957       2.333491799853e-11 
 1958       2.320362276483e-11 
 1959       2.307277369819e-11 
 1960       2.294241041537e-11 
 1961       2.281257268878e-11 
 1962       2.268330044669e-11 
 1963       2.255463377339e-11 
 1964       2.242661290941e-11 
 1965       2.229927825174e-11 
 1966       2.217267035396e-11 
 1967       2.204682992650e-11 
 1968       2.192179783679e-11 
 1969       2.179761510951e-11 
 1970       2.167432292670e-11 
 1971       2.155195836982e-11 
 1972       2.143054161065e-11 
 1973       2.131008862566e-11 
 1974       2.119061544559e-11 
 1975       2.107213815556e-11 
 1976       2.095467289514e-11 
 1977       2.083823585838e-11 
 1978       2.072284329391e-11 
 1979       2.060851150496e-11 
 1980       2.049525684949e-11 
 1981       2.038309574018e-11 
 1982       2.027204464454e-11 
 1983       2.016212008497e-11 
 1984       2.005333863880e-11 
 1985       1.994571693839e-11 
 1986       1.983927167115e-11 
 1987       1.973401957966e-11 
 1988       1.962997746167e-11 
 1989       1.952716217022e-11 
 1990       1.942559061366e-11 
 1991       1.932527975576e-11 
 1992       1.922624661573e-11 
 1993       1.912850826830e-11 
 1994       1.903208184380e-11 
 1995       1.893698452820e-11 
 1996       1.884323356318e-11 
 1997       1.875084624620e-11 
 1998       1.865983993059e-11 
 1999       1.857023202553e-11 
 2000       1.848203999623e-11 
 2001       1.839528136390e-11 
 2002       1.830997370584e-11 
 2003       1.822613465555e-11 
 2004       1.814378190271e-11 
 2005       1.806293319332e-11 
 2006       1.798360632973e-11 
 2007       1.790581917070e-11 
 2008       1.782958963147e-11 
 2009       1.775493568384e-11 
 2010       1.768187535621e-11 
 2011       1.761042202499e-11 
 2012       1.754057025124e-11 
 2013       1.747230984106e-11 
 2014       1.740563054483e-11 
 2015       1.734052205714e-11 
 2016       1.727697401673e-11 
 2017       1.721497600635e-11 
 2018       1.715451755277e-11 
 2019       1.709558812663e-11 
 2020       1.703817714241e-11 
 2021       1.698227395835e-11 
 2022       1.692786787635e-11 
 2023       1.687494814192e-11 
 2024       1.682350394408e-11 
 2025       1.677352441531e-11 
 2026       1.672499863146e-11 
 2027       1.667791561167e-11 
 2028       1.663226431831e-11 
 2029       1.658803365690e-11 
 2030       1.654521247602e-11 
 2031       1.650378956723e-11 
 2032       1.646375366504e-11 
 2033       1.642509344678e-11 
 2034       1.638779753255e-11 
 2035       1.635185448515e-11 
 2036       1.631725280999e-11 
 2037       1.628398095501e-11 
 2038       1.625202731064e-11 
 2039       1.622138020968e-11 
 2040       1.619202792724e-11 
 2041       1.616395868067e-11 
 2042       1.613716062949e-11 
 2043       1.611162187530e-11 
 2044       1.608733046171e-11 
 2045       1.606427437427e-11 
 2046       1.604244154037e-11 
 2047       1.602181982922e-11 
 2048       1.600239705169e-11 
 2049       1.598416096032e-11 
 2050       1.596709924920e-11 
 2051       1.595119759693e-11 
 2052       1.593643378052e-11 
 2053       1.592278351933e-11 
 2054       1.591022242812e-11 
 2055       1.589872601688e-11 
 2056       1.588826969071e-11 
 2057       1.587882874971e-11 
 2058       1.587037838881e-11 
 2059       1.586289369768e-11 
 2060       1.585634966055e-11 
 2061       1.585072115615e-11 
 2062       1.584598295749e-11 
 2063       1.584210973180e-11 
 2064       1.583907604035e-11 
 2065       1.583685633837e-11 
 2066       1.583542497486e-11 
 2067       1.583475619252e-11 
 2068       1.583482412754e-11 
 2069       1.583560280956e-11 
 2070       1.583706616147e-11 
 2071       1.583918799930e-11 
 2072       1.584194203209e-11 
 2073       1.584530186178e-11 
 2074       1.584924098304e-11 
 2075       1.585373278315e-11 
 2076       1.585875054187e-11 
 2077       1.586426743135e-11 
 2078       1.587025651591e-11 
 2079       1.587669075200e-11 
 2080       1.588354298802e-11 
 2081       1.589078596416e-11 
 2082       1.589839231237e-11 
 2083       1.590633455611e-11 
 2084       1.591458511029e-11 
 2085       1.592311628114e-11 
 2086       1.593190026602e-11 
 2087       1.594090915336e-11 
 2088       1.595011492249e-11 
 2089       1.595948944351e-11 
 2090       1.596900447717e-11 
 2091       1.597863318126e-11 
 2092       1.598835464171e-11 
 2093       1.599814937292e-11 
 2094       1.600799781409e-11 
 2095       1.601788032906e-11 
 2096       1.602777720627e-11 
 2097       1.603766865864e-11 
 2098       1.604753482349e-11 
 2099       1.605735576244e-11 
 2100       1.606711146135e-11 
 2101       1.607678183017e-11 
 2102       1.608634670293e-11 
 2103       1.609578583758e-11 
 2104       1.610507891594e-11 
 2105       1.611420554360e-11 
 2106       1.612314524982e-11 
 2107       1.613187748744e-11 
 2108       1.614038163282e-11 
 2109       1.614863698571e-11 
 2110       1.615662276917e-11 
 2111       1.616431812950e-11 
 2112       1.617170213615e-11 
 2113       1.617875378158e-11 
 2114       1.618545198124e-11 
 2115       1.619177557342e-11 
 2116       1.619770331921e-11 
 2117       1.620321390237e-11 
 2118       1.620828592926e-11 
 2119       1.621289792874e-11 
 2120       1.621702835210e-11 
 2121       1.622065557294e-11 
 2122       1.622375788711e-11 
 2123       1.622631351259e-11 
 2124       1.622830058941e-11 
 2125       1.622969717960e-11 
 2126       1.623048126702e-11 
 2127       1.623063075734e-11 
 2128       1.623012347793e-11 
 2129       1.622893717774e-11 
 2130       1.622704952725e-11 
 2131       1.622444138381e-11 
 2132       1.622110661240e-11 
 2133       1.621704233218e-11 
 2134       1.621224565709e-11 
 2135       1.620671369593e-11 
 2136       1.620044355232e-11 
 2137       1.619343232467e-11 
 2138       1.618567710623e-11 
 2139       1.617717498503e-11 
 2140       1.616792304392e-11 
 2141       1.615791836055e-11 
 2142       1.614715800737e-11 
 2143       1.613563905161e-11 
 2144       1.612335855530e-11 
 2145       1.611031357523e-11 
 2146       1.609650116301e-11 
 2147       1.608191836499e-11 
 2148       1.606656222232e-11 
 2149       1.605042977089e-11 
 2150       1.603351804139e-11 
 2151       1.601582405923e-11 
 2152       1.599734484462e-11 
 2153       1.597807741250e-11 
 2154       1.595801877255e-11 
 2155       1.593716592921e-11 
 2156       1.591551588167e-11 
 2157       1.589306562383e-11 
 2158       1.586981214435e-11 
 2159       1.584575242660e-11 
 2160       1.582088344869e-11 
 2161       1.579520218345e-11 
 2162       1.576870559843e-11 
 2163       1.574139065588e-11 
 2164       1.571325431276e-11 
 2165       1.568429352077e-11 
 2166       1.565450522628e-11 
 2167       1.562388637035e-11 
 2168       1.559243388878e-11 
 2169       1.556014471201e-11 
 2170       1.552701576520e-11 
 2171       1.549304646834e-11 
 2172       1.545824625511e-11 
 2173       1.542262710476e-11 
 2174       1.538620104655e-11 
 2175       1.534898015983e-11 
 2176       1.531097657414e-11 
 2177       1.527220246921e-11 
 2178       1.523267007504e-11 
 2179       1.519239167200e-11 
 2180       1.515137959083e-11 
 2181       1.510964621274e-11 
 2182       1.506720396943e-11 
 2183       1.502406534321e-11 
 2184       1.498024286701e-11 
 2185       1.493574912444e-11 
 2186       1.489059674990e-11 
 2187       1.484479842856e-11 
 2188       1.479836689650e-11 
 2189       1.475131494072e-11 
 2190       1.470365539922e-11 
 2191       1.465540116103e-11 
 2192       1.460656516633e-11 
 2193       1.455716040644e-11 
 2194       1.450719992394e-11 
 2195       1.445669681267e-11 
 2196       1.440566421785e-11 
 2197       1.435411533610e-11 
 2198       1.430206341552e-11 
 2199       1.424952175572e-11 
 2200       1.419650370793e-11 
 2201       1.414302267500e-11 
 2202       1.408909211152e-11 
 2203       1.403472552383e-11 
 2204       1.397993647010e-11 
 2205       1.392473856040e-11 
 2206       1.386914545675e-11 
 2207       1.381317087316e-11 
 2208       1.375682857573e-11 
 2209       1.370013238269e-11 
 2210       1.364309616442e-11 
 2211       1.358573411168e-11 
 2212       1.352806154175e-11 
 2213       1.347009409769e-11 
 2214       1.341184748084e-11 
 2215       1.335333745084e-11 
 2216       1.329457982572e-11 
 2217       1.323559048198e-11 
 2218       1.317638535463e-11 
 2219       1.311698043728e-11 
 2220       1.305739178217e-11 
 2221       1.299763550028e-11 
 2222       1.293772776137e-11 
 2223       1.287768479406e-11 
 2224       1.281752288588e-11 
 2225       1.275725838335e-11 
 2226       1.269690769203e-11 
 2227       1.263648727663e-11 
 2228       1.257601366100e-11 
 2229       1.251550342828e-11 
 2230       1.245497322091e-11 
 2231       1.239443974070e-11 
 2232       1.233391974894e-11 
 2233       1.227343006641e-11 
 2234       1.221298757349e-11 
 2235       1.215260921019e-11 
 2236       1.209231197625e-11 
 2237       1.203211293119e-11 
 2238       1.197202919437e-11 
 2239       1.191207794507e-11 
 2240       1.185227642255e-11 
 2241       1.179264192611e-11 
 2242       1.173319181517e-11 
 2243       1.167394350933e-11 
 2244       1.161491448842e-11 
 2245       1.155612229259e-11 
 2246       1.149758452239e-11 
 2247       1.143931883879e-11 
 2248       1.138134296326e-11 
 2249       1.132367467788e-11 
 2250       1.126633182535e-11 
 2251       1.120933064974e-11 
 2252       1.115268080668e-11 
 2253       1.109639032089e-11 
 2254       1.104046724250e-11 
 2255       1.098491964718e-11 
 2256       1.092975563611e-11 
 2257       1.087498333602e-11 
 2258       1.082061089921e-11 
 2259       1.076664650360e-11 
 2260       1.071309835273e-11 
 2261       1.065997467581e-11 
 2262       1.060728372772e-11 
 2263       1.055503378906e-11 
 2264       1.050323316619e-11 
 2265       1.045189019120e-11 
 2266       1.040101322200e-11 
 2267       1.035061064232e-11 
 2268       1.030069086173e-11 
 2269       1.025126231566e-11 
 2270       1.020233346549e-11 
 2271       1.015391279847e-11 
 2272       1.010600882785e-11 
 2273       1.005863009284e-11 
 2274       1.001178515868e-11 
 2275       9.965482616620e-12 
 2276       9.919731083999e-12 
 2277       9.874539204236e-12 
 2278       9.829915646870e-12 
 2279       9.785869107585e-12 
 2280       9.742408308238e-12 
 2281       9.699541996885e-12 
 2282       9.657278947810e-12 
 2283       9.615627961547e-12 
 2284       9.574597864915e-12 
 2285       9.534197511037e-12 
 2286       9.494435779371e-12 
 2287       9.455321575739e-12 
 2288       9.416863832349e-12 
 2289       9.379071507825e-12 
 2290       9.341953587235e-12 
 2291       9.305517013936e-12 
 2292       9.269760470616e-12 
 2293       9.234680558566e-12 
 2294       9.200273862231e-12 
 2295       9.166536949186e-12 
 2296       9.133466370122e-12 
 2297       9.101058658819e-12 
 2298       9.069310332132e-12 
 2299       9.038217889965e-12 
 2300       9.007777815255e-12 
 2301       8.977986573951e-12 
 2302       8.948840614992e-12 
 2303       8.920336370289e-12 
 2304       8.892470254702e-12 
 2305       8.865238666022e-12 
 2306       8.838637984953e-12 
 2307       8.812664575083e-12 
 2308       8.787314782876e-12 
 2309       8.762584937641e-12 
 2310       8.738471351519e-12 
 2311       8.714970319458e-12 
 2312       8.692078119195e-12 
 2313       8.669791011238e-12 
 2314       8.648105238839e-12 
 2315       8.627017027982e-12 
 2316       8.606522587356e-12 
 2317       8.586618108340e-12 
 2318       8.567299764979e-12 
 2319       8.548563713964e-12 
 2320       8.530406094615e-12 
 2321       8.512823028857e-12 
 2322       8.495810621203e-12 
 2323       8.479364958730e-12 
 2324       8.463482111063e-12 
 2325       8.448158130351e-12 
 2326       8.433389051249e-12 
 2327       8.419170890898e-12 
 2328       8.405499648903e-12 
 2329       8.392371307315e-12 
 2330       8.379781830607e-12 
 2331       8.367726137764e-12 
 2332       8.356195011528e-12 
 2333       8.345178169694e-12 
 2334       8.334665291206e-12 
 2335       8.324646016108e-12 
 2336       8.315109945505e-12 
 2337       8.306046641518e-12 
 2338       8.297445627241e-12 
 2339       8.289296386701e-12 
 2340       8.281588364811e-12 
 2341       8.274310967328e-12 
 2342       8.267453560813e-12 
 2343       8.261005472584e-12 
 2344       8.254955990678e-12 
 2345       8.249294363802e-12 
 2346       8.244009801295e-12 
 2347       8.239091473083e-12 
 2348       8.234528509635e-12 
 2349       8.230310001925e-12 
 2350       8.226425001381e-12 
 2351       8.222862519849e-12 
 2352       8.219611529549e-12 
 2353       8.216660963028e-12 
 2354       8.213999713121e-12 
 2355       8.211616632907e-12 
 2356       8.209500535665e-12 
 2357       8.207640194834e-12 
 2358       8.206024343967e-12 
 2359       8.204641676688e-12 
 2360       8.203480846651e-12 
 2361       8.202530467498e-12 
 2362       8.201779112812e-12 
 2363       8.201215316078e-12 
 2364       8.200827570638e-12 
 2365       8.200604329647e-12 
 2366       8.200534006035e-12 
 2367       8.200604972458e-12 
 2368       8.200805561259e-12 
 2369       8.201124064423e-12 
 2370       8.201548733537e-12 
 2371       8.202068266098e-12 
 2372       8.202673267826e-12 
 2373       8.203354799297e-12 
 2374       8.204103890375e-12 
 2375       8.204911540183e-12 
 2376       8.205768717066e-12 
 2377       8.206666358559e-12 
 2378       8.207595371359e-12 
 2379       8.208546631285e-12 
 2380       8.209510983254e-12 
 2381       8.210479241240e-12 
 2382       8.211442188249e-12 
 2383       8.212390576279e-12 
 2384       8.213315126295e-12 
 2385       8.214206528190e-12 
 2386       8.215055440758e-12 
 2387       8.215852491656e-12 
 2388       8.216588277376e-12 
 2389       8.217253363210e-12 
 2390       8.217838283217e-12 
 2391       8.218333540194e-12 
 2392       8.218729605639e-12 
 2393       8.219016919721e-12 
 2394       8.219185891245e-12 
 2395       8.219226897626e-12 
 2396       8.219130284846e-12 
 2397       8.218886367431e-12 
 2398       8.218485428415e-12 
 2399       8.217917719303e-12 
 2400       8.217173460048e-12 
 2401       8.216242839008e-12 
 2402       8.215116012921e-12 
 2403       8.213783106871e-12 
 2404       8.212234214252e-12 
 2405       8.210459396738e-12 
 2406       8.208448684252e-12 
 2407       8.206192074931e-12 
 2408       8.203679535092e-12 
 2409       8.200900999205e-12 
 2410       8.197846369854e-12 
 2411       8.194506841040e-12 
 2412       8.190878876915e-12 
 2413       8.186960257145e-12 
 2414       8.182748755766e-12 
 2415       8.178242141179e-12 
 2416       8.173438176146e-12 
 2417       8.168334617784e-12 
 2418       8.162929217561e-12 
 2419       8.157219721288e-12 
 2420       8.151203869117e-12 
 2421       8.144879395533e-12 
 2422       8.138244029351e-12 
 2423       8.131295493708e-12 
 2424       8.124031506062e-12 
 2425       8.116449778182e-12 
 2426       8.108548016146e-12 
 2427       8.100323920334e-12 
 2428       8.091775185426e-12 
 2429       8.082899500390e-12 
 2430       8.073694548485e-12 
 2431       8.064158007249e-12 
 2432       8.054287548499e-12 
 2433       8.044080838320e-12 
 2434       8.033535537067e-12 
 2435       8.022649299352e-12 
 2436       8.011419774045e-12 
 2437       7.999844604266e-12 
 2438       7.987921427380e-12 
 2439       7.975647874990e-12 
 2440       7.963021572936e-12 
 2441       7.950040141286e-12 
 2442       7.936701194333e-12 
 2443       7.923002340588e-12 
 2444       7.908941182776e-12 
 2445       7.894515317830e-12 
 2446       7.879722336886e-12 
 2447       7.864559825280e-12 
 2448       7.849025362537e-12 
 2449       7.833116522372e-12 
 2450       7.816830872681e-12 
 2451       7.800167244545e-12 
 2452       7.783129547524e-12 
 2453       7.765722977146e-12 
 2454       7.747952747988e-12 
 2455       7.729824093692e-12 
 2456       7.711342266994e-12 
 2457       7.692512539734e-12 
 2458       7.673340202885e-12 
 2459       7.653830566567e-12 
 2460       7.633988960069e-12 
 2461       7.613820731872e-12 
 2462       7.593331249662e-12 
 2463       7.572525900359e-12 
 2464       7.551410090130e-12 
 2465       7.529989244412e-12 
 2466       7.508268807933e-12 
 2467       7.486254244729e-12 
 2468       7.463951038167e-12 
 2469       7.441364690965e-12 
 2470       7.418500725210e-12 
 2471       7.395364682380e-12 
 2472       7.371962123361e-12 
 2473       7.348298628473e-12 
 2474       7.324379797485e-12 
 2475       7.300211249637e-12 
 2476       7.275798623658e-12 
 2477       7.251147577789e-12 
 2478       7.226263789804e-12 
 2479       7.201152957025e-12 
 2480       7.175820796346e-12 
 2481       7.150273044254e-12 
 2482       7.124515456844e-12 
 2483       7.098553809845e-12 
 2484       7.072393898637e-12 
 2485       7.046041538272e-12 
 2486       7.019502563491e-12 
 2487       6.992782828751e-12 
 2488       6.965888208238e-12 
 2489       6.938824595891e-12 
 2490       6.911597905420e-12 
 2491       6.884211182820e-12 
 2492       6.856655925317e-12 
 2493       6.828920711434e-12 
 2494       6.800994083825e-12 
 2495       6.772864549243e-12 
 2496       6.744520578506e-12 
 2497       6.715950606454e-12 
 2498       6.687143031922e-12 
 2499       6.658086217699e-12 
 2500       6.628768490492e-12 
