# dimensionless total [l(l+1)/2pi] C_l's
# for l=2 to 2500, i.e. number of multipoles equal to 2499
#
# -> if you prefer output in CAMB/HealPix/LensPix units/order, set 'format' to 'camb' in input file
# -> if you don't want to see such a header, set 'headers' to 'no' in input file
#
# 1:l     2:TT                 
    2       3.246703256553e-10 
    3       3.013059041366e-10 
    4       2.815390989795e-10 
    5       2.659338722380e-10 
    6       2.536619811072e-10 
    7       2.438065328194e-10 
    8       2.356509709274e-10 
    9       2.287931611132e-10 
   10       2.228887638427e-10 
   11       2.177641727245e-10 
   12       2.132513235179e-10 
   13       2.092437842390e-10 
   14       2.057189132339e-10 
   15       2.026097022903e-10 
   16       1.998331076077e-10 
   17       1.974143560808e-10 
   18       1.952614466295e-10 
   19       1.934142333392e-10 
   20       1.918347187164e-10 
   21       1.905275094261e-10 
   22       1.894350624420e-10 
   23       1.885559510872e-10 
   24       1.878581863794e-10 
   25       1.873527004053e-10 
   26       1.870300583712e-10 
   27       1.869000486713e-10 
   28       1.869365846428e-10 
   29       1.870817779966e-10 
   30       1.873519227532e-10 
   31       1.877658669070e-10 
   32       1.883216207605e-10 
   33       1.890217137697e-10 
   34       1.898521556602e-10 
   35       1.907861292805e-10 
   36       1.918290554419e-10 
   37       1.929858771954e-10 
   38       1.942472119977e-10 
   39       1.955960084117e-10 
   40       1.970338893922e-10 
   41       1.985612844554e-10 
   42       2.001691853096e-10 
   43       2.018449800487e-10 
   44       2.035942207770e-10 
   45       2.054241552569e-10 
   46       2.073371565985e-10 
   47       2.093302664443e-10 
   48       2.113978524812e-10 
   49       2.135415327133e-10 
   50       2.157622638613e-10 
   51       2.180571806973e-10 
   52       2.204192981249e-10 
   53       2.228405680628e-10 
   54       2.253226587088e-10 
   55       2.278684278540e-10 
   56       2.304786569794e-10 
   57       2.331518939982e-10 
   58       2.358842959982e-10 
   59       2.386714841459e-10 
   60       2.415149685889e-10 
   61       2.444169403276e-10 
   62       2.473783030117e-10 
   63       2.503985838905e-10 
   64       2.534758447642e-10 
   65       2.566077577099e-10 
   66       2.597952970728e-10 
   67       2.630396725017e-10 
   68       2.663411777556e-10 
   69       2.696991342356e-10 
   70       2.731118345172e-10 
   71       2.765764858824e-10 
   72       2.800902622906e-10 
   73       2.836538195472e-10 
   74       2.872683559666e-10 
   75       2.909345330870e-10 
   76       2.946524445093e-10 
   77       2.984215847358e-10 
   78       3.022408180096e-10 
   79       3.061083471532e-10 
   80       3.100223543095e-10 
   81       3.139831198687e-10 
   82       3.179912163646e-10 
   83       3.220468508274e-10 
   84       3.261498460653e-10 
   85       3.302996219455e-10 
   86       3.344951766767e-10 
   87       3.387350680899e-10 
   88       3.430173949203e-10 
   89       3.473402928343e-10 
   90       3.517035524867e-10 
   91       3.561072219780e-10 
   92       3.605511038506e-10 
   93       3.650347440826e-10 
   94       3.695574210803e-10 
   95       3.741181346716e-10 
   96       3.787155950991e-10 
   97       3.833482120132e-10 
   98       3.880140834653e-10 
   99       3.927113512868e-10 
  100       3.974393484540e-10 
  101       4.021975945464e-10 
  102       4.069854373760e-10 
  103       4.118020464216e-10 
  104       4.166464062626e-10 
  105       4.215173100138e-10 
  106       4.264133527588e-10 
  107       4.313329249848e-10 
  108       4.362742060166e-10 
  109       4.412351574505e-10 
  110       4.462137988907e-10 
  111       4.512090893519e-10 
  112       4.562201468944e-10 
  113       4.612459726573e-10 
  114       4.662854470674e-10 
  115       4.713373260477e-10 
  116       4.764002372259e-10 
  117       4.814726761431e-10 
  118       4.865530024628e-10 
  119       4.916394361789e-10 
  120       4.967300538246e-10 
  121       5.018227846814e-10 
  122       5.069154069870e-10 
  123       5.120057639719e-10 
  124       5.170924481451e-10 
  125       5.221741888413e-10 
  126       5.272496373938e-10 
  127       5.323173650729e-10 
  128       5.373758610241e-10 
  129       5.424235302062e-10 
  130       5.474586913296e-10 
  131       5.524795747942e-10 
  132       5.574843206282e-10 
  133       5.624709764255e-10 
  134       5.674374952845e-10 
  135       5.723817337460e-10 
  136       5.773014497317e-10 
  137       5.821944725096e-10 
  138       5.870592368066e-10 
  139       5.918943003139e-10 
  140       5.966981756572e-10 
  141       6.014693294268e-10 
  142       6.062061812077e-10 
  143       6.109071026099e-10 
  144       6.155704162981e-10 
  145       6.201943950223e-10 
  146       6.247772606473e-10 
  147       6.293171831831e-10 
  148       6.338122798151e-10 
  149       6.382606139338e-10 
  150       6.426601941653e-10 
  151       6.470089734012e-10 
  152       6.513048478286e-10 
  153       6.555458001026e-10 
  154       6.597303458776e-10 
  155       6.638571271194e-10 
  156       6.679247714584e-10 
  157       6.719318919543e-10 
  158       6.758770868596e-10 
  159       6.797589393846e-10 
  160       6.835760174610e-10 
  161       6.873268735063e-10 
  162       6.910100441880e-10 
  163       6.946240501877e-10 
  164       6.981673959655e-10 
  165       7.016385695240e-10 
  166       7.050360421725e-10 
  167       7.083582682912e-10 
  168       7.116036850957e-10 
  169       7.147707124005e-10 
  170       7.178577523840e-10 
  171       7.208632942591e-10 
  172       7.237862385735e-10 
  173       7.266255996243e-10 
  174       7.293804031755e-10 
  175       7.320496866505e-10 
  176       7.346324993241e-10 
  177       7.371279025147e-10 
  178       7.395349697766e-10 
  179       7.418527870923e-10 
  180       7.440804530646e-10 
  181       7.462170791087e-10 
  182       7.482617896447e-10 
  183       7.502137222894e-10 
  184       7.520720280489e-10 
  185       7.538358715107e-10 
  186       7.555044310357e-10 
  187       7.570768989507e-10 
  188       7.585524817405e-10 
  189       7.599304002400e-10 
  190       7.612098898265e-10 
  191       7.623902622874e-10 
  192       7.634710962053e-10 
  193       7.644520612559e-10 
  194       7.653328582083e-10 
  195       7.661132193191e-10 
  196       7.667929087263e-10 
  197       7.673717228432e-10 
  198       7.678494907528e-10 
  199       7.682260746014e-10 
  200       7.685013699931e-10 
  201       7.686753063832e-10 
  202       7.687478474730e-10 
  203       7.687189916030e-10 
  204       7.685887721477e-10 
  205       7.683572579090e-10 
  206       7.680245535107e-10 
  207       7.675907997922e-10 
  208       7.670561742027e-10 
  209       7.664208911951e-10 
  210       7.656852026203e-10 
  211       7.648493981207e-10 
  212       7.639138055250e-10 
  213       7.628787954598e-10 
  214       7.617447947164e-10 
  215       7.605122745488e-10 
  216       7.591817469391e-10 
  217       7.577537650028e-10 
  218       7.562289233938e-10 
  219       7.546078587093e-10 
  220       7.528912498955e-10 
  221       7.510798186521e-10 
  222       7.491743298381e-10 
  223       7.471755918763e-10 
  224       7.450844571588e-10 
  225       7.429018224520e-10 
  226       7.406286293017e-10 
  227       7.382658644386e-10 
  228       7.358145601827e-10 
  229       7.332757948492e-10 
  230       7.306506931532e-10 
  231       7.279404266150e-10 
  232       7.251462139650e-10 
  233       7.222693215491e-10 
  234       7.193110637337e-10 
  235       7.162728033110e-10 
  236       7.131559519037e-10 
  237       7.099619703708e-10 
  238       7.066923036677e-10 
  239       7.033481802116e-10 
  240       6.999308011473e-10 
  241       6.964414050631e-10 
  242       6.928812682581e-10 
  243       6.892517050090e-10 
  244       6.855540678368e-10 
  245       6.817897477736e-10 
  246       6.779601746301e-10 
  247       6.740668172614e-10 
  248       6.701111838348e-10 
  249       6.660948220962e-10 
  250       6.620193196370e-10 
  251       6.578863041609e-10 
  252       6.536974437512e-10 
  253       6.494544471370e-10 
  254       6.451590639605e-10 
  255       6.408130850436e-10 
  256       6.364183426552e-10 
  257       6.319767107774e-10 
  258       6.274901053729e-10 
  259       6.229604846517e-10 
  260       6.183898493378e-10 
  261       6.137802429362e-10 
  262       6.091337519999e-10 
  263       6.044525063963e-10 
  264       5.997386795747e-10 
  265       5.949944888325e-10 
  266       5.902220639842e-10 
  267       5.854230449168e-10 
  268       5.805989626996e-10 
  269       5.757513692594e-10 
  270       5.708818374251e-10 
  271       5.659919609719e-10 
  272       5.610833546662e-10 
  273       5.561576543095e-10 
  274       5.512165167838e-10 
  275       5.462616200952e-10 
  276       5.412946634192e-10 
  277       5.363173671444e-10 
  278       5.313314729176e-10 
  279       5.263387436884e-10 
  280       5.213409637531e-10 
  281       5.163399387996e-10 
  282       5.113374959520e-10 
  283       5.063354838148e-10 
  284       5.013357725178e-10 
  285       4.963402537601e-10 
  286       4.913508408551e-10 
  287       4.863694687747e-10 
  288       4.813980941939e-10 
  289       4.764386955353e-10 
  290       4.714932730136e-10 
  291       4.665638486802e-10 
  292       4.616524664676e-10 
  293       4.567611922338e-10 
  294       4.518921138072e-10 
  295       4.470473410306e-10 
  296       4.422290058060e-10 
  297       4.374391032700e-10 
  298       4.326790066716e-10 
  299       4.279499289503e-10 
  300       4.232530793054e-10 
  301       4.185896630249e-10 
  302       4.139608813149e-10 
  303       4.093679311287e-10 
  304       4.048120049957e-10 
  305       4.002942908507e-10 
  306       3.958159718627e-10 
  307       3.913782262645e-10 
  308       3.869822271814e-10 
  309       3.826291424604e-10 
  310       3.783201344994e-10 
  311       3.740563600763e-10 
  312       3.698389701779e-10 
  313       3.656691098292e-10 
  314       3.615479179227e-10 
  315       3.574765270469e-10 
  316       3.534560633160e-10 
  317       3.494876461988e-10 
  318       3.455723883477e-10 
  319       3.417113954279e-10 
  320       3.379057659464e-10 
  321       3.341565910815e-10 
  322       3.304649545113e-10 
  323       3.268319322432e-10 
  324       3.232585924431e-10 
  325       3.197459952641e-10 
  326       3.162951926760e-10 
  327       3.129072282940e-10 
  328       3.095831372083e-10 
  329       3.063239458129e-10 
  330       3.031306716346e-10 
  331       3.000043231623e-10 
  332       2.969457973570e-10 
  333       2.939555675913e-10 
  334       2.910339817579e-10 
  335       2.881813630790e-10 
  336       2.853980098249e-10 
  337       2.826841950318e-10 
  338       2.800401662199e-10 
  339       2.774661451112e-10 
  340       2.749623273482e-10 
  341       2.725288822112e-10 
  342       2.701659523367e-10 
  343       2.678736534355e-10 
  344       2.656520740106e-10 
  345       2.635012750755e-10 
  346       2.614212898717e-10 
  347       2.594121235873e-10 
  348       2.574737530750e-10 
  349       2.556061265696e-10 
  350       2.538091634068e-10 
  351       2.520827537406e-10 
  352       2.504267582618e-10 
  353       2.488410079159e-10 
  354       2.473253036210e-10 
  355       2.458794159860e-10 
  356       2.445030850287e-10 
  357       2.431960198935e-10 
  358       2.419578985701e-10 
  359       2.407883676108e-10 
  360       2.396870418490e-10 
  361       2.386535041173e-10 
  362       2.376873049651e-10 
  363       2.367879623772e-10 
  364       2.359549614913e-10 
  365       2.351877543167e-10 
  366       2.344857594516e-10 
  367       2.338483618018e-10 
  368       2.332749122982e-10 
  369       2.327647276153e-10 
  370       2.323170898889e-10 
  371       2.319312943763e-10 
  372       2.316067950668e-10 
  373       2.313430642116e-10 
  374       2.311395446567e-10 
  375       2.309956496026e-10 
  376       2.309107623637e-10 
  377       2.308842361286e-10 
  378       2.309153937194e-10 
  379       2.310035273515e-10 
  380       2.311478983934e-10 
  381       2.313477371266e-10 
  382       2.316022425049e-10 
  383       2.319105819145e-10 
  384       2.322718909337e-10 
  385       2.326852730923e-10 
  386       2.331497996319e-10 
  387       2.336645092651e-10 
  388       2.342284079353e-10 
  389       2.348404685770e-10 
  390       2.354996308746e-10 
  391       2.362048010229e-10 
  392       2.369548514866e-10 
  393       2.377486207599e-10 
  394       2.385849131262e-10 
  395       2.394624984183e-10 
  396       2.403801117774e-10 
  397       2.413364534133e-10 
  398       2.423301883643e-10 
  399       2.433599462564e-10 
  400       2.444243210634e-10 
  401       2.455218708666e-10 
  402       2.466511176143e-10 
  403       2.478105468819e-10 
  404       2.489986076312e-10 
  405       2.502137119705e-10 
  406       2.514542349143e-10 
  407       2.527185141427e-10 
  408       2.540048497615e-10 
  409       2.553115040617e-10 
  410       2.566367012793e-10 
  411       2.579788126531e-10 
  412       2.593369192922e-10 
  413       2.607102687241e-10 
  414       2.620980912847e-10 
  415       2.634996000095e-10 
  416       2.649139905244e-10 
  417       2.663404409370e-10 
  418       2.677781117273e-10 
  419       2.692261456392e-10 
  420       2.706836675710e-10 
  421       2.721497844670e-10 
  422       2.736235852083e-10 
  423       2.751041405035e-10 
  424       2.765905027804e-10 
  425       2.780817060767e-10 
  426       2.795767659308e-10 
  427       2.810746792735e-10 
  428       2.825744243183e-10 
  429       2.840749604530e-10 
  430       2.855752281306e-10 
  431       2.870741487601e-10 
  432       2.885706245979e-10 
  433       2.900635386386e-10 
  434       2.915517545061e-10 
  435       2.930341163449e-10 
  436       2.945094487107e-10 
  437       2.959765564617e-10 
  438       2.974342246496e-10 
  439       2.988812184107e-10 
  440       3.003162828570e-10 
  441       3.017381429670e-10 
  442       3.031455034769e-10 
  443       3.045370487717e-10 
  444       3.059114427762e-10 
  445       3.072673288460e-10 
  446       3.086033296585e-10 
  447       3.099180471042e-10 
  448       3.112100621773e-10 
  449       3.124779348674e-10 
  450       3.137202040497e-10 
  451       3.149355924674e-10 
  452       3.161236291689e-10 
  453       3.172840469158e-10 
  454       3.184165789166e-10 
  455       3.195209588386e-10 
  456       3.205969208198e-10 
  457       3.216441994805e-10 
  458       3.226625299352e-10 
  459       3.236516478043e-10 
  460       3.246112892261e-10 
  461       3.255411908680e-10 
  462       3.264410899391e-10 
  463       3.273107242013e-10 
  464       3.281498319812e-10 
  465       3.289581521822e-10 
  466       3.297354242960e-10 
  467       3.304813884144e-10 
  468       3.311957852411e-10 
  469       3.318783561035e-10 
  470       3.325288429644e-10 
  471       3.331469884339e-10 
  472       3.337325357811e-10 
  473       3.342852289458e-10 
  474       3.348048125504e-10 
  475       3.352910319118e-10 
  476       3.357436330526e-10 
  477       3.361623627137e-10 
  478       3.365469683654e-10 
  479       3.368971982194e-10 
  480       3.372128012408e-10 
  481       3.374935271595e-10 
  482       3.377391264822e-10 
  483       3.379493505042e-10 
  484       3.381239513209e-10 
  485       3.382626818400e-10 
  486       3.383652957929e-10 
  487       3.384315477467e-10 
  488       3.384611931157e-10 
  489       3.384539881737e-10 
  490       3.384096900651e-10 
  491       3.383281601228e-10 
  492       3.382096771621e-10 
  493       3.380546334908e-10 
  494       3.378634325056e-10 
  495       3.376364887552e-10 
  496       3.373742280038e-10 
  497       3.370770872934e-10 
  498       3.367455150078e-10 
  499       3.363799709349e-10 
  500       3.359809263303e-10 
  501       3.355488639804e-10 
  502       3.350842782649e-10 
  503       3.345876752206e-10 
  504       3.340595726042e-10 
  505       3.335004999553e-10 
  506       3.329109986596e-10 
  507       3.322916220120e-10 
  508       3.316429352796e-10 
  509       3.309655157651e-10 
  510       3.302599528692e-10 
  511       3.295268481546e-10 
  512       3.287668154084e-10 
  513       3.279804807054e-10 
  514       3.271684824712e-10 
  515       3.263314715454e-10 
  516       3.254701112446e-10 
  517       3.245850774254e-10 
  518       3.236770585477e-10 
  519       3.227467557375e-10 
  520       3.217948828502e-10 
  521       3.208221665337e-10 
  522       3.198293462915e-10 
  523       3.188171745456e-10 
  524       3.177864166998e-10 
  525       3.167378512027e-10 
  526       3.156722696108e-10 
  527       3.145904766515e-10 
  528       3.134932902864e-10 
  529       3.123815417744e-10 
  530       3.112560757343e-10 
  531       3.101177099511e-10 
  532       3.089671134531e-10 
  533       3.078049252171e-10 
  534       3.066317941696e-10 
  535       3.054483792325e-10 
  536       3.042553493694e-10 
  537       3.030533836315e-10 
  538       3.018431712035e-10 
  539       3.006254114496e-10 
  540       2.994008139596e-10 
  541       2.981700985948e-10 
  542       2.969339955341e-10 
  543       2.956932453196e-10 
  544       2.944485989033e-10 
  545       2.932008176925e-10 
  546       2.919506735959e-10 
  547       2.906989490697e-10 
  548       2.894464371637e-10 
  549       2.881939415671e-10 
  550       2.869422766543e-10 
  551       2.856922675313e-10 
  552       2.844447500817e-10 
  553       2.832005710121e-10 
  554       2.819605878989e-10 
  555       2.807256692336e-10 
  556       2.794966944691e-10 
  557       2.782745540659e-10 
  558       2.770601495375e-10 
  559       2.758543934971e-10 
  560       2.746582097030e-10 
  561       2.734725331049e-10 
  562       2.722983098898e-10 
  563       2.711364975279e-10 
  564       2.699880648190e-10 
  565       2.688539919379e-10 
  566       2.677352704808e-10 
  567       2.666329035111e-10 
  568       2.655479056054e-10 
  569       2.644813028998e-10 
  570       2.634341331353e-10 
  571       2.624073203950e-10 
  572       2.614012957106e-10 
  573       2.604163668708e-10 
  574       2.594528428553e-10 
  575       2.585110338343e-10 
  576       2.575912511691e-10 
  577       2.566938074114e-10 
  578       2.558190163040e-10 
  579       2.549671927797e-10 
  580       2.541386529625e-10 
  581       2.533337141663e-10 
  582       2.525526948959e-10 
  583       2.517959148462e-10 
  584       2.510636949028e-10 
  585       2.503563571413e-10 
  586       2.496742248278e-10 
  587       2.490176224183e-10 
  588       2.483868755592e-10 
  589       2.477823110869e-10 
  590       2.472042570281e-10 
  591       2.466530425991e-10 
  592       2.461289982065e-10 
  593       2.456324554466e-10 
  594       2.451637471057e-10 
  595       2.447232071599e-10 
  596       2.443111707750e-10 
  597       2.439279743064e-10 
  598       2.435739552995e-10 
  599       2.432494524889e-10 
  600       2.429548057991e-10 
  601       2.426903563440e-10 
  602       2.424564464268e-10 
  603       2.422534195404e-10 
  604       2.420816203668e-10 
  605       2.419413947775e-10 
  606       2.418330898332e-10 
  607       2.417570537838e-10 
  608       2.417136360683e-10 
  609       2.417031873150e-10 
  610       2.417260593411e-10 
  611       2.417825021310e-10 
  612       2.418723520728e-10 
  613       2.419953362877e-10 
  614       2.421511749462e-10 
  615       2.423395812350e-10 
  616       2.425602613235e-10 
  617       2.428129143314e-10 
  618       2.430972322948e-10 
  619       2.434129001336e-10 
  620       2.437595956182e-10 
  621       2.441369893365e-10 
  622       2.445447446607e-10 
  623       2.449825177141e-10 
  624       2.454499573382e-10 
  625       2.459467050596e-10 
  626       2.464723950565e-10 
  627       2.470266541262e-10 
  628       2.476091016513e-10 
  629       2.482193495673e-10 
  630       2.488570023289e-10 
  631       2.495216568771e-10 
  632       2.502129026064e-10 
  633       2.509303213310e-10 
  634       2.516734872524e-10 
  635       2.524419669258e-10 
  636       2.532353192274e-10 
  637       2.540530953208e-10 
  638       2.548948386243e-10 
  639       2.557600847775e-10 
  640       2.566483616085e-10 
  641       2.575591891006e-10 
  642       2.584920793589e-10 
  643       2.594465365780e-10 
  644       2.604220570080e-10 
  645       2.614181289219e-10 
  646       2.624342325823e-10 
  647       2.634698402085e-10 
  648       2.645244159430e-10 
  649       2.655974158189e-10 
  650       2.666882877263e-10 
  651       2.677964662515e-10 
  652       2.689213571331e-10 
  653       2.700623523923e-10 
  654       2.712188353950e-10 
  655       2.723901808171e-10 
  656       2.735757546100e-10 
  657       2.747749139663e-10 
  658       2.759870072845e-10 
  659       2.772113741355e-10 
  660       2.784473452270e-10 
  661       2.796942423696e-10 
  662       2.809513784422e-10 
  663       2.822180573570e-10 
  664       2.834935740254e-10 
  665       2.847772143233e-10 
  666       2.860682550563e-10 
  667       2.873659639257e-10 
  668       2.886695994932e-10 
  669       2.899784111470e-10 
  670       2.912916390667e-10 
  671       2.926085141894e-10 
  672       2.939282581744e-10 
  673       2.952500833691e-10 
  674       2.965731927742e-10 
  675       2.978967800096e-10 
  676       2.992200292791e-10 
  677       3.005421153365e-10 
  678       3.018622034507e-10 
  679       3.031794493711e-10 
  680       3.044929992934e-10 
  681       3.058019898246e-10 
  682       3.071055479488e-10 
  683       3.084027909923e-10 
  684       3.096928265892e-10 
  685       3.109747526471e-10 
  686       3.122476573121e-10 
  687       3.135106189345e-10 
  688       3.147627060340e-10 
  689       3.160029772657e-10 
  690       3.172304813847e-10 
  691       3.184443450126e-10 
  692       3.196440380364e-10 
  693       3.208291137409e-10 
  694       3.219991215030e-10 
  695       3.231536067791e-10 
  696       3.242921110924e-10 
  697       3.254141720210e-10 
  698       3.265193231847e-10 
  699       3.276070942326e-10 
  700       3.286770108311e-10 
  701       3.297285946506e-10 
  702       3.307613633535e-10 
  703       3.317748305816e-10 
  704       3.327685059433e-10 
  705       3.337418950015e-10 
  706       3.346944992608e-10 
  707       3.356258161547e-10 
  708       3.365353390339e-10 
  709       3.374225571528e-10 
  710       3.382869556577e-10 
  711       3.391280155741e-10 
  712       3.399452137937e-10 
  713       3.407380230626e-10 
  714       3.415059119684e-10 
  715       3.422483449275e-10 
  716       3.429647821729e-10 
  717       3.436546797416e-10 
  718       3.443174894620e-10 
  719       3.449526589413e-10 
  720       3.455596315531e-10 
  721       3.461378464251e-10 
  722       3.466867384259e-10 
  723       3.472057381531e-10 
  724       3.476942719206e-10 
  725       3.481517617461e-10 
  726       3.485776253382e-10 
  727       3.489712760844e-10 
  728       3.493321230385e-10 
  729       3.496595709077e-10 
  730       3.499530200403e-10 
  731       3.502119749670e-10 
  732       3.504363724252e-10 
  733       3.506262598546e-10 
  734       3.507816874478e-10 
  735       3.509027081625e-10 
  736       3.509893777330e-10 
  737       3.510417546822e-10 
  738       3.510599003333e-10 
  739       3.510438788219e-10 
  740       3.509937571072e-10 
  741       3.509096049845e-10 
  742       3.507914950968e-10 
  743       3.506395029463e-10 
  744       3.504537069066e-10 
  745       3.502341882344e-10 
  746       3.499810310812e-10 
  747       3.496943225053e-10 
  748       3.493741524837e-10 
  749       3.490206139234e-10 
  750       3.486338026738e-10 
  751       3.482138175383e-10 
  752       3.477607602860e-10 
  753       3.472747356637e-10 
  754       3.467558514076e-10 
  755       3.462042182552e-10 
  756       3.456199499571e-10 
  757       3.450031632888e-10 
  758       3.443539780623e-10 
  759       3.436725171385e-10 
  760       3.429589064383e-10 
  761       3.422132749550e-10 
  762       3.414357547658e-10 
  763       3.406264810437e-10 
  764       3.397855920694e-10 
  765       3.389132292428e-10 
  766       3.380095370953e-10 
  767       3.370746633013e-10 
  768       3.361087586901e-10 
  769       3.351119772576e-10 
  770       3.340844761784e-10 
  771       3.330264665824e-10 
  772       3.319383669154e-10 
  773       3.308206525038e-10 
  774       3.296738050748e-10 
  775       3.284983127780e-10 
  776       3.272946702081e-10 
  777       3.260633784260e-10 
  778       3.248049449820e-10 
  779       3.235198839367e-10 
  780       3.222087158840e-10 
  781       3.208719679726e-10 
  782       3.195101739283e-10 
  783       3.181238740757e-10 
  784       3.167136153610e-10 
  785       3.152799513731e-10 
  786       3.138234423664e-10 
  787       3.123446552824e-10 
  788       3.108441637721e-10 
  789       3.093225482177e-10 
  790       3.077803957551e-10 
  791       3.062183002953e-10 
  792       3.046368625472e-10 
  793       3.030366900391e-10 
  794       3.014183971409e-10 
  795       2.997826050863e-10 
  796       2.981299419947e-10 
  797       2.964610428934e-10 
  798       2.947765497393e-10 
  799       2.930771114415e-10 
  800       2.913633838829e-10 
  801       2.896360299423e-10 
  802       2.878957195168e-10 
  803       2.861431295435e-10 
  804       2.843789440216e-10 
  805       2.826038540345e-10 
  806       2.808185577721e-10 
  807       2.790237605523e-10 
  808       2.772201748437e-10 
  809       2.754085202870e-10 
  810       2.735895237177e-10 
  811       2.717638831021e-10 
  812       2.699321585920e-10 
  813       2.680948795536e-10 
  814       2.662525804909e-10 
  815       2.644058010609e-10 
  816       2.625550860895e-10 
  817       2.607009855868e-10 
  818       2.588440547622e-10 
  819       2.569848540405e-10 
  820       2.551239490771e-10 
  821       2.532619107732e-10 
  822       2.513993152918e-10 
  823       2.495367440728e-10 
  824       2.476747838487e-10 
  825       2.458140266597e-10 
  826       2.439550698698e-10 
  827       2.420985161816e-10 
  828       2.402449736524e-10 
  829       2.383950557091e-10 
  830       2.365493811642e-10 
  831       2.347085742308e-10 
  832       2.328732645384e-10 
  833       2.310440871484e-10 
  834       2.292216825693e-10 
  835       2.274066967724e-10 
  836       2.255997812072e-10 
  837       2.238015928168e-10 
  838       2.220127940538e-10 
  839       2.202340528949e-10 
  840       2.184660428575e-10 
  841       2.167094430141e-10 
  842       2.149649380086e-10 
  843       2.132332180713e-10 
  844       2.115149790346e-10 
  845       2.098109223484e-10 
  846       2.081217550955e-10 
  847       2.064481900072e-10 
  848       2.047909454788e-10 
  849       2.031507455848e-10 
  850       2.015283200949e-10 
  851       1.999243167068e-10 
  852       1.983390360653e-10 
  853       1.967726922291e-10 
  854       1.952255000420e-10 
  855       1.936976751341e-10 
  856       1.921894339225e-10 
  857       1.907009936123e-10 
  858       1.892325721974e-10 
  859       1.877843884620e-10 
  860       1.863566619807e-10 
  861       1.849496131204e-10 
  862       1.835634630403e-10 
  863       1.821984336935e-10 
  864       1.808547478279e-10 
  865       1.795326289868e-10 
  866       1.782323015100e-10 
  867       1.769539905351e-10 
  868       1.756979219979e-10 
  869       1.744643226335e-10 
  870       1.732534199777e-10 
  871       1.720654423672e-10 
  872       1.709006189413e-10 
  873       1.697591796423e-10 
  874       1.686413552165e-10 
  875       1.675473772156e-10 
  876       1.664774779970e-10 
  877       1.654318907255e-10 
  878       1.644108493733e-10 
  879       1.634145887220e-10 
  880       1.624433443627e-10 
  881       1.614973526973e-10 
  882       1.605768509396e-10 
  883       1.596820771158e-10 
  884       1.588132700661e-10 
  885       1.579706694448e-10 
  886       1.571545157222e-10 
  887       1.563650501846e-10 
  888       1.556025149361e-10 
  889       1.548671528990e-10 
  890       1.541592078148e-10 
  891       1.534788507713e-10 
  892       1.528259584615e-10 
  893       1.522003312928e-10 
  894       1.516017665225e-10 
  895       1.510300582466e-10 
  896       1.504849973904e-10 
  897       1.499663716983e-10 
  898       1.494739657231e-10 
  899       1.490075608165e-10 
  900       1.485669351187e-10 
  901       1.481518635482e-10 
  902       1.477621177917e-10 
  903       1.473974662939e-10 
  904       1.470576742476e-10 
  905       1.467425035832e-10 
  906       1.464517129587e-10 
  907       1.461850577497e-10 
  908       1.459422900392e-10 
  909       1.457231586071e-10 
  910       1.455274089207e-10 
  911       1.453547831238e-10 
  912       1.452050200274e-10 
  913       1.450778550987e-10 
  914       1.449730204517e-10 
  915       1.448902448364e-10 
  916       1.448292536293e-10 
  917       1.447897688226e-10 
  918       1.447715090146e-10 
  919       1.447741893993e-10 
  920       1.447975217562e-10 
  921       1.448412144403e-10 
  922       1.449049723720e-10 
  923       1.449884970266e-10 
  924       1.450914864248e-10 
  925       1.452136351217e-10 
  926       1.453546341975e-10 
  927       1.455141712468e-10 
  928       1.456919303686e-10 
  929       1.458875921563e-10 
  930       1.461008336872e-10 
  931       1.463313164088e-10 
  932       1.465786496071e-10 
  933       1.468424263452e-10 
  934       1.471222355031e-10 
  935       1.474176617662e-10 
  936       1.477282856134e-10 
  937       1.480536833053e-10 
  938       1.483934268724e-10 
  939       1.487470841031e-10 
  940       1.491142185323e-10 
  941       1.494943894292e-10 
  942       1.498871517854e-10 
  943       1.502920563036e-10 
  944       1.507086493853e-10 
  945       1.511364731190e-10 
  946       1.515750652687e-10 
  947       1.520239592620e-10 
  948       1.524826841778e-10 
  949       1.529507647353e-10 
  950       1.534277212814e-10 
  951       1.539130697794e-10 
  952       1.544063217970e-10 
  953       1.549069844944e-10 
  954       1.554145606125e-10 
  955       1.559285484614e-10 
  956       1.564484419081e-10 
  957       1.569737303650e-10 
  958       1.575038987780e-10 
  959       1.580384276145e-10 
  960       1.585767928519e-10 
  961       1.591184659657e-10 
  962       1.596629139175e-10 
  963       1.602095991433e-10 
  964       1.607579795415e-10 
  965       1.613075084617e-10 
  966       1.618576346919e-10 
  967       1.624078024477e-10 
  968       1.629574513595e-10 
  969       1.635060164617e-10 
  970       1.640529281799e-10 
  971       1.645976599568e-10 
  972       1.651398719362e-10 
  973       1.656792694164e-10 
  974       1.662155554036e-10 
  975       1.667484306056e-10 
  976       1.672775934269e-10 
  977       1.678027399620e-10 
  978       1.683235639903e-10 
  979       1.688397569701e-10 
  980       1.693510080328e-10 
  981       1.698570039772e-10 
  982       1.703574292637e-10 
  983       1.708519660086e-10 
  984       1.713402939783e-10 
  985       1.718220905835e-10 
  986       1.722970308735e-10 
  987       1.727647875305e-10 
  988       1.732250308636e-10 
  989       1.736774288031e-10 
  990       1.741216468953e-10 
  991       1.745573482956e-10 
  992       1.749841937639e-10 
  993       1.754018416582e-10 
  994       1.758099479289e-10 
  995       1.762081661132e-10 
  996       1.765961473291e-10 
  997       1.769735402699e-10 
  998       1.773399911985e-10 
  999       1.776951439410e-10 
 1000       1.780386398819e-10 
 1001       1.783701179576e-10 
 1002       1.786892146508e-10 
 1003       1.789955639849e-10 
 1004       1.792887975181e-10 
 1005       1.795685443379e-10 
 1006       1.798344310548e-10 
 1007       1.800860817971e-10 
 1008       1.803231182048e-10 
 1009       1.805451594240e-10 
 1010       1.807518221009e-10 
 1011       1.809427856637e-10 
 1012       1.811179892113e-10 
 1013       1.812774374578e-10 
 1014       1.814211357049e-10 
 1015       1.815490898438e-10 
 1016       1.816613063571e-10 
 1017       1.817577923209e-10 
 1018       1.818385554061e-10 
 1019       1.819036038813e-10 
 1020       1.819529466135e-10 
 1021       1.819865930711e-10 
 1022       1.820045533249e-10 
 1023       1.820068380506e-10 
 1024       1.819934585306e-10 
 1025       1.819644266554e-10 
 1026       1.819197549262e-10 
 1027       1.818594564563e-10 
 1028       1.817835449733e-10 
 1029       1.816920348207e-10 
 1030       1.815849409601e-10 
 1031       1.814622789727e-10 
 1032       1.813240650619e-10 
 1033       1.811703160541e-10 
 1034       1.810010494019e-10 
 1035       1.808162831848e-10 
 1036       1.806160361118e-10 
 1037       1.804003275233e-10 
 1038       1.801691773925e-10 
 1039       1.799226063278e-10 
 1040       1.796606355744e-10 
 1041       1.793832870164e-10 
 1042       1.790905831785e-10 
 1043       1.787825472280e-10 
 1044       1.784592029767e-10 
 1045       1.781205748828e-10 
 1046       1.777666880526e-10 
 1047       1.773975682429e-10 
 1048       1.770132418621e-10 
 1049       1.766137359730e-10 
 1050       1.761990782940e-10 
 1051       1.757693335484e-10 
 1052       1.753247130618e-10 
 1053       1.748654666918e-10 
 1054       1.743918466251e-10 
 1055       1.739041073830e-10 
 1056       1.734025058276e-10 
 1057       1.728873011675e-10 
 1058       1.723587549635e-10 
 1059       1.718171311347e-10 
 1060       1.712626959639e-10 
 1061       1.706957181041e-10 
 1062       1.701164685837e-10 
 1063       1.695252208128e-10 
 1064       1.689222505887e-10 
 1065       1.683078361020e-10 
 1066       1.676822579424e-10 
 1067       1.670457991042e-10 
 1068       1.663987449927e-10 
 1069       1.657413834296e-10 
 1070       1.650740046589e-10 
 1071       1.643969013532e-10 
 1072       1.637103686187e-10 
 1073       1.630147040019e-10 
 1074       1.623102074948e-10 
 1075       1.615971815411e-10 
 1076       1.608759310419e-10 
 1077       1.601467633615e-10 
 1078       1.594099883335e-10 
 1079       1.586659182663e-10 
 1080       1.579148679491e-10 
 1081       1.571571546578e-10 
 1082       1.563930981605e-10 
 1083       1.556230207241e-10 
 1084       1.548472471192e-10 
 1085       1.540661046266e-10 
 1086       1.532799230429e-10 
 1087       1.524890346862e-10 
 1088       1.516937744025e-10 
 1089       1.508944795707e-10 
 1090       1.500914901091e-10 
 1091       1.492851363343e-10 
 1092       1.484757023486e-10 
 1093       1.476634621737e-10 
 1094       1.468486918580e-10 
 1095       1.460316694805e-10 
 1096       1.452126751564e-10 
 1097       1.443919910406e-10 
 1098       1.435699013333e-10 
 1099       1.427466922840e-10 
 1100       1.419226521964e-10 
 1101       1.410980714329e-10 
 1102       1.402732424193e-10 
 1103       1.394484596492e-10 
 1104       1.386240196889e-10 
 1105       1.378002211820e-10 
 1106       1.369773648537e-10 
 1107       1.361557535157e-10 
 1108       1.353356920709e-10 
 1109       1.345174875176e-10 
 1110       1.337014489546e-10 
 1111       1.328878875854e-10 
 1112       1.320771167233e-10 
 1113       1.312694517954e-10 
 1114       1.304652103476e-10 
 1115       1.296647120494e-10 
 1116       1.288682786981e-10 
 1117       1.280762342235e-10 
 1118       1.272889046928e-10 
 1119       1.265066183150e-10 
 1120       1.257297054452e-10 
 1121       1.249584985901e-10 
 1122       1.241933324117e-10 
 1123       1.234345437324e-10 
 1124       1.226824715394e-10 
 1125       1.219374569897e-10 
 1126       1.211998434141e-10 
 1127       1.204699763223e-10 
 1128       1.197482034074e-10 
 1129       1.190348745505e-10 
 1130       1.183303418252e-10 
 1131       1.176349163986e-10 
 1132       1.169487386143e-10 
 1133       1.162719062402e-10 
 1134       1.156045174199e-10 
 1135       1.149466706738e-10 
 1136       1.142984648995e-10 
 1137       1.136599993724e-10 
 1138       1.130313737463e-10 
 1139       1.124126880539e-10 
 1140       1.118040427075e-10 
 1141       1.112055384994e-10 
 1142       1.106172766027e-10 
 1143       1.100393585717e-10 
 1144       1.094718863424e-10 
 1145       1.089149622334e-10 
 1146       1.083686889462e-10 
 1147       1.078331695659e-10 
 1148       1.073085075617e-10 
 1149       1.067948067874e-10 
 1150       1.062921714824e-10 
 1151       1.058007062716e-10 
 1152       1.053205161667e-10 
 1153       1.048517065660e-10 
 1154       1.043943832557e-10 
 1155       1.039486524101e-10 
 1156       1.035146205923e-10 
 1157       1.030923947545e-10 
 1158       1.026820822391e-10 
 1159       1.022837907787e-10 
 1160       1.018976284971e-10 
 1161       1.015237039097e-10 
 1162       1.011621259241e-10 
 1163       1.008130038407e-10 
 1164       1.004764473531e-10 
 1165       1.001525665492e-10 
 1166       9.984147191091e-11 
 1167       9.954327431561e-11 
 1168       9.925808503616e-11 
 1169       9.898601574170e-11 
 1170       9.872717849818e-11 
 1171       9.848164689107e-11 
 1172       9.824933886108e-11 
 1173       9.803013240727e-11 
 1174       9.782390432941e-11 
 1175       9.763053022518e-11 
 1176       9.744988448734e-11 
 1177       9.728184030091e-11 
 1178       9.712626964034e-11 
 1179       9.698304326670e-11 
 1180       9.685203072485e-11 
 1181       9.673310034060e-11 
 1182       9.662611921792e-11 
 1183       9.653095323609e-11 
 1184       9.644746704689e-11 
 1185       9.637552407178e-11 
 1186       9.631498649905e-11 
 1187       9.626571528103e-11 
 1188       9.622757013125e-11 
 1189       9.620040952163e-11 
 1190       9.618409067961e-11 
 1191       9.617846958542e-11 
 1192       9.618340096915e-11 
 1193       9.619873830801e-11 
 1194       9.622433382345e-11 
 1195       9.626003847838e-11 
 1196       9.630570197430e-11 
 1197       9.636117274855e-11 
 1198       9.642629797138e-11 
 1199       9.650092354324e-11 
 1200       9.658489409188e-11 
 1201       9.667805296956e-11 
 1202       9.678024225019e-11 
 1203       9.689130272659e-11 
 1204       9.701107390755e-11 
 1205       9.713939401510e-11 
 1206       9.727609998167e-11 
 1207       9.742102744721e-11 
 1208       9.757401075644e-11 
 1209       9.773488295598e-11 
 1210       9.790347579156e-11 
 1211       9.807961144440e-11 
 1212       9.826307763704e-11 
 1213       9.845365222146e-11 
 1214       9.865111140904e-11 
 1215       9.885522976709e-11 
 1216       9.906578021537e-11 
 1217       9.928253402254e-11 
 1218       9.950526080270e-11 
 1219       9.973372851189e-11 
 1220       9.996770344457e-11 
 1221       1.002069502301e-10 
 1222       1.004512318295e-10 
 1223       1.007003095313e-10 
 1224       1.009539429488e-10 
 1225       1.012118900162e-10 
 1226       1.014739069851e-10 
 1227       1.017397484210e-10 
 1228       1.020091671998e-10 
 1229       1.022819145046e-10 
 1230       1.025577398216e-10 
 1231       1.028363909372e-10 
 1232       1.031176139342e-10 
 1233       1.034011531883e-10 
 1234       1.036867513646e-10 
 1235       1.039741494144e-10 
 1236       1.042630865710e-10 
 1237       1.045533003472e-10 
 1238       1.048445265309e-10 
 1239       1.051364991820e-10 
 1240       1.054289506290e-10 
 1241       1.057216114652e-10 
 1242       1.060142105455e-10 
 1243       1.063064749827e-10 
 1244       1.065981301440e-10 
 1245       1.068888996477e-10 
 1246       1.071785053594e-10 
 1247       1.074666673890e-10 
 1248       1.077531040864e-10 
 1249       1.080375320389e-10 
 1250       1.083196660670e-10 
 1251       1.085992422663e-10 
 1252       1.088760874336e-10 
 1253       1.091500504451e-10 
 1254       1.094209792829e-10 
 1255       1.096887210339e-10 
 1256       1.099531218875e-10 
 1257       1.102140271341e-10 
 1258       1.104712811634e-10 
 1259       1.107247274625e-10 
 1260       1.109742086144e-10 
 1261       1.112195662961e-10 
 1262       1.114606412767e-10 
 1263       1.116972734162e-10 
 1264       1.119293016634e-10 
 1265       1.121565640539e-10 
 1266       1.123788977090e-10 
 1267       1.125961388336e-10 
 1268       1.128081227143e-10 
 1269       1.130146837181e-10 
 1270       1.132156552903e-10 
 1271       1.134108699531e-10 
 1272       1.136001593034e-10 
 1273       1.137833540116e-10 
 1274       1.139602838195e-10 
 1275       1.141307775386e-10 
 1276       1.142946630487e-10 
 1277       1.144517672955e-10 
 1278       1.146019162898e-10 
 1279       1.147449351048e-10 
 1280       1.148806478750e-10 
 1281       1.150088777943e-10 
 1282       1.151294471142e-10 
 1283       1.152421771422e-10 
 1284       1.153468882399e-10 
 1285       1.154433998213e-10 
 1286       1.155315303511e-10 
 1287       1.156110973433e-10 
 1288       1.156819173587e-10 
 1289       1.157438060040e-10 
 1290       1.157965779293e-10 
 1291       1.158400802698e-10 
 1292       1.158742933855e-10 
 1293       1.158992312588e-10 
 1294       1.159149081556e-10 
 1295       1.159213386261e-10 
 1296       1.159185375055e-10 
 1297       1.159065199147e-10 
 1298       1.158853012608e-10 
 1299       1.158548972379e-10 
 1300       1.158153238280e-10 
 1301       1.157665973012e-10 
 1302       1.157087342167e-10 
 1303       1.156417514233e-10 
 1304       1.155656660605e-10 
 1305       1.154804955583e-10 
 1306       1.153862576389e-10 
 1307       1.152829703165e-10 
 1308       1.151706518987e-10 
 1309       1.150493209865e-10 
 1310       1.149189964756e-10 
 1311       1.147796975566e-10 
 1312       1.146314437158e-10 
 1313       1.144742547360e-10 
 1314       1.143081506972e-10 
 1315       1.141331519769e-10 
 1316       1.139492792513e-10 
 1317       1.137565534955e-10 
 1318       1.135549959846e-10 
 1319       1.133446282939e-10 
 1320       1.131254723002e-10 
 1321       1.128975501816e-10 
 1322       1.126608844191e-10 
 1323       1.124154977967e-10 
 1324       1.121614134022e-10 
 1325       1.118986546279e-10 
 1326       1.116272451713e-10 
 1327       1.113472090357e-10 
 1328       1.110585705310e-10 
 1329       1.107613542741e-10 
 1330       1.104555851900e-10 
 1331       1.101413079674e-10 
 1332       1.098186456594e-10 
 1333       1.094877417283e-10 
 1334       1.091487406500e-10 
 1335       1.088017879168e-10 
 1336       1.084470300387e-10 
 1337       1.080846145459e-10 
 1338       1.077146899905e-10 
 1339       1.073374059485e-10 
 1340       1.069529130219e-10 
 1341       1.065613628407e-10 
 1342       1.061629080648e-10 
 1343       1.057577023858e-10 
 1344       1.053459005297e-10 
 1345       1.049276582580e-10 
 1346       1.045031323701e-10 
 1347       1.040724807056e-10 
 1348       1.036358621457e-10 
 1349       1.031934366154e-10 
 1350       1.027453650858e-10 
 1351       1.022918095758e-10 
 1352       1.018329331539e-10 
 1353       1.013688999407e-10 
 1354       1.008998751104e-10 
 1355       1.004260248931e-10 
 1356       9.994751657675e-11 
 1357       9.946451850896e-11 
 1358       9.897720009919e-11 
 1359       9.848573182061e-11 
 1360       9.799028521219e-11 
 1361       9.749103288059e-11 
 1362       9.698814850225e-11 
 1363       9.648180682528e-11 
 1364       9.597218367154e-11 
 1365       9.545945593857e-11 
 1366       9.494380160160e-11 
 1367       9.442539971555e-11 
 1368       9.390443041699e-11 
 1369       9.338107492618e-11 
 1370       9.285551554898e-11 
 1371       9.232793049651e-11 
 1372       9.179847827930e-11 
 1373       9.126731315057e-11 
 1374       9.073459027529e-11 
 1375       9.020046573177e-11 
 1376       8.966509651333e-11 
 1377       8.912864052999e-11 
 1378       8.859125661010e-11 
 1379       8.805310450202e-11 
 1380       8.751434487576e-11 
 1381       8.697513932465e-11 
 1382       8.643565036699e-11 
 1383       8.589604144774e-11 
 1384       8.535647694011e-11 
 1385       8.481712214732e-11 
 1386       8.427814330416e-11 
 1387       8.373970757871e-11 
 1388       8.320198307400e-11 
 1389       8.266513882961e-11 
 1390       8.212934482342e-11 
 1391       8.159477197317e-11 
 1392       8.106159213820e-11 
 1393       8.052997812108e-11 
 1394       8.000010366926e-11 
 1395       7.947214347673e-11 
 1396       7.894627318569e-11 
 1397       7.842266938821e-11 
 1398       7.790150962789e-11 
 1399       7.738297240149e-11 
 1400       7.686723716064e-11 
 1401       7.635448431346e-11 
 1402       7.584489522622e-11 
 1403       7.533865222504e-11 
 1404       7.483593859749e-11 
 1405       7.433693859429e-11 
 1406       7.384183743096e-11 
 1407       7.335082128948e-11 
 1408       7.286407731995e-11 
 1409       7.238179364222e-11 
 1410       7.190415934760e-11 
 1411       7.143134257537e-11 
 1412       7.096342449045e-11 
 1413       7.050046462475e-11 
 1414       7.004252274054e-11 
 1415       6.958965883081e-11 
 1416       6.914193311958e-11 
 1417       6.869940606225e-11 
 1418       6.826213834595e-11 
 1419       6.783019088986e-11 
 1420       6.740362484555e-11 
 1421       6.698250159734e-11 
 1422       6.656688276262e-11 
 1423       6.615683019217e-11 
 1424       6.575240597057e-11 
 1425       6.535367241643e-11 
 1426       6.496069208284e-11 
 1427       6.457352775764e-11 
 1428       6.419224246375e-11 
 1429       6.381689945958e-11 
 1430       6.344756223928e-11 
 1431       6.308429453315e-11 
 1432       6.272716030794e-11 
 1433       6.237622376721e-11 
 1434       6.203154935164e-11 
 1435       6.169320173939e-11 
 1436       6.136124584645e-11 
 1437       6.103574682695e-11 
 1438       6.071677007351e-11 
 1439       6.040438121759e-11 
 1440       6.009864612981e-11 
 1441       5.979963092032e-11 
 1442       5.950740193908e-11 
 1443       5.922202577628e-11 
 1444       5.894356926258e-11 
 1445       5.867209946956e-11 
 1446       5.840768370996e-11 
 1447       5.815038953808e-11 
 1448       5.790028475009e-11 
 1449       5.765743738438e-11 
 1450       5.742191572189e-11 
 1451       5.719376732281e-11 
 1452       5.697295590471e-11 
 1453       5.675942382886e-11 
 1454       5.655311300525e-11 
 1455       5.635396489179e-11 
 1456       5.616192049339e-11 
 1457       5.597692036118e-11 
 1458       5.579890459160e-11 
 1459       5.562781282555e-11 
 1460       5.546358424756e-11 
 1461       5.530615758491e-11 
 1462       5.515547110680e-11 
 1463       5.501146262345e-11 
 1464       5.487406948531e-11 
 1465       5.474322858213e-11 
 1466       5.461887634218e-11 
 1467       5.450094873134e-11 
 1468       5.438938125225e-11 
 1469       5.428410894349e-11 
 1470       5.418506637868e-11 
 1471       5.409218766567e-11 
 1472       5.400540644564e-11 
 1473       5.392465589226e-11 
 1474       5.384986871087e-11 
 1475       5.378097713757e-11 
 1476       5.371791293839e-11 
 1477       5.366060740844e-11 
 1478       5.360899137105e-11 
 1479       5.356299517691e-11 
 1480       5.352254870322e-11 
 1481       5.348758135282e-11 
 1482       5.345802205337e-11 
 1483       5.343379925644e-11 
 1484       5.341484093672e-11 
 1485       5.340107459110e-11 
 1486       5.339242723786e-11 
 1487       5.338882541581e-11 
 1488       5.339019518341e-11 
 1489       5.339646211792e-11 
 1490       5.340755131457e-11 
 1491       5.342338119692e-11 
 1492       5.344384488322e-11 
 1493       5.346882863558e-11 
 1494       5.349821803091e-11 
 1495       5.353189795977e-11 
 1496       5.356975262519e-11 
 1497       5.361166554143e-11 
 1498       5.365751953284e-11 
 1499       5.370719673264e-11 
 1500       5.376057858175e-11 
 1501       5.381754582760e-11 
 1502       5.387797852292e-11 
 1503       5.394175602458e-11 
 1504       5.400875699238e-11 
 1505       5.407885938786e-11 
 1506       5.415194047313e-11 
 1507       5.422787680965e-11 
 1508       5.430654425709e-11 
 1509       5.438781797207e-11 
 1510       5.447157240705e-11 
 1511       5.455768130908e-11 
 1512       5.464601771862e-11 
 1513       5.473645396840e-11 
 1514       5.482886168217e-11 
 1515       5.492311177352e-11 
 1516       5.501907444474e-11 
 1517       5.511661918557e-11 
 1518       5.521561477205e-11 
 1519       5.531592926530e-11 
 1520       5.541743001039e-11 
 1521       5.551998363505e-11 
 1522       5.562345604859e-11 
 1523       5.572771244064e-11 
 1524       5.583261727997e-11 
 1525       5.593803431335e-11 
 1526       5.604382656427e-11 
 1527       5.614985633185e-11 
 1528       5.625598518959e-11 
 1529       5.636207398418e-11 
 1530       5.646798283434e-11 
 1531       5.657358099764e-11 
 1532       5.667877657647e-11 
 1533       5.678348709351e-11 
 1534       5.688762964879e-11 
 1535       5.699112091902e-11 
 1536       5.709387715686e-11 
 1537       5.719581419029e-11 
 1538       5.729684742189e-11 
 1539       5.739689182817e-11 
 1540       5.749586195890e-11 
 1541       5.759367193637e-11 
 1542       5.769023545477e-11 
 1543       5.778546577948e-11 
 1544       5.787927574638e-11 
 1545       5.797157776116e-11 
 1546       5.806228379866e-11 
 1547       5.815130540218e-11 
 1548       5.823855368277e-11 
 1549       5.832393931856e-11 
 1550       5.840737255409e-11 
 1551       5.848876319963e-11 
 1552       5.856802063044e-11 
 1553       5.864505378617e-11 
 1554       5.871977117009e-11 
 1555       5.879208084849e-11 
 1556       5.886189044991e-11 
 1557       5.892910716452e-11 
 1558       5.899363774343e-11 
 1559       5.905538849796e-11 
 1560       5.911426529899e-11 
 1561       5.917017357629e-11 
 1562       5.922301831781e-11 
 1563       5.927270406898e-11 
 1564       5.931913493208e-11 
 1565       5.936221456551e-11 
 1566       5.940184618310e-11 
 1567       5.943793255348e-11 
 1568       5.947037599933e-11 
 1569       5.949907839675e-11 
 1570       5.952394117453e-11 
 1571       5.954488157130e-11 
 1572       5.956188157369e-11 
 1573       5.957493943252e-11 
 1574       5.958405344639e-11 
 1575       5.958922196184e-11 
 1576       5.959044337343e-11 
 1577       5.958771612386e-11 
 1578       5.958103870407e-11 
 1579       5.957040965334e-11 
 1580       5.955582755940e-11 
 1581       5.953729105854e-11 
 1582       5.951479883572e-11 
 1583       5.948834962465e-11 
 1584       5.945794220793e-11 
 1585       5.942357541712e-11 
 1586       5.938524813288e-11 
 1587       5.934295928505e-11 
 1588       5.929670785279e-11 
 1589       5.924649286462e-11 
 1590       5.919231339860e-11 
 1591       5.913416858239e-11 
 1592       5.907205759337e-11 
 1593       5.900597965874e-11 
 1594       5.893593405563e-11 
 1595       5.886192011122e-11 
 1596       5.878393720281e-11 
 1597       5.870198475796e-11 
 1598       5.861606225456e-11 
 1599       5.852616922100e-11 
 1600       5.843230523618e-11 
 1601       5.833446992971e-11 
 1602       5.823266298195e-11 
 1603       5.812688412416e-11 
 1604       5.801713313857e-11 
 1605       5.790340985851e-11 
 1606       5.778571416849e-11 
 1607       5.766404600435e-11 
 1608       5.753840535332e-11 
 1609       5.740879225413e-11 
 1610       5.727520679717e-11 
 1611       5.713765966661e-11 
 1612       5.699620387158e-11 
 1613       5.685090330338e-11 
 1614       5.670182222013e-11 
 1615       5.654902524739e-11 
 1616       5.639257737872e-11 
 1617       5.623254397628e-11 
 1618       5.606899077144e-11 
 1619       5.590198386534e-11 
 1620       5.573158972955e-11 
 1621       5.555787520656e-11 
 1622       5.538090751046e-11 
 1623       5.520075422750e-11 
 1624       5.501748331668e-11 
 1625       5.483116311035e-11 
 1626       5.464186231479e-11 
 1627       5.444965001084e-11 
 1628       5.425459565443e-11 
 1629       5.405676907723e-11 
 1630       5.385624048722e-11 
 1631       5.365308046928e-11 
 1632       5.344735998578e-11 
 1633       5.323915037720e-11 
 1634       5.302852336267e-11 
 1635       5.281555104063e-11 
 1636       5.260030588937e-11 
 1637       5.238286076763e-11 
 1638       5.216328891522e-11 
 1639       5.194166395360e-11 
 1640       5.171805988644e-11 
 1641       5.149255110027e-11 
 1642       5.126521236504e-11 
 1643       5.103611883470e-11 
 1644       5.080534604783e-11 
 1645       5.057296992820e-11 
 1646       5.033906678538e-11 
 1647       5.010371331532e-11 
 1648       4.986698660097e-11 
 1649       4.962896411282e-11 
 1650       4.938972370956e-11 
 1651       4.914934265759e-11 
 1652       4.890789467900e-11 
 1653       4.866545287862e-11 
 1654       4.842209072326e-11 
 1655       4.817788204222e-11 
 1656       4.793290102783e-11 
 1657       4.768722223606e-11 
 1658       4.744092058703e-11 
 1659       4.719407136553e-11 
 1660       4.694675022162e-11 
 1661       4.669903317119e-11 
 1662       4.645099659644e-11 
 1663       4.620271724649e-11 
 1664       4.595427223790e-11 
 1665       4.570573905525e-11 
 1666       4.545719555165e-11 
 1667       4.520871994932e-11 
 1668       4.496039084013e-11 
 1669       4.471228718613e-11 
 1670       4.446448832015e-11 
 1671       4.421707394629e-11 
 1672       4.397012414051e-11 
 1673       4.372371935116e-11 
 1674       4.347794039954e-11 
 1675       4.323286848046e-11 
 1676       4.298858516274e-11 
 1677       4.274517238984e-11 
 1678       4.250271248033e-11 
 1679       4.226128812848e-11 
 1680       4.202098240482e-11 
 1681       4.178187875666e-11 
 1682       4.154406100866e-11 
 1683       4.130761336337e-11 
 1684       4.107262040178e-11 
 1685       4.083916708386e-11 
 1686       4.060733874916e-11 
 1687       4.037722111728e-11 
 1688       4.014890028847e-11 
 1689       3.992246274420e-11 
 1690       3.969799534763e-11 
 1691       3.947557575620e-11 
 1692       3.925524356722e-11 
 1693       3.903702892367e-11 
 1694       3.882096207976e-11 
 1695       3.860707340103e-11 
 1696       3.839539336455e-11 
 1697       3.818595255905e-11 
 1698       3.797878168504e-11 
 1699       3.777391155501e-11 
 1700       3.757137309351e-11 
 1701       3.737119733738e-11 
 1702       3.717341543580e-11 
 1703       3.697805865053e-11 
 1704       3.678515835601e-11 
 1705       3.659474603950e-11 
 1706       3.640685330126e-11 
 1707       3.622151185466e-11 
 1708       3.603875352637e-11 
 1709       3.585861025647e-11 
 1710       3.568111409860e-11 
 1711       3.550629722015e-11 
 1712       3.533419190236e-11 
 1713       3.516483054048e-11 
 1714       3.499824564392e-11 
 1715       3.483446983643e-11 
 1716       3.467353585616e-11 
 1717       3.451547655593e-11 
 1718       3.436032490325e-11 
 1719       3.420811398058e-11 
 1720       3.405887698539e-11 
 1721       3.391264723037e-11 
 1722       3.376945814353e-11 
 1723       3.362934326837e-11 
 1724       3.349233626406e-11 
 1725       3.335847090551e-11 
 1726       3.322778108358e-11 
 1727       3.310030080522e-11 
 1728       3.297606419359e-11 
 1729       3.285510548822e-11 
 1730       3.273745904517e-11 
 1731       3.262314940989e-11 
 1732       3.251216144366e-11 
 1733       3.240446994493e-11 
 1734       3.230004955344e-11 
 1735       3.219887474992e-11 
 1736       3.210091985589e-11 
 1737       3.200615903340e-11 
 1738       3.191456628478e-11 
 1739       3.182611545237e-11 
 1740       3.174078021828e-11 
 1741       3.165853410416e-11 
 1742       3.157935047094e-11 
 1743       3.150320251856e-11 
 1744       3.143006328574e-11 
 1745       3.135990564972e-11 
 1746       3.129270232604e-11 
 1747       3.122842586823e-11 
 1748       3.116704866762e-11 
 1749       3.110854295307e-11 
 1750       3.105288079069e-11 
 1751       3.100003408363e-11 
 1752       3.094997457184e-11 
 1753       3.090267383175e-11 
 1754       3.085810327611e-11 
 1755       3.081623415366e-11 
 1756       3.077703754895e-11 
 1757       3.074048438203e-11 
 1758       3.070654540824e-11 
 1759       3.067519121795e-11 
 1760       3.064639223630e-11 
 1761       3.062011872296e-11 
 1762       3.059634077187e-11 
 1763       3.057502831100e-11 
 1764       3.055615110212e-11 
 1765       3.053967874050e-11 
 1766       3.052558065469e-11 
 1767       3.051382610629e-11 
 1768       3.050438418965e-11 
 1769       3.049722383166e-11 
 1770       3.049231379150e-11 
 1771       3.048961908778e-11 
 1772       3.048909024831e-11 
 1773       3.049067397103e-11 
 1774       3.049431668812e-11 
 1775       3.049996456566e-11 
 1776       3.050756350320e-11 
 1777       3.051705913338e-11 
 1778       3.052839682157e-11 
 1779       3.054152166546e-11 
 1780       3.055637849467e-11 
 1781       3.057291187040e-11 
 1782       3.059106608498e-11 
 1783       3.061078516155e-11 
 1784       3.063201285363e-11 
 1785       3.065469264475e-11 
 1786       3.067876774805e-11 
 1787       3.070418110593e-11 
 1788       3.073087538962e-11 
 1789       3.075879299880e-11 
 1790       3.078787606125e-11 
 1791       3.081806643242e-11 
 1792       3.084930569507e-11 
 1793       3.088153515887e-11 
 1794       3.091469586002e-11 
 1795       3.094872856088e-11 
 1796       3.098357374952e-11 
 1797       3.101917163943e-11 
 1798       3.105546216905e-11 
 1799       3.109238500144e-11 
 1800       3.112987952384e-11 
 1801       3.116788484735e-11 
 1802       3.120633980646e-11 
 1803       3.124518295876e-11 
 1804       3.128435258446e-11 
 1805       3.132378668609e-11 
 1806       3.136342298803e-11 
 1807       3.140319893618e-11 
 1808       3.144305169758e-11 
 1809       3.148291815996e-11 
 1810       3.152273493143e-11 
 1811       3.156244235010e-11 
 1812       3.160199654936e-11 
 1813       3.164135748935e-11 
 1814       3.168048495547e-11 
 1815       3.171933855821e-11 
 1816       3.175787773284e-11 
 1817       3.179606173922e-11 
 1818       3.183384966152e-11 
 1819       3.187120040802e-11 
 1820       3.190807271084e-11 
 1821       3.194442512571e-11 
 1822       3.198021603172e-11 
 1823       3.201540363113e-11 
 1824       3.204994594904e-11 
 1825       3.208380083324e-11 
 1826       3.211692595391e-11 
 1827       3.214927880341e-11 
 1828       3.218081669602e-11 
 1829       3.221149676774e-11 
 1830       3.224127597599e-11 
 1831       3.227011109941e-11 
 1832       3.229795873763e-11 
 1833       3.232477531100e-11 
 1834       3.235051706034e-11 
 1835       3.237514004677e-11 
 1836       3.239860015138e-11 
 1837       3.242085307506e-11 
 1838       3.244185433821e-11 
 1839       3.246155928054e-11 
 1840       3.247992306082e-11 
 1841       3.249690065660e-11 
 1842       3.251244686405e-11 
 1843       3.252651629763e-11 
 1844       3.253906338992e-11 
 1845       3.255004239135e-11 
 1846       3.255940736995e-11 
 1847       3.256711221114e-11 
 1848       3.257311061748e-11 
 1849       3.257735610840e-11 
 1850       3.257980202000e-11 
 1851       3.258040891406e-11 
 1852       3.257916686956e-11 
 1853       3.257607336695e-11 
 1854       3.257112589485e-11 
 1855       3.256432195011e-11 
 1856       3.255565903779e-11 
 1857       3.254513467123e-11 
 1858       3.253274637203e-11 
 1859       3.251849167007e-11 
 1860       3.250236810357e-11 
 1861       3.248437321905e-11 
 1862       3.246450457141e-11 
 1863       3.244275972389e-11 
 1864       3.241913624815e-11 
 1865       3.239363172424e-11 
 1866       3.236624374064e-11 
 1867       3.233696989429e-11 
 1868       3.230580779057e-11 
 1869       3.227275504338e-11 
 1870       3.223780927511e-11 
 1871       3.220096811668e-11 
 1872       3.216222920755e-11 
 1873       3.212159019575e-11 
 1874       3.207904873790e-11 
 1875       3.203460249921e-11 
 1876       3.198824915353e-11 
 1877       3.193998638334e-11 
 1878       3.188981187978e-11 
 1879       3.183772334269e-11 
 1880       3.178371848060e-11 
 1881       3.172779501077e-11 
 1882       3.166995065917e-11 
 1883       3.161018316058e-11 
 1884       3.154849025851e-11 
 1885       3.148486970531e-11 
 1886       3.141931926212e-11 
 1887       3.135183669893e-11 
 1888       3.128241979460e-11 
 1889       3.121106633684e-11 
 1890       3.113777412227e-11 
 1891       3.106254619536e-11 
 1892       3.098540660955e-11 
 1893       3.090638478814e-11 
 1894       3.082551029662e-11 
 1895       3.074281284290e-11 
 1896       3.065832227748e-11 
 1897       3.057206859363e-11 
 1898       3.048408192761e-11 
 1899       3.039439255887e-11 
 1900       3.030303091023e-11 
 1901       3.021002754808e-11 
 1902       3.011541318255e-11 
 1903       3.001921866777e-11 
 1904       2.992147500200e-11 
 1905       2.982221332784e-11 
 1906       2.972146493247e-11 
 1907       2.961926124778e-11 
 1908       2.951563385060e-11 
 1909       2.941061446290e-11 
 1910       2.930423495198e-11 
 1911       2.919652733064e-11 
 1912       2.908752375742e-11 
 1913       2.897725653677e-11 
 1914       2.886575811921e-11 
 1915       2.875306110162e-11 
 1916       2.863919822733e-11 
 1917       2.852420238639e-11 
 1918       2.840810661573e-11 
 1919       2.829094409935e-11 
 1920       2.817274816855e-11 
 1921       2.805355230208e-11 
 1922       2.793339012639e-11 
 1923       2.781229541577e-11 
 1924       2.769030209257e-11 
 1925       2.756744422740e-11 
 1926       2.744375603932e-11 
 1927       2.731927189603e-11 
 1928       2.719402631408e-11 
 1929       2.706805395904e-11 
 1930       2.694138964573e-11 
 1931       2.681406837938e-11 
 1932       2.668612547912e-11 
 1933       2.655759645587e-11 
 1934       2.642851697155e-11 
 1935       2.629892283931e-11 
 1936       2.616885002374e-11 
 1937       2.603833464104e-11 
 1938       2.590741295924e-11 
 1939       2.577612139836e-11 
 1940       2.564449653066e-11 
 1941       2.551257508080e-11 
 1942       2.538039392603e-11 
 1943       2.524799009641e-11 
 1944       2.511540077501e-11 
 1945       2.498266329808e-11 
 1946       2.484981515526e-11 
 1947       2.471689398978e-11 
 1948       2.458393759865e-11 
 1949       2.445098393288e-11 
 1950       2.431807109763e-11 
 1951       2.418523735244e-11 
 1952       2.405252111144e-11 
 1953       2.391996094350e-11 
 1954       2.378759557246e-11 
 1955       2.365546387733e-11 
 1956       2.352360489248e-11 
 1957       2.339205780780e-11 
 1958       2.326086196896e-11 
 1959       2.313005687757e-11 
 1960       2.299968219138e-11 
 1961       2.286977772447e-11 
 1962       2.274038344747e-11 
 1963       2.261153948773e-11 
 1964       2.248328612952e-11 
 1965       2.235566381427e-11 
 1966       2.222871314070e-11 
 1967       2.210247486506e-11 
 1968       2.197698990130e-11 
 1969       2.185229932130e-11 
 1970       2.172844435504e-11 
 1971       2.160546227398e-11 
 1972       2.148337400739e-11 
 1973       2.136219643444e-11 
 1974       2.124194649277e-11 
 1975       2.112264117854e-11 
 1976       2.100429754653e-11 
 1977       2.088693271015e-11 
 1978       2.077056384157e-11 
 1979       2.065520817177e-11 
 1980       2.054088299058e-11 
 1981       2.042760564680e-11 
 1982       2.031539354824e-11 
 1983       2.020426416177e-11 
 1984       2.009423501344e-11 
 1985       1.998532368850e-11 
 1986       1.987754783153e-11 
 1987       1.977092514642e-11 
 1988       1.966547339652e-11 
 1989       1.956121040468e-11 
 1990       1.945815405331e-11 
 1991       1.935632228447e-11 
 1992       1.925573309991e-11 
 1993       1.915640456118e-11 
 1994       1.905835478966e-11 
 1995       1.896160196665e-11 
 1996       1.886616433344e-11 
 1997       1.877206019138e-11 
 1998       1.867930790193e-11 
 1999       1.858792588675e-11 
 2000       1.849793262778e-11 
 2001       1.840934666728e-11 
 2002       1.832218660789e-11 
 2003       1.823647111277e-11 
 2004       1.815221890558e-11 
 2005       1.806944877062e-11 
 2006       1.798817955284e-11 
 2007       1.790843015797e-11 
 2008       1.783021955254e-11 
 2009       1.775356676398e-11 
 2010       1.767849088067e-11 
 2011       1.760500632916e-11 
 2012       1.753310866808e-11 
 2013       1.746278869098e-11 
 2014       1.739403713972e-11 
 2015       1.732684470437e-11 
 2016       1.726120202322e-11 
 2017       1.719709968263e-11 
 2018       1.713452821698e-11 
 2019       1.707347810862e-11 
 2020       1.701393978780e-11 
 2021       1.695590363257e-11 
 2022       1.689935996872e-11 
 2023       1.684429906974e-11 
 2024       1.679071115671e-11 
 2025       1.673858639823e-11 
 2026       1.668791491040e-11 
 2027       1.663868675667e-11 
 2028       1.659089194784e-11 
 2029       1.654452044196e-11 
 2030       1.649956214426e-11 
 2031       1.645600690706e-11 
 2032       1.641384452976e-11 
 2033       1.637306475868e-11 
 2034       1.633365728708e-11 
 2035       1.629561175503e-11 
 2036       1.625891774935e-11 
 2037       1.622356480357e-11 
 2038       1.618954239781e-11 
 2039       1.615683995875e-11 
 2040       1.612544685954e-11 
 2041       1.609535241974e-11 
 2042       1.606654590523e-11 
 2043       1.603901652817e-11 
 2044       1.601275344691e-11 
 2045       1.598774576590e-11 
 2046       1.596398253567e-11 
 2047       1.594145275270e-11 
 2048       1.592014535942e-11 
 2049       1.590004924405e-11 
 2050       1.588115324062e-11 
 2051       1.586344405002e-11 
 2052       1.584689998729e-11 
 2053       1.583149718957e-11 
 2054       1.581721169076e-11 
 2055       1.580401942140e-11 
 2056       1.579189620849e-11 
 2057       1.578081777542e-11 
 2058       1.577075974180e-11 
 2059       1.576169762333e-11 
 2060       1.575360683170e-11 
 2061       1.574646267445e-11 
 2062       1.574024035480e-11 
 2063       1.573491497160e-11 
 2064       1.573046151910e-11 
 2065       1.572685488691e-11 
 2066       1.572406985982e-11 
 2067       1.572208111768e-11 
 2068       1.572086323529e-11 
 2069       1.572039068223e-11 
 2070       1.572063782277e-11 
 2071       1.572157891572e-11 
 2072       1.572318811429e-11 
 2073       1.572543946600e-11 
 2074       1.572830691249e-11 
 2075       1.573176428947e-11 
 2076       1.573578532649e-11 
 2077       1.574034364691e-11 
 2078       1.574541276769e-11 
 2079       1.575096609932e-11 
 2080       1.575697694565e-11 
 2081       1.576341850377e-11 
 2082       1.577026386390e-11 
 2083       1.577748600924e-11 
 2084       1.578505781584e-11 
 2085       1.579295205247e-11 
 2086       1.580114138050e-11 
 2087       1.580959835377e-11 
 2088       1.581829541846e-11 
 2089       1.582720491294e-11 
 2090       1.583629906765e-11 
 2091       1.584555137635e-11 
 2092       1.585494072044e-11 
 2093       1.586444727325e-11 
 2094       1.587405113120e-11 
 2095       1.588373231367e-11 
 2096       1.589347076299e-11 
 2097       1.590324634427e-11 
 2098       1.591303884535e-11 
 2099       1.592282797670e-11 
 2100       1.593259337132e-11 
 2101       1.594231458464e-11 
 2102       1.595197109447e-11 
 2103       1.596154230085e-11 
 2104       1.597100752600e-11 
 2105       1.598034601420e-11 
 2106       1.598953693173e-11 
 2107       1.599855936674e-11 
 2108       1.600739232919e-11 
 2109       1.601601475073e-11 
 2110       1.602440548464e-11 
 2111       1.603254330569e-11 
 2112       1.604040691012e-11 
 2113       1.604797491546e-11 
 2114       1.605522586052e-11 
 2115       1.606213820523e-11 
 2116       1.606869033059e-11 
 2117       1.607486053858e-11 
 2118       1.608062705203e-11 
 2119       1.608596801456e-11 
 2120       1.609086149049e-11 
 2121       1.609528546472e-11 
 2122       1.609921784266e-11 
 2123       1.610263645013e-11 
 2124       1.610551903328e-11 
 2125       1.610784325847e-11 
 2126       1.610958671221e-11 
 2127       1.611072690105e-11 
 2128       1.611124125148e-11 
 2129       1.611110710987e-11 
 2130       1.611030174232e-11 
 2131       1.610880554575e-11 
 2132       1.610661170517e-11 
 2133       1.610371660253e-11 
 2134       1.610011661162e-11 
 2135       1.609580809807e-11 
 2136       1.609078741935e-11 
 2137       1.608505092474e-11 
 2138       1.607859495533e-11 
 2139       1.607141584403e-11 
 2140       1.606350991555e-11 
 2141       1.605487348638e-11 
 2142       1.604550286480e-11 
 2143       1.603539435087e-11 
 2144       1.602454423643e-11 
 2145       1.601294880505e-11 
 2146       1.600060433209e-11 
 2147       1.598750708463e-11 
 2148       1.597365332152e-11 
 2149       1.595903929331e-11 
 2150       1.594366124230e-11 
 2151       1.592751540249e-11 
 2152       1.591059799960e-11 
 2153       1.589290525105e-11 
 2154       1.587443336596e-11 
 2155       1.585517854513e-11 
 2156       1.583513698104e-11 
 2157       1.581430485785e-11 
 2158       1.579267835137e-11 
 2159       1.577025362909e-11 
 2160       1.574702685014e-11 
 2161       1.572299416528e-11 
 2162       1.569815171692e-11 
 2163       1.567249563911e-11 
 2164       1.564602205748e-11 
 2165       1.561872708931e-11 
 2166       1.559060684347e-11 
 2167       1.556165742044e-11 
 2168       1.553187491227e-11 
 2169       1.550125540261e-11 
 2170       1.546979496668e-11 
 2171       1.543749222347e-11 
 2172       1.540435601112e-11 
 2173       1.537039776330e-11 
 2174       1.533562896174e-11 
 2175       1.530006113627e-11 
 2176       1.526370586493e-11 
 2177       1.522657477398e-11 
 2178       1.518867953797e-11 
 2179       1.515003187983e-11 
 2180       1.511064357086e-11 
 2181       1.507052643086e-11 
 2182       1.502969232813e-11 
 2183       1.498815317958e-11 
 2184       1.494592095072e-11 
 2185       1.490300765580e-11 
 2186       1.485942535780e-11 
 2187       1.481518616851e-11 
 2188       1.477030224860e-11 
 2189       1.472478580766e-11 
 2190       1.467864910427e-11 
 2191       1.463190444605e-11 
 2192       1.458456418972e-11 
 2193       1.453664074114e-11 
 2194       1.448814655541e-11 
 2195       1.443909413690e-11 
 2196       1.438949603928e-11 
 2197       1.433936486564e-11 
 2198       1.428871326850e-11 
 2199       1.423755394989e-11 
 2200       1.418589966137e-11 
 2201       1.413376320415e-11 
 2202       1.408115742911e-11 
 2203       1.402809523684e-11 
 2204       1.397458957775e-11 
 2205       1.392065345206e-11 
 2206       1.386629990993e-11 
 2207       1.381154205146e-11 
 2208       1.375639302676e-11 
 2209       1.370086603605e-11 
 2210       1.364497432966e-11 
 2211       1.358873156794e-11 
 2212       1.353215290342e-11 
 2213       1.347525390594e-11 
 2214       1.341805020351e-11 
 2215       1.336055748241e-11 
 2216       1.330279148723e-11 
 2217       1.324476802096e-11 
 2218       1.318650294502e-11 
 2219       1.312801217938e-11 
 2220       1.306931170258e-11 
 2221       1.301041755180e-11 
 2222       1.295134582296e-11 
 2223       1.289211267074e-11 
 2224       1.283273430871e-11 
 2225       1.277322700932e-11 
 2226       1.271360710401e-11 
 2227       1.265389098329e-11 
 2228       1.259409509677e-11 
 2229       1.253423595325e-11 
 2230       1.247433012076e-11 
 2231       1.241439422668e-11 
 2232       1.235444495773e-11 
 2233       1.229449906012e-11 
 2234       1.223457333953e-11 
 2235       1.217468466127e-11 
 2236       1.211484995025e-11 
 2237       1.205508619113e-11 
 2238       1.199541042832e-11 
 2239       1.193583976609e-11 
 2240       1.187639136862e-11 
 2241       1.181708246007e-11 
 2242       1.175793032465e-11 
 2243       1.169895230666e-11 
 2244       1.164016581060e-11 
 2245       1.158158830121e-11 
 2246       1.152323730352e-11 
 2247       1.146513040296e-11 
 2248       1.140728524539e-11 
 2249       1.134971953718e-11 
 2250       1.129245104527e-11 
 2251       1.123549601808e-11 
 2252       1.117886443676e-11 
 2253       1.112256473318e-11 
 2254       1.106660536630e-11 
 2255       1.101099482226e-11 
 2256       1.095574161434e-11 
 2257       1.090085428304e-11 
 2258       1.084634139607e-11 
 2259       1.079221154842e-11 
 2260       1.073847336235e-11 
 2261       1.068513548745e-11 
 2262       1.063220660064e-11 
 2263       1.057969540623e-11 
 2264       1.052761063592e-11 
 2265       1.047596104884e-11 
 2266       1.042475543160e-11 
 2267       1.037400259828e-11 
 2268       1.032371139049e-11 
 2269       1.027389067737e-11 
 2270       1.022454935566e-11 
 2271       1.017569634969e-11 
 2272       1.012734061144e-11 
 2273       1.007949112052e-11 
 2274       1.003215688427e-11 
 2275       9.985346937734e-12 
 2276       9.939070343702e-12 
 2277       9.893336192749e-12 
 2278       9.848153603258e-12 
 2279       9.803531721445e-12 
 2280       9.759479721396e-12 
 2281       9.716006805088e-12 
 2282       9.673122202424e-12 
 2283       9.630835171257e-12 
 2284       9.589154997423e-12 
 2285       9.548090994769e-12 
 2286       9.507652505178e-12 
 2287       9.467848898604e-12 
 2288       9.428689573097e-12 
 2289       9.390183954833e-12 
 2290       9.352341498144e-12 
 2291       9.315169617142e-12 
 2292       9.278667466103e-12 
 2293       9.242832119396e-12 
 2294       9.207660636261e-12 
 2295       9.173150060784e-12 
 2296       9.139297421884e-12 
 2297       9.106099733295e-12 
 2298       9.073553993542e-12 
 2299       9.041657185931e-12 
 2300       9.010406278522e-12 
 2301       8.979798224116e-12 
 2302       8.949829960238e-12 
 2303       8.920498409112e-12 
 2304       8.891800477650e-12 
 2305       8.863733057428e-12 
 2306       8.836293024671e-12 
 2307       8.809477240235e-12 
 2308       8.783282549584e-12 
 2309       8.757705782779e-12 
 2310       8.732743754454e-12 
 2311       8.708393263797e-12 
 2312       8.684651094537e-12 
 2313       8.661514014922e-12 
 2314       8.638978777700e-12 
 2315       8.617042120103e-12 
 2316       8.595700763828e-12 
 2317       8.574951415017e-12 
 2318       8.554790764241e-12 
 2319       8.535215486479e-12 
 2320       8.516222241104e-12 
 2321       8.497807671858e-12 
 2322       8.479968406841e-12 
 2323       8.462701058486e-12 
 2324       8.446002223548e-12 
 2325       8.429868483077e-12 
 2326       8.414296402407e-12 
 2327       8.399282531134e-12 
 2328       8.384823403098e-12 
 2329       8.370915536365e-12 
 2330       8.357555433211e-12 
 2331       8.344738501120e-12 
 2332       8.332455808435e-12 
 2333       8.320697308296e-12 
 2334       8.309452915725e-12 
 2335       8.298712507587e-12 
 2336       8.288465922542e-12 
 2337       8.278702961009e-12 
 2338       8.269413385118e-12 
 2339       8.260586918674e-12 
 2340       8.252213247111e-12 
 2341       8.244282017448e-12 
 2342       8.236782838253e-12 
 2343       8.229705279594e-12 
 2344       8.223038873003e-12 
 2345       8.216773111429e-12 
 2346       8.210897449198e-12 
 2347       8.205401301971e-12 
 2348       8.200274046701e-12 
 2349       8.195505021591e-12 
 2350       8.191083526053e-12 
 2351       8.186998820663e-12 
 2352       8.183240127124e-12 
 2353       8.179796628218e-12 
 2354       8.176657467766e-12 
 2355       8.173811750589e-12 
 2356       8.171248542459e-12 
 2357       8.168956870066e-12 
 2358       8.166925720966e-12 
 2359       8.165144043546e-12 
 2360       8.163600746980e-12 
 2361       8.162284701184e-12 
 2362       8.161184736778e-12 
 2363       8.160289645042e-12 
 2364       8.159588177872e-12 
 2365       8.159069047741e-12 
 2366       8.158720927655e-12 
 2367       8.158532451112e-12 
 2368       8.158492212058e-12 
 2369       8.158588764846e-12 
 2370       8.158810624195e-12 
 2371       8.159146682865e-12 
 2372       8.159587467588e-12 
 2373       8.160123890814e-12 
 2374       8.160746833653e-12 
 2375       8.161447145851e-12 
 2376       8.162215645749e-12 
 2377       8.163043120256e-12 
 2378       8.163920324813e-12 
 2379       8.164837983359e-12 
 2380       8.165786788299e-12 
 2381       8.166757400469e-12 
 2382       8.167740449108e-12 
 2383       8.168726531816e-12 
 2384       8.169706214530e-12 
 2385       8.170670031483e-12 
 2386       8.171608485176e-12 
 2387       8.172512046342e-12 
 2388       8.173371153916e-12 
 2389       8.174176214995e-12 
 2390       8.174917604814e-12 
 2391       8.175585666704e-12 
 2392       8.176170712064e-12 
 2393       8.176663020328e-12 
 2394       8.177052838927e-12 
 2395       8.177330383262e-12 
 2396       8.177485836666e-12 
 2397       8.177509350371e-12 
 2398       8.177391043480e-12 
 2399       8.177121002926e-12 
 2400       8.176689283445e-12 
 2401       8.176085907539e-12 
 2402       8.175300865445e-12 
 2403       8.174324115101e-12 
 2404       8.173145582111e-12 
 2405       8.171755159716e-12 
 2406       8.170142708756e-12 
 2407       8.168298057640e-12 
 2408       8.166211002310e-12 
 2409       8.163871306212e-12 
 2410       8.161268700258e-12 
 2411       8.158394183398e-12 
 2412       8.155243933031e-12 
 2413       8.151815418272e-12 
 2414       8.148106101505e-12 
 2415       8.144113438371e-12 
 2416       8.139834877766e-12 
 2417       8.135267861833e-12 
 2418       8.130409825954e-12 
 2419       8.125258198746e-12 
 2420       8.119810402054e-12 
 2421       8.114063850943e-12 
 2422       8.108015953693e-12 
 2423       8.101664111793e-12 
 2424       8.095005719934e-12 
 2425       8.088038166002e-12 
 2426       8.080758831072e-12 
 2427       8.073165089402e-12 
 2428       8.065254308426e-12 
 2429       8.057023848749e-12 
 2430       8.048471064137e-12 
 2431       8.039593301517e-12 
 2432       8.030387900961e-12 
 2433       8.020852195692e-12 
 2434       8.010983512065e-12 
 2435       8.000779169568e-12 
 2436       7.990236480817e-12 
 2437       7.979352751543e-12 
 2438       7.968125280590e-12 
 2439       7.956551359909e-12 
 2440       7.944628274549e-12 
 2441       7.932353302651e-12 
 2442       7.919723715446e-12 
 2443       7.906736777242e-12 
 2444       7.893389745421e-12 
 2445       7.879679870434e-12 
 2446       7.865604395790e-12 
 2447       7.851160558056e-12 
 2448       7.836345586844e-12 
 2449       7.821156704810e-12 
 2450       7.805591127642e-12 
 2451       7.789647343101e-12 
 2452       7.773328956483e-12 
 2453       7.756640868113e-12 
 2454       7.739587996412e-12 
 2455       7.722175277911e-12 
 2456       7.704407667275e-12 
 2457       7.686290137320e-12 
 2458       7.667827679032e-12 
 2459       7.649025301587e-12 
 2460       7.629888032369e-12 
 2461       7.610420916989e-12 
 2462       7.590629019307e-12 
 2463       7.570517421448e-12 
 2464       7.550091223820e-12 
 2465       7.529355545138e-12 
 2466       7.508315522439e-12 
 2467       7.486976311104e-12 
 2468       7.465343084873e-12 
 2469       7.443421035869e-12 
 2470       7.421215374614e-12 
 2471       7.398731330048e-12 
 2472       7.375974149551e-12 
 2473       7.352949098959e-12 
 2474       7.329661462585e-12 
 2475       7.306116543236e-12 
 2476       7.282319662235e-12 
 2477       7.258276159440e-12 
 2478       7.233991393258e-12 
 2479       7.209470740671e-12 
 2480       7.184719597252e-12 
 2481       7.159743377184e-12 
 2482       7.134547513277e-12 
 2483       7.109137456992e-12 
 2484       7.083518678459e-12 
 2485       7.057696666490e-12 
 2486       7.031676928607e-12 
 2487       7.005464991055e-12 
 2488       6.979066398824e-12 
 2489       6.952486715667e-12 
 2490       6.925731524120e-12 
 2491       6.898803677282e-12 
 2492       6.871695036480e-12 
 2493       6.844394685077e-12 
 2494       6.816891672263e-12 
 2495       6.789175013020e-12 
 2496       6.761233688094e-12 
 2497       6.733056643953e-12 
 2498       6.704632792758e-12 
 2499       6.675951012327e-12 
 2500       6.647000146104e-12 
