# dimensionless total [l(l+1)/2pi] C_l's
# for l=2 to 2500, i.e. number of multipoles equal to 2499
#
# -> if you prefer output in CAMB/HealPix/LensPix units/order, set 'format' to 'camb' in input file
# -> if you don't want to see such a header, set 'headers' to 'no' in input file
#
# 1:l     2:TT                 
    2       3.133028477851e-10 
    3       2.891851691927e-10 
    4       2.693256221121e-10 
    5       2.540502531047e-10 
    6       2.422099027228e-10 
    7       2.328438202492e-10 
    8       2.252911171601e-10 
    9       2.190990870958e-10 
   10       2.139207908102e-10 
   11       2.093815063964e-10 
   12       2.054453240489e-10 
   13       2.020781392213e-10 
   14       1.991243117927e-10 
   15       1.965378014270e-10 
   16       1.942327967330e-10 
   17       1.922706172354e-10 
   18       1.905848576162e-10 
   19       1.891690028960e-10 
   20       1.879303159783e-10 
   21       1.869078800426e-10 
   22       1.861108425430e-10 
   23       1.855347042988e-10 
   24       1.851219008350e-10 
   25       1.848659387944e-10 
   26       1.847470825917e-10 
   27       1.847864225563e-10 
   28       1.849823952886e-10 
   29       1.853021415644e-10 
   30       1.857538900039e-10 
   31       1.863355513694e-10 
   32       1.870256037513e-10 
   33       1.878296328761e-10 
   34       1.887462015852e-10 
   35       1.897613641100e-10 
   36       1.908798373179e-10 
   37       1.921015385248e-10 
   38       1.934113762007e-10 
   39       1.947879798552e-10 
   40       1.962371924737e-10 
   41       1.977674368153e-10 
   42       1.993797021528e-10 
   43       2.010705071100e-10 
   44       2.028436783409e-10 
   45       2.047009735443e-10 
   46       2.066381809864e-10 
   47       2.086446015731e-10 
   48       2.107077240881e-10 
   49       2.128300178189e-10 
   50       2.150159837081e-10 
   51       2.172671277327e-10 
   52       2.195817079329e-10 
   53       2.219566086487e-10 
   54       2.243941113430e-10 
   55       2.268964239562e-10 
   56       2.294635460035e-10 
   57       2.320931047963e-10 
   58       2.347801916619e-10 
   59       2.375194590276e-10 
   60       2.403123523450e-10 
   61       2.431612711614e-10 
   62       2.460673705636e-10 
   63       2.490304740378e-10 
   64       2.520489863295e-10 
   65       2.551208963659e-10 
   66       2.582472286256e-10 
   67       2.614291690981e-10 
   68       2.646669841286e-10 
   69       2.679599637694e-10 
   70       2.713063651307e-10 
   71       2.747033557323e-10 
   72       2.781480916890e-10 
   73       2.816413177517e-10 
   74       2.851843591384e-10 
   75       2.887780177106e-10 
   76       2.924225412343e-10 
   77       2.961175926404e-10 
   78       2.998622192851e-10 
   79       3.036548222111e-10 
   80       3.074937574117e-10 
   81       3.113793275043e-10 
   82       3.153120814472e-10 
   83       3.192921945149e-10 
   84       3.233194492630e-10 
   85       3.273932164918e-10 
   86       3.315124362116e-10 
   87       3.356755986064e-10 
   88       3.398807249986e-10 
   89       3.441258865902e-10 
   90       3.484108954358e-10 
   91       3.527358448909e-10 
   92       3.571005846233e-10 
   93       3.615047096336e-10 
   94       3.659475492763e-10 
   95       3.704281562812e-10 
   96       3.749452957740e-10 
   97       3.794974342971e-10 
   98       3.840827288313e-10 
   99       3.886993778481e-10 
  100       3.933467549370e-10 
  101       3.980244160987e-10 
  102       4.027317455296e-10 
  103       4.074679490317e-10 
  104       4.122320474216e-10 
  105       4.170228699398e-10 
  106       4.218390476599e-10 
  107       4.266790068978e-10 
  108       4.315409626211e-10 
  109       4.364229118583e-10 
  110       4.413229069371e-10 
  111       4.462399290831e-10 
  112       4.511731148090e-10 
  113       4.561214822827e-10 
  114       4.610839274867e-10 
  115       4.660592203780e-10 
  116       4.710460010469e-10 
  117       4.760427758767e-10 
  118       4.810479137033e-10 
  119       4.860596419742e-10 
  120       4.910760429081e-10 
  121       4.960950496546e-10 
  122       5.011144424530e-10 
  123       5.061320693037e-10 
  124       5.111465448664e-10 
  125       5.161566249886e-10 
  126       5.211609873326e-10 
  127       5.261582293013e-10 
  128       5.311468659644e-10 
  129       5.361253279837e-10 
  130       5.410919595395e-10 
  131       5.460450162560e-10 
  132       5.509826631272e-10 
  133       5.559029724430e-10 
  134       5.608039217146e-10 
  135       5.656833916006e-10 
  136       5.705391638330e-10 
  137       5.753690912882e-10 
  138       5.801716324546e-10 
  139       5.849453685960e-10 
  140       5.896888355966e-10 
  141       5.944005229786e-10 
  142       5.990788729214e-10 
  143       6.037222792797e-10 
  144       6.083290866022e-10 
  145       6.128975891498e-10 
  146       6.174260299141e-10 
  147       6.219125996362e-10 
  148       6.263554358248e-10 
  149       6.307526217748e-10 
  150       6.351021855860e-10 
  151       6.394020991810e-10 
  152       6.436502773242e-10 
  153       6.478447206885e-10 
  154       6.519839620817e-10 
  155       6.560666600128e-10 
  156       6.600914581251e-10 
  157       6.640569849479e-10 
  158       6.679618536492e-10 
  159       6.718046617871e-10 
  160       6.755839910627e-10 
  161       6.792984070713e-10 
  162       6.829464590555e-10 
  163       6.865266796562e-10 
  164       6.900375846657e-10 
  165       6.934776727793e-10 
  166       6.968454253472e-10 
  167       7.001393061273e-10 
  168       7.033577610365e-10 
  169       7.064992179033e-10 
  170       7.095620862198e-10 
  171       7.125448618749e-10 
  172       7.154464516722e-10 
  173       7.182658755219e-10 
  174       7.210021640741e-10 
  175       7.236543588994e-10 
  176       7.262215126689e-10 
  177       7.287026893354e-10 
  178       7.310969643131e-10 
  179       7.334034246582e-10 
  180       7.356211692497e-10 
  181       7.377493089692e-10 
  182       7.397869668819e-10 
  183       7.417332784166e-10 
  184       7.435873915462e-10 
  185       7.453484669684e-10 
  186       7.470156782858e-10 
  187       7.485882121865e-10 
  188       7.500652686243e-10 
  189       7.514460609995e-10 
  190       7.527298163388e-10 
  191       7.539158382213e-10 
  192       7.550037004503e-10 
  193       7.559930682887e-10 
  194       7.568836374039e-10 
  195       7.576751342529e-10 
  196       7.583673164686e-10 
  197       7.589599732455e-10 
  198       7.594529257247e-10 
  199       7.598460273809e-10 
  200       7.601391644069e-10 
  201       7.603322561000e-10 
  202       7.604252552478e-10 
  203       7.604181485134e-10 
  204       7.603109568219e-10 
  205       7.601037357454e-10 
  206       7.597965758891e-10 
  207       7.593896032771e-10 
  208       7.588829797379e-10 
  209       7.582769032904e-10 
  210       7.575716085293e-10 
  211       7.567673670112e-10 
  212       7.558644876401e-10 
  213       7.548633224180e-10 
  214       7.537642833278e-10 
  215       7.525678273366e-10 
  216       7.512744515303e-10 
  217       7.498846935143e-10 
  218       7.483991318123e-10 
  219       7.468183862672e-10 
  220       7.451431184402e-10 
  221       7.433740320111e-10 
  222       7.415118731779e-10 
  223       7.395574310570e-10 
  224       7.375115380824e-10 
  225       7.353750704065e-10 
  226       7.331489482991e-10 
  227       7.308341365476e-10 
  228       7.284316448571e-10 
  229       7.259425282499e-10 
  230       7.233678874654e-10 
  231       7.207088693601e-10 
  232       7.179666673077e-10 
  233       7.151425215981e-10 
  234       7.122377198383e-10 
  235       7.092535973516e-10 
  236       7.061915375777e-10 
  237       7.030529724724e-10 
  238       6.998393187838e-10 
  239       6.965517817694e-10 
  240       6.931915403627e-10 
  241       6.897598104911e-10 
  242       6.862578453403e-10 
  243       6.826869356186e-10 
  244       6.790484098221e-10 
  245       6.753436344987e-10 
  246       6.715740145129e-10 
  247       6.677409933107e-10 
  248       6.638460531834e-10 
  249       6.598907155331e-10 
  250       6.558765411366e-10 
  251       6.518051304103e-10 
  252       6.476781236747e-10 
  253       6.434972014190e-10 
  254       6.392640845656e-10 
  255       6.349805347348e-10 
  256       6.306483545095e-10 
  257       6.262693876993e-10 
  258       6.218455196057e-10 
  259       6.173786772861e-10 
  260       6.128708298190e-10 
  261       6.083239885679e-10 
  262       6.037402074465e-10 
  263       5.991215831828e-10 
  264       5.944702555842e-10 
  265       5.897884078013e-10 
  266       5.850781374573e-10 
  267       5.803410617363e-10 
  268       5.755786913647e-10 
  269       5.707925578625e-10 
  270       5.659842135902e-10 
  271       5.611552317946e-10 
  272       5.563072066556e-10 
  273       5.514417533325e-10 
  274       5.465605080102e-10 
  275       5.416651279459e-10 
  276       5.367572915152e-10 
  277       5.318386982587e-10 
  278       5.269110689282e-10 
  279       5.219761455334e-10 
  280       5.170356913879e-10 
  281       5.120914911559e-10 
  282       5.071453508985e-10 
  283       5.021990981199e-10 
  284       4.972545818142e-10 
  285       4.923136725114e-10 
  286       4.873782623240e-10 
  287       4.824502649933e-10 
  288       4.775316159358e-10 
  289       4.726242722898e-10 
  290       4.677302129613e-10 
  291       4.628514386711e-10 
  292       4.579899720005e-10 
  293       4.531478574380e-10 
  294       4.483271614258e-10 
  295       4.435299724060e-10 
  296       4.387584008672e-10 
  297       4.340144225032e-10 
  298       4.292993991463e-10 
  299       4.246145345886e-10 
  300       4.199610292009e-10 
  301       4.153400797663e-10 
  302       4.107528793138e-10 
  303       4.062006169520e-10 
  304       4.016844777031e-10 
  305       3.972056423359e-10 
  306       3.927652872001e-10 
  307       3.883645840598e-10 
  308       3.840046999270e-10 
  309       3.796867968954e-10 
  310       3.754120319742e-10 
  311       3.711815569217e-10 
  312       3.669965180787e-10 
  313       3.628580562026e-10 
  314       3.587673063009e-10 
  315       3.547253974648e-10 
  316       3.507334527030e-10 
  317       3.467925887754e-10 
  318       3.429039160264e-10 
  319       3.390685382192e-10 
  320       3.352875523692e-10 
  321       3.315620485773e-10 
  322       3.278931098642e-10 
  323       3.242818120037e-10 
  324       3.207292233565e-10 
  325       3.172364047038e-10 
  326       3.138044090811e-10 
  327       3.104342816116e-10 
  328       3.071270593404e-10 
  329       3.038837710677e-10 
  330       3.007054371825e-10 
  331       2.975930694966e-10 
  332       2.945475690608e-10 
  333       2.915694150307e-10 
  334       2.886589618981e-10 
  335       2.858165400076e-10 
  336       2.830424552795e-10 
  337       2.803369889330e-10 
  338       2.777003972088e-10 
  339       2.751329110923e-10 
  340       2.726347360364e-10 
  341       2.702060516846e-10 
  342       2.678470115937e-10 
  343       2.655577429570e-10 
  344       2.633383463271e-10 
  345       2.611888953388e-10 
  346       2.591094364323e-10 
  347       2.570999885758e-10 
  348       2.551605429888e-10 
  349       2.532910628646e-10 
  350       2.514914830939e-10 
  351       2.497617099869e-10 
  352       2.481016209970e-10 
  353       2.465110644435e-10 
  354       2.449898592343e-10 
  355       2.435377945890e-10 
  356       2.421546297622e-10 
  357       2.408400937657e-10 
  358       2.395938850923e-10 
  359       2.384156714381e-10 
  360       2.373050894256e-10 
  361       2.362617443268e-10 
  362       2.352852097862e-10 
  363       2.343750275433e-10 
  364       2.335307071562e-10 
  365       2.327517257240e-10 
  366       2.320375276098e-10 
  367       2.313875241641e-10 
  368       2.308010934472e-10 
  369       2.302775799525e-10 
  370       2.298162943294e-10 
  371       2.294165569317e-10 
  372       2.290778309093e-10 
  373       2.287995937770e-10 
  374       2.285812938212e-10 
  375       2.284223498606e-10 
  376       2.283221510072e-10 
  377       2.282800564274e-10 
  378       2.282953951029e-10 
  379       2.283674655923e-10 
  380       2.284955357914e-10 
  381       2.286788426949e-10 
  382       2.289165921569e-10 
  383       2.292079586524e-10 
  384       2.295520850382e-10 
  385       2.299480823138e-10 
  386       2.303950293826e-10 
  387       2.308919728131e-10 
  388       2.314379265994e-10 
  389       2.320318719232e-10 
  390       2.326727569137e-10 
  391       2.333594964096e-10 
  392       2.340909717197e-10 
  393       2.348660303840e-10 
  394       2.356834859349e-10 
  395       2.365421176580e-10 
  396       2.374406703535e-10 
  397       2.383778540967e-10 
  398       2.393523439997e-10 
  399       2.403627799722e-10 
  400       2.414077664822e-10 
  401       2.424858723177e-10 
  402       2.435956303471e-10 
  403       2.447355372807e-10 
  404       2.459040534317e-10 
  405       2.470996024770e-10 
  406       2.483205712186e-10 
  407       2.495653093442e-10 
  408       2.508321291888e-10 
  409       2.521193054953e-10 
  410       2.534252504315e-10 
  411       2.547490459569e-10 
  412       2.560899298422e-10 
  413       2.574471220026e-10 
  414       2.588198243842e-10 
  415       2.602072208492e-10 
  416       2.616084770623e-10 
  417       2.630227403764e-10 
  418       2.644491397183e-10 
  419       2.658867854748e-10 
  420       2.673347693782e-10 
  421       2.687921643925e-10 
  422       2.702580245993e-10 
  423       2.717313850833e-10 
  424       2.732112618184e-10 
  425       2.746966515534e-10 
  426       2.761865316983e-10 
  427       2.776798602094e-10 
  428       2.791755754757e-10 
  429       2.806725962049e-10 
  430       2.821698213086e-10 
  431       2.836661297887e-10 
  432       2.851603806231e-10 
  433       2.866514126516e-10 
  434       2.881380444617e-10 
  435       2.896190742742e-10 
  436       2.910932798298e-10 
  437       2.925594182739e-10 
  438       2.940162260436e-10 
  439       2.954624187525e-10 
  440       2.968966910774e-10 
  441       2.983177166435e-10 
  442       2.997241479108e-10 
  443       3.011146160595e-10 
  444       3.024877308763e-10 
  445       3.038420806398e-10 
  446       3.051762320066e-10 
  447       3.064887298972e-10 
  448       3.077780973818e-10 
  449       3.090430354026e-10 
  450       3.102830292910e-10 
  451       3.114977616584e-10 
  452       3.126869143392e-10 
  453       3.138501683946e-10 
  454       3.149872041179e-10 
  455       3.160977010385e-10 
  456       3.171813379265e-10 
  457       3.182377927975e-10 
  458       3.192667429171e-10 
  459       3.202678648049e-10 
  460       3.212408342401e-10 
  461       3.221853262648e-10 
  462       3.231010151895e-10 
  463       3.239875745972e-10 
  464       3.248446773482e-10 
  465       3.256719955841e-10 
  466       3.264692007332e-10 
  467       3.272359635142e-10 
  468       3.279719539412e-10 
  469       3.286768413281e-10 
  470       3.293502942934e-10 
  471       3.299919807643e-10 
  472       3.306015679815e-10 
  473       3.311787225037e-10 
  474       3.317231102123e-10 
  475       3.322343963156e-10 
  476       3.327122453537e-10 
  477       3.331563212026e-10 
  478       3.335662870794e-10 
  479       3.339418055461e-10 
  480       3.342825385146e-10 
  481       3.345881472513e-10 
  482       3.348582923812e-10 
  483       3.350926338931e-10 
  484       3.352908311432e-10 
  485       3.354525428608e-10 
  486       3.355774271518e-10 
  487       3.356651415039e-10 
  488       3.357154539854e-10 
  489       3.357285804792e-10 
  490       3.357048575089e-10 
  491       3.356446320133e-10 
  492       3.355482614066e-10 
  493       3.354161136396e-10 
  494       3.352485672591e-10 
  495       3.350460114695e-10 
  496       3.348088461922e-10 
  497       3.345374821268e-10 
  498       3.342323408113e-10 
  499       3.338938546823e-10 
  500       3.335224671361e-10 
  501       3.331186325885e-10 
  502       3.326828165356e-10 
  503       3.322154956141e-10 
  504       3.317171576619e-10 
  505       3.311883017786e-10 
  506       3.306294383858e-10 
  507       3.300410892874e-10 
  508       3.294237877306e-10 
  509       3.287780784657e-10 
  510       3.281045178072e-10 
  511       3.274036736937e-10 
  512       3.266761257487e-10 
  513       3.259224653409e-10 
  514       3.251432956447e-10 
  515       3.243392317008e-10 
  516       3.235109004764e-10 
  517       3.226589409257e-10 
  518       3.217840040507e-10 
  519       3.208867529612e-10 
  520       3.199678629354e-10 
  521       3.190280214806e-10 
  522       3.180679283933e-10 
  523       3.170882958200e-10 
  524       3.160898483172e-10 
  525       3.150733229124e-10 
  526       3.140394691642e-10 
  527       3.129890248978e-10 
  528       3.119226425513e-10 
  529       3.108409609149e-10 
  530       3.097446293213e-10 
  531       3.086343076960e-10 
  532       3.075106666074e-10 
  533       3.063743873162e-10 
  534       3.052261618261e-10 
  535       3.040666929332e-10 
  536       3.028966942762e-10 
  537       3.017168903862e-10 
  538       3.005280167371e-10 
  539       2.993308197951e-10 
  540       2.981260570687e-10 
  541       2.969144971589e-10 
  542       2.956969198093e-10 
  543       2.944741159555e-10 
  544       2.932468877754e-10 
  545       2.920160487395e-10 
  546       2.907824236602e-10 
  547       2.895468487423e-10 
  548       2.883101716326e-10 
  549       2.870732514702e-10 
  550       2.858369589361e-10 
  551       2.846021763036e-10 
  552       2.833697974878e-10 
  553       2.821407280960e-10 
  554       2.809158854774e-10 
  555       2.796961987730e-10 
  556       2.784826089659e-10 
  557       2.772760689310e-10 
  558       2.760775434849e-10 
  559       2.748880094361e-10 
  560       2.737084556350e-10 
  561       2.725398830235e-10 
  562       2.713833046853e-10 
  563       2.702397458959e-10 
  564       2.691102441721e-10 
  565       2.679958493226e-10 
  566       2.668975086366e-10 
  567       2.658157191037e-10 
  568       2.647508663455e-10 
  569       2.637033386743e-10 
  570       2.626735270997e-10 
  571       2.616618253359e-10 
  572       2.606686298085e-10 
  573       2.596943396617e-10 
  574       2.587393567654e-10 
  575       2.578040857220e-10 
  576       2.568889338733e-10 
  577       2.559943113079e-10 
  578       2.551206308681e-10 
  579       2.542683081567e-10 
  580       2.534377615443e-10 
  581       2.526294121760e-10 
  582       2.518436839787e-10 
  583       2.510810036681e-10 
  584       2.503418007556e-10 
  585       2.496265075552e-10 
  586       2.489355591908e-10 
  587       2.482693936031e-10 
  588       2.476284515566e-10 
  589       2.470131766466e-10 
  590       2.464240153062e-10 
  591       2.458614168135e-10 
  592       2.453258332983e-10 
  593       2.448177197493e-10 
  594       2.443375340214e-10 
  595       2.438857368420e-10 
  596       2.434627918188e-10 
  597       2.430691654463e-10 
  598       2.427053271130e-10 
  599       2.423717491084e-10 
  600       2.420689066300e-10 
  601       2.417972777904e-10 
  602       2.415573436242e-10 
  603       2.413495880950e-10 
  604       2.411744981027e-10 
  605       2.410324537270e-10 
  606       2.409233960425e-10 
  607       2.408471513188e-10 
  608       2.408035400310e-10 
  609       2.407923768307e-10 
  610       2.408134705170e-10 
  611       2.408666240075e-10 
  612       2.409516343099e-10 
  613       2.410682924923e-10 
  614       2.412163836552e-10 
  615       2.413956869018e-10 
  616       2.416059753095e-10 
  617       2.418470159010e-10 
  618       2.421185696150e-10 
  619       2.424203912780e-10 
  620       2.427522295747e-10 
  621       2.431138270194e-10 
  622       2.435049199272e-10 
  623       2.439252383848e-10 
  624       2.443745062219e-10 
  625       2.448524409819e-10 
  626       2.453587538935e-10 
  627       2.458931498413e-10 
  628       2.464553273373e-10 
  629       2.470449784917e-10 
  630       2.476617889840e-10 
  631       2.483054380344e-10 
  632       2.489755983745e-10 
  633       2.496719362186e-10 
  634       2.503941112350e-10 
  635       2.511417765164e-10 
  636       2.519145785518e-10 
  637       2.527121571971e-10 
  638       2.535341456464e-10 
  639       2.543801704029e-10 
  640       2.552498512503e-10 
  641       2.561428012234e-10 
  642       2.570586265798e-10 
  643       2.579969267705e-10 
  644       2.589572690303e-10 
  645       2.599391115753e-10 
  646       2.609418786100e-10 
  647       2.619649855151e-10 
  648       2.630078388108e-10 
  649       2.640698361206e-10 
  650       2.651503661356e-10 
  651       2.662488085777e-10 
  652       2.673645341633e-10 
  653       2.684969045676e-10 
  654       2.696452723880e-10 
  655       2.708089811077e-10 
  656       2.719873650600e-10 
  657       2.731797493913e-10 
  658       2.743854500258e-10 
  659       2.756037736282e-10 
  660       2.768340175685e-10 
  661       2.780754698850e-10 
  662       2.793274092482e-10 
  663       2.805891049250e-10 
  664       2.818598167419e-10 
  665       2.831387950491e-10 
  666       2.844252806842e-10 
  667       2.857185049358e-10 
  668       2.870176895074e-10 
  669       2.883220464813e-10 
  670       2.896307782819e-10 
  671       2.909430776400e-10 
  672       2.922581275562e-10 
  673       2.935751012649e-10 
  674       2.948931621977e-10 
  675       2.962114639476e-10 
  676       2.975291502324e-10 
  677       2.988453548588e-10 
  678       3.001592016858e-10 
  679       3.014698045887e-10 
  680       3.027762674227e-10 
  681       3.040776839868e-10 
  682       3.053731379876e-10 
  683       3.066617723935e-10 
  684       3.079429991965e-10 
  685       3.092162940562e-10 
  686       3.104811272963e-10 
  687       3.117369638865e-10 
  688       3.129832634236e-10 
  689       3.142194801134e-10 
  690       3.154450627520e-10 
  691       3.166594547078e-10 
  692       3.178620939026e-10 
  693       3.190524127938e-10 
  694       3.202298383552e-10 
  695       3.213937920593e-10 
  696       3.225436898583e-10 
  697       3.236789421662e-10 
  698       3.247989538401e-10 
  699       3.259031241617e-10 
  700       3.269908468192e-10 
  701       3.280615098885e-10 
  702       3.291144958152e-10 
  703       3.301491813956e-10 
  704       3.311649377592e-10 
  705       3.321611303491e-10 
  706       3.331371189047e-10 
  707       3.340922574425e-10 
  708       3.350258942381e-10 
  709       3.359373718077e-10 
  710       3.368260268895e-10 
  711       3.376911904256e-10 
  712       3.385321875433e-10 
  713       3.393483375368e-10 
  714       3.401389538487e-10 
  715       3.409033440518e-10 
  716       3.416408098306e-10 
  717       3.423506469625e-10 
  718       3.430321453000e-10 
  719       3.436845887520e-10 
  720       3.443072552652e-10 
  721       3.448994168059e-10 
  722       3.454604468730e-10 
  723       3.459901454560e-10 
  724       3.464884206046e-10 
  725       3.469551814977e-10 
  726       3.473903384500e-10 
  727       3.477938029181e-10 
  728       3.481654875069e-10 
  729       3.485053059761e-10 
  730       3.488131732460e-10 
  731       3.490890054043e-10 
  732       3.493327197123e-10 
  733       3.495442346108e-10 
  734       3.497234697271e-10 
  735       3.498703458806e-10 
  736       3.499847850895e-10 
  737       3.500667105772e-10 
  738       3.501160467782e-10 
  739       3.501327193448e-10 
  740       3.501166551532e-10 
  741       3.500677823097e-10 
  742       3.499860301572e-10 
  743       3.498713292816e-10 
  744       3.497236115177e-10 
  745       3.495428099560e-10 
  746       3.493288589485e-10 
  747       3.490816941154e-10 
  748       3.488012523512e-10 
  749       3.484874718311e-10 
  750       3.481402920173e-10 
  751       3.477596536651e-10 
  752       3.473454988295e-10 
  753       3.468977708713e-10 
  754       3.464164144635e-10 
  755       3.459013755976e-10 
  756       3.453526015899e-10 
  757       3.447700410877e-10 
  758       3.441536440756e-10 
  759       3.435033618821e-10 
  760       3.428191471856e-10 
  761       3.421010237212e-10 
  762       3.413492968540e-10 
  763       3.405643470553e-10 
  764       3.397465605876e-10 
  765       3.388963295264e-10 
  766       3.380140517800e-10 
  767       3.371001311109e-10 
  768       3.361549771560e-10 
  769       3.351790054478e-10 
  770       3.341726374347e-10 
  771       3.331363005022e-10 
  772       3.320704279930e-10 
  773       3.309754592283e-10 
  774       3.298518395283e-10 
  775       3.287000202330e-10 
  776       3.275204587226e-10 
  777       3.263136184386e-10 
  778       3.250799689047e-10 
  779       3.238199857468e-10 
  780       3.225341507144e-10 
  781       3.212229517011e-10 
  782       3.198868827653e-10 
  783       3.185264441508e-10 
  784       3.171421423078e-10 
  785       3.157344899135e-10 
  786       3.143040058929e-10 
  787       3.128512154392e-10 
  788       3.113766500350e-10 
  789       3.098808474728e-10 
  790       3.083643518756e-10 
  791       3.068277137178e-10 
  792       3.052714898459e-10 
  793       3.036962434992e-10 
  794       3.021025443306e-10 
  795       3.004909684271e-10 
  796       2.988620983309e-10 
  797       2.972165230598e-10 
  798       2.955548381280e-10 
  799       2.938776455669e-10 
  800       2.921855433013e-10 
  801       2.904790930232e-10 
  802       2.887588517733e-10 
  803       2.870253825508e-10 
  804       2.852792543321e-10 
  805       2.835210420898e-10 
  806       2.817513268114e-10 
  807       2.799706955177e-10 
  808       2.781797412820e-10 
  809       2.763790632485e-10 
  810       2.745692666511e-10 
  811       2.727509628323e-10 
  812       2.709247692617e-10 
  813       2.690913095548e-10 
  814       2.672512134919e-10 
  815       2.654051170366e-10 
  816       2.635536623548e-10 
  817       2.616974978329e-10 
  818       2.598372780973e-10 
  819       2.579736640326e-10 
  820       2.561073228004e-10 
  821       2.542389278582e-10 
  822       2.523691589780e-10 
  823       2.504987022649e-10 
  824       2.486282501763e-10 
  825       2.467585015403e-10 
  826       2.448901615741e-10 
  827       2.430239419035e-10 
  828       2.411605605811e-10 
  829       2.393007421051e-10 
  830       2.374452174383e-10 
  831       2.355947240263e-10 
  832       2.337500058169e-10 
  833       2.319118132783e-10 
  834       2.300809034180e-10 
  835       2.282580398018e-10 
  836       2.264439925721e-10 
  837       2.246395384669e-10 
  838       2.228454608384e-10 
  839       2.210624748564e-10 
  840       2.192910016537e-10 
  841       2.175313902888e-10 
  842       2.157839922115e-10 
  843       2.140491612684e-10 
  844       2.123272537092e-10 
  845       2.106186281930e-10 
  846       2.089236457937e-10 
  847       2.072426700062e-10 
  848       2.055760667526e-10 
  849       2.039242043882e-10 
  850       2.022874537070e-10 
  851       2.006661879483e-10 
  852       1.990607828024e-10 
  853       1.974716164166e-10 
  854       1.958990694012e-10 
  855       1.943435248355e-10 
  856       1.928053682740e-10 
  857       1.912849877519e-10 
  858       1.897827737917e-10 
  859       1.882991194087e-10 
  860       1.868344201173e-10 
  861       1.853890739368e-10 
  862       1.839634813975e-10 
  863       1.825580455468e-10 
  864       1.811731719550e-10 
  865       1.798092687212e-10 
  866       1.784667464796e-10 
  867       1.771460184054e-10 
  868       1.758475002206e-10 
  869       1.745716102003e-10 
  870       1.733187691784e-10 
  871       1.720894005538e-10 
  872       1.708839302963e-10 
  873       1.697027869526e-10 
  874       1.685464016523e-10 
  875       1.674152081140e-10 
  876       1.663096426510e-10 
  877       1.652301441778e-10 
  878       1.641770713610e-10 
  879       1.631504525523e-10 
  880       1.621502317099e-10 
  881       1.611763508691e-10 
  882       1.602287501358e-10 
  883       1.593073676788e-10 
  884       1.584121397239e-10 
  885       1.575430005464e-10 
  886       1.566998824643e-10 
  887       1.558827158315e-10 
  888       1.550914290309e-10 
  889       1.543259484675e-10 
  890       1.535861985615e-10 
  891       1.528721017413e-10 
  892       1.521835784369e-10 
  893       1.515205470728e-10 
  894       1.508829240610e-10 
  895       1.502706237945e-10 
  896       1.496835586400e-10 
  897       1.491216389311e-10 
  898       1.485847729618e-10 
  899       1.480728669790e-10 
  900       1.475858251761e-10 
  901       1.471235496859e-10 
  902       1.466859405736e-10 
  903       1.462728958301e-10 
  904       1.458843113653e-10 
  905       1.455200810007e-10 
  906       1.451800964628e-10 
  907       1.448642473763e-10 
  908       1.445724212571e-10 
  909       1.443045035054e-10 
  910       1.440603773987e-10 
  911       1.438399240853e-10 
  912       1.436430225770e-10 
  913       1.434695497422e-10 
  914       1.433193802995e-10 
  915       1.431923868102e-10 
  916       1.430884396719e-10 
  917       1.430073703964e-10 
  918       1.429488608174e-10 
  919       1.429125521053e-10 
  920       1.428980813096e-10 
  921       1.429050813472e-10 
  922       1.429331809903e-10 
  923       1.429820048537e-10 
  924       1.430511733836e-10 
  925       1.431403028446e-10 
  926       1.432490053081e-10 
  927       1.433768886400e-10 
  928       1.435235564887e-10 
  929       1.436886082726e-10 
  930       1.438716391686e-10 
  931       1.440722400994e-10 
  932       1.442899977218e-10 
  933       1.445244944143e-10 
  934       1.447753082650e-10 
  935       1.450420130596e-10 
  936       1.453241782693e-10 
  937       1.456213690385e-10 
  938       1.459331461729e-10 
  939       1.462590661271e-10 
  940       1.465986809928e-10 
  941       1.469515384864e-10 
  942       1.473171819369e-10 
  943       1.476951502742e-10 
  944       1.480849780164e-10 
  945       1.484861952578e-10 
  946       1.488983276573e-10 
  947       1.493208964254e-10 
  948       1.497534183129e-10 
  949       1.501954055984e-10 
  950       1.506463660760e-10 
  951       1.511058030436e-10 
  952       1.515732152905e-10 
  953       1.520480970854e-10 
  954       1.525299381640e-10 
  955       1.530182237173e-10 
  956       1.535124598647e-10 
  957       1.540122505238e-10 
  958       1.545172216909e-10 
  959       1.550269960532e-10 
  960       1.555411929801e-10 
  961       1.560594285140e-10 
  962       1.565813153621e-10 
  963       1.571064628874e-10 
  964       1.576344770998e-10 
  965       1.581649606473e-10 
  966       1.586975128074e-10 
  967       1.592317294784e-10 
  968       1.597672031703e-10 
  969       1.603035229963e-10 
  970       1.608402746637e-10 
  971       1.613770404655e-10 
  972       1.619133992715e-10 
  973       1.624489265192e-10 
  974       1.629831942057e-10 
  975       1.635157708782e-10 
  976       1.640462216255e-10 
  977       1.645741080694e-10 
  978       1.650989883558e-10 
  979       1.656204171458e-10 
  980       1.661379456070e-10 
  981       1.666511214047e-10 
  982       1.671594886933e-10 
  983       1.676625881072e-10 
  984       1.681599567523e-10 
  985       1.686511281971e-10 
  986       1.691356324639e-10 
  987       1.696129960200e-10 
  988       1.700827417691e-10 
  989       1.705443890423e-10 
  990       1.709974535894e-10 
  991       1.714414475702e-10 
  992       1.718758795457e-10 
  993       1.723002544691e-10 
  994       1.727140736772e-10 
  995       1.731168964547e-10 
  996       1.735085257334e-10 
  997       1.738888251013e-10 
  998       1.742576574758e-10 
  999       1.746148851021e-10 
 1000       1.749603695521e-10 
 1001       1.752939717229e-10 
 1002       1.756155518358e-10 
 1003       1.759249694345e-10 
 1004       1.762220833840e-10 
 1005       1.765067518694e-10 
 1006       1.767788323944e-10 
 1007       1.770381817802e-10 
 1008       1.772846561637e-10 
 1009       1.775181109969e-10 
 1010       1.777384010448e-10 
 1011       1.779453803847e-10 
 1012       1.781389024044e-10 
 1013       1.783188198014e-10 
 1014       1.784849845809e-10 
 1015       1.786372480552e-10 
 1016       1.787754608418e-10 
 1017       1.788994728623e-10 
 1018       1.790091333413e-10 
 1019       1.791042908046e-10 
 1020       1.791847930782e-10 
 1021       1.792504872870e-10 
 1022       1.793012198533e-10 
 1023       1.793368364955e-10 
 1024       1.793571822270e-10 
 1025       1.793621013546e-10 
 1026       1.793514374773e-10 
 1027       1.793250334848e-10 
 1028       1.792827315567e-10 
 1029       1.792243731606e-10 
 1030       1.791497990508e-10 
 1031       1.790588492675e-10 
 1032       1.789513631350e-10 
 1033       1.788271792604e-10 
 1034       1.786861876254e-10 
 1035       1.785284866681e-10 
 1036       1.783542284180e-10 
 1037       1.781635666084e-10 
 1038       1.779566566811e-10 
 1039       1.777336557912e-10 
 1040       1.774947228112e-10 
 1041       1.772400183356e-10 
 1042       1.769697046857e-10 
 1043       1.766839459139e-10 
 1044       1.763829078081e-10 
 1045       1.760667578965e-10 
 1046       1.757356654520e-10 
 1047       1.753898014965e-10 
 1048       1.750293388058e-10 
 1049       1.746544519139e-10 
 1050       1.742653171175e-10 
 1051       1.738621124806e-10 
 1052       1.734450178390e-10 
 1053       1.730142148047e-10 
 1054       1.725698867706e-10 
 1055       1.721122189148e-10 
 1056       1.716413982056e-10 
 1057       1.711576134052e-10 
 1058       1.706610550750e-10 
 1059       1.701519155797e-10 
 1060       1.696303890920e-10 
 1061       1.690966715968e-10 
 1062       1.685509608963e-10 
 1063       1.679934566138e-10 
 1064       1.674243601988e-10 
 1065       1.668438749313e-10 
 1066       1.662522059264e-10 
 1067       1.656495601384e-10 
 1068       1.650361463661e-10 
 1069       1.644121752564e-10 
 1070       1.637778593098e-10 
 1071       1.631334128840e-10 
 1072       1.624790521989e-10 
 1073       1.618150063328e-10 
 1074       1.611415503650e-10 
 1075       1.604589726934e-10 
 1076       1.597675640895e-10 
 1077       1.590676177036e-10 
 1078       1.583594290712e-10 
 1079       1.576432961181e-10 
 1080       1.569195191663e-10 
 1081       1.561884009394e-10 
 1082       1.554502465688e-10 
 1083       1.547053635987e-10 
 1084       1.539540619923e-10 
 1085       1.531966541372e-10 
 1086       1.524334548511e-10 
 1087       1.516647813874e-10 
 1088       1.508909534411e-10 
 1089       1.501122931540e-10 
 1090       1.493291251210e-10 
 1091       1.485417763952e-10 
 1092       1.477505764939e-10 
 1093       1.469558574040e-10 
 1094       1.461579535880e-10 
 1095       1.453572019891e-10 
 1096       1.445539420378e-10 
 1097       1.437485156564e-10 
 1098       1.429412672655e-10 
 1099       1.421325437896e-10 
 1100       1.413226946623e-10 
 1101       1.405120718323e-10 
 1102       1.397010297690e-10 
 1103       1.388899254683e-10 
 1104       1.380791184578e-10 
 1105       1.372689708031e-10 
 1106       1.364598471130e-10 
 1107       1.356521145452e-10 
 1108       1.348461428123e-10 
 1109       1.340423041871e-10 
 1110       1.332409735084e-10 
 1111       1.324425281866e-10 
 1112       1.316473183931e-10 
 1113       1.308555771877e-10 
 1114       1.300675092216e-10 
 1115       1.292833204488e-10 
 1116       1.285032181296e-10 
 1117       1.277274108331e-10 
 1118       1.269561084397e-10 
 1119       1.261895221442e-10 
 1120       1.254278644584e-10 
 1121       1.246713492141e-10 
 1122       1.239201915655e-10 
 1123       1.231746079923e-10 
 1124       1.224348163023e-10 
 1125       1.217010356343e-10 
 1126       1.209734864607e-10 
 1127       1.202523905904e-10 
 1128       1.195379711715e-10 
 1129       1.188304526940e-10 
 1130       1.181300609930e-10 
 1131       1.174370232509e-10 
 1132       1.167515680003e-10 
 1133       1.160739251271e-10 
 1134       1.154043258729e-10 
 1135       1.147430028382e-10 
 1136       1.140901899846e-10 
 1137       1.134461226380e-10 
 1138       1.128110374911e-10 
 1139       1.121851726065e-10 
 1140       1.115687674192e-10 
 1141       1.109620627394e-10 
 1142       1.103653007553e-10 
 1143       1.097787250362e-10 
 1144       1.092025805344e-10 
 1145       1.086371135891e-10 
 1146       1.080825719282e-10 
 1147       1.075392046716e-10 
 1148       1.070072623340e-10 
 1149       1.064869968273e-10 
 1150       1.059786614637e-10 
 1151       1.054824672059e-10 
 1152       1.049984508050e-10 
 1153       1.045266049936e-10 
 1154       1.040669220858e-10 
 1155       1.036193939753e-10 
 1156       1.031840121348e-10 
 1157       1.027607676145e-10 
 1158       1.023496510408e-10 
 1159       1.019506526154e-10 
 1160       1.015637621142e-10 
 1161       1.011889688855e-10 
 1162       1.008262618496e-10 
 1163       1.004756294969e-10 
 1164       1.001370598873e-10 
 1165       9.981054064856e-11 
 1166       9.949605897544e-11 
 1167       9.919360162829e-11 
 1168       9.890315493195e-11 
 1169       9.862470477458e-11 
 1170       9.835823660642e-11 
 1171       9.810373543863e-11 
 1172       9.786118584210e-11 
 1173       9.763057194626e-11 
 1174       9.741187743789e-11 
 1175       9.720508555990e-11 
 1176       9.701017911022e-11 
 1177       9.682714044052e-11 
 1178       9.665595145508e-11 
 1179       9.649659360958e-11 
 1180       9.634904790992e-11 
 1181       9.621329491101e-11 
 1182       9.608931471562e-11 
 1183       9.597708697316e-11 
 1184       9.587659087848e-11 
 1185       9.578780517072e-11 
 1186       9.571070813210e-11 
 1187       9.564527758671e-11 
 1188       9.559149089939e-11 
 1189       9.554932497444e-11 
 1190       9.551873003216e-11 
 1191       9.549955058797e-11 
 1192       9.549160350034e-11 
 1193       9.549470410165e-11 
 1194       9.550866619484e-11 
 1195       9.553330204994e-11 
 1196       9.556842240072e-11 
 1197       9.561383644126e-11 
 1198       9.566935182251e-11 
 1199       9.573477464893e-11 
 1200       9.580990947505e-11 
 1201       9.589455930206e-11 
 1202       9.598852557443e-11 
 1203       9.609160817645e-11 
 1204       9.620360542887e-11 
 1205       9.632431408549e-11 
 1206       9.645352932968e-11 
 1207       9.659104477109e-11 
 1208       9.673665244211e-11 
 1209       9.689014279457e-11 
 1210       9.705130469628e-11 
 1211       9.721992542760e-11 
 1212       9.739579067809e-11 
 1213       9.757868454305e-11 
 1214       9.776838952013e-11 
 1215       9.796468650594e-11 
 1216       9.816735479259e-11 
 1217       9.837617206434e-11 
 1218       9.859091439415e-11 
 1219       9.881135624027e-11 
 1220       9.903727044288e-11 
 1221       9.926842822062e-11 
 1222       9.950459916721e-11 
 1223       9.974555124803e-11 
 1224       9.999105079675e-11 
 1225       1.002408625118e-10 
 1226       1.004947494533e-10 
 1227       1.007524730390e-10 
 1228       1.010137930415e-10 
 1229       1.012784734058e-10 
 1230       1.015462997842e-10 
 1231       1.018170622034e-10 
 1232       1.020905492587e-10 
 1233       1.023665481117e-10 
 1234       1.026448444869e-10 
 1235       1.029252226693e-10 
 1236       1.032074655005e-10 
 1237       1.034913543769e-10 
 1238       1.037766692459e-10 
 1239       1.040631886034e-10 
 1240       1.043506894904e-10 
 1241       1.046389474908e-10 
 1242       1.049277367277e-10 
 1243       1.052168298608e-10 
 1244       1.055059980835e-10 
 1245       1.057950111198e-10 
 1246       1.060836372215e-10 
 1247       1.063716431651e-10 
 1248       1.066587942489e-10 
 1249       1.069448542901e-10 
 1250       1.072295856219e-10 
 1251       1.075127490905e-10 
 1252       1.077941040519e-10 
 1253       1.080734083695e-10 
 1254       1.083504184107e-10 
 1255       1.086248890440e-10 
 1256       1.088965736364e-10 
 1257       1.091652240500e-10 
 1258       1.094305906392e-10 
 1259       1.096924222480e-10 
 1260       1.099504662068e-10 
 1261       1.102044683295e-10 
 1262       1.104541729105e-10 
 1263       1.106993227219e-10 
 1264       1.109396590105e-10 
 1265       1.111749214946e-10 
 1266       1.114048483617e-10 
 1267       1.116291762647e-10 
 1268       1.118476693251e-10 
 1269       1.120602065117e-10 
 1270       1.122666952634e-10 
 1271       1.124670425739e-10 
 1272       1.126611549915e-10 
 1273       1.128489386177e-10 
 1274       1.130302991068e-10 
 1275       1.132051416652e-10 
 1276       1.133733710503e-10 
 1277       1.135348915699e-10 
 1278       1.136896070813e-10 
 1279       1.138374209907e-10 
 1280       1.139782362523e-10 
 1281       1.141119553675e-10 
 1282       1.142384803842e-10 
 1283       1.143577128958e-10 
 1284       1.144695540408e-10 
 1285       1.145739045015e-10 
 1286       1.146706645039e-10 
 1287       1.147597338163e-10 
 1288       1.148410117486e-10 
 1289       1.149143971519e-10 
 1290       1.149797884174e-10 
 1291       1.150370834756e-10 
 1292       1.150861797958e-10 
 1293       1.151269743849e-10 
 1294       1.151593637870e-10 
 1295       1.151832440823e-10 
 1296       1.151985108867e-10 
 1297       1.152050593505e-10 
 1298       1.152027841581e-10 
 1299       1.151915795270e-10 
 1300       1.151713392070e-10 
 1301       1.151419564794e-10 
 1302       1.151033241563e-10 
 1303       1.150553345798e-10 
 1304       1.149978796212e-10 
 1305       1.149308506803e-10 
 1306       1.148541386843e-10 
 1307       1.147676635741e-10 
 1308       1.146714631242e-10 
 1309       1.145656051147e-10 
 1310       1.144501579360e-10 
 1311       1.143251905901e-10 
 1312       1.141907726917e-10 
 1313       1.140469744698e-10 
 1314       1.138938667690e-10 
 1315       1.137315210503e-10 
 1316       1.135600093929e-10 
 1317       1.133794044952e-10 
 1318       1.131897796765e-10 
 1319       1.129912088774e-10 
 1320       1.127837666623e-10 
 1321       1.125675282195e-10 
 1322       1.123425693633e-10 
 1323       1.121089665351e-10 
 1324       1.118667968043e-10 
 1325       1.116161378702e-10 
 1326       1.113570680627e-10 
 1327       1.110896663442e-10 
 1328       1.108140123101e-10 
 1329       1.105301861908e-10 
 1330       1.102382688529e-10 
 1331       1.099383417998e-10 
 1332       1.096304871739e-10 
 1333       1.093147877574e-10 
 1334       1.089913269735e-10 
 1335       1.086601888880e-10 
 1336       1.083214582103e-10 
 1337       1.079752202950e-10 
 1338       1.076215611428e-10 
 1339       1.072605674021e-10 
 1340       1.068923263702e-10 
 1341       1.065169259945e-10 
 1342       1.061344548739e-10 
 1343       1.057450022600e-10 
 1344       1.053486580583e-10 
 1345       1.049455128298e-10 
 1346       1.045356689506e-10 
 1347       1.041192742223e-10 
 1348       1.036964886291e-10 
 1349       1.032674732150e-10 
 1350       1.028323900851e-10 
 1351       1.023914024082e-10 
 1352       1.019446744184e-10 
 1353       1.014923714174e-10 
 1354       1.010346597765e-10 
 1355       1.005717069385e-10 
 1356       1.001036814197e-10 
 1357       9.963075281207e-11 
 1358       9.915309178531e-11 
 1359       9.867087008865e-11 
 1360       9.818426055305e-11 
 1361       9.769343709316e-11 
 1362       9.719857470938e-11 
 1363       9.669984948984e-11 
 1364       9.619743861246e-11 
 1365       9.569152034698e-11 
 1366       9.518227405693e-11 
 1367       9.466988020172e-11 
 1368       9.415452033863e-11 
 1369       9.363637712484e-11 
 1370       9.311563431946e-11 
 1371       9.259247678552e-11 
 1372       9.206709049207e-11 
 1373       9.153966251612e-11 
 1374       9.101038104472e-11 
 1375       9.047943537697e-11 
 1376       8.994701592603e-11 
 1377       8.941331422116e-11 
 1378       8.887852290973e-11 
 1379       8.834283575928e-11 
 1380       8.780644765950e-11 
 1381       8.726955462427e-11 
 1382       8.673235379369e-11 
 1383       8.619504343612e-11 
 1384       8.565782295015e-11 
 1385       8.512088133822e-11 
 1386       8.458436248998e-11 
 1387       8.404839953637e-11 
 1388       8.351312634614e-11 
 1389       8.297867752715e-11 
 1390       8.244518842770e-11 
 1391       8.191279513779e-11 
 1392       8.138163449046e-11 
 1393       8.085184406309e-11 
 1394       8.032356217866e-11 
 1395       7.979692790712e-11 
 1396       7.927208106666e-11 
 1397       7.874916222499e-11 
 1398       7.822831270069e-11 
 1399       7.770967456450e-11 
 1400       7.719339064059e-11 
 1401       7.667960450791e-11 
 1402       7.616846050147e-11 
 1403       7.566010371364e-11 
 1404       7.515467999547e-11 
 1405       7.465233595799e-11 
 1406       7.415321897348e-11 
 1407       7.365747717685e-11 
 1408       7.316525946685e-11 
 1409       7.267671550745e-11 
 1410       7.219199572909e-11 
 1411       7.171125133003e-11 
 1412       7.123463427762e-11 
 1413       7.076229730961e-11 
 1414       7.029439393547e-11 
 1415       6.983107843766e-11 
 1416       6.937250587300e-11 
 1417       6.891883207387e-11 
 1418       6.847021364963e-11 
 1419       6.802680798782e-11 
 1420       6.758877325554e-11 
 1421       6.715626840072e-11 
 1422       6.672945315342e-11 
 1423       6.630848802714e-11 
 1424       6.589351179060e-11 
 1425       6.548457362723e-11 
 1426       6.508170028157e-11 
 1427       6.468491852551e-11 
 1428       6.429425515826e-11 
 1429       6.390973700637e-11 
 1430       6.353139092367e-11 
 1431       6.315924379123e-11 
 1432       6.279332251736e-11 
 1433       6.243365403756e-11 
 1434       6.208026531448e-11 
 1435       6.173318333795e-11 
 1436       6.139243512488e-11 
 1437       6.105804771927e-11 
 1438       6.073004819218e-11 
 1439       6.040846364168e-11 
 1440       6.009332119286e-11 
 1441       5.978464799775e-11 
 1442       5.948247123535e-11 
 1443       5.918681811154e-11 
 1444       5.889771585910e-11 
 1445       5.861519173767e-11 
 1446       5.833927303369e-11 
 1447       5.806998706043e-11 
 1448       5.780736115790e-11 
 1449       5.755142269285e-11 
 1450       5.730219905876e-11 
 1451       5.705971767578e-11 
 1452       5.682400599071e-11 
 1453       5.659509147697e-11 
 1454       5.637300163460e-11 
 1455       5.615776399019e-11 
 1456       5.594940609686e-11 
 1457       5.574795553426e-11 
 1458       5.555343990851e-11 
 1459       5.536588685218e-11 
 1460       5.518532402427e-11 
 1461       5.501177911019e-11 
 1462       5.484527982169e-11 
 1463       5.468583642819e-11 
 1464       5.453338915966e-11 
 1465       5.438786027785e-11 
 1466       5.424917149628e-11 
 1467       5.411724397917e-11 
 1468       5.399199834052e-11 
 1469       5.387335464301e-11 
 1470       5.376123239707e-11 
 1471       5.365555055982e-11 
 1472       5.355622753411e-11 
 1473       5.346318116745e-11 
 1474       5.337632875107e-11 
 1475       5.329558701887e-11 
 1476       5.322087214642e-11 
 1477       5.315209974995e-11 
 1478       5.308918488538e-11 
 1479       5.303204204725e-11 
 1480       5.298058516776e-11 
 1481       5.293472761574e-11 
 1482       5.289438219566e-11 
 1483       5.285946114661e-11 
 1484       5.282987614128e-11 
 1485       5.280553828500e-11 
 1486       5.278635811466e-11 
 1487       5.277224559778e-11 
 1488       5.276311013145e-11 
 1489       5.275886054134e-11 
 1490       5.275940508068e-11 
 1491       5.276465142930e-11 
 1492       5.277450669254e-11 
 1493       5.278887740033e-11 
 1494       5.280766950611e-11 
 1495       5.283078838589e-11 
 1496       5.285813883717e-11 
 1497       5.288962507799e-11 
 1498       5.292515074590e-11 
 1499       5.296461889697e-11 
 1500       5.300793200474e-11 
 1501       5.305499195926e-11 
 1502       5.310569796941e-11 
 1503       5.315994024957e-11 
 1504       5.321760626946e-11 
 1505       5.327858284413e-11 
 1506       5.334275613279e-11 
 1507       5.341001163771e-11 
 1508       5.348023420312e-11 
 1509       5.355330801407e-11 
 1510       5.362911659533e-11 
 1511       5.370754281023e-11 
 1512       5.378846885960e-11 
 1513       5.387177628062e-11 
 1514       5.395734594568e-11 
 1515       5.404505806130e-11 
 1516       5.413479216700e-11 
 1517       5.422642713417e-11 
 1518       5.431984116495e-11 
 1519       5.441491179114e-11 
 1520       5.451151587303e-11 
 1521       5.460952959835e-11 
 1522       5.470882848108e-11 
 1523       5.480928736038e-11 
 1524       5.491078039945e-11 
 1525       5.501318108441e-11 
 1526       5.511636222321e-11 
 1527       5.522019594446e-11 
 1528       5.532455369637e-11 
 1529       5.542930624557e-11 
 1530       5.553432367604e-11 
 1531       5.563947538799e-11 
 1532       5.574463009668e-11 
 1533       5.584965583140e-11 
 1534       5.595441993425e-11 
 1535       5.605878905910e-11 
 1536       5.616262917042e-11 
 1537       5.626580554221e-11 
 1538       5.636818275681e-11 
 1539       5.646962470386e-11 
 1540       5.656999457912e-11 
 1541       5.666916652273e-11 
 1542       5.676706065688e-11 
 1543       5.686360837851e-11 
 1544       5.695874074956e-11 
 1545       5.705238849651e-11 
 1546       5.714448200982e-11 
 1547       5.723495134339e-11 
 1548       5.732372621403e-11 
 1549       5.741073600095e-11 
 1550       5.749590974522e-11 
 1551       5.757917614921e-11 
 1552       5.766046357610e-11 
 1553       5.773970004935e-11 
 1554       5.781681325211e-11 
 1555       5.789173052677e-11 
 1556       5.796437887437e-11 
 1557       5.803468495408e-11 
 1558       5.810257508271e-11 
 1559       5.816797523411e-11 
 1560       5.823081103870e-11 
 1561       5.829100778291e-11 
 1562       5.834849040864e-11 
 1563       5.840318351277e-11 
 1564       5.845501134657e-11 
 1565       5.850389781521e-11 
 1566       5.854976647725e-11 
 1567       5.859254054403e-11 
 1568       5.863214287923e-11 
 1569       5.866849599828e-11 
 1570       5.870152206782e-11 
 1571       5.873114290525e-11 
 1572       5.875727997810e-11 
 1573       5.877985440355e-11 
 1574       5.879878694792e-11 
 1575       5.881399802606e-11 
 1576       5.882540770092e-11 
 1577       5.883293568295e-11 
 1578       5.883650132958e-11 
 1579       5.883602364469e-11 
 1580       5.883143667043e-11 
 1581       5.882273581940e-11 
 1582       5.880993197037e-11 
 1583       5.879303611509e-11 
 1584       5.877205935849e-11 
 1585       5.874701291892e-11 
 1586       5.871790812832e-11 
 1587       5.868475643246e-11 
 1588       5.864756939111e-11 
 1589       5.860635867831e-11 
 1590       5.856113608251e-11 
 1591       5.851191350683e-11 
 1592       5.845870296923e-11 
 1593       5.840151660277e-11 
 1594       5.834036665574e-11 
 1595       5.827526549195e-11 
 1596       5.820622559088e-11 
 1597       5.813325954793e-11 
 1598       5.805638007460e-11 
 1599       5.797559999871e-11 
 1600       5.789093226459e-11 
 1601       5.780238993332e-11 
 1602       5.770998618294e-11 
 1603       5.761373430860e-11 
 1604       5.751364772285e-11 
 1605       5.740973995578e-11 
 1606       5.730202465526e-11 
 1607       5.719051558718e-11 
 1608       5.707522663557e-11 
 1609       5.695617180289e-11 
 1610       5.683336521023e-11 
 1611       5.670682109745e-11 
 1612       5.657655382349e-11 
 1613       5.644257786648e-11 
 1614       5.630490782404e-11 
 1615       5.616355841339e-11 
 1616       5.601854447166e-11 
 1617       5.586988095602e-11 
 1618       5.571758294393e-11 
 1619       5.556167430138e-11 
 1620       5.540221377292e-11 
 1621       5.523926912778e-11 
 1622       5.507290851388e-11 
 1623       5.490320045838e-11 
 1624       5.473021386831e-11 
 1625       5.455401803117e-11 
 1626       5.437468261556e-11 
 1627       5.419227767172e-11 
 1628       5.400687363221e-11 
 1629       5.381854131248e-11 
 1630       5.362735191145e-11 
 1631       5.343337701218e-11 
 1632       5.323668858240e-11 
 1633       5.303735897519e-11 
 1634       5.283546092951e-11 
 1635       5.263106757086e-11 
 1636       5.242425241188e-11 
 1637       5.221508935291e-11 
 1638       5.200365268266e-11 
 1639       5.179001707877e-11 
 1640       5.157425760842e-11 
 1641       5.135644972894e-11 
 1642       5.113666928844e-11 
 1643       5.091499252637e-11 
 1644       5.069149607415e-11 
 1645       5.046625695579e-11 
 1646       5.023935258845e-11 
 1647       5.001086078310e-11 
 1648       4.978085974509e-11 
 1649       4.954942807474e-11 
 1650       4.931664476799e-11 
 1651       4.908258921698e-11 
 1652       4.884734121067e-11 
 1653       4.861098093540e-11 
 1654       4.837358897555e-11 
 1655       4.813524631412e-11 
 1656       4.789603433334e-11 
 1657       4.765603481526e-11 
 1658       4.741532767673e-11 
 1659       4.717398415105e-11 
 1660       4.693207354737e-11 
 1661       4.668966551134e-11 
 1662       4.644683002564e-11 
 1663       4.620363741051e-11 
 1664       4.596015832419e-11 
 1665       4.571646376349e-11 
 1666       4.547262506428e-11 
 1667       4.522871390196e-11 
 1668       4.498480229204e-11 
 1669       4.474096259056e-11 
 1670       4.449726749466e-11 
 1671       4.425379004306e-11 
 1672       4.401060361657e-11 
 1673       4.376778193859e-11 
 1674       4.352539907563e-11 
 1675       4.328352943780e-11 
 1676       4.304224777935e-11 
 1677       4.280162919912e-11 
 1678       4.256174914110e-11 
 1679       4.232268339489e-11 
 1680       4.208450809626e-11 
 1681       4.184729972759e-11 
 1682       4.161113511846e-11 
 1683       4.137609144606e-11 
 1684       4.114224623576e-11 
 1685       4.090967736163e-11 
 1686       4.067846304687e-11 
 1687       4.044868186440e-11 
 1688       4.022041273731e-11 
 1689       3.999373493939e-11 
 1690       3.976872809563e-11 
 1691       3.954547218273e-11 
 1692       3.932404752961e-11 
 1693       3.910453481790e-11 
 1694       3.888701508247e-11 
 1695       3.867156971190e-11 
 1696       3.845828044902e-11 
 1697       3.824721983015e-11 
 1698       3.803842241157e-11 
 1699       3.783191329599e-11 
 1700       3.762771767136e-11 
 1701       3.742586081102e-11 
 1702       3.722636807377e-11 
 1703       3.702926490402e-11 
 1704       3.683457683185e-11 
 1705       3.664232947316e-11 
 1706       3.645254852976e-11 
 1707       3.626525978948e-11 
 1708       3.608048912627e-11 
 1709       3.589826250033e-11 
 1710       3.571860595818e-11 
 1711       3.554154563281e-11 
 1712       3.536710774377e-11 
 1713       3.519531859727e-11 
 1714       3.502620458630e-11 
 1715       3.485979219073e-11 
 1716       3.469610797742e-11 
 1717       3.453517860033e-11 
 1718       3.437703080064e-11 
 1719       3.422169140682e-11 
 1720       3.406918733480e-11 
 1721       3.391954558801e-11 
 1722       3.377279325753e-11 
 1723       3.362895752219e-11 
 1724       3.348806564867e-11 
 1725       3.335014499163e-11 
 1726       3.321522299377e-11 
 1727       3.308332718600e-11 
 1728       3.295448518751e-11 
 1729       3.282872470587e-11 
 1730       3.270607353718e-11 
 1731       3.258655956613e-11 
 1732       3.247021076614e-11 
 1733       3.235705519944e-11 
 1734       3.224712101723e-11 
 1735       3.214043645973e-11 
 1736       3.203702058144e-11 
 1737       3.193685534110e-11 
 1738       3.183991327673e-11 
 1739       3.174616675884e-11 
 1740       3.165558799018e-11 
 1741       3.156814900552e-11 
 1742       3.148382167133e-11 
 1743       3.140257768555e-11 
 1744       3.132438857733e-11 
 1745       3.124922570677e-11 
 1746       3.117706026466e-11 
 1747       3.110786327218e-11 
 1748       3.104160558069e-11 
 1749       3.097825787147e-11 
 1750       3.091779065540e-11 
 1751       3.086017427278e-11 
 1752       3.080537889298e-11 
 1753       3.075337451426e-11 
 1754       3.070413096346e-11 
 1755       3.065761789576e-11 
 1756       3.061380479442e-11 
 1757       3.057266097049e-11 
 1758       3.053415556258e-11 
 1759       3.049825753659e-11 
 1760       3.046493568545e-11 
 1761       3.043415862885e-11 
 1762       3.040589481301e-11 
 1763       3.038011251035e-11 
 1764       3.035677981931e-11 
 1765       3.033586466405e-11 
 1766       3.031733479416e-11 
 1767       3.030115778448e-11 
 1768       3.028730103474e-11 
 1769       3.027573176939e-11 
 1770       3.026641703726e-11 
 1771       3.025932371136e-11 
 1772       3.025441848859e-11 
 1773       3.025166788948e-11 
 1774       3.025103825795e-11 
 1775       3.025249269310e-11 
 1776       3.025598181769e-11 
 1777       3.026145293308e-11 
 1778       3.026885307981e-11 
 1779       3.027812903726e-11 
 1780       3.028922732325e-11 
 1781       3.030209419367e-11 
 1782       3.031667564210e-11 
 1783       3.033291739943e-11 
 1784       3.035076493349e-11 
 1785       3.037016344867e-11 
 1786       3.039105788553e-11 
 1787       3.041339292043e-11 
 1788       3.043711296518e-11 
 1789       3.046216216659e-11 
 1790       3.048848440618e-11 
 1791       3.051602329974e-11 
 1792       3.054472219697e-11 
 1793       3.057452418110e-11 
 1794       3.060537206855e-11 
 1795       3.063720840847e-11 
 1796       3.066997548244e-11 
 1797       3.070361530406e-11 
 1798       3.073806961858e-11 
 1799       3.077327990249e-11 
 1800       3.080918736319e-11 
 1801       3.084573293860e-11 
 1802       3.088285729675e-11 
 1803       3.092050083545e-11 
 1804       3.095860368186e-11 
 1805       3.099710569217e-11 
 1806       3.103594645116e-11 
 1807       3.107506527188e-11 
 1808       3.111440119523e-11 
 1809       3.115389298961e-11 
 1810       3.119347915052e-11 
 1811       3.123309790019e-11 
 1812       3.127268718723e-11 
 1813       3.131218468620e-11 
 1814       3.135153173508e-11 
 1815       3.139068518303e-11 
 1816       3.142960563746e-11 
 1817       3.146825353463e-11 
 1818       3.150658913945e-11 
 1819       3.154457254519e-11 
 1820       3.158216367332e-11 
 1821       3.161932227322e-11 
 1822       3.165600792195e-11 
 1823       3.169218002404e-11 
 1824       3.172779781125e-11 
 1825       3.176282034232e-11 
 1826       3.179720650274e-11 
 1827       3.183091500454e-11 
 1828       3.186390438601e-11 
 1829       3.189613301151e-11 
 1830       3.192755907122e-11 
 1831       3.195814058088e-11 
 1832       3.198783538162e-11 
 1833       3.201660113963e-11 
 1834       3.204439534604e-11 
 1835       3.207117531657e-11 
 1836       3.209689819138e-11 
 1837       3.212152093482e-11 
 1838       3.214500033515e-11 
 1839       3.216729300436e-11 
 1840       3.218835537791e-11 
 1841       3.220814371450e-11 
 1842       3.222661409583e-11 
 1843       3.224372242638e-11 
 1844       3.225942443315e-11 
 1845       3.227367566547e-11 
 1846       3.228643149471e-11 
 1847       3.229764711409e-11 
 1848       3.230727753842e-11 
 1849       3.231527760388e-11 
 1850       3.232160196779e-11 
 1851       3.232620510835e-11 
 1852       3.232904132442e-11 
 1853       3.233007184501e-11 
 1854       3.232928621954e-11 
 1855       3.232668109603e-11 
 1856       3.232225312672e-11 
 1857       3.231599896813e-11 
 1858       3.230791528105e-11 
 1859       3.229799873055e-11 
 1860       3.228624598598e-11 
 1861       3.227265372102e-11 
 1862       3.225721861367e-11 
 1863       3.223993734628e-11 
 1864       3.222080660554e-11 
 1865       3.219982308250e-11 
 1866       3.217698347262e-11 
 1867       3.215228447573e-11 
 1868       3.212572279608e-11 
 1869       3.209729514234e-11 
 1870       3.206699822762e-11 
 1871       3.203482876948e-11 
 1872       3.200078348995e-11 
 1873       3.196485911553e-11 
 1874       3.192705237723e-11 
 1875       3.188736001055e-11 
 1876       3.184577875551e-11 
 1877       3.180230535668e-11 
 1878       3.175693656318e-11 
 1879       3.170966912868e-11 
 1880       3.166049981144e-11 
 1881       3.160942537430e-11 
 1882       3.155644258470e-11 
 1883       3.150154821473e-11 
 1884       3.144473904109e-11 
 1885       3.138601184512e-11 
 1886       3.132536341284e-11 
 1887       3.126279053493e-11 
 1888       3.119829000679e-11 
 1889       3.113185862847e-11 
 1890       3.106349320479e-11 
 1891       3.099319054528e-11 
 1892       3.092095264443e-11 
 1893       3.084680226626e-11 
 1894       3.077076748032e-11 
 1895       3.069287649263e-11 
 1896       3.061315764583e-11 
 1897       3.053163941942e-11 
 1898       3.044835042988e-11 
 1899       3.036331943091e-11 
 1900       3.027657531360e-11 
 1901       3.018814710662e-11 
 1902       3.009806397640e-11 
 1903       3.000635522733e-11 
 1904       2.991305030193e-11 
 1905       2.981817878106e-11 
 1906       2.972177038409e-11 
 1907       2.962385496910e-11 
 1908       2.952446253304e-11 
 1909       2.942362321196e-11 
 1910       2.932136728118e-11 
 1911       2.921772515545e-11 
 1912       2.911272738919e-11 
 1913       2.900640467662e-11 
 1914       2.889878785199e-11 
 1915       2.878990788976e-11 
 1916       2.867979590477e-11 
 1917       2.856848315245e-11 
 1918       2.845600102898e-11 
 1919       2.834238107152e-11 
 1920       2.822765495835e-11 
 1921       2.811185450908e-11 
 1922       2.799501168485e-11 
 1923       2.787715858849e-11 
 1924       2.775832746474e-11 
 1925       2.763855070040e-11 
 1926       2.751786082454e-11 
 1927       2.739629050870e-11 
 1928       2.727387256704e-11 
 1929       2.715063995658e-11 
 1930       2.702662577732e-11 
 1931       2.690186362570e-11 
 1932       2.677638865729e-11 
 1933       2.665023653248e-11 
 1934       2.652344306426e-11 
 1935       2.639604421836e-11 
 1936       2.626807611346e-11 
 1937       2.613957502143e-11 
 1938       2.601057736747e-11 
 1939       2.588111973035e-11 
 1940       2.575123884260e-11 
 1941       2.562097159071e-11 
 1942       2.549035501530e-11 
 1943       2.535942631138e-11 
 1944       2.522822282847e-11 
 1945       2.509678207089e-11 
 1946       2.496514169786e-11 
 1947       2.483333952379e-11 
 1948       2.470141351841e-11 
 1949       2.456940180702e-11 
 1950       2.443734267065e-11 
 1951       2.430527454628e-11 
 1952       2.417323602703e-11 
 1953       2.404126586236e-11 
 1954       2.390940295829e-11 
 1955       2.377768637756e-11 
 1956       2.364615533986e-11 
 1957       2.351484922201e-11 
 1958       2.338380755818e-11 
 1959       2.325307004007e-11 
 1960       2.312267651710e-11 
 1961       2.299266699666e-11 
 1962       2.286308164423e-11 
 1963       2.273396078366e-11 
 1964       2.260534489730e-11 
 1965       2.247727462625e-11 
 1966       2.234979077053e-11 
 1967       2.222293428930e-11 
 1968       2.209674630101e-11 
 1969       2.197126808369e-11 
 1970       2.184653734287e-11 
 1971       2.172257698505e-11 
 1972       2.159940626124e-11 
 1973       2.147704449168e-11 
 1974       2.135551106592e-11 
 1975       2.123482544290e-11 
 1976       2.111500715105e-11 
 1977       2.099607578832e-11 
 1978       2.087805102234e-11 
 1979       2.076095259045e-11 
 1980       2.064480029978e-11 
 1981       2.052961402738e-11 
 1982       2.041541372026e-11 
 1983       2.030221939551e-11 
 1984       2.019005114032e-11 
 1985       2.007892911215e-11 
 1986       1.996887353875e-11 
 1987       1.985990471827e-11 
 1988       1.975204301932e-11 
 1989       1.964530888110e-11 
 1990       1.953972281342e-11 
 1991       1.943530539686e-11 
 1992       1.933207728276e-11 
 1993       1.923005919340e-11 
 1994       1.912927192201e-11 
 1995       1.902973633290e-11 
 1996       1.893147336152e-11 
 1997       1.883450401454e-11 
 1998       1.873884936995e-11 
 1999       1.864453057714e-11 
 2000       1.855156885698e-11 
 2001       1.845998550189e-11 
 2002       1.836980187596e-11 
 2003       1.828103941499e-11 
 2004       1.819371962660e-11 
 2005       1.810786409031e-11 
 2006       1.802349445763e-11 
 2007       1.794063245211e-11 
 2008       1.785929986949e-11 
 2009       1.777951392122e-11 
 2010       1.770127322810e-11 
 2011       1.762457172482e-11 
 2012       1.754940330707e-11 
 2013       1.747576183156e-11 
 2014       1.740364111590e-11 
 2015       1.733303493857e-11 
 2016       1.726393703887e-11 
 2017       1.719634111687e-11 
 2018       1.713024083333e-11 
 2019       1.706562980966e-11 
 2020       1.700250162788e-11 
 2021       1.694084983055e-11 
 2022       1.688066792070e-11 
 2023       1.682194936180e-11 
 2024       1.676468757771e-11 
 2025       1.670887595259e-11 
 2026       1.665450783089e-11 
 2027       1.660157651725e-11 
 2028       1.655007527648e-11 
 2029       1.649999733349e-11 
 2030       1.645133587324e-11 
 2031       1.640408404068e-11 
 2032       1.635823494070e-11 
 2033       1.631378163807e-11 
 2034       1.627071715740e-11 
 2035       1.622903448306e-11 
 2036       1.618872655915e-11 
 2037       1.614978628943e-11 
 2038       1.611220653726e-11 
 2039       1.607598012557e-11 
 2040       1.604109983678e-11 
 2041       1.600755841277e-11 
 2042       1.597534855478e-11 
 2043       1.594446292343e-11 
 2044       1.591489413857e-11 
 2045       1.588663477932e-11 
 2046       1.585967738394e-11 
 2047       1.583401444983e-11 
 2048       1.580963596269e-11 
 2049       1.578652196498e-11 
 2050       1.576464993424e-11 
 2051       1.574399724891e-11 
 2052       1.572454118819e-11 
 2053       1.570625893193e-11 
 2054       1.568912756048e-11 
 2055       1.567312405459e-11 
 2056       1.565822529526e-11 
 2057       1.564440806364e-11 
 2058       1.563164904088e-11 
 2059       1.561992480803e-11 
 2060       1.560921184589e-11 
 2061       1.559948653490e-11 
 2062       1.559072515502e-11 
 2063       1.558290388558e-11 
 2064       1.557599880517e-11 
 2065       1.556998589152e-11 
 2066       1.556484102137e-11 
 2067       1.556053997034e-11 
 2068       1.555705841281e-11 
 2069       1.555437192178e-11 
 2070       1.555245596877e-11 
 2071       1.555128592367e-11 
 2072       1.555083705465e-11 
 2073       1.555108452799e-11 
 2074       1.555200340796e-11 
 2075       1.555356865675e-11 
 2076       1.555575513426e-11 
 2077       1.555853759805e-11 
 2078       1.556189070317e-11 
 2079       1.556578900206e-11 
 2080       1.557020694439e-11 
 2081       1.557511887696e-11 
 2082       1.558049904360e-11 
 2083       1.558632158499e-11 
 2084       1.559256053856e-11 
 2085       1.559918983837e-11 
 2086       1.560618331498e-11 
 2087       1.561351551736e-11 
 2088       1.562116418513e-11 
 2089       1.562910779343e-11 
 2090       1.563732473230e-11 
 2091       1.564579330666e-11 
 2092       1.565449173611e-11 
 2093       1.566339815491e-11 
 2094       1.567249061184e-11 
 2095       1.568174707008e-11 
 2096       1.569114540716e-11 
 2097       1.570066341481e-11 
 2098       1.571027879886e-11 
 2099       1.571996917917e-11 
 2100       1.572971208951e-11 
 2101       1.573948497743e-11 
 2102       1.574926520420e-11 
 2103       1.575903004470e-11 
 2104       1.576875668727e-11 
 2105       1.577842223368e-11 
 2106       1.578800369896e-11 
 2107       1.579747801137e-11 
 2108       1.580682201220e-11 
 2109       1.581601245576e-11 
 2110       1.582502600923e-11 
 2111       1.583383925256e-11 
 2112       1.584242867838e-11 
 2113       1.585077069190e-11 
 2114       1.585884161077e-11 
 2115       1.586661766503e-11 
 2116       1.587407499698e-11 
 2117       1.588118966106e-11 
 2118       1.588793762379e-11 
 2119       1.589429476363e-11 
 2120       1.590023687089e-11 
 2121       1.590573964765e-11 
 2122       1.591077870760e-11 
 2123       1.591532957600e-11 
 2124       1.591936768953e-11 
 2125       1.592286839624e-11 
 2126       1.592580988880e-11 
 2127       1.592818202690e-11 
 2128       1.592997757541e-11 
 2129       1.593118927646e-11 
 2130       1.593180984946e-11 
 2131       1.593183199098e-11 
 2132       1.593124837482e-11 
 2133       1.593005165193e-11 
 2134       1.592823445040e-11 
 2135       1.592578937543e-11 
 2136       1.592270900933e-11 
 2137       1.591898591145e-11 
 2138       1.591461261820e-11 
 2139       1.590958164298e-11 
 2140       1.590388547621e-11 
 2141       1.589751658525e-11 
 2142       1.589046741442e-11 
 2143       1.588273038494e-11 
 2144       1.587429789492e-11 
 2145       1.586516231935e-11 
 2146       1.585531601004e-11 
 2147       1.584475129564e-11 
 2148       1.583346048156e-11 
 2149       1.582143585000e-11 
 2150       1.580866965989e-11 
 2151       1.579515414687e-11 
 2152       1.578088152328e-11 
 2153       1.576584397812e-11 
 2154       1.575003367703e-11 
 2155       1.573344276228e-11 
 2156       1.571606335270e-11 
 2157       1.569788754372e-11 
 2158       1.567890740727e-11 
 2159       1.565911499184e-11 
 2160       1.563850232239e-11 
 2161       1.561706140032e-11 
 2162       1.559478420352e-11 
 2163       1.557166268626e-11 
 2164       1.554768877921e-11 
 2165       1.552285715025e-11 
 2166       1.549717350739e-11 
 2167       1.547064635191e-11 
 2168       1.544328422272e-11 
 2169       1.541509569637e-11 
 2170       1.538608938708e-11 
 2171       1.535627394683e-11 
 2172       1.532565806539e-11 
 2173       1.529425047032e-11 
 2174       1.526205992709e-11 
 2175       1.522909523907e-11 
 2176       1.519536524761e-11 
 2177       1.516087883207e-11 
 2178       1.512564490985e-11 
 2179       1.508967243646e-11 
 2180       1.505297040557e-11 
 2181       1.501554784902e-11 
 2182       1.497741383693e-11 
 2183       1.493857747766e-11 
 2184       1.489904791792e-11 
 2185       1.485883434280e-11 
 2186       1.481794597581e-11 
 2187       1.477639207893e-11 
 2188       1.473418195264e-11 
 2189       1.469132493599e-11 
 2190       1.464783040664e-11 
 2191       1.460370778089e-11 
 2192       1.455896651374e-11 
 2193       1.451361609894e-11 
 2194       1.446766606901e-11 
 2195       1.442112599531e-11 
 2196       1.437400548810e-11 
 2197       1.432631419652e-11 
 2198       1.427806180873e-11 
 2199       1.422925805187e-11 
 2200       1.417991269216e-11 
 2201       1.413003553491e-11 
 2202       1.407963642461e-11 
 2203       1.402872524492e-11 
 2204       1.397731283154e-11 
 2205       1.392541371714e-11 
 2206       1.387304340477e-11 
 2207       1.382021745674e-11 
 2208       1.376695149472e-11 
 2209       1.371326119983e-11 
 2210       1.365916231268e-11 
 2211       1.360467063343e-11 
 2212       1.354980202188e-11 
 2213       1.349457239753e-11 
 2214       1.343899773966e-11 
 2215       1.338309408738e-11 
 2216       1.332687753970e-11 
 2217       1.327036425561e-11 
 2218       1.321357045414e-11 
 2219       1.315651241443e-11 
 2220       1.309920647581e-11 
 2221       1.304166903783e-11 
 2222       1.298391656038e-11 
 2223       1.292596556373e-11 
 2224       1.286783262859e-11 
 2225       1.280953439619e-11 
 2226       1.275108756837e-11 
 2227       1.269250890759e-11 
 2228       1.263381523706e-11 
 2229       1.257502344078e-11 
 2230       1.251615046360e-11 
 2231       1.245721331132e-11 
 2232       1.239822905070e-11 
 2233       1.233921480961e-11 
 2234       1.228018777701e-11 
 2235       1.222116520310e-11 
 2236       1.216216439933e-11 
 2237       1.210320273848e-11 
 2238       1.204429765476e-11 
 2239       1.198546664383e-11 
 2240       1.192672726292e-11 
 2241       1.186809713084e-11 
 2242       1.180959392811e-11 
 2243       1.175123427889e-11 
 2244       1.169303038886e-11 
 2245       1.163499338556e-11 
 2246       1.157713443451e-11 
 2247       1.151946473928e-11 
 2248       1.146199554148e-11 
 2249       1.140473812085e-11 
 2250       1.134770379529e-11 
 2251       1.129090392088e-11 
 2252       1.123434989194e-11 
 2253       1.117805314109e-11 
 2254       1.112202513924e-11 
 2255       1.106627739568e-11 
 2256       1.101082145811e-11 
 2257       1.095566891264e-11 
 2258       1.090083138392e-11 
 2259       1.084632053508e-11 
 2260       1.079214806784e-11 
 2261       1.073832572254e-11 
 2262       1.068486527816e-11 
 2263       1.063177855237e-11 
 2264       1.057907740159e-11 
 2265       1.052677372100e-11 
 2266       1.047487944463e-11 
 2267       1.042340654533e-11 
 2268       1.037236703489e-11 
 2269       1.032177296401e-11 
 2270       1.027163642241e-11 
 2271       1.022196953880e-11 
 2272       1.017278448098e-11 
 2273       1.012409345587e-11 
 2274       1.007590870951e-11 
 2275       1.002824252717e-11 
 2276       9.981107233322e-12 
 2277       9.934515191734e-12 
 2278       9.888478805483e-12 
 2279       9.843010517010e-12 
 2280       9.798122808154e-12 
 2281       9.753828200198e-12 
 2282       9.710137235115e-12 
 2283       9.667052405081e-12 
 2284       9.624574184100e-12 
 2285       9.582703043254e-12 
 2286       9.541439450703e-12 
 2287       9.500783871675e-12 
 2288       9.460736768464e-12 
 2289       9.421298600423e-12 
 2290       9.382469823962e-12 
 2291       9.344250892540e-12 
 2292       9.306642256662e-12 
 2293       9.269644363871e-12 
 2294       9.233257658749e-12 
 2295       9.197482582906e-12 
 2296       9.162319574979e-12 
 2297       9.127769070624e-12 
 2298       9.093831502515e-12 
 2299       9.060507300333e-12 
 2300       9.027796890768e-12 
 2301       8.995700697510e-12 
 2302       8.964219141245e-12 
 2303       8.933352639649e-12 
 2304       8.903101607384e-12 
 2305       8.873466456095e-12 
 2306       8.844447594402e-12 
 2307       8.816045427894e-12 
 2308       8.788260359129e-12 
 2309       8.761092787626e-12 
 2310       8.734543109859e-12 
 2311       8.708611719255e-12 
 2312       8.683299006186e-12 
 2313       8.658605357966e-12 
 2314       8.634531158846e-12 
 2315       8.611076790009e-12 
 2316       8.588242629562e-12 
 2317       8.566029052538e-12 
 2318       8.544436430883e-12 
 2319       8.523465133456e-12 
 2320       8.503115526026e-12 
 2321       8.483386521088e-12 
 2322       8.464271217365e-12 
 2323       8.445761232790e-12 
 2324       8.427848152153e-12 
 2325       8.410523527053e-12 
 2326       8.393778875871e-12 
 2327       8.377605683723e-12 
 2328       8.361995402430e-12 
 2329       8.346939450479e-12 
 2330       8.332429212981e-12 
 2331       8.318456041643e-12 
 2332       8.305011254722e-12 
 2333       8.292086136992e-12 
 2334       8.279671939706e-12 
 2335       8.267759880559e-12 
 2336       8.256341143651e-12 
 2337       8.245406879449e-12 
 2338       8.234948204750e-12 
 2339       8.224956202644e-12 
 2340       8.215421922476e-12 
 2341       8.206336379810e-12 
 2342       8.197690556392e-12 
 2343       8.189475400110e-12 
 2344       8.181681824961e-12 
 2345       8.174300711010e-12 
 2346       8.167322904354e-12 
 2347       8.160739217086e-12 
 2348       8.154540427257e-12 
 2349       8.148717278837e-12 
 2350       8.143260481681e-12 
 2351       8.138160711489e-12 
 2352       8.133408609770e-12 
 2353       8.128994783806e-12 
 2354       8.124909806612e-12 
 2355       8.121144216899e-12 
 2356       8.117688519042e-12 
 2357       8.114533183034e-12 
 2358       8.111668644456e-12 
 2359       8.109085304438e-12 
 2360       8.106773458680e-12 
 2361       8.104723084122e-12 
 2362       8.102924050879e-12 
 2363       8.101366193019e-12 
 2364       8.100039308526e-12 
 2365       8.098933159262e-12 
 2366       8.098037470925e-12 
 2367       8.097341933014e-12 
 2368       8.096836198789e-12 
 2369       8.096509885230e-12 
 2370       8.096352573001e-12 
 2371       8.096353806410e-12 
 2372       8.096503093371e-12 
 2373       8.096789905365e-12 
 2374       8.097203677400e-12 
 2375       8.097733807973e-12 
 2376       8.098369659033e-12 
 2377       8.099100555940e-12 
 2378       8.099915787427e-12 
 2379       8.100804605561e-12 
 2380       8.101756225704e-12 
 2381       8.102759826476e-12 
 2382       8.103804549714e-12 
 2383       8.104879500435e-12 
 2384       8.105973746794e-12 
 2385       8.107076320051e-12 
 2386       8.108176214526e-12 
 2387       8.109262387566e-12 
 2388       8.110323759501e-12 
 2389       8.111349213608e-12 
 2390       8.112327596074e-12 
 2391       8.113247715951e-12 
 2392       8.114098345125e-12 
 2393       8.114868218272e-12 
 2394       8.115546032821e-12 
 2395       8.116120448915e-12 
 2396       8.116580089373e-12 
 2397       8.116913539650e-12 
 2398       8.117109347798e-12 
 2399       8.117157013185e-12 
 2400       8.117049959311e-12 
 2401       8.116782579061e-12 
 2402       8.116349247569e-12 
 2403       8.115744322212e-12 
 2404       8.114962142581e-12 
 2405       8.113997030470e-12 
 2406       8.112843289854e-12 
 2407       8.111495206873e-12 
 2408       8.109947049813e-12 
 2409       8.108193069087e-12 
 2410       8.106227497218e-12 
 2411       8.104044548822e-12 
 2412       8.101638420587e-12 
 2413       8.099003291255e-12 
 2414       8.096133321609e-12 
 2415       8.093022654447e-12 
 2416       8.089665414570e-12 
 2417       8.086055708761e-12 
 2418       8.082187625768e-12 
 2419       8.078055236284e-12 
 2420       8.073652592931e-12 
 2421       8.068973730242e-12 
 2422       8.064012664641e-12 
 2423       8.058763394426e-12 
 2424       8.053219899750e-12 
 2425       8.047376142604e-12 
 2426       8.041226066797e-12 
 2427       8.034763597942e-12 
 2428       8.027982643432e-12 
 2429       8.020877092427e-12 
 2430       8.013440815832e-12 
 2431       8.005667666282e-12 
 2432       7.997551478121e-12 
 2433       7.989086067386e-12 
 2434       7.980265231788e-12 
 2435       7.971082750694e-12 
 2436       7.961532385109e-12 
 2437       7.951607877656e-12 
 2438       7.941304521648e-12 
 2439       7.930623878618e-12 
 2440       7.919569089084e-12 
 2441       7.908143306046e-12 
 2442       7.896349695004e-12 
 2443       7.884191433967e-12 
 2444       7.871671713469e-12 
 2445       7.858793736583e-12 
 2446       7.845560718931e-12 
 2447       7.831975888703e-12 
 2448       7.818042486665e-12 
 2449       7.803763766176e-12 
 2450       7.789142993201e-12 
 2451       7.774183446324e-12 
 2452       7.758888416760e-12 
 2453       7.743261208373e-12 
 2454       7.727305137683e-12 
 2455       7.711023533887e-12 
 2456       7.694419738865e-12 
 2457       7.677497107200e-12 
 2458       7.660259006186e-12 
 2459       7.642708815847e-12 
 2460       7.624849928945e-12 
 2461       7.606685750997e-12 
 2462       7.588219700290e-12 
 2463       7.569455207889e-12 
 2464       7.550395717656e-12 
 2465       7.531044686258e-12 
 2466       7.511405583189e-12 
 2467       7.491481890773e-12 
 2468       7.471277104186e-12 
 2469       7.450794731466e-12 
 2470       7.430038293525e-12 
 2471       7.409011324166e-12 
 2472       7.387717370094e-12 
 2473       7.366159990931e-12 
 2474       7.344342759228e-12 
 2475       7.322269260481e-12 
 2476       7.299943093141e-12 
 2477       7.277366747959e-12 
 2478       7.254538238753e-12 
 2479       7.231454451748e-12 
 2480       7.208112264434e-12 
 2481       7.184508545557e-12 
 2482       7.160640155109e-12 
 2483       7.136503944319e-12 
 2484       7.112096755649e-12 
 2485       7.087415422781e-12 
 2486       7.062456770609e-12 
 2487       7.037217615234e-12 
 2488       7.011694763953e-12 
 2489       6.985885015250e-12 
 2490       6.959785158790e-12 
 2491       6.933391975407e-12 
 2492       6.906702237100e-12 
 2493       6.879712707023e-12 
 2494       6.852420139473e-12 
 2495       6.824821279887e-12 
 2496       6.796912864832e-12 
 2497       6.768691621993e-12 
 2498       6.740154270170e-12 
 2499       6.711297519266e-12 
 2500       6.682118070280e-12 
