# dimensionless total [l(l+1)/2pi] C_l's
# for l=2 to 2500, i.e. number of multipoles equal to 2499
#
# -> if you prefer output in CAMB/HealPix/LensPix units/order, set 'format' to 'camb' in input file
# -> if you don't want to see such a header, set 'headers' to 'no' in input file
#
# 1:l     2:TT                 
    2       2.624794539883e-10 
    3       2.324977537046e-10 
    4       2.097247754829e-10 
    5       1.931486666618e-10 
    6       1.810588798968e-10 
    7       1.721668728140e-10 
    8       1.654855536809e-10 
    9       1.605092457096e-10 
   10       1.568088890802e-10 
   11       1.539732436852e-10 
   12       1.518122072068e-10 
   13       1.502476465280e-10 
   14       1.491585911727e-10 
   15       1.484656603651e-10 
   16       1.481123668417e-10 
   17       1.479374740075e-10 
   18       1.480508445197e-10 
   19       1.484648507241e-10 
   20       1.490382218674e-10 
   21       1.497682190035e-10 
   22       1.506485652998e-10 
   23       1.516821040236e-10 
   24       1.528412490380e-10 
   25       1.541217336249e-10 
   26       1.555058615519e-10 
   27       1.570028916803e-10 
   28       1.586051820946e-10 
   29       1.602838925060e-10 
   30       1.620450848837e-10 
   31       1.638906000836e-10 
   32       1.658089920517e-10 
   33       1.678030883929e-10 
   34       1.698692872824e-10 
   35       1.719958550338e-10 
   36       1.741877326107e-10 
   37       1.764481962505e-10 
   38       1.787709843517e-10 
   39       1.811448172633e-10 
   40       1.835712929789e-10 
   41       1.860513850303e-10 
   42       1.885798378557e-10 
   43       1.911490668862e-10 
   44       1.937637401264e-10 
   45       1.964297270043e-10 
   46       1.991496826945e-10 
   47       2.019227308227e-10 
   48       2.047460539226e-10 
   49       2.076209353140e-10 
   50       2.105478752064e-10 
   51       2.135246170991e-10 
   52       2.165459278196e-10 
   53       2.196060422742e-10 
   54       2.227072420645e-10 
   55       2.258530994399e-10 
   56       2.290458998764e-10 
   57       2.322865338437e-10 
   58       2.355743885717e-10 
   59       2.389081999787e-10 
   60       2.422890853047e-10 
   61       2.457180247108e-10 
   62       2.491948889005e-10 
   63       2.527183634347e-10 
   64       2.562858730459e-10 
   65       2.598947682000e-10 
   66       2.635463468574e-10 
   67       2.672425516736e-10 
   68       2.709847432853e-10 
   69       2.747736599333e-10 
   70       2.786093770845e-10 
   71       2.824912670539e-10 
   72       2.864185036008e-10 
   73       2.903917775775e-10 
   74       2.944118391636e-10 
   75       2.984789546109e-10 
   76       3.025928783078e-10 
   77       3.067528248445e-10 
   78       3.109574410767e-10 
   79       3.152047781908e-10 
   80       3.194929403295e-10 
   81       3.238222216533e-10 
   82       3.281932911552e-10 
   83       3.326065338939e-10 
   84       3.370620355878e-10 
   85       3.415595672081e-10 
   86       3.460985695725e-10 
   87       3.506781379386e-10 
   88       3.552970065972e-10 
   89       3.599538956227e-10 
   90       3.646486470431e-10 
   91       3.693812393424e-10 
   92       3.741514313279e-10 
   93       3.789587521492e-10 
   94       3.838024913177e-10 
   95       3.886816887251e-10 
   96       3.935951246628e-10 
   97       3.985413098407e-10 
   98       4.035184754066e-10 
   99       4.085248896191e-10 
  100       4.135598806234e-10 
  101       4.186229406755e-10 
  102       4.237134064662e-10 
  103       4.288304530997e-10 
  104       4.339730880724e-10 
  105       4.391401452507e-10 
  106       4.443302788501e-10 
  107       4.495419574133e-10 
  108       4.547734577889e-10 
  109       4.600228591098e-10 
  110       4.652882846568e-10 
  111       4.705686755484e-10 
  112       4.758631052584e-10 
  113       4.811705370373e-10 
  114       4.864898203276e-10 
  115       4.918196871781e-10 
  116       4.971587486584e-10 
  117       5.025054912743e-10 
  118       5.078582733818e-10 
  119       5.132153216022e-10 
  120       5.185747272364e-10 
  121       5.239344426803e-10 
  122       5.292922778387e-10 
  123       5.346461008135e-10 
  124       5.399944737090e-10 
  125       5.453360834524e-10 
  126       5.506695421052e-10 
  127       5.559933848852e-10 
  128       5.613060681883e-10 
  129       5.666059676105e-10 
  130       5.718913759696e-10 
  131       5.771605013274e-10 
  132       5.824114650111e-10 
  133       5.876422996356e-10 
  134       5.928509471252e-10 
  135       5.980352567357e-10 
  136       6.031929830758e-10 
  137       6.083219486577e-10 
  138       6.134205547191e-10 
  139       6.184873197561e-10 
  140       6.235207188123e-10 
  141       6.285191825453e-10 
  142       6.334810962927e-10 
  143       6.384047991385e-10 
  144       6.432885829788e-10 
  145       6.481306915885e-10 
  146       6.529293196872e-10 
  147       6.576826120054e-10 
  148       6.623886623507e-10 
  149       6.670455126740e-10 
  150       6.716511521355e-10 
  151       6.762035161712e-10 
  152       6.807004855588e-10 
  153       6.851400249239e-10 
  154       6.895206147073e-10 
  155       6.938408577499e-10 
  156       6.980993432390e-10 
  157       7.022946464849e-10 
  158       7.064253286972e-10 
  159       7.104899367608e-10 
  160       7.144870030126e-10 
  161       7.184150450178e-10 
  162       7.222725653460e-10 
  163       7.260580513476e-10 
  164       7.297699749304e-10 
  165       7.334067923357e-10 
  166       7.369669439145e-10 
  167       7.404488539042e-10 
  168       7.438509302046e-10 
  169       7.471715641545e-10 
  170       7.504091303079e-10 
  171       7.535620903005e-10 
  172       7.566293146374e-10 
  173       7.596097874325e-10 
  174       7.625025049334e-10 
  175       7.653064757221e-10 
  176       7.680207209160e-10 
  177       7.706442743693e-10 
  178       7.731761828735e-10 
  179       7.756155063587e-10 
  180       7.779613180945e-10 
  181       7.802127048914e-10 
  182       7.823687673011e-10 
  183       7.844286198183e-10 
  184       7.863913910811e-10 
  185       7.882562240724e-10 
  186       7.900222763206e-10 
  187       7.916887201012e-10 
  188       7.932547426370e-10 
  189       7.947195462998e-10 
  190       7.960823488111e-10 
  191       7.973424446800e-10 
  192       7.984993942449e-10 
  193       7.995528492307e-10 
  194       8.005024931862e-10 
  195       8.013480418854e-10 
  196       8.020892437288e-10 
  197       8.027258801449e-10 
  198       8.032577659913e-10 
  199       8.036847499568e-10 
  200       8.040067149620e-10 
  201       8.042235785612e-10 
  202       8.043352933437e-10 
  203       8.043418473351e-10 
  204       8.042432643987e-10 
  205       8.040396046370e-10 
  206       8.037309647933e-10 
  207       8.033174786525e-10 
  208       8.027993174432e-10 
  209       8.021766902384e-10 
  210       8.014498443577e-10 
  211       8.006190657681e-10 
  212       7.996846794853e-10 
  213       7.986470545803e-10 
  214       7.975066187395e-10 
  215       7.962638454633e-10 
  216       7.949192499617e-10 
  217       7.934733895671e-10 
  218       7.919268641483e-10 
  219       7.902803165237e-10 
  220       7.885344328752e-10 
  221       7.866899431613e-10 
  222       7.847476215308e-10 
  223       7.827082867366e-10 
  224       7.805728025486e-10 
  225       7.783420781680e-10 
  226       7.760170686400e-10 
  227       7.735987752681e-10 
  228       7.710882460270e-10 
  229       7.684865759766e-10 
  230       7.657949076751e-10 
  231       7.630144315929e-10 
  232       7.601463865258e-10 
  233       7.571920600089e-10 
  234       7.541527887296e-10 
  235       7.510299589417e-10 
  236       7.478250068786e-10 
  237       7.445394191667e-10 
  238       7.411746672153e-10 
  239       7.377320051199e-10 
  240       7.342126603170e-10 
  241       7.306178987797e-10 
  242       7.269490252916e-10 
  243       7.232073837216e-10 
  244       7.193943572978e-10 
  245       7.155113688815e-10 
  246       7.115598812421e-10 
  247       7.075413973306e-10 
  248       7.034574605544e-10 
  249       6.993096550513e-10 
  250       6.950996059636e-10 
  251       6.908289797128e-10 
  252       6.864994842732e-10 
  253       6.821128694467e-10 
  254       6.776709271367e-10 
  255       6.731754916225e-10 
  256       6.686284398335e-10 
  257       6.640316916232e-10 
  258       6.593872100441e-10 
  259       6.546970016211e-10 
  260       6.499631166262e-10 
  261       6.451876493529e-10 
  262       6.403727383900e-10 
  263       6.355205668960e-10 
  264       6.306333628736e-10 
  265       6.257133994436e-10 
  266       6.207628615467e-10 
  267       6.157834374664e-10 
  268       6.107767056583e-10 
  269       6.057442663739e-10 
  270       6.006877417093e-10 
  271       5.956087756534e-10 
  272       5.905090341370e-10 
  273       5.853902050806e-10 
  274       5.802539984437e-10 
  275       5.751021462729e-10 
  276       5.699364027505e-10 
  277       5.647585442433e-10 
  278       5.595703693507e-10 
  279       5.543736989539e-10 
  280       5.491703762637e-10 
  281       5.439622668697e-10 
  282       5.387512587884e-10 
  283       5.335392625120e-10 
  284       5.283282110569e-10 
  285       5.231200600122e-10 
  286       5.179167875883e-10 
  287       5.127203946655e-10 
  288       5.075329048422e-10 
  289       5.023563644841e-10 
  290       4.971928427721e-10 
  291       4.920444317515e-10 
  292       4.869132463796e-10 
  293       4.818014245755e-10 
  294       4.767111272675e-10 
  295       4.716445384424e-10 
  296       4.666038651937e-10 
  297       4.615911755651e-10 
  298       4.566079032456e-10 
  299       4.516553188419e-10 
  300       4.467346897392e-10 
  301       4.418472799293e-10 
  302       4.369943498392e-10 
  303       4.321771561603e-10 
  304       4.273969516762e-10 
  305       4.226549850923e-10 
  306       4.179525008633e-10 
  307       4.132907390229e-10 
  308       4.086709350118e-10 
  309       4.040943195064e-10 
  310       3.995621182475e-10 
  311       3.950755518691e-10 
  312       3.906358357266e-10 
  313       3.862441797260e-10 
  314       3.819017881520e-10 
  315       3.776098594969e-10 
  316       3.733695862890e-10 
  317       3.691821549218e-10 
  318       3.650487454817e-10 
  319       3.609705315775e-10 
  320       3.569486801687e-10 
  321       3.529843513939e-10 
  322       3.490786983996e-10 
  323       3.452328671691e-10 
  324       3.414479963507e-10 
  325       3.377252170865e-10 
  326       3.340656528411e-10 
  327       3.304704192302e-10 
  328       3.269406238491e-10 
  329       3.234773661015e-10 
  330       3.200817370279e-10 
  331       3.167548191344e-10 
  332       3.134975788428e-10 
  333       3.103105390082e-10 
  334       3.071940917750e-10 
  335       3.041486043801e-10 
  336       3.011744188645e-10 
  337       2.982718517859e-10 
  338       2.954411939303e-10 
  339       2.926827100243e-10 
  340       2.899966384474e-10 
  341       2.873831909435e-10 
  342       2.848425523336e-10 
  343       2.823748802273e-10 
  344       2.799803047353e-10 
  345       2.776589281815e-10 
  346       2.754108248147e-10 
  347       2.732360405209e-10 
  348       2.711345925354e-10 
  349       2.691064691549e-10 
  350       2.671516294495e-10 
  351       2.652700029746e-10 
  352       2.634614894834e-10 
  353       2.617259586387e-10 
  354       2.600632497250e-10 
  355       2.584731713604e-10 
  356       2.569555012092e-10 
  357       2.555099856934e-10 
  358       2.541363397052e-10 
  359       2.528342463186e-10 
  360       2.516033565021e-10 
  361       2.504432888304e-10 
  362       2.493536291962e-10 
  363       2.483339305230e-10 
  364       2.473837124766e-10 
  365       2.465024611772e-10 
  366       2.456896289120e-10 
  367       2.449446338465e-10 
  368       2.442668597372e-10 
  369       2.436556556435e-10 
  370       2.431103356395e-10 
  371       2.426302210020e-10 
  372       2.422147691802e-10 
  373       2.418634493044e-10 
  374       2.415756999151e-10 
  375       2.413509287121e-10 
  376       2.411885123039e-10 
  377       2.410877959563e-10 
  378       2.410480933415e-10 
  379       2.410686862873e-10 
  380       2.411488245257e-10 
  381       2.412877254424e-10 
  382       2.414845738254e-10 
  383       2.417385216143e-10 
  384       2.420486876492e-10 
  385       2.424141574196e-10 
  386       2.428339828135e-10 
  387       2.433071818665e-10 
  388       2.438327385106e-10 
  389       2.444096023235e-10 
  390       2.450366882772e-10 
  391       2.457128764874e-10 
  392       2.464370119623e-10 
  393       2.472079043517e-10 
  394       2.480243276959e-10 
  395       2.488850201747e-10 
  396       2.497886838567e-10 
  397       2.507339844478e-10 
  398       2.517195510408e-10 
  399       2.527439758638e-10 
  400       2.538058140297e-10 
  401       2.549035832850e-10 
  402       2.560357637587e-10 
  403       2.572007977116e-10 
  404       2.583970892850e-10 
  405       2.596230042500e-10 
  406       2.608768697561e-10 
  407       2.621569740806e-10 
  408       2.634615663776e-10 
  409       2.647888564267e-10 
  410       2.661371941397e-10 
  411       2.675056155977e-10 
  412       2.688933158603e-10 
  413       2.702994708331e-10 
  414       2.717232371443e-10 
  415       2.731637520219e-10 
  416       2.746201331707e-10 
  417       2.760914786491e-10 
  418       2.775768667465e-10 
  419       2.790753558600e-10 
  420       2.805859843716e-10 
  421       2.821077705250e-10 
  422       2.836397123030e-10 
  423       2.851807873041e-10 
  424       2.867299526197e-10 
  425       2.882861447112e-10 
  426       2.898482792869e-10 
  427       2.914152511791e-10 
  428       2.929859342210e-10 
  429       2.945591811238e-10 
  430       2.961338233536e-10 
  431       2.977086710088e-10 
  432       2.992825126965e-10 
  433       3.008541154101e-10 
  434       3.024222244060e-10 
  435       3.039855630807e-10 
  436       3.055428328477e-10 
  437       3.070927130148e-10 
  438       3.086338606607e-10 
  439       3.101649105126e-10 
  440       3.116844748225e-10 
  441       3.131911432449e-10 
  442       3.146834827133e-10 
  443       3.161600373175e-10 
  444       3.176193281807e-10 
  445       3.190598533360e-10 
  446       3.204800876042e-10 
  447       3.218784824700e-10 
  448       3.232534659597e-10 
  449       3.246036516001e-10 
  450       3.259284729931e-10 
  451       3.272275695403e-10 
  452       3.285005792183e-10 
  453       3.297471385798e-10 
  454       3.309668827551e-10 
  455       3.321594454529e-10 
  456       3.333244589618e-10 
  457       3.344615541513e-10 
  458       3.355703604732e-10 
  459       3.366505059625e-10 
  460       3.377016172389e-10 
  461       3.387233195079e-10 
  462       3.397152365616e-10 
  463       3.406769907807e-10 
  464       3.416082031350e-10 
  465       3.425084931848e-10 
  466       3.433774790822e-10 
  467       3.442147775722e-10 
  468       3.450200039939e-10 
  469       3.457927722818e-10 
  470       3.465326949667e-10 
  471       3.472393831773e-10 
  472       3.479124466410e-10 
  473       3.485514936855e-10 
  474       3.491561312396e-10 
  475       3.497259648346e-10 
  476       3.502605986055e-10 
  477       3.507596352921e-10 
  478       3.512226762403e-10 
  479       3.516493214033e-10 
  480       3.520391693426e-10 
  481       3.523918172295e-10 
  482       3.527068608459e-10 
  483       3.529838945858e-10 
  484       3.532225114566e-10 
  485       3.534223030799e-10 
  486       3.535828596930e-10 
  487       3.537037701499e-10 
  488       3.537847427400e-10 
  489       3.538259716019e-10 
  490       3.538277812328e-10 
  491       3.537905067200e-10 
  492       3.537144938031e-10 
  493       3.536000989360e-10 
  494       3.534476893485e-10 
  495       3.532576431087e-10 
  496       3.530303491846e-10 
  497       3.527662075063e-10 
  498       3.524656290277e-10 
  499       3.521290357888e-10 
  500       3.517568609771e-10 
  501       3.513495489902e-10 
  502       3.509075554972e-10 
  503       3.504313475010e-10 
  504       3.499214034000e-10 
  505       3.493782130504e-10 
  506       3.488022778278e-10 
  507       3.481941106891e-10 
  508       3.475542362349e-10 
  509       3.468831907709e-10 
  510       3.461815223705e-10 
  511       3.454497909359e-10 
  512       3.446885682608e-10 
  513       3.438984380921e-10 
  514       3.430799961916e-10 
  515       3.422338503984e-10 
  516       3.413606206904e-10 
  517       3.404609392465e-10 
  518       3.395354505087e-10 
  519       3.385848112436e-10 
  520       3.376096906047e-10 
  521       3.366107701944e-10 
  522       3.355887441255e-10 
  523       3.345443190838e-10 
  524       3.334782143893e-10 
  525       3.323911620590e-10 
  526       3.312839068680e-10 
  527       3.301571874849e-10 
  528       3.290116791772e-10 
  529       3.278480496456e-10 
  530       3.266669778618e-10 
  531       3.254691541221e-10 
  532       3.242552801014e-10 
  533       3.230260689071e-10 
  534       3.217822451323e-10 
  535       3.205245449103e-10 
  536       3.192537159679e-10 
  537       3.179705176795e-10 
  538       3.166757211204e-10 
  539       3.153701091214e-10 
  540       3.140544763218e-10 
  541       3.127296292235e-10 
  542       3.113963862448e-10 
  543       3.100555777743e-10 
  544       3.087080462244e-10 
  545       3.073546460854e-10 
  546       3.059962439789e-10 
  547       3.046337187120e-10 
  548       3.032679613308e-10 
  549       3.018998751744e-10 
  550       3.005303759283e-10 
  551       2.991603916789e-10 
  552       2.977908629664e-10 
  553       2.964227428393e-10 
  554       2.950569969079e-10 
  555       2.936946033978e-10 
  556       2.923365532045e-10 
  557       2.909838499463e-10 
  558       2.896375100185e-10 
  559       2.882985626473e-10 
  560       2.869680499433e-10 
  561       2.856470269554e-10 
  562       2.843365617248e-10 
  563       2.830377353383e-10 
  564       2.817516419827e-10 
  565       2.804793889980e-10 
  566       2.792219801867e-10 
  567       2.779799623327e-10 
  568       2.767537696946e-10 
  569       2.755438399378e-10 
  570       2.743506141448e-10 
  571       2.731745368253e-10 
  572       2.720160559260e-10 
  573       2.708756228412e-10 
  574       2.697536924228e-10 
  575       2.686507229902e-10 
  576       2.675671763408e-10 
  577       2.665035177596e-10 
  578       2.654602160300e-10 
  579       2.644377434435e-10 
  580       2.634365758098e-10 
  581       2.624571924671e-10 
  582       2.615000762924e-10 
  583       2.605657137112e-10 
  584       2.596545947080e-10 
  585       2.587672128362e-10 
  586       2.579040652284e-10 
  587       2.570656526063e-10 
  588       2.562524792912e-10 
  589       2.554650532138e-10 
  590       2.547038859245e-10 
  591       2.539694926035e-10 
  592       2.532623920709e-10 
  593       2.525831067969e-10 
  594       2.519321629117e-10 
  595       2.513100902161e-10 
  596       2.507174221912e-10 
  597       2.501546960087e-10 
  598       2.496224525410e-10 
  599       2.491212363713e-10 
  600       2.486515958041e-10 
  601       2.482140828745e-10 
  602       2.478092533593e-10 
  603       2.474376667864e-10 
  604       2.470998864454e-10 
  605       2.467963628754e-10 
  606       2.465270812279e-10 
  607       2.462919054328e-10 
  608       2.460906939239e-10 
  609       2.459232996109e-10 
  610       2.457895698515e-10 
  611       2.456893464232e-10 
  612       2.456224654956e-10 
  613       2.455887576020e-10 
  614       2.455880476117e-10 
  615       2.456201547019e-10 
  616       2.456848923296e-10 
  617       2.457820682039e-10 
  618       2.459114842575e-10 
  619       2.460729366191e-10 
  620       2.462662155853e-10 
  621       2.464911055926e-10 
  622       2.467473851891e-10 
  623       2.470348270071e-10 
  624       2.473531977345e-10 
  625       2.477022580870e-10 
  626       2.480817627804e-10 
  627       2.484914605022e-10 
  628       2.489310938835e-10 
  629       2.494003994715e-10 
  630       2.498991077011e-10 
  631       2.504269428670e-10 
  632       2.509836230958e-10 
  633       2.515688603177e-10 
  634       2.521823602388e-10 
  635       2.528238223131e-10 
  636       2.534929397141e-10 
  637       2.541893993073e-10 
  638       2.549128816218e-10 
  639       2.556630608227e-10 
  640       2.564396046826e-10 
  641       2.572421745540e-10 
  642       2.580704253410e-10 
  643       2.589240054716e-10 
  644       2.598025234271e-10 
  645       2.607054465559e-10 
  646       2.616321999149e-10 
  647       2.625821994663e-10 
  648       2.635548520401e-10 
  649       2.645495552970e-10 
  650       2.655656976898e-10 
  651       2.666026584266e-10 
  652       2.676598074326e-10 
  653       2.687365053124e-10 
  654       2.698321033129e-10 
  655       2.709459432850e-10 
  656       2.720773576462e-10 
  657       2.732256693431e-10 
  658       2.743901918133e-10 
  659       2.755702289481e-10 
  660       2.767650750549e-10 
  661       2.779740148190e-10 
  662       2.791963232665e-10 
  663       2.804312657265e-10 
  664       2.816780977931e-10 
  665       2.829360652882e-10 
  666       2.842044042236e-10 
  667       2.854823407632e-10 
  668       2.867690911856e-10 
  669       2.880638618464e-10 
  670       2.893658491402e-10 
  671       2.906742394635e-10 
  672       2.919882091764e-10 
  673       2.933069245655e-10 
  674       2.946295418060e-10 
  675       2.959552069237e-10 
  676       2.972830557580e-10 
  677       2.986122139236e-10 
  678       2.999417967735e-10 
  679       3.012709093605e-10 
  680       3.025986464004e-10 
  681       3.039240922335e-10 
  682       3.052463207876e-10 
  683       3.065644612098e-10 
  684       3.078778963758e-10 
  685       3.091860685431e-10 
  686       3.104884140449e-10 
  687       3.117843632688e-10 
  688       3.130733406360e-10 
  689       3.143547645809e-10 
  690       3.156280475299e-10 
  691       3.168925958806e-10 
  692       3.181478099815e-10 
  693       3.193930841106e-10 
  694       3.206278064548e-10 
  695       3.218513590894e-10 
  696       3.230631179568e-10 
  697       3.242624528462e-10 
  698       3.254487273723e-10 
  699       3.266212989549e-10 
  700       3.277795187980e-10 
  701       3.289227318688e-10 
  702       3.300502768772e-10 
  703       3.311614862548e-10 
  704       3.322556861343e-10 
  705       3.333321963284e-10 
  706       3.343903303091e-10 
  707       3.354293951872e-10 
  708       3.364486916911e-10 
  709       3.374475141463e-10 
  710       3.384251504544e-10 
  711       3.393808820722e-10 
  712       3.403139839915e-10 
  713       3.412237247175e-10 
  714       3.421093662485e-10 
  715       3.429701640550e-10 
  716       3.438053670588e-10 
  717       3.446142176125e-10 
  718       3.453959514782e-10 
  719       3.461497978071e-10 
  720       3.468749791188e-10 
  721       3.475707112798e-10 
  722       3.482363133845e-10 
  723       3.488715398708e-10 
  724       3.494762550717e-10 
  725       3.500503239260e-10 
  726       3.505936119828e-10 
  727       3.511059854065e-10 
  728       3.515873109804e-10 
  729       3.520374561121e-10 
  730       3.524562888371e-10 
  731       3.528436778240e-10 
  732       3.531994923785e-10 
  733       3.535236024480e-10 
  734       3.538158786260e-10 
  735       3.540761921569e-10 
  736       3.543044149399e-10 
  737       3.545004195339e-10 
  738       3.546640791619e-10 
  739       3.547952677153e-10 
  740       3.548938597586e-10 
  741       3.549597305335e-10 
  742       3.549927559638e-10 
  743       3.549928126596e-10 
  744       3.549597779217e-10 
  745       3.548935297466e-10 
  746       3.547939468300e-10 
  747       3.546609085722e-10 
  748       3.544942950821e-10 
  749       3.542939871818e-10 
  750       3.540598664109e-10 
  751       3.537918150312e-10 
  752       3.534897160310e-10 
  753       3.531534531297e-10 
  754       3.527829107820e-10 
  755       3.523779741828e-10 
  756       3.519385292712e-10 
  757       3.514644627352e-10 
  758       3.509556620164e-10 
  759       3.504120153140e-10 
  760       3.498334115893e-10 
  761       3.492198170691e-10 
  762       3.485715063523e-10 
  763       3.478888357421e-10 
  764       3.471721671692e-10 
  765       3.464218682119e-10 
  766       3.456383121164e-10 
  767       3.448218778176e-10 
  768       3.439729499586e-10 
  769       3.430919189116e-10 
  770       3.421791807979e-10 
  771       3.412351375085e-10 
  772       3.402601967239e-10 
  773       3.392547719350e-10 
  774       3.382192824628e-10 
  775       3.371541534792e-10 
  776       3.360598160269e-10 
  777       3.349367070401e-10 
  778       3.337852693642e-10 
  779       3.326059517769e-10 
  780       3.313992090077e-10 
  781       3.301655017588e-10 
  782       3.289052967251e-10 
  783       3.276190666144e-10 
  784       3.263072901679e-10 
  785       3.249704521807e-10 
  786       3.236090435215e-10 
  787       3.222235611535e-10 
  788       3.208145081541e-10 
  789       3.193823937358e-10 
  790       3.179277332662e-10 
  791       3.164510482882e-10 
  792       3.149528665405e-10 
  793       3.134337219778e-10 
  794       3.118941547910e-10 
  795       3.103347114278e-10 
  796       3.087559446127e-10 
  797       3.071584133673e-10 
  798       3.055426830308e-10 
  799       3.039093252802e-10 
  800       3.022589140765e-10 
  801       3.005920133816e-10 
  802       2.989091892577e-10 
  803       2.972110139403e-10 
  804       2.954980658582e-10 
  805       2.937709296524e-10 
  806       2.920301961961e-10 
  807       2.902764626142e-10 
  808       2.885103323026e-10 
  809       2.867324149478e-10 
  810       2.849433265466e-10 
  811       2.831436894255e-10 
  812       2.813341322604e-10 
  813       2.795152900957e-10 
  814       2.776878043643e-10 
  815       2.758523229071e-10 
  816       2.740094999921e-10 
  817       2.721599963344e-10 
  818       2.703044791155e-10 
  819       2.684436220030e-10 
  820       2.665781051698e-10 
  821       2.647086153142e-10 
  822       2.628358456787e-10 
  823       2.609604960702e-10 
  824       2.590832728792e-10 
  825       2.572048890993e-10 
  826       2.553260643470e-10 
  827       2.534475248809e-10 
  828       2.515700036214e-10 
  829       2.496942401702e-10 
  830       2.478209808301e-10 
  831       2.459509786241e-10 
  832       2.440849933150e-10 
  833       2.422237914252e-10 
  834       2.403681462562e-10 
  835       2.385188379078e-10 
  836       2.366766532980e-10 
  837       2.348423861823e-10 
  838       2.330168371735e-10 
  839       2.312007411457e-10 
  840       2.293945480239e-10 
  841       2.275986382200e-10 
  842       2.258133949095e-10 
  843       2.240392040385e-10 
  844       2.222764543311e-10 
  845       2.205255372965e-10 
  846       2.187868472359e-10 
  847       2.170607812502e-10 
  848       2.153477392468e-10 
  849       2.136481239468e-10 
  850       2.119623408922e-10 
  851       2.102907984530e-10 
  852       2.086339078347e-10 
  853       2.069920830850e-10 
  854       2.053657411013e-10 
  855       2.037553016376e-10 
  856       2.021611873122e-10 
  857       2.005838236141e-10 
  858       1.990236389107e-10 
  859       1.974810644549e-10 
  860       1.959565343921e-10 
  861       1.944504857676e-10 
  862       1.929633585335e-10 
  863       1.914955955561e-10 
  864       1.900476426229e-10 
  865       1.886199484501e-10 
  866       1.872129646891e-10 
  867       1.858271459343e-10 
  868       1.844629497303e-10 
  869       1.831208365783e-10 
  870       1.818012699443e-10 
  871       1.805047162654e-10 
  872       1.792316449576e-10 
  873       1.779825284224e-10 
  874       1.767578420545e-10 
  875       1.755580642488e-10 
  876       1.743836764072e-10 
  877       1.732351629463e-10 
  878       1.721129257949e-10 
  879       1.710170263144e-10 
  880       1.699474391014e-10 
  881       1.689041371025e-10 
  882       1.678870916078e-10 
  883       1.668962722448e-10 
  884       1.659316469726e-10 
  885       1.649931820755e-10 
  886       1.640808421567e-10 
  887       1.631945901328e-10 
  888       1.623343872268e-10 
  889       1.615001929628e-10 
  890       1.606919651595e-10 
  891       1.599096599238e-10 
  892       1.591532316453e-10 
  893       1.584226329897e-10 
  894       1.577178148927e-10 
  895       1.570387265543e-10 
  896       1.563853154319e-10 
  897       1.557575272350e-10 
  898       1.551553059186e-10 
  899       1.545785936771e-10 
  900       1.540273309384e-10 
  901       1.535014563574e-10 
  902       1.530009068104e-10 
  903       1.525256173883e-10 
  904       1.520755213912e-10 
  905       1.516505503218e-10 
  906       1.512506338792e-10 
  907       1.508756999531e-10 
  908       1.505256746176e-10 
  909       1.502004821251e-10 
  910       1.499000448997e-10 
  911       1.496242835317e-10 
  912       1.493731167714e-10 
  913       1.491464615225e-10 
  914       1.489442328365e-10 
  915       1.487663439060e-10 
  916       1.486127060594e-10 
  917       1.484831862750e-10 
  918       1.483774789967e-10 
  919       1.482952322656e-10 
  920       1.482360900014e-10 
  921       1.481996919906e-10 
  922       1.481856738739e-10 
  923       1.481936671344e-10 
  924       1.482232990852e-10 
  925       1.482741928572e-10 
  926       1.483459673871e-10 
  927       1.484382374052e-10 
  928       1.485506134228e-10 
  929       1.486827017208e-10 
  930       1.488341043367e-10 
  931       1.490044190529e-10 
  932       1.491932393844e-10 
  933       1.494001545667e-10 
  934       1.496247495434e-10 
  935       1.498666049543e-10 
  936       1.501252971230e-10 
  937       1.504003980447e-10 
  938       1.506914753743e-10 
  939       1.509980924138e-10 
  940       1.513198081005e-10 
  941       1.516561769947e-10 
  942       1.520067492673e-10 
  943       1.523710706880e-10 
  944       1.527486826127e-10 
  945       1.531391219717e-10 
  946       1.535419212573e-10 
  947       1.539566085117e-10 
  948       1.543827073147e-10 
  949       1.548197367717e-10 
  950       1.552672115013e-10 
  951       1.557246416234e-10 
  952       1.561915327467e-10 
  953       1.566673859568e-10 
  954       1.571516978038e-10 
  955       1.576439602902e-10 
  956       1.581436821107e-10 
  957       1.586504527513e-10 
  958       1.591638793451e-10 
  959       1.596835654997e-10 
  960       1.602091112881e-10 
  961       1.607401132391e-10 
  962       1.612761643278e-10 
  963       1.618168539665e-10 
  964       1.623617679951e-10 
  965       1.629104886717e-10 
  966       1.634625946635e-10 
  967       1.640176610368e-10 
  968       1.645752592483e-10 
  969       1.651349571351e-10 
  970       1.656963189058e-10 
  971       1.662589051307e-10 
  972       1.668222727328e-10 
  973       1.673859749781e-10 
  974       1.679495614662e-10 
  975       1.685125781212e-10 
  976       1.690745671819e-10 
  977       1.696350671929e-10 
  978       1.701936129945e-10 
  979       1.707497357143e-10 
  980       1.713029627566e-10 
  981       1.718528177942e-10 
  982       1.723988207581e-10 
  983       1.729404878286e-10 
  984       1.734773314257e-10 
  985       1.740088601997e-10 
  986       1.745345790220e-10 
  987       1.750539889755e-10 
  988       1.755665873452e-10 
  989       1.760718676091e-10 
  990       1.765693194284e-10 
  991       1.770584286383e-10 
  992       1.775386772386e-10 
  993       1.780095433845e-10 
  994       1.784705013767e-10 
  995       1.789210828864e-10 
  996       1.793610616320e-10 
  997       1.797902713946e-10 
  998       1.802085450279e-10 
  999       1.806157144562e-10 
 1000       1.810116106724e-10 
 1001       1.813960637363e-10 
 1002       1.817689027720e-10 
 1003       1.821299559667e-10 
 1004       1.824790505680e-10 
 1005       1.828160128825e-10 
 1006       1.831406682734e-10 
 1007       1.834528411588e-10 
 1008       1.837523550094e-10 
 1009       1.840390323470e-10 
 1010       1.843126947421e-10 
 1011       1.845731628120e-10 
 1012       1.848202562191e-10 
 1013       1.850537936684e-10 
 1014       1.852735929061e-10 
 1015       1.854794707172e-10 
 1016       1.856712429236e-10 
 1017       1.858487243825e-10 
 1018       1.860117289837e-10 
 1019       1.861600696482e-10 
 1020       1.862935583262e-10 
 1021       1.864120059947e-10 
 1022       1.865152226560e-10 
 1023       1.866030173352e-10 
 1024       1.866751980790e-10 
 1025       1.867315719527e-10 
 1026       1.867719450392e-10 
 1027       1.867961224363e-10 
 1028       1.868039082552e-10 
 1029       1.867951056182e-10 
 1030       1.867695166568e-10 
 1031       1.867269425100e-10 
 1032       1.866671833219e-10 
 1033       1.865900382398e-10 
 1034       1.864953611173e-10 
 1035       1.863832284881e-10 
 1036       1.862537739615e-10 
 1037       1.861071327366e-10 
 1038       1.859434416069e-10 
 1039       1.857628389645e-10 
 1040       1.855654648042e-10 
 1041       1.853514607281e-10 
 1042       1.851209699494e-10 
 1043       1.848741372972e-10 
 1044       1.846111092203e-10 
 1045       1.843320337918e-10 
 1046       1.840370607130e-10 
 1047       1.837263413183e-10 
 1048       1.834000285786e-10 
 1049       1.830582771063e-10 
 1050       1.827012431593e-10 
 1051       1.823290846452e-10 
 1052       1.819419611254e-10 
 1053       1.815400338201e-10 
 1054       1.811234656115e-10 
 1055       1.806924210491e-10 
 1056       1.802470663531e-10 
 1057       1.797875694193e-10 
 1058       1.793140998231e-10 
 1059       1.788268288236e-10 
 1060       1.783259293683e-10 
 1061       1.778115760969e-10 
 1062       1.772839453459e-10 
 1063       1.767432151528e-10 
 1064       1.761895652602e-10 
 1065       1.756231771203e-10 
 1066       1.750442338989e-10 
 1067       1.744529204800e-10 
 1068       1.738494234696e-10 
 1069       1.732339312006e-10 
 1070       1.726066337365e-10 
 1071       1.719677228758e-10 
 1072       1.713173921567e-10 
 1073       1.706558524945e-10 
 1074       1.699833793223e-10 
 1075       1.693002661008e-10 
 1076       1.686068087489e-10 
 1077       1.679033056496e-10 
 1078       1.671900576554e-10 
 1079       1.664673680949e-10 
 1080       1.657355427782e-10 
 1081       1.649948900030e-10 
 1082       1.642457205603e-10 
 1083       1.634883477406e-10 
 1084       1.627230873394e-10 
 1085       1.619502576636e-10 
 1086       1.611701795368e-10 
 1087       1.603831763058e-10 
 1088       1.595895738459e-10 
 1089       1.587897005674e-10 
 1090       1.579838874209e-10 
 1091       1.571724679037e-10 
 1092       1.563557780653e-10 
 1093       1.555341565136e-10 
 1094       1.547079444205e-10 
 1095       1.538774855281e-10 
 1096       1.530431261545e-10 
 1097       1.522052151994e-10 
 1098       1.513641041505e-10 
 1099       1.505201470890e-10 
 1100       1.496737006955e-10 
 1101       1.488251242563e-10 
 1102       1.479747796688e-10 
 1103       1.471230314477e-10 
 1104       1.462702467308e-10 
 1105       1.454167952848e-10 
 1106       1.445630495114e-10 
 1107       1.437093844530e-10 
 1108       1.428561777988e-10 
 1109       1.420038098903e-10 
 1110       1.411526637279e-10 
 1111       1.403031249759e-10 
 1112       1.394555547058e-10 
 1113       1.386102072189e-10 
 1114       1.377673111555e-10 
 1115       1.369270966631e-10 
 1116       1.360897953998e-10 
 1117       1.352556405378e-10 
 1118       1.344248667662e-10 
 1119       1.335977102948e-10 
 1120       1.327744088567e-10 
 1121       1.319552017121e-10 
 1122       1.311403296513e-10 
 1123       1.303300349982e-10 
 1124       1.295245616130e-10 
 1125       1.287241548960e-10 
 1126       1.279290617906e-10 
 1127       1.271395307867e-10 
 1128       1.263558119237e-10 
 1129       1.255781567941e-10 
 1130       1.248068185464e-10 
 1131       1.240420518884e-10 
 1132       1.232841130909e-10 
 1133       1.225332599903e-10 
 1134       1.217897519923e-10 
 1135       1.210538500749e-10 
 1136       1.203258167920e-10 
 1137       1.196059162760e-10 
 1138       1.188944142419e-10 
 1139       1.181915779898e-10 
 1140       1.174976764087e-10 
 1141       1.168129799792e-10 
 1142       1.161377607773e-10 
 1143       1.154722924774e-10 
 1144       1.148168503556e-10 
 1145       1.141717112927e-10 
 1146       1.135371537778e-10 
 1147       1.129134579114e-10 
 1148       1.123009054088e-10 
 1149       1.116997796031e-10 
 1150       1.111103654484e-10 
 1151       1.105329047379e-10 
 1152       1.099674611279e-10 
 1153       1.094140534058e-10 
 1154       1.088727001203e-10 
 1155       1.083434195797e-10 
 1156       1.078262298518e-10 
 1157       1.073211487626e-10 
 1158       1.068281938958e-10 
 1159       1.063473825919e-10 
 1160       1.058787319474e-10 
 1161       1.054222588138e-10 
 1162       1.049779797974e-10 
 1163       1.045459112577e-10 
 1164       1.041260693071e-10 
 1165       1.037184698101e-10 
 1166       1.033231283823e-10 
 1167       1.029400603896e-10 
 1168       1.025692809475e-10 
 1169       1.022108049205e-10 
 1170       1.018646469207e-10 
 1171       1.015308213077e-10 
 1172       1.012093421872e-10 
 1173       1.009002234107e-10 
 1174       1.006034785742e-10 
 1175       1.003191210179e-10 
 1176       1.000471638251e-10 
 1177       9.978761982131e-11 
 1178       9.954050157372e-11 
 1179       9.930582139025e-11 
 1180       9.908359131874e-11 
 1181       9.887382314618e-11 
 1182       9.867652839791e-11 
 1183       9.849171833680e-11 
 1184       9.831940396246e-11 
 1185       9.815959601043e-11 
 1186       9.801230495137e-11 
 1187       9.787754099028e-11 
 1188       9.775531406568e-11 
 1189       9.764563384882e-11 
 1190       9.754847981428e-11 
 1191       9.746371105112e-11 
 1192       9.739115534238e-11 
 1193       9.733063898987e-11 
 1194       9.728198681082e-11 
 1195       9.724502213455e-11 
 1196       9.721956679915e-11 
 1197       9.720544114809e-11 
 1198       9.720246402696e-11 
 1199       9.721045278006e-11 
 1200       9.722922324713e-11 
 1201       9.725858975993e-11 
 1202       9.729836513902e-11 
 1203       9.734836069029e-11 
 1204       9.740838620174e-11 
 1205       9.747824994006e-11 
 1206       9.755775864736e-11 
 1207       9.764671753777e-11 
 1208       9.774493029415e-11 
 1209       9.785219906474e-11 
 1210       9.796832445982e-11 
 1211       9.809310554836e-11 
 1212       9.822633985471e-11 
 1213       9.836782335526e-11 
 1214       9.851735047509e-11 
 1215       9.867471408462e-11 
 1216       9.883970549633e-11 
 1217       9.901211446134e-11 
 1218       9.919172916615e-11 
 1219       9.937833622927e-11 
 1220       9.957172069787e-11 
 1221       9.977166604449e-11 
 1222       9.997795416363e-11 
 1223       1.001903653685e-10 
 1224       1.004086783876e-10 
 1225       1.006326703615e-10 
 1226       1.008621168393e-10 
 1227       1.010967917755e-10 
 1228       1.013364675266e-10 
 1229       1.015809169969e-10 
 1230       1.018299201104e-10 
 1231       1.020832574096e-10 
 1232       1.023407079095e-10 
 1233       1.026020490948e-10 
 1234       1.028670569168e-10 
 1235       1.031355057901e-10 
 1236       1.034071685892e-10 
 1237       1.036818166460e-10 
 1238       1.039592197459e-10 
 1239       1.042391461251e-10 
 1240       1.045213624672e-10 
 1241       1.048056339002e-10 
 1242       1.050917239932e-10 
 1243       1.053793947533e-10 
 1244       1.056684066224e-10 
 1245       1.059585184741e-10 
 1246       1.062494876106e-10 
 1247       1.065410697591e-10 
 1248       1.068330190694e-10 
 1249       1.071250881098e-10 
 1250       1.074170278649e-10 
 1251       1.077085877316e-10 
 1252       1.079995155165e-10 
 1253       1.082895574325e-10 
 1254       1.085784580957e-10 
 1255       1.088659605219e-10 
 1256       1.091518061242e-10 
 1257       1.094357347090e-10 
 1258       1.097174844734e-10 
 1259       1.099967920017e-10 
 1260       1.102733922626e-10 
 1261       1.105470186054e-10 
 1262       1.108174027576e-10 
 1263       1.110842748213e-10 
 1264       1.113473632700e-10 
 1265       1.116063949456e-10 
 1266       1.118610950551e-10 
 1267       1.121111871676e-10 
 1268       1.123564208192e-10 
 1269       1.125966546827e-10 
 1270       1.128317743504e-10 
 1271       1.130616648121e-10 
 1272       1.132862104537e-10 
 1273       1.135052950562e-10 
 1274       1.137188017947e-10 
 1275       1.139266132372e-10 
 1276       1.141286113434e-10 
 1277       1.143246774638e-10 
 1278       1.145146923383e-10 
 1279       1.146985360956e-10 
 1280       1.148760882514e-10 
 1281       1.150472277079e-10 
 1282       1.152118327523e-10 
 1283       1.153697810560e-10 
 1284       1.155209496733e-10 
 1285       1.156652150403e-10 
 1286       1.158024529736e-10 
 1287       1.159325386699e-10 
 1288       1.160553467041e-10 
 1289       1.161707510284e-10 
 1290       1.162786249717e-10 
 1291       1.163788412376e-10 
 1292       1.164712719041e-10 
 1293       1.165557884221e-10 
 1294       1.166322616144e-10 
 1295       1.167005616746e-10 
 1296       1.167605581657e-10 
 1297       1.168121200196e-10 
 1298       1.168551155353e-10 
 1299       1.168894123785e-10 
 1300       1.169148775798e-10 
 1301       1.169313775341e-10 
 1302       1.169387779993e-10 
 1303       1.169369440951e-10 
 1304       1.169257403021e-10 
 1305       1.169050304606e-10 
 1306       1.168746777693e-10 
 1307       1.168345759636e-10 
 1308       1.167847432322e-10 
 1309       1.167252293486e-10 
 1310       1.166560845886e-10 
 1311       1.165773597313e-10 
 1312       1.164891060604e-10 
 1313       1.163913753649e-10 
 1314       1.162842199406e-10 
 1315       1.161676925908e-10 
 1316       1.160418466278e-10 
 1317       1.159067358735e-10 
 1318       1.157624146608e-10 
 1319       1.156089378348e-10 
 1320       1.154463607534e-10 
 1321       1.152747392888e-10 
 1322       1.150941298285e-10 
 1323       1.149045892763e-10 
 1324       1.147061750535e-10 
 1325       1.144989450996e-10 
 1326       1.142829578741e-10 
 1327       1.140582723568e-10 
 1328       1.138249480495e-10 
 1329       1.135830449767e-10 
 1330       1.133326236868e-10 
 1331       1.130737452532e-10 
 1332       1.128064712754e-10 
 1333       1.125308638800e-10 
 1334       1.122469857220e-10 
 1335       1.119548999854e-10 
 1336       1.116546703850e-10 
 1337       1.113463611666e-10 
 1338       1.110300371090e-10 
 1339       1.107057635244e-10 
 1340       1.103736062598e-10 
 1341       1.100336316979e-10 
 1342       1.096859067584e-10 
 1343       1.093304988990e-10 
 1344       1.089674761163e-10 
 1345       1.085969069471e-10 
 1346       1.082188745908e-10 
 1347       1.078335194416e-10 
 1348       1.074409970206e-10 
 1349       1.070414638983e-10 
 1350       1.066350776962e-10 
 1351       1.062219970896e-10 
 1352       1.058023818090e-10 
 1353       1.053763926423e-10 
 1354       1.049441914368e-10 
 1355       1.045059411014e-10 
 1356       1.040618056082e-10 
 1357       1.036119499950e-10 
 1358       1.031565403671e-10 
 1359       1.026957438990e-10 
 1360       1.022297288372e-10 
 1361       1.017586645013e-10 
 1362       1.012827212868e-10 
 1363       1.008020706664e-10 
 1364       1.003168851928e-10 
 1365       9.982733850002e-11 
 1366       9.933360530576e-11 
 1367       9.883586141342e-11 
 1368       9.833428371399e-11 
 1369       9.782905018817e-11 
 1370       9.732033990833e-11 
 1371       9.680833304052e-11 
 1372       9.629321084654e-11 
 1373       9.577515568591e-11 
 1374       9.525435101789e-11 
 1375       9.473098140353e-11 
 1376       9.420523250765e-11 
 1377       9.367729110085e-11 
 1378       9.314734506157e-11 
 1379       9.261558337808e-11 
 1380       9.208219615048e-11 
 1381       9.154737459275e-11 
 1382       9.101131103474e-11 
 1383       9.047419892420e-11 
 1384       8.993623282878e-11 
 1385       8.939759950781e-11 
 1386       8.885845102030e-11 
 1387       8.831893133701e-11 
 1388       8.777918524638e-11 
 1389       8.723935835602e-11 
 1390       8.669959709414e-11 
 1391       8.616004871105e-11 
 1392       8.562086128056e-11 
 1393       8.508218370149e-11 
 1394       8.454416569909e-11 
 1395       8.400695782651e-11 
 1396       8.347071146629e-11 
 1397       8.293557883176e-11 
 1398       8.240171296855e-11 
 1399       8.186926775600e-11 
 1400       8.133839790866e-11 
 1401       8.080925897775e-11 
 1402       8.028200735256e-11 
 1403       7.975680026197e-11 
 1404       7.923379577588e-11 
 1405       7.871315280669e-11 
 1406       7.819503111071e-11 
 1407       7.767959128967e-11 
 1408       7.716699479215e-11 
 1409       7.665740391506e-11 
 1410       7.615098180506e-11 
 1411       7.564789246005e-11 
 1412       7.514830073063e-11 
 1413       7.465237232152e-11 
 1414       7.416027379308e-11 
 1415       7.367217256270e-11 
 1416       7.318823690632e-11 
 1417       7.270863595983e-11 
 1418       7.223353972057e-11 
 1419       7.176311904878e-11 
 1420       7.129754566904e-11 
 1421       7.083699217176e-11 
 1422       7.038163201458e-11 
 1423       6.993163952392e-11 
 1424       6.948716767783e-11 
 1425       6.904828120242e-11 
 1426       6.861502279125e-11 
 1427       6.818743526168e-11 
 1428       6.776556155499e-11 
 1429       6.734944473652e-11 
 1430       6.693912799582e-11 
 1431       6.653465464682e-11 
 1432       6.613606812793e-11 
 1433       6.574341200221e-11 
 1434       6.535672995751e-11 
 1435       6.497606580660e-11 
 1436       6.460146348734e-11 
 1437       6.423296706282e-11 
 1438       6.387062072146e-11 
 1439       6.351446877722e-11 
 1440       6.316455566970e-11 
 1441       6.282092596430e-11 
 1442       6.248362435236e-11 
 1443       6.215269565129e-11 
 1444       6.182818480476e-11 
 1445       6.151013688279e-11 
 1446       6.119859708190e-11 
 1447       6.089361072532e-11 
 1448       6.059522326303e-11 
 1449       6.030348027200e-11 
 1450       6.001842745627e-11 
 1451       5.974011064713e-11 
 1452       5.946857580323e-11 
 1453       5.920386901076e-11 
 1454       5.894603648358e-11 
 1455       5.869512456337e-11 
 1456       5.845117971973e-11 
 1457       5.821424855040e-11 
 1458       5.798437778136e-11 
 1459       5.776161426695e-11 
 1460       5.754600499007e-11 
 1461       5.733759706229e-11 
 1462       5.713643772399e-11 
 1463       5.694255526796e-11 
 1464       5.675590160114e-11 
 1465       5.657640910896e-11 
 1466       5.640400967883e-11 
 1467       5.623863469927e-11 
 1468       5.608021505896e-11 
 1469       5.592868114580e-11 
 1470       5.578396284603e-11 
 1471       5.564598954325e-11 
 1472       5.551469011753e-11 
 1473       5.538999294450e-11 
 1474       5.527182589437e-11 
 1475       5.516011633106e-11 
 1476       5.505479111124e-11 
 1477       5.495577658343e-11 
 1478       5.486299858705e-11 
 1479       5.477638245153e-11 
 1480       5.469585299535e-11 
 1481       5.462133452512e-11 
 1482       5.455275083469e-11 
 1483       5.449002520418e-11 
 1484       5.443308039908e-11 
 1485       5.438183866932e-11 
 1486       5.433622174835e-11 
 1487       5.429615085221e-11 
 1488       5.426154667860e-11 
 1489       5.423232940596e-11 
 1490       5.420841869256e-11 
 1491       5.418973367554e-11 
 1492       5.417619297004e-11 
 1493       5.416771466820e-11 
 1494       5.416421633831e-11 
 1495       5.416561502384e-11 
 1496       5.417182724252e-11 
 1497       5.418276898544e-11 
 1498       5.419835571609e-11 
 1499       5.421850236947e-11 
 1500       5.424312335115e-11 
 1501       5.427213253631e-11 
 1502       5.430543889375e-11 
 1503       5.434293331283e-11 
 1504       5.438450164637e-11 
 1505       5.443002907301e-11 
 1506       5.447940009601e-11 
 1507       5.453249854212e-11 
 1508       5.458920756043e-11 
 1509       5.464940962119e-11 
 1510       5.471298651466e-11 
 1511       5.477981934997e-11 
 1512       5.484978855395e-11 
 1513       5.492277386996e-11 
 1514       5.499865435675e-11 
 1515       5.507730838728e-11 
 1516       5.515861364762e-11 
 1517       5.524244713572e-11 
 1518       5.532868516029e-11 
 1519       5.541720333963e-11 
 1520       5.550787660052e-11 
 1521       5.560057917697e-11 
 1522       5.569518460914e-11 
 1523       5.579156574217e-11 
 1524       5.588959472499e-11 
 1525       5.598914300920e-11 
 1526       5.609008134789e-11 
 1527       5.619227979447e-11 
 1528       5.629560770156e-11 
 1529       5.639993371980e-11 
 1530       5.650512579667e-11 
 1531       5.661105117540e-11 
 1532       5.671757639373e-11 
 1533       5.682456728284e-11 
 1534       5.693188896610e-11 
 1535       5.703940585799e-11 
 1536       5.714698166291e-11 
 1537       5.725447937402e-11 
 1538       5.736176127208e-11 
 1539       5.746868892432e-11 
 1540       5.757512318324e-11 
 1541       5.768093446174e-11 
 1542       5.778603366732e-11 
 1543       5.789034155922e-11 
 1544       5.799377849815e-11 
 1545       5.809626444564e-11 
 1546       5.819771896346e-11 
 1547       5.829806121291e-11 
 1548       5.839720995426e-11 
 1549       5.849508354602e-11 
 1550       5.859159994440e-11 
 1551       5.868667670257e-11 
 1552       5.878023097012e-11 
 1553       5.887217949235e-11 
 1554       5.896243860966e-11 
 1555       5.905092425691e-11 
 1556       5.913755196278e-11 
 1557       5.922223684913e-11 
 1558       5.930489363038e-11 
 1559       5.938543661282e-11 
 1560       5.946377969404e-11 
 1561       5.953983636224e-11 
 1562       5.961351969562e-11 
 1563       5.968474236171e-11 
 1564       5.975341661678e-11 
 1565       5.981945430516e-11 
 1566       5.988276685862e-11 
 1567       5.994326529572e-11 
 1568       6.000086022118e-11 
 1569       6.005546182526e-11 
 1570       6.010697988309e-11 
 1571       6.015532375402e-11 
 1572       6.020040238105e-11 
 1573       6.024212429011e-11 
 1574       6.028039758948e-11 
 1575       6.031512996912e-11 
 1576       6.034622870005e-11 
 1577       6.037360063369e-11 
 1578       6.039715220126e-11 
 1579       6.041678941309e-11 
 1580       6.043243360007e-11 
 1581       6.044406879864e-11 
 1582       6.045169480319e-11 
 1583       6.045531146404e-11 
 1584       6.045491868748e-11 
 1585       6.045051643594e-11 
 1586       6.044210472807e-11 
 1587       6.042968363888e-11 
 1588       6.041325329983e-11 
 1589       6.039281389901e-11 
 1590       6.036836568117e-11 
 1591       6.033990894793e-11 
 1592       6.030744405781e-11 
 1593       6.027097142642e-11 
 1594       6.023049152653e-11 
 1595       6.018600488821e-11 
 1596       6.013751209895e-11 
 1597       6.008501380378e-11 
 1598       6.002851070534e-11 
 1599       5.996800356408e-11 
 1600       5.990349319831e-11 
 1601       5.983498048435e-11 
 1602       5.976246635665e-11 
 1603       5.968595180788e-11 
 1604       5.960543788908e-11 
 1605       5.952092570975e-11 
 1606       5.943241643799e-11 
 1607       5.933991130062e-11 
 1608       5.924341158328e-11 
 1609       5.914291863053e-11 
 1610       5.903843384604e-11 
 1611       5.892995869262e-11 
 1612       5.881749469240e-11 
 1613       5.870104342692e-11 
 1614       5.858060653726e-11 
 1615       5.845618572415e-11 
 1616       5.832778274807e-11 
 1617       5.819539942942e-11 
 1618       5.805903764860e-11 
 1619       5.791870952213e-11 
 1620       5.777446803148e-11 
 1621       5.762637667128e-11 
 1622       5.747449929895e-11 
 1623       5.731890013536e-11 
 1624       5.715964376534e-11 
 1625       5.699679513833e-11 
 1626       5.683041956890e-11 
 1627       5.666058273738e-11 
 1628       5.648735069044e-11 
 1629       5.631078984162e-11 
 1630       5.613096697201e-11 
 1631       5.594794923072e-11 
 1632       5.576180413557e-11 
 1633       5.557259957359e-11 
 1634       5.538040380166e-11 
 1635       5.518528544706e-11 
 1636       5.498731350807e-11 
 1637       5.478655735454e-11 
 1638       5.458308672849e-11 
 1639       5.437697174468e-11 
 1640       5.416828289120e-11 
 1641       5.395709103005e-11 
 1642       5.374346739773e-11 
 1643       5.352748360583e-11 
 1644       5.330921164156e-11 
 1645       5.308872386842e-11 
 1646       5.286609302672e-11 
 1647       5.264139223419e-11 
 1648       5.241469498654e-11 
 1649       5.218607515807e-11 
 1650       5.195560700224e-11 
 1651       5.172336515227e-11 
 1652       5.148942462168e-11 
 1653       5.125386080493e-11 
 1654       5.101674947797e-11 
 1655       5.077816679881e-11 
 1656       5.053818930814e-11 
 1657       5.029689392991e-11 
 1658       5.005435728454e-11 
 1659       4.981065362097e-11 
 1660       4.956585686753e-11 
 1661       4.932004131821e-11 
 1662       4.907328163318e-11 
 1663       4.882565283937e-11 
 1664       4.857723033099e-11 
 1665       4.832808987012e-11 
 1666       4.807830758724e-11 
 1667       4.782795998180e-11 
 1668       4.757712392274e-11 
 1669       4.732587664910e-11 
 1670       4.707429577051e-11 
 1671       4.682245926779e-11 
 1672       4.657044549348e-11 
 1673       4.631833317241e-11 
 1674       4.606620140224e-11 
 1675       4.581412965401e-11 
 1676       4.556219777271e-11 
 1677       4.531048597783e-11 
 1678       4.505907486389e-11 
 1679       4.480804540102e-11 
 1680       4.455747893551e-11 
 1681       4.430745719036e-11 
 1682       4.405806226581e-11 
 1683       4.380937663994e-11 
 1684       4.356148316919e-11 
 1685       4.331446508892e-11 
 1686       4.306840601396e-11 
 1687       4.282338993918e-11 
 1688       4.257950124003e-11 
 1689       4.233682467308e-11 
 1690       4.209544537662e-11 
 1691       4.185544887114e-11 
 1692       4.161692105997e-11 
 1693       4.137994822976e-11 
 1694       4.114461705107e-11 
 1695       4.091101457892e-11 
 1696       4.067922825334e-11 
 1697       4.044933691792e-11 
 1698       4.022138378973e-11 
 1699       3.999540325747e-11 
 1700       3.977142984245e-11 
 1701       3.954949819883e-11 
 1702       3.932964311377e-11 
 1703       3.911189950760e-11 
 1704       3.889630243401e-11 
 1705       3.868288708023e-11 
 1706       3.847168876721e-11 
 1707       3.826274294981e-11 
 1708       3.805608521693e-11 
 1709       3.785175129178e-11 
 1710       3.764977703195e-11 
 1711       3.745019842969e-11 
 1712       3.725305161203e-11 
 1713       3.705837284095e-11 
 1714       3.686619851362e-11 
 1715       3.667656516252e-11 
 1716       3.648950945565e-11 
 1717       3.630506819670e-11 
 1718       3.612327832524e-11 
 1719       3.594417691686e-11 
 1720       3.576780118341e-11 
 1721       3.559418847315e-11 
 1722       3.542337627090e-11 
 1723       3.525540219828e-11 
 1724       3.509030401383e-11 
 1725       3.492811961324e-11 
 1726       3.476888702948e-11 
 1727       3.461264443303e-11 
 1728       3.445943013202e-11 
 1729       3.430928257243e-11 
 1730       3.416224033826e-11 
 1731       3.401834215171e-11 
 1732       3.387762687337e-11 
 1733       3.374013350238e-11 
 1734       3.360590117663e-11 
 1735       3.347496917294e-11 
 1736       3.334736698944e-11 
 1737       3.322308450110e-11 
 1738       3.310210155306e-11 
 1739       3.298439785527e-11 
 1740       3.286995298238e-11 
 1741       3.275874637343e-11 
 1742       3.265075733171e-11 
 1743       3.254596502447e-11 
 1744       3.244434848278e-11 
 1745       3.234588660127e-11 
 1746       3.225055813790e-11 
 1747       3.215834171381e-11 
 1748       3.206921581303e-11 
 1749       3.198315878231e-11 
 1750       3.190014883090e-11 
 1751       3.182016403032e-11 
 1752       3.174318231414e-11 
 1753       3.166918147780e-11 
 1754       3.159813917837e-11 
 1755       3.153003293431e-11 
 1756       3.146484012530e-11 
 1757       3.140253799202e-11 
 1758       3.134310363588e-11 
 1759       3.128651401890e-11 
 1760       3.123274596338e-11 
 1761       3.118177615180e-11 
 1762       3.113358112650e-11 
 1763       3.108813728955e-11 
 1764       3.104542090248e-11 
 1765       3.100540808609e-11 
 1766       3.096807482023e-11 
 1767       3.093339694358e-11 
 1768       3.090135015342e-11 
 1769       3.087191000547e-11 
 1770       3.084505191360e-11 
 1771       3.082075114967e-11 
 1772       3.079898284330e-11 
 1773       3.077972198163e-11 
 1774       3.076294340914e-11 
 1775       3.074861748820e-11 
 1776       3.073669704198e-11 
 1777       3.072713030349e-11 
 1778       3.071986524460e-11 
 1779       3.071484957572e-11 
 1780       3.071203074537e-11 
 1781       3.071135593983e-11 
 1782       3.071277208272e-11 
 1783       3.071622583470e-11 
 1784       3.072166359298e-11 
 1785       3.072903149104e-11 
 1786       3.073827539818e-11 
 1787       3.074934091919e-11 
 1788       3.076217339391e-11 
 1789       3.077671789693e-11 
 1790       3.079291923713e-11 
 1791       3.081072195734e-11 
 1792       3.083007033396e-11 
 1793       3.085090837658e-11 
 1794       3.087317982757e-11 
 1795       3.089682816175e-11 
 1796       3.092179658595e-11 
 1797       3.094802803869e-11 
 1798       3.097546518976e-11 
 1799       3.100405043984e-11 
 1800       3.103372592015e-11 
 1801       3.106443349202e-11 
 1802       3.109611474657e-11 
 1803       3.112871100428e-11 
 1804       3.116216331463e-11 
 1805       3.119641245572e-11 
 1806       3.123139893388e-11 
 1807       3.126706298331e-11 
 1808       3.130334456567e-11 
 1809       3.134018336972e-11 
 1810       3.137751881095e-11 
 1811       3.141529003116e-11 
 1812       3.145343589811e-11 
 1813       3.149189500515e-11 
 1814       3.153060861524e-11 
 1815       3.156952951983e-11 
 1816       3.160861325072e-11 
 1817       3.164781514181e-11 
 1818       3.168709032885e-11 
 1819       3.172639374915e-11 
 1820       3.176568014131e-11 
 1821       3.180490404497e-11 
 1822       3.184401980050e-11 
 1823       3.188298154874e-11 
 1824       3.192174323075e-11 
 1825       3.196025858751e-11 
 1826       3.199848115966e-11 
 1827       3.203636428720e-11 
 1828       3.207386110927e-11 
 1829       3.211092456383e-11 
 1830       3.214750738740e-11 
 1831       3.218356211479e-11 
 1832       3.221904107884e-11 
 1833       3.225389641011e-11 
 1834       3.228808003664e-11 
 1835       3.232154368368e-11 
 1836       3.235423887339e-11 
 1837       3.238611692458e-11 
 1838       3.241712895243e-11 
 1839       3.244722586825e-11 
 1840       3.247635837915e-11 
 1841       3.250447698782e-11 
 1842       3.253153199222e-11 
 1843       3.255747348534e-11 
 1844       3.258225135487e-11 
 1845       3.260581528302e-11 
 1846       3.262811474614e-11 
 1847       3.264909901453e-11 
 1848       3.266871715213e-11 
 1849       3.268691801624e-11 
 1850       3.270365025727e-11 
 1851       3.271886231845e-11 
 1852       3.273250243557e-11 
 1853       3.274452561395e-11 
 1854       3.275491462017e-11 
 1855       3.276365915557e-11 
 1856       3.277074889406e-11 
 1857       3.277617348202e-11 
 1858       3.277992253835e-11 
 1859       3.278198565437e-11 
 1860       3.278235239384e-11 
 1861       3.278101229290e-11 
 1862       3.277795486007e-11 
 1863       3.277316957619e-11 
 1864       3.276664589441e-11 
 1865       3.275837324014e-11 
 1866       3.274834101106e-11 
 1867       3.273653857704e-11 
 1868       3.272295528016e-11 
 1869       3.270758043464e-11 
 1870       3.269040332683e-11 
 1871       3.267141321518e-11 
 1872       3.265059933021e-11 
 1873       3.262795087448e-11 
 1874       3.260345702255e-11 
 1875       3.257710692097e-11 
 1876       3.254888968824e-11 
 1877       3.251879441477e-11 
 1878       3.248681016288e-11 
 1879       3.245292596673e-11 
 1880       3.241713083233e-11 
 1881       3.237941373750e-11 
 1882       3.233976363180e-11 
 1883       3.229816943656e-11 
 1884       3.225462004483e-11 
 1885       3.220910432133e-11 
 1886       3.216161110244e-11 
 1887       3.211212919617e-11 
 1888       3.206064738213e-11 
 1889       3.200715441148e-11 
 1890       3.195163900694e-11 
 1891       3.189408986274e-11 
 1892       3.183450150469e-11 
 1893       3.177289192018e-11 
 1894       3.170928506452e-11 
 1895       3.164370501334e-11 
 1896       3.157617596280e-11 
 1897       3.150672222970e-11 
 1898       3.143536825171e-11 
 1899       3.136213858747e-11 
 1900       3.128705791683e-11 
 1901       3.121015104095e-11 
 1902       3.113144288251e-11 
 1903       3.105095848585e-11 
 1904       3.096872301716e-11 
 1905       3.088476176464e-11 
 1906       3.079910013864e-11 
 1907       3.071176367187e-11 
 1908       3.062277801955e-11 
 1909       3.053216895956e-11 
 1910       3.043996239262e-11 
 1911       3.034618434248e-11 
 1912       3.025086095603e-11 
 1913       3.015401850353e-11 
 1914       3.005568337873e-11 
 1915       2.995588209907e-11 
 1916       2.985464130582e-11 
 1917       2.975198776426e-11 
 1918       2.964794836385e-11 
 1919       2.954255011840e-11 
 1920       2.943582016621e-11 
 1921       2.932778577026e-11 
 1922       2.921847431840e-11 
 1923       2.910791332345e-11 
 1924       2.899613042344e-11 
 1925       2.888315338172e-11 
 1926       2.876901008717e-11 
 1927       2.865372855434e-11 
 1928       2.853733692362e-11 
 1929       2.841986346141e-11 
 1930       2.830133656031e-11 
 1931       2.818178600883e-11 
 1932       2.806124681100e-11 
 1933       2.793975539604e-11 
 1934       2.781734835165e-11 
 1935       2.769406242421e-11 
 1936       2.756993451895e-11 
 1937       2.744500170022e-11 
 1938       2.731930119164e-11 
 1939       2.719287037633e-11 
 1940       2.706574679714e-11 
 1941       2.693796815681e-11 
 1942       2.680957231822e-11 
 1943       2.668059730459e-11 
 1944       2.655108129965e-11 
 1945       2.642106264791e-11 
 1946       2.629057985482e-11 
 1947       2.615967158699e-11 
 1948       2.602837667240e-11 
 1949       2.589673410062e-11 
 1950       2.576478302300e-11 
 1951       2.563256275287e-11 
 1952       2.550011276579e-11 
 1953       2.536747269971e-11 
 1954       2.523468235519e-11 
 1955       2.510178169564e-11 
 1956       2.496881084747e-11 
 1957       2.483581010037e-11 
 1958       2.470281990743e-11 
 1959       2.456988088544e-11 
 1960       2.443703381503e-11 
 1961       2.430431964090e-11 
 1962       2.417177947203e-11 
 1963       2.403945458191e-11 
 1964       2.390738640868e-11 
 1965       2.377561655543e-11 
 1966       2.364418679032e-11 
 1967       2.351313904686e-11 
 1968       2.338251542405e-11 
 1969       2.325235818665e-11 
 1970       2.312270658467e-11 
 1971       2.299358728571e-11 
 1972       2.286502387195e-11 
 1973       2.273704001452e-11 
 1974       2.260965947356e-11 
 1975       2.248290609836e-11 
 1976       2.235680382749e-11 
 1977       2.223137668886e-11 
 1978       2.210664879987e-11 
 1979       2.198264436748e-11 
 1980       2.185938768837e-11 
 1981       2.173690314901e-11 
 1982       2.161521522578e-11 
 1983       2.149434848510e-11 
 1984       2.137432758350e-11 
 1985       2.125517726775e-11 
 1986       2.113692237498e-11 
 1987       2.101958783278e-11 
 1988       2.090319865930e-11 
 1989       2.078777996339e-11 
 1990       2.067335694465e-11 
 1991       2.055995489360e-11 
 1992       2.044759919178e-11 
 1993       2.033631531181e-11 
 1994       2.022612881758e-11 
 1995       2.011706536426e-11 
 1996       2.000915069852e-11 
 1997       1.990241065854e-11 
 1998       1.979687117419e-11 
 1999       1.969255826709e-11 
 2000       1.958949805078e-11 
 2001       1.948771673074e-11 
 2002       1.938724060460e-11 
 2003       1.928809606215e-11 
 2004       1.919030958555e-11 
 2005       1.909390774935e-11 
 2006       1.899891722067e-11 
 2007       1.890536475924e-11 
 2008       1.881327721758e-11 
 2009       1.872267677703e-11 
 2010       1.863356661779e-11 
 2011       1.854594514471e-11 
 2012       1.845981074181e-11 
 2013       1.837516177224e-11 
 2014       1.829199657828e-11 
 2015       1.821031348127e-11 
 2016       1.813011078160e-11 
 2017       1.805138675865e-11 
 2018       1.797413967082e-11 
 2019       1.789836775541e-11 
 2020       1.782406922868e-11 
 2021       1.775124228575e-11 
 2022       1.767988510057e-11 
 2023       1.760999582595e-11 
 2024       1.754157259346e-11 
 2025       1.747461351343e-11 
 2026       1.740911667491e-11 
 2027       1.734508014565e-11 
 2028       1.728250197205e-11 
 2029       1.722138017912e-11 
 2030       1.716171277049e-11 
 2031       1.710349772834e-11 
 2032       1.704673301338e-11 
 2033       1.699141656481e-11 
 2034       1.693754630031e-11 
 2035       1.688512011597e-11 
 2036       1.683413588630e-11 
 2037       1.678459146418e-11 
 2038       1.673648468080e-11 
 2039       1.668981334569e-11 
 2040       1.664457524663e-11 
 2041       1.660076814963e-11 
 2042       1.655838979894e-11 
 2043       1.651743791696e-11 
 2044       1.647791020424e-11 
 2045       1.643980433945e-11 
 2046       1.640311797931e-11 
 2047       1.636784875862e-11 
 2048       1.633399124895e-11 
 2049       1.630152781113e-11 
 2050       1.627043767735e-11 
 2051       1.624069998628e-11 
 2052       1.621229378303e-11 
 2053       1.618519801897e-11 
 2054       1.615939155162e-11 
 2055       1.613485314457e-11 
 2056       1.611156146729e-11 
 2057       1.608949509510e-11 
 2058       1.606863250897e-11 
 2059       1.604895209544e-11 
 2060       1.603043214651e-11 
 2061       1.601305085949e-11 
 2062       1.599678633692e-11 
 2063       1.598161658639e-11 
 2064       1.596751952050e-11 
 2065       1.595447295667e-11 
 2066       1.594245461708e-11 
 2067       1.593144212848e-11 
 2068       1.592141302216e-11 
 2069       1.591234473374e-11 
 2070       1.590421460313e-11 
 2071       1.589699987436e-11 
 2072       1.589067769546e-11 
 2073       1.588522511839e-11 
 2074       1.588061909887e-11 
 2075       1.587683649628e-11 
 2076       1.587385407353e-11 
 2077       1.587164849697e-11 
 2078       1.587019633623e-11 
 2079       1.586947406415e-11 
 2080       1.586945805661e-11 
 2081       1.587012459245e-11 
 2082       1.587144985331e-11 
 2083       1.587340992356e-11 
 2084       1.587598079016e-11 
 2085       1.587913834251e-11 
 2086       1.588285837239e-11 
 2087       1.588711679500e-11 
 2088       1.589189031421e-11 
 2089       1.589715576176e-11 
 2090       1.590288987636e-11 
 2091       1.590906930357e-11 
 2092       1.591567059569e-11 
 2093       1.592267021166e-11 
 2094       1.593004451694e-11 
 2095       1.593776978337e-11 
 2096       1.594582218910e-11 
 2097       1.595417781845e-11 
 2098       1.596281266181e-11 
 2099       1.597170261552e-11 
 2100       1.598082348175e-11 
 2101       1.599015096840e-11 
 2102       1.599966068899e-11 
 2103       1.600932816252e-11 
 2104       1.601912881341e-11 
 2105       1.602903797131e-11 
 2106       1.603903087106e-11 
 2107       1.604908265254e-11 
 2108       1.605916836057e-11 
 2109       1.606926294477e-11 
 2110       1.607934125948e-11 
 2111       1.608937806365e-11 
 2112       1.609934802069e-11 
 2113       1.610922569839e-11 
 2114       1.611898556880e-11 
 2115       1.612860200809e-11 
 2116       1.613804929650e-11 
 2117       1.614730161814e-11 
 2118       1.615633306096e-11 
 2119       1.616511761658e-11 
 2120       1.617362918021e-11 
 2121       1.618184155053e-11 
 2122       1.618972842954e-11 
 2123       1.619726342252e-11 
 2124       1.620442003785e-11 
 2125       1.621117168693e-11 
 2126       1.621749437932e-11 
 2127       1.622337482869e-11 
 2128       1.622880240245e-11 
 2129       1.623376643155e-11 
 2130       1.623825621038e-11 
 2131       1.624226099678e-11 
 2132       1.624577001198e-11 
 2133       1.624877244054e-11 
 2134       1.625125743033e-11 
 2135       1.625321409251e-11 
 2136       1.625463150143e-11 
 2137       1.625549869464e-11 
 2138       1.625580467283e-11 
 2139       1.625553839976e-11 
 2140       1.625468880230e-11 
 2141       1.625324477028e-11 
 2142       1.625119515654e-11 
 2143       1.624852877683e-11 
 2144       1.624523440982e-11 
 2145       1.624130079699e-11 
 2146       1.623671664267e-11 
 2147       1.623147061392e-11 
 2148       1.622555134054e-11 
 2149       1.621894741502e-11 
 2150       1.621164739247e-11 
 2151       1.620363979064e-11 
 2152       1.619491308979e-11 
 2153       1.618545573274e-11 
 2154       1.617525612475e-11 
 2155       1.616430263355e-11 
 2156       1.615258358922e-11 
 2157       1.614008728424e-11 
 2158       1.612680197335e-11 
 2159       1.611271587361e-11 
 2160       1.609781716426e-11 
 2161       1.608209398676e-11 
 2162       1.606553444468e-11 
 2163       1.604812660373e-11 
 2164       1.602985849166e-11 
 2165       1.601072108158e-11 
 2166       1.599071726399e-11 
 2167       1.596985293533e-11 
 2168       1.594813402019e-11 
 2169       1.592556647134e-11 
 2170       1.590215626977e-11 
 2171       1.587790942470e-11 
 2172       1.585283197366e-11 
 2173       1.582692998247e-11 
 2174       1.580020954534e-11 
 2175       1.577267678483e-11 
 2176       1.574433785196e-11 
 2177       1.571519892618e-11 
 2178       1.568526621546e-11 
 2179       1.565454595627e-11 
 2180       1.562304441366e-11 
 2181       1.559076788127e-11 
 2182       1.555772268139e-11 
 2183       1.552391516497e-11 
 2184       1.548935171164e-11 
 2185       1.545403872979e-11 
 2186       1.541798265659e-11 
 2187       1.538118995800e-11 
 2188       1.534366712882e-11 
 2189       1.530542069274e-11 
 2190       1.526645720235e-11 
 2191       1.522678323920e-11 
 2192       1.518640541380e-11 
 2193       1.514533036571e-11 
 2194       1.510356476350e-11 
 2195       1.506111530486e-11 
 2196       1.501798871658e-11 
 2197       1.497419175462e-11 
 2198       1.492973120411e-11 
 2199       1.488461387943e-11 
 2200       1.483884662421e-11 
 2201       1.479243631136e-11 
 2202       1.474538984314e-11 
 2203       1.469771415117e-11 
 2204       1.464941754987e-11 
 2205       1.460051380649e-11 
 2206       1.455101809822e-11 
 2207       1.450094566124e-11 
 2208       1.445031179084e-11 
 2209       1.439913184147e-11 
 2210       1.434742122683e-11 
 2211       1.429519541987e-11 
 2212       1.424246995297e-11 
 2213       1.418926041789e-11 
 2214       1.413558246593e-11 
 2215       1.408145180794e-11 
 2216       1.402688421443e-11 
 2217       1.397189551559e-11 
 2218       1.391650160143e-11 
 2219       1.386071842176e-11 
 2220       1.380456198633e-11 
 2221       1.374804836487e-11 
 2222       1.369119368714e-11 
 2223       1.363401414304e-11 
 2224       1.357652598265e-11 
 2225       1.351874551631e-11 
 2226       1.346068911467e-11 
 2227       1.340237320877e-11 
 2228       1.334381429013e-11 
 2229       1.328502891077e-11 
 2230       1.322603368334e-11 
 2231       1.316684528111e-11 
 2232       1.310748043813e-11 
 2233       1.304795594922e-11 
 2234       1.298828867007e-11 
 2235       1.292849551733e-11 
 2236       1.286859346862e-11 
 2237       1.280859956266e-11 
 2238       1.274853089931e-11 
 2239       1.268840463964e-11 
 2240       1.262823800598e-11 
 2241       1.256804828204e-11 
 2242       1.250785281291e-11 
 2243       1.244766824099e-11 
 2244       1.238750820805e-11 
 2245       1.232738563826e-11 
 2246       1.226731350112e-11 
 2247       1.220730481149e-11 
 2248       1.214737262962e-11 
 2249       1.208753006125e-11 
 2250       1.202779025759e-11 
 2251       1.196816641545e-11 
 2252       1.190867177723e-11 
 2253       1.184931963097e-11 
 2254       1.179012331046e-11 
 2255       1.173109619523e-11 
 2256       1.167225171060e-11 
 2257       1.161360332777e-11 
 2258       1.155516456387e-11 
 2259       1.149694898194e-11 
 2260       1.143897019108e-11 
 2261       1.138124184641e-11 
 2262       1.132377764918e-11 
 2263       1.126659134680e-11 
 2264       1.120969673288e-11 
 2265       1.115310764730e-11 
 2266       1.109683797625e-11 
 2267       1.104090165227e-11 
 2268       1.098531265432e-11 
 2269       1.093008500781e-11 
 2270       1.087523278467e-11 
 2271       1.082077010339e-11 
 2272       1.076671112906e-11 
 2273       1.071307007345e-11 
 2274       1.065986119501e-11 
 2275       1.060709879897e-11 
 2276       1.055479723738e-11 
 2277       1.050297090913e-11 
 2278       1.045163426003e-11 
 2279       1.040080178285e-11 
 2280       1.035048801738e-11 
 2281       1.030070755044e-11 
 2282       1.025147305869e-11 
 2283       1.020278942303e-11 
 2284       1.015465957650e-11 
 2285       1.010708645817e-11 
 2286       1.006007301315e-11 
 2287       1.001362219257e-11 
 2288       9.967736953620e-12 
 2289       9.922420259531e-12 
 2290       9.877675079585e-12 
 2291       9.833504389123e-12 
 2292       9.789911169549e-12 
 2293       9.746898408331e-12 
 2294       9.704469099013e-12 
 2295       9.662626241213e-12 
 2296       9.621372840633e-12 
 2297       9.580711909060e-12 
 2298       9.540646464376e-12 
 2299       9.501179530557e-12 
 2300       9.462314137683e-12 
 2301       9.424053321939e-12 
 2302       9.386400125624e-12 
 2303       9.349357597151e-12 
 2304       9.312928791058e-12 
 2305       9.277116768008e-12 
 2306       9.241924594794e-12 
 2307       9.207355344349e-12 
 2308       9.173412095745e-12 
 2309       9.140097934202e-12 
 2310       9.107415951091e-12 
 2311       9.075369243940e-12 
 2312       9.043960916436e-12 
 2313       9.013194078436e-12 
 2314       8.983071845967e-12 
 2315       8.953597341230e-12 
 2316       8.924773692610e-12 
 2317       8.896604034679e-12 
 2318       8.869091508196e-12 
 2319       8.842239260121e-12 
 2320       8.816050443612e-12 
 2321       8.790526531298e-12 
 2322       8.765662243447e-12 
 2323       8.741450587815e-12 
 2324       8.717884543443e-12 
 2325       8.694957060624e-12 
 2326       8.672661060872e-12 
 2327       8.650989436888e-12 
 2328       8.629935052530e-12 
 2329       8.609490742776e-12 
 2330       8.589649313695e-12 
 2331       8.570403542413e-12 
 2332       8.551746177081e-12 
 2333       8.533669936842e-12 
 2334       8.516167511798e-12 
 2335       8.499231562977e-12 
 2336       8.482854722305e-12 
 2337       8.467029592564e-12 
 2338       8.451748747370e-12 
 2339       8.437004731134e-12 
 2340       8.422790059029e-12 
 2341       8.409097216962e-12 
 2342       8.395918661536e-12 
 2343       8.383246820023e-12 
 2344       8.371074090327e-12 
 2345       8.359392840952e-12 
 2346       8.348195410971e-12 
 2347       8.337474109995e-12 
 2348       8.327221218134e-12 
 2349       8.317428985971e-12 
 2350       8.308089634527e-12 
 2351       8.299195355227e-12 
 2352       8.290738309871e-12 
 2353       8.282710630596e-12 
 2354       8.275104419849e-12 
 2355       8.267911750351e-12 
 2356       8.261124665065e-12 
 2357       8.254735177165e-12 
 2358       8.248735270001e-12 
 2359       8.243116897067e-12 
 2360       8.237871597113e-12 
 2361       8.232989336924e-12 
 2362       8.228459661296e-12 
 2363       8.224272077198e-12 
 2364       8.220416053736e-12 
 2365       8.216881022108e-12 
 2366       8.213656375562e-12 
 2367       8.210731469360e-12 
 2368       8.208095620734e-12 
 2369       8.205738108845e-12 
 2370       8.203648174744e-12 
 2371       8.201815021327e-12 
 2372       8.200227813301e-12 
 2373       8.198875677136e-12 
 2374       8.197747701029e-12 
 2375       8.196832934859e-12 
 2376       8.196120390151e-12 
 2377       8.195599040032e-12 
 2378       8.195257819189e-12 
 2379       8.195085623831e-12 
 2380       8.195071311647e-12 
 2381       8.195203701765e-12 
 2382       8.195471574711e-12 
 2383       8.195863672367e-12 
 2384       8.196368697934e-12 
 2385       8.196975315887e-12 
 2386       8.197672151934e-12 
 2387       8.198447792979e-12 
 2388       8.199290787078e-12 
 2389       8.200189643399e-12 
 2390       8.201132832181e-12 
 2391       8.202108784693e-12 
 2392       8.203105893194e-12 
 2393       8.204112510889e-12 
 2394       8.205116951894e-12 
 2395       8.206107491190e-12 
 2396       8.207072364582e-12 
 2397       8.207999768663e-12 
 2398       8.208877860767e-12 
 2399       8.209695562281e-12 
 2400       8.210444973999e-12 
 2401       8.211118975427e-12 
 2402       8.211710422746e-12 
 2403       8.212212148793e-12 
 2404       8.212616963033e-12 
 2405       8.212917651536e-12 
 2406       8.213106976953e-12 
 2407       8.213177678493e-12 
 2408       8.213122471895e-12 
 2409       8.212934049409e-12 
 2410       8.212605079768e-12 
 2411       8.212128208166e-12 
 2412       8.211496056232e-12 
 2413       8.210701222009e-12 
 2414       8.209736279926e-12 
 2415       8.208593780776e-12 
 2416       8.207266251692e-12 
 2417       8.205746196121e-12 
 2418       8.204026093803e-12 
 2419       8.202098400745e-12 
 2420       8.199955549195e-12 
 2421       8.197589947622e-12 
 2422       8.194993980688e-12 
 2423       8.192160009227e-12 
 2424       8.189080370219e-12 
 2425       8.185747376766e-12 
 2426       8.182153318066e-12 
 2427       8.178290459396e-12 
 2428       8.174151042078e-12 
 2429       8.169727283461e-12 
 2430       8.165011376897e-12 
 2431       8.159995491715e-12 
 2432       8.154671773195e-12 
 2433       8.149032342549e-12 
 2434       8.143069296893e-12 
 2435       8.136774709222e-12 
 2436       8.130140628391e-12 
 2437       8.123159079085e-12 
 2438       8.115823623169e-12 
 2439       8.108134054026e-12 
 2440       8.100091730364e-12 
 2441       8.091698017411e-12 
 2442       8.082954286922e-12 
 2443       8.073861917190e-12 
 2444       8.064422293050e-12 
 2445       8.054636805885e-12 
 2446       8.044506853640e-12 
 2447       8.034033840821e-12 
 2448       8.023219178509e-12 
 2449       8.012064284362e-12 
 2450       8.000570582629e-12 
 2451       7.988739504149e-12 
 2452       7.976572486367e-12 
 2453       7.964070973334e-12 
 2454       7.951236415719e-12 
 2455       7.938070270816e-12 
 2456       7.924574002547e-12 
 2457       7.910749081477e-12 
 2458       7.896596984813e-12 
 2459       7.882119196419e-12 
 2460       7.867317206816e-12 
 2461       7.852192513197e-12 
 2462       7.836746619427e-12 
 2463       7.820981036057e-12 
 2464       7.804897280326e-12 
 2465       7.788496876172e-12 
 2466       7.771781354237e-12 
 2467       7.754752251876e-12 
 2468       7.737411113163e-12 
 2469       7.719759488901e-12 
 2470       7.701798936624e-12 
 2471       7.683531020611e-12 
 2472       7.664957311889e-12 
 2473       7.646079388242e-12 
 2474       7.626898834217e-12 
 2475       7.607417241132e-12 
 2476       7.587636207087e-12 
 2477       7.567556725937e-12 
 2478       7.547177350285e-12 
 2479       7.526496017647e-12 
 2480       7.505510660489e-12 
 2481       7.484219206226e-12 
 2482       7.462619577212e-12 
 2483       7.440709690740e-12 
 2484       7.418487459035e-12 
 2485       7.395950789248e-12 
 2486       7.373097583457e-12 
 2487       7.349925738655e-12 
 2488       7.326433146751e-12 
 2489       7.302617694563e-12 
 2490       7.278477263816e-12 
 2491       7.254009731132e-12 
 2492       7.229212968032e-12 
 2493       7.204084840926e-12 
 2494       7.178623211111e-12 
 2495       7.152825934768e-12 
 2496       7.126690862954e-12 
 2497       7.100215841600e-12 
 2498       7.073398711502e-12 
 2499       7.046237308325e-12 
 2500       7.018729462589e-12 
