# dimensionless total [l(l+1)/2pi] C_l's
# for l=2 to 2500, i.e. number of multipoles equal to 2499
#
# -> if you prefer output in CAMB/HealPix/LensPix units/order, set 'format' to 'camb' in input file
# -> if you don't want to see such a header, set 'headers' to 'no' in input file
#
# 1:l     2:TT                 
    2       2.413774276666e-10 
    3       2.087408356602e-10 
    4       1.846877126263e-10 
    5       1.676911190825e-10 
    6       1.556897109756e-10 
    7       1.471243566421e-10 
    8       1.410744293494e-10 
    9       1.367913173606e-10 
   10       1.338356694438e-10 
   11       1.318506594806e-10 
   12       1.305416547438e-10 
   13       1.298246109655e-10 
   14       1.295780020228e-10 
   15       1.297100859905e-10 
   16       1.301533145528e-10 
   17       1.308235738931e-10 
   18       1.316925342692e-10 
   19       1.327752271557e-10 
   20       1.340182296697e-10 
   21       1.354062851186e-10 
   22       1.368985189887e-10 
   23       1.385047670750e-10 
   24       1.402208210764e-10 
   25       1.420295440046e-10 
   26       1.438944581201e-10 
   27       1.458249844193e-10 
   28       1.478267181158e-10 
   29       1.498880961748e-10 
   30       1.520118843097e-10 
   31       1.541917379788e-10 
   32       1.564109946186e-10 
   33       1.586748267092e-10 
   34       1.609872787203e-10 
   35       1.633457556414e-10 
   36       1.657553492418e-10 
   37       1.682177352413e-10 
   38       1.707262390301e-10 
   39       1.732697817130e-10 
   40       1.758485087683e-10 
   41       1.784619956334e-10 
   42       1.811043510042e-10 
   43       1.837680854550e-10 
   44       1.864584096045e-10 
   45       1.891825041614e-10 
   46       1.919452689305e-10 
   47       1.947490735298e-10 
   48       1.975944992652e-10 
   49       2.004833937131e-10 
   50       2.034162488901e-10 
   51       2.063910914473e-10 
   52       2.094032839567e-10 
   53       2.124476343457e-10 
   54       2.155258184326e-10 
   55       2.186405197126e-10 
   56       2.217931886331e-10 
   57       2.249839406566e-10 
   58       2.282114543247e-10 
   59       2.314740760767e-10 
   60       2.347736658356e-10 
   61       2.381124659105e-10 
   62       2.414919129804e-10 
   63       2.449125770642e-10 
   64       2.483741004919e-10 
   65       2.518757968821e-10 
   66       2.554187326006e-10 
   67       2.590039783253e-10 
   68       2.626319461636e-10 
   69       2.663023470844e-10 
   70       2.700141483505e-10 
   71       2.737655309509e-10 
   72       2.775546924782e-10 
   73       2.813825287749e-10 
   74       2.852503924989e-10 
   75       2.891592704168e-10 
   76       2.931097601386e-10 
   77       2.971020468521e-10 
   78       3.011358800578e-10 
   79       3.052105503030e-10 
   80       3.093252637423e-10 
   81       3.134803919119e-10 
   82       3.176763975432e-10 
   83       3.219134403624e-10 
   84       3.261913611920e-10 
   85       3.305096660528e-10 
   86       3.348675102655e-10 
   87       3.392636825526e-10 
   88       3.436965891399e-10 
   89       3.481646814608e-10 
   90       3.526678508130e-10 
   91       3.572062242047e-10 
   92       3.617797311045e-10 
   93       3.663880941895e-10 
   94       3.710308200919e-10 
   95       3.757071901474e-10 
   96       3.804162511420e-10 
   97       3.851568060597e-10 
   98       3.899274048301e-10 
   99       3.947266072533e-10 
  100       3.995538342690e-10 
  101       4.044086206344e-10 
  102       4.092903476264e-10 
  103       4.141982370871e-10 
  104       4.191313454713e-10 
  105       4.240885578924e-10 
  106       4.290685821696e-10 
  107       4.340699428739e-10 
  108       4.390909753753e-10 
  109       4.441298198889e-10 
  110       4.491846632662e-10 
  111       4.542545123095e-10 
  112       4.593385087439e-10 
  113       4.644356868416e-10 
  114       4.695449699034e-10 
  115       4.746651667398e-10 
  116       4.797949681529e-10 
  117       4.849329434175e-10 
  118       4.900775367628e-10 
  119       4.952270638534e-10 
  120       5.003797082713e-10 
  121       5.055335179970e-10 
  122       5.106864018908e-10 
  123       5.158363232606e-10 
  124       5.209819132376e-10 
  125       5.261219215631e-10 
  126       5.312550238668e-10 
  127       5.363798196985e-10 
  128       5.414948305604e-10 
  129       5.465984979390e-10 
  130       5.516891813375e-10 
  131       5.567651563072e-10 
  132       5.618246124805e-10 
  133       5.668656516022e-10 
  134       5.718862855618e-10 
  135       5.768844344259e-10 
  136       5.818579244697e-10 
  137       5.868046494680e-10 
  138       5.917230775693e-10 
  139       5.966117933852e-10 
  140       6.014693385154e-10 
  141       6.062942106159e-10 
  142       6.110848624671e-10 
  143       6.158397010423e-10 
  144       6.205570865762e-10 
  145       6.252353316328e-10 
  146       6.298727001738e-10 
  147       6.344674066272e-10 
  148       6.390176149552e-10 
  149       6.435214377229e-10 
  150       6.479769351662e-10 
  151       6.523821142604e-10 
  152       6.567349277885e-10 
  153       6.610334078518e-10 
  154       6.652760823251e-10 
  155       6.694615955096e-10 
  156       6.735885769240e-10 
  157       6.776556410574e-10 
  158       6.816613871223e-10 
  159       6.856043988078e-10 
  160       6.894832440326e-10 
  161       6.932964746978e-10 
  162       6.970426264400e-10 
  163       7.007202183844e-10 
  164       7.043277528978e-10 
  165       7.078637153416e-10 
  166       7.113265738245e-10 
  167       7.147147789563e-10 
  168       7.180267635999e-10 
  169       7.212609426252e-10 
  170       7.244157126614e-10 
  171       7.274895569857e-10 
  172       7.304813705170e-10 
  173       7.333901615736e-10 
  174       7.362149493573e-10 
  175       7.389547641354e-10 
  176       7.416086474234e-10 
  177       7.441756521659e-10 
  178       7.466548429194e-10 
  179       7.490452960338e-10 
  180       7.513460998348e-10 
  181       7.535563548052e-10 
  182       7.556751737675e-10 
  183       7.577016820654e-10 
  184       7.596350177461e-10 
  185       7.614743317420e-10 
  186       7.632187880529e-10 
  187       7.648675639277e-10 
  188       7.664198500465e-10 
  189       7.678748507028e-10 
  190       7.692317839847e-10 
  191       7.704899426368e-10 
  192       7.716488813608e-10 
  193       7.727082439462e-10 
  194       7.736677042324e-10 
  195       7.745269664896e-10 
  196       7.752857657988e-10 
  197       7.759438684328e-10 
  198       7.765010722366e-10 
  199       7.769572070077e-10 
  200       7.773121348767e-10 
  201       7.775657506882e-10 
  202       7.777179823806e-10 
  203       7.777687913672e-10 
  204       7.777181729166e-10 
  205       7.775661565330e-10 
  206       7.773128063369e-10 
  207       7.769582214457e-10 
  208       7.765025363537e-10 
  209       7.759459213136e-10 
  210       7.752885827159e-10 
  211       7.745307634702e-10 
  212       7.736727433853e-10 
  213       7.727148471306e-10 
  214       7.716574679267e-10 
  215       7.705010461908e-10 
  216       7.692460624974e-10 
  217       7.678930379794e-10 
  218       7.664425347281e-10 
  219       7.648951561939e-10 
  220       7.632515475867e-10 
  221       7.615123962763e-10 
  222       7.596784321932e-10 
  223       7.577504282285e-10 
  224       7.557292006350e-10 
  225       7.536156094273e-10 
  226       7.514105587822e-10 
  227       7.491149974396e-10 
  228       7.467299191024e-10 
  229       7.442563628375e-10 
  230       7.416954134759e-10 
  231       7.390482020134e-10 
  232       7.363159060110e-10 
  233       7.334997499952e-10 
  234       7.306010058588e-10 
  235       7.276209932611e-10 
  236       7.245610800287e-10 
  237       7.214226825553e-10 
  238       7.182072032719e-10 
  239       7.149158380219e-10 
  240       7.115497577924e-10 
  241       7.081101708622e-10 
  242       7.045983230692e-10 
  243       7.010154980784e-10 
  244       6.973630176494e-10 
  245       6.936422419042e-10 
  246       6.898545695949e-10 
  247       6.860014383715e-10 
  248       6.820843250495e-10 
  249       6.781047458777e-10 
  250       6.740642568055e-10 
  251       6.699644537516e-10 
  252       6.658069728704e-10 
  253       6.615934908209e-10 
  254       6.573257250336e-10 
  255       6.530054339786e-10 
  256       6.486344174332e-10 
  257       6.442145167497e-10 
  258       6.397476151229e-10 
  259       6.352356378581e-10 
  260       6.306805526386e-10 
  261       6.260843697934e-10 
  262       6.214491425650e-10 
  263       6.167769673772e-10 
  264       6.120699841027e-10 
  265       6.073303763306e-10 
  266       6.025602441533e-10 
  267       5.977612143218e-10 
  268       5.929348094417e-10 
  269       5.880825736002e-10 
  270       5.832060724187e-10 
  271       5.783068931049e-10 
  272       5.733866445053e-10 
  273       5.684469571572e-10 
  274       5.634894833417e-10 
  275       5.585158971350e-10 
  276       5.535278944617e-10 
  277       5.485271931465e-10 
  278       5.435155329668e-10 
  279       5.384946757049e-10 
  280       5.334664052002e-10 
  281       5.284325274018e-10 
  282       5.233948704207e-10 
  283       5.183552845820e-10 
  284       5.133156424773e-10 
  285       5.082778390171e-10 
  286       5.032437914831e-10 
  287       4.982154395802e-10 
  288       4.931947454892e-10 
  289       4.881836939192e-10 
  290       4.831842921593e-10 
  291       4.781985701317e-10 
  292       4.732285804433e-10 
  293       4.682763984386e-10 
  294       4.633441222517e-10 
  295       4.584338728586e-10 
  296       4.535477941298e-10 
  297       4.486878954993e-10 
  298       4.438555713905e-10 
  299       4.390520584833e-10 
  300       4.342785908267e-10 
  301       4.295363996779e-10 
  302       4.248267133410e-10 
  303       4.201507570065e-10 
  304       4.155097525895e-10 
  305       4.109049185691e-10 
  306       4.063374698272e-10 
  307       4.018086174873e-10 
  308       3.973195687539e-10 
  309       3.928715267507e-10 
  310       3.884656903601e-10 
  311       3.841032540620e-10 
  312       3.797854077726e-10 
  313       3.755133366835e-10 
  314       3.712882211004e-10 
  315       3.671112362823e-10 
  316       3.629835522802e-10 
  317       3.589063337763e-10 
  318       3.548807399227e-10 
  319       3.509079241802e-10 
  320       3.469890341576e-10 
  321       3.431252114505e-10 
  322       3.393175914802e-10 
  323       3.355673033323e-10 
  324       3.318754695965e-10 
  325       3.282432062043e-10 
  326       3.246716222693e-10 
  327       3.211618199249e-10 
  328       3.177148941640e-10 
  329       3.143319326777e-10 
  330       3.110140156942e-10 
  331       3.077622158177e-10 
  332       3.045774920029e-10 
  333       3.014603666984e-10 
  334       2.984112342987e-10 
  335       2.954304654640e-10 
  336       2.925184068433e-10 
  337       2.896753807992e-10 
  338       2.869016851313e-10 
  339       2.841975928004e-10 
  340       2.815633516530e-10 
  341       2.789991841445e-10 
  342       2.765052870639e-10 
  343       2.740818312574e-10 
  344       2.717289613528e-10 
  345       2.694467954830e-10 
  346       2.672354250108e-10 
  347       2.650949142519e-10 
  348       2.630253001999e-10 
  349       2.610265922498e-10 
  350       2.590987719221e-10 
  351       2.572417925867e-10 
  352       2.554555791873e-10 
  353       2.537400279651e-10 
  354       2.520950061829e-10 
  355       2.505203518492e-10 
  356       2.490158734420e-10 
  357       2.475813496332e-10 
  358       2.462165290123e-10 
  359       2.449211298106e-10 
  360       2.436948396249e-10 
  361       2.425373151420e-10 
  362       2.414481818625e-10 
  363       2.404270338248e-10 
  364       2.394734333290e-10 
  365       2.385869106613e-10 
  366       2.377669638175e-10 
  367       2.370130582275e-10 
  368       2.363246264792e-10 
  369       2.357010680422e-10 
  370       2.351417489923e-10 
  371       2.346460395782e-10 
  372       2.342134291076e-10 
  373       2.338434150119e-10 
  374       2.335354651670e-10 
  375       2.332890176500e-10 
  376       2.331034804961e-10 
  377       2.329782314554e-10 
  378       2.329126177503e-10 
  379       2.329059558319e-10 
  380       2.329575311372e-10 
  381       2.330665978459e-10 
  382       2.332323786374e-10 
  383       2.334540644478e-10 
  384       2.337308142267e-10 
  385       2.340617546942e-10 
  386       2.344459800977e-10 
  387       2.348825519691e-10 
  388       2.353704988813e-10 
  389       2.359088162055e-10 
  390       2.364964658682e-10 
  391       2.371323761076e-10 
  392       2.378154412311e-10 
  393       2.385445213718e-10 
  394       2.393184422458e-10 
  395       2.401359949088e-10 
  396       2.409959355132e-10 
  397       2.418969850650e-10 
  398       2.428378291807e-10 
  399       2.438171178443e-10 
  400       2.448334651641e-10 
  401       2.458854491297e-10 
  402       2.469716113690e-10 
  403       2.480904569050e-10 
  404       2.492404539127e-10 
  405       2.504200334763e-10 
  406       2.516275893458e-10 
  407       2.528614776940e-10 
  408       2.541200168735e-10 
  409       2.554014871739e-10 
  410       2.567043022196e-10 
  411       2.580275303509e-10 
  412       2.593703912321e-10 
  413       2.607320857576e-10 
  414       2.621117959313e-10 
  415       2.635086847455e-10 
  416       2.649218960602e-10 
  417       2.663505544821e-10 
  418       2.677937652441e-10 
  419       2.692506140838e-10 
  420       2.707201671235e-10 
  421       2.722014707487e-10 
  422       2.736935514875e-10 
  423       2.751954158897e-10 
  424       2.767060504061e-10 
  425       2.782244212676e-10 
  426       2.797494743642e-10 
  427       2.812801351243e-10 
  428       2.828153083937e-10 
  429       2.843538783152e-10 
  430       2.858947082072e-10 
  431       2.874366404430e-10 
  432       2.889784963303e-10 
  433       2.905190759901e-10 
  434       2.920571582356e-10 
  435       2.935915004519e-10 
  436       2.951208384748e-10 
  437       2.966438864699e-10 
  438       2.981593368121e-10 
  439       2.996658599644e-10 
  440       3.011621043573e-10 
  441       3.026466962679e-10 
  442       3.041182396988e-10 
  443       3.055753162577e-10 
  444       3.070164850363e-10 
  445       3.084402824894e-10 
  446       3.098452223142e-10 
  447       3.112297953294e-10 
  448       3.125924693544e-10 
  449       3.139318914596e-10 
  450       3.152475021705e-10 
  451       3.165389409077e-10 
  452       3.178058454114e-10 
  453       3.190478517413e-10 
  454       3.202645942756e-10 
  455       3.214557057103e-10 
  456       3.226208170589e-10 
  457       3.237595576514e-10 
  458       3.248715551339e-10 
  459       3.259564354677e-10 
  460       3.270138229287e-10 
  461       3.280433401071e-10 
  462       3.290446079062e-10 
  463       3.300172455421e-10 
  464       3.309608705431e-10 
  465       3.318750987487e-10 
  466       3.327595443094e-10 
  467       3.336138196854e-10 
  468       3.344375356469e-10 
  469       3.352303012724e-10 
  470       3.359917239489e-10 
  471       3.367214093707e-10 
  472       3.374189615390e-10 
  473       3.380839827612e-10 
  474       3.387160736504e-10 
  475       3.393148331242e-10 
  476       3.398798584047e-10 
  477       3.404107450177e-10 
  478       3.409070867917e-10 
  479       3.413684758574e-10 
  480       3.417945026475e-10 
  481       3.421847558954e-10 
  482       3.425388226347e-10 
  483       3.428562881990e-10 
  484       3.431367362207e-10 
  485       3.433797486307e-10 
  486       3.435849056574e-10 
  487       3.437517858265e-10 
  488       3.438800848631e-10 
  489       3.439699763001e-10 
  490       3.440217616161e-10 
  491       3.440357523635e-10 
  492       3.440122702274e-10 
  493       3.439516470845e-10 
  494       3.438542250628e-10 
  495       3.437203566003e-10 
  496       3.435504045042e-10 
  497       3.433447420101e-10 
  498       3.431037528413e-10 
  499       3.428278312676e-10 
  500       3.425173821648e-10 
  501       3.421728210734e-10 
  502       3.417945742584e-10 
  503       3.413830787676e-10 
  504       3.409387824915e-10 
  505       3.404621442221e-10 
  506       3.399536337119e-10 
  507       3.394137317332e-10 
  508       3.388429301375e-10 
  509       3.382417319142e-10 
  510       3.376106512499e-10 
  511       3.369502135876e-10 
  512       3.362609556858e-10 
  513       3.355434256777e-10 
  514       3.347981831302e-10 
  515       3.340257991033e-10 
  516       3.332268562087e-10 
  517       3.324019486698e-10 
  518       3.315516823799e-10 
  519       3.306766749620e-10 
  520       3.297775558276e-10 
  521       3.288549662363e-10 
  522       3.279095593542e-10 
  523       3.269420003135e-10 
  524       3.259529662719e-10 
  525       3.249431464711e-10 
  526       3.239132422964e-10 
  527       3.228639520723e-10 
  528       3.217959248681e-10 
  529       3.207098055333e-10 
  530       3.196062498978e-10 
  531       3.184859248250e-10 
  532       3.173495082639e-10 
  533       3.161976893014e-10 
  534       3.150311682159e-10 
  535       3.138506565285e-10 
  536       3.126568770567e-10 
  537       3.114505639663e-10 
  538       3.102324628243e-10 
  539       3.090033306511e-10 
  540       3.077639359735e-10 
  541       3.065150588769e-10 
  542       3.052574910579e-10 
  543       3.039920358772e-10 
  544       3.027195084117e-10 
  545       3.014407355073e-10 
  546       3.001565558315e-10 
  547       2.988678199258e-10 
  548       2.975753902582e-10 
  549       2.962801412762e-10 
  550       2.949829594588e-10 
  551       2.936847433694e-10 
  552       2.923864037083e-10 
  553       2.910888633651e-10 
  554       2.897930574715e-10 
  555       2.884999334536e-10 
  556       2.872104510848e-10 
  557       2.859255825379e-10 
  558       2.846463124380e-10 
  559       2.833736379152e-10 
  560       2.821085686566e-10 
  561       2.808521269593e-10 
  562       2.796053477828e-10 
  563       2.783692788018e-10 
  564       2.771449804582e-10 
  565       2.759335260144e-10 
  566       2.747358897729e-10 
  567       2.735526084714e-10 
  568       2.723841112808e-10 
  569       2.712308308597e-10 
  570       2.700932033650e-10 
  571       2.689716684633e-10 
  572       2.678666693410e-10 
  573       2.667786527151e-10 
  574       2.657080688444e-10 
  575       2.646553715398e-10 
  576       2.636210181752e-10 
  577       2.626054696982e-10 
  578       2.616091906408e-10 
  579       2.606326491304e-10 
  580       2.596763169002e-10 
  581       2.587406693000e-10 
  582       2.578261853072e-10 
  583       2.569333475374e-10 
  584       2.560626422549e-10 
  585       2.552145593839e-10 
  586       2.543895925187e-10 
  587       2.535882389349e-10 
  588       2.528109996001e-10 
  589       2.520583791843e-10 
  590       2.513308860710e-10 
  591       2.506290323676e-10 
  592       2.499533339166e-10 
  593       2.493043103058e-10 
  594       2.486824848796e-10 
  595       2.480883847492e-10 
  596       2.475225408039e-10 
  597       2.469854877212e-10 
  598       2.464777639782e-10 
  599       2.459999118617e-10 
  600       2.455524774796e-10 
  601       2.451360107711e-10 
  602       2.447510655177e-10 
  603       2.443981993538e-10 
  604       2.440779737777e-10 
  605       2.437908403721e-10 
  606       2.435367964358e-10 
  607       2.433157210812e-10 
  608       2.431274882472e-10 
  609       2.429719666730e-10 
  610       2.428490198712e-10 
  611       2.427585061015e-10 
  612       2.427002783442e-10 
  613       2.426741842737e-10 
  614       2.426800662319e-10 
  615       2.427177612018e-10 
  616       2.427871007811e-10 
  617       2.428879111553e-10 
  618       2.430200130716e-10 
  619       2.431832218124e-10 
  620       2.433773471683e-10 
  621       2.436021934122e-10 
  622       2.438575592725e-10 
  623       2.441432379067e-10 
  624       2.444590168747e-10 
  625       2.448046781125e-10 
  626       2.451799979056e-10 
  627       2.455847468626e-10 
  628       2.460186898887e-10 
  629       2.464815861588e-10 
  630       2.469731890917e-10 
  631       2.474932463230e-10 
  632       2.480414996789e-10 
  633       2.486176851495e-10 
  634       2.492215328625e-10 
  635       2.498527670566e-10 
  636       2.505111060551e-10 
  637       2.511962622390e-10 
  638       2.519079420211e-10 
  639       2.526458458190e-10 
  640       2.534096680289e-10 
  641       2.541990969990e-10 
  642       2.550138150029e-10 
  643       2.558534982132e-10 
  644       2.567177817415e-10 
  645       2.576061539440e-10 
  646       2.585180596712e-10 
  647       2.594529349491e-10 
  648       2.604102069421e-10 
  649       2.613892939164e-10 
  650       2.623896052036e-10 
  651       2.634105411641e-10 
  652       2.644514931502e-10 
  653       2.655118434701e-10 
  654       2.665909653505e-10 
  655       2.676882229009e-10 
  656       2.688029710762e-10 
  657       2.699345556405e-10 
  658       2.710823131307e-10 
  659       2.722455708194e-10 
  660       2.734236466787e-10 
  661       2.746158493434e-10 
  662       2.758214780745e-10 
  663       2.770398227227e-10 
  664       2.782701636915e-10 
  665       2.795117719010e-10 
  666       2.807639087509e-10 
  667       2.820258260841e-10 
  668       2.832967661504e-10 
  669       2.845759615693e-10 
  670       2.858626352937e-10 
  671       2.871560005737e-10 
  672       2.884552609192e-10 
  673       2.897596100640e-10 
  674       2.910682319287e-10 
  675       2.923803005847e-10 
  676       2.936949802169e-10 
  677       2.950114250877e-10 
  678       2.963287794999e-10 
  679       2.976461777606e-10 
  680       2.989627441442e-10 
  681       3.002775928562e-10 
  682       3.015898279961e-10 
  683       3.028986050345e-10 
  684       3.042033167569e-10 
  685       3.055034112164e-10 
  686       3.067983305593e-10 
  687       3.080875110040e-10 
  688       3.093703828205e-10 
  689       3.106463703093e-10 
  690       3.119148917809e-10 
  691       3.131753595349e-10 
  692       3.144271798391e-10 
  693       3.156697529089e-10 
  694       3.169024728863e-10 
  695       3.181247278192e-10 
  696       3.193358996408e-10 
  697       3.205353641483e-10 
  698       3.217224909828e-10 
  699       3.228966436077e-10 
  700       3.240571792887e-10 
  701       3.252034490725e-10 
  702       3.263347977660e-10 
  703       3.274505639159e-10 
  704       3.285500797875e-10 
  705       3.296326713441e-10 
  706       3.306976582261e-10 
  707       3.317443537305e-10 
  708       3.327720647895e-10 
  709       3.337800919505e-10 
  710       3.347677293545e-10 
  711       3.357342647160e-10 
  712       3.366789793018e-10 
  713       3.376011479101e-10 
  714       3.385000388502e-10 
  715       3.393749139213e-10 
  716       3.402250283917e-10 
  717       3.410496309785e-10 
  718       3.418479638259e-10 
  719       3.426192624854e-10 
  720       3.433627558942e-10 
  721       3.440776663551e-10 
  722       3.447633161123e-10 
  723       3.454194494853e-10 
  724       3.460459172009e-10 
  725       3.466425703893e-10 
  726       3.472092605874e-10 
  727       3.477458397426e-10 
  728       3.482521602169e-10 
  729       3.487280747901e-10 
  730       3.491734366639e-10 
  731       3.495880994651e-10 
  732       3.499719172501e-10 
  733       3.503247445079e-10 
  734       3.506464361640e-10 
  735       3.509368475844e-10 
  736       3.511958345790e-10 
  737       3.514232534053e-10 
  738       3.516189607723e-10 
  739       3.517828138443e-10 
  740       3.519146702440e-10 
  741       3.520143880571e-10 
  742       3.520818258352e-10 
  743       3.521168426001e-10 
  744       3.521192978472e-10 
  745       3.520890515492e-10 
  746       3.520259641601e-10 
  747       3.519298966184e-10 
  748       3.518007103513e-10 
  749       3.516382672783e-10 
  750       3.514424298148e-10 
  751       3.512130608756e-10 
  752       3.509500238792e-10 
  753       3.506531827510e-10 
  754       3.503224019271e-10 
  755       3.499575463583e-10 
  756       3.495584815134e-10 
  757       3.491250733833e-10 
  758       3.486571884842e-10 
  759       3.481546938621e-10 
  760       3.476174570955e-10 
  761       3.470454228756e-10 
  762       3.464388443458e-10 
  763       3.457980562037e-10 
  764       3.451233985472e-10 
  765       3.444152168936e-10 
  766       3.436738621994e-10 
  767       3.428996908800e-10 
  768       3.420930648288e-10 
  769       3.412543514373e-10 
  770       3.403839236143e-10 
  771       3.394821598055e-10 
  772       3.385494440132e-10 
  773       3.375861658157e-10 
  774       3.365927203870e-10 
  775       3.355695085162e-10 
  776       3.345169366272e-10 
  777       3.334354167981e-10 
  778       3.323253667810e-10 
  779       3.311872100212e-10 
  780       3.300213756773e-10 
  781       3.288282986401e-10 
  782       3.276084195525e-10 
  783       3.263621848293e-10 
  784       3.250900466763e-10 
  785       3.237924631100e-10 
  786       3.224698979772e-10 
  787       3.211228209749e-10 
  788       3.197517076690e-10 
  789       3.183570395148e-10 
  790       3.169393038759e-10 
  791       3.154989940441e-10 
  792       3.140366092587e-10 
  793       3.125526547265e-10 
  794       3.110476416407e-10 
  795       3.095220872011e-10 
  796       3.079765146332e-10 
  797       3.064114532080e-10 
  798       3.048274382614e-10 
  799       3.032250112141e-10 
  800       3.016047185624e-10 
  801       2.999671087932e-10 
  802       2.983127354517e-10 
  803       2.966421581839e-10 
  804       2.949559427560e-10 
  805       2.932546610738e-10 
  806       2.915388912020e-10 
  807       2.898092173834e-10 
  808       2.880662300586e-10 
  809       2.863105258852e-10 
  810       2.845427077570e-10 
  811       2.827633848237e-10 
  812       2.809731725100e-10 
  813       2.791726925351e-10 
  814       2.773625729320e-10 
  815       2.755434480668e-10 
  816       2.737159586583e-10 
  817       2.718807517970e-10 
  818       2.700384809650e-10 
  819       2.681898060547e-10 
  820       2.663353933887e-10 
  821       2.644759157389e-10 
  822       2.626120523459e-10 
  823       2.607444889385e-10 
  824       2.588739177528e-10 
  825       2.570010375519e-10 
  826       2.551265536450e-10 
  827       2.532511779069e-10 
  828       2.513756287972e-10 
  829       2.495006313798e-10 
  830       2.476269173425e-10 
  831       2.457552250158e-10 
  832       2.438862993926e-10 
  833       2.420208921478e-10 
  834       2.401597616571e-10 
  835       2.383036730168e-10 
  836       2.364533980631e-10 
  837       2.346097153912e-10 
  838       2.327734103750e-10 
  839       2.309452065202e-10 
  840       2.291255581753e-10 
  841       2.273148542531e-10 
  842       2.255134865775e-10 
  843       2.237218498912e-10 
  844       2.219403418635e-10 
  845       2.201693630979e-10 
  846       2.184093171398e-10 
  847       2.166606104842e-10 
  848       2.149236525832e-10 
  849       2.131988558537e-10 
  850       2.114866356856e-10 
  851       2.097874104485e-10 
  852       2.081016015002e-10 
  853       2.064296331942e-10 
  854       2.047719328869e-10 
  855       2.031289309460e-10 
  856       2.015010607576e-10 
  857       1.998887587340e-10 
  858       1.982924643216e-10 
  859       1.967126200084e-10 
  860       1.951496713317e-10 
  861       1.936040668856e-10 
  862       1.920762583290e-10 
  863       1.905667003931e-10 
  864       1.890758508891e-10 
  865       1.876041707157e-10 
  866       1.861521238670e-10 
  867       1.847201774402e-10 
  868       1.833088016431e-10 
  869       1.819184698018e-10 
  870       1.805496583684e-10 
  871       1.792028469288e-10 
  872       1.778785182101e-10 
  873       1.765771580886e-10 
  874       1.752992555973e-10 
  875       1.740453029333e-10 
  876       1.728157954661e-10 
  877       1.716112317448e-10 
  878       1.704320293260e-10 
  879       1.692782707086e-10 
  880       1.681499531898e-10 
  881       1.670470726569e-10 
  882       1.659696235818e-10 
  883       1.649175990157e-10 
  884       1.638909905832e-10 
  885       1.628897884776e-10 
  886       1.619139814550e-10 
  887       1.609635568288e-10 
  888       1.600385004649e-10 
  889       1.591387967754e-10 
  890       1.582644287141e-10 
  891       1.574153777704e-10 
  892       1.565916239640e-10 
  893       1.557931458400e-10 
  894       1.550199204626e-10 
  895       1.542719234106e-10 
  896       1.535491287713e-10 
  897       1.528515091354e-10 
  898       1.521790355916e-10 
  899       1.515316777210e-10 
  900       1.509094035919e-10 
  901       1.503121797541e-10 
  902       1.497399712338e-10 
  903       1.491927415280e-10 
  904       1.486704525991e-10 
  905       1.481730648697e-10 
  906       1.477005372165e-10 
  907       1.472528269660e-10 
  908       1.468298898880e-10 
  909       1.464316801908e-10 
  910       1.460581505156e-10 
  911       1.457092519311e-10 
  912       1.453849339282e-10 
  913       1.450851444143e-10 
  914       1.448098297082e-10 
  915       1.445589345344e-10 
  916       1.443324020180e-10 
  917       1.441301294710e-10 
  918       1.439518349922e-10 
  919       1.437971887326e-10 
  920       1.436658568990e-10 
  921       1.435575017424e-10 
  922       1.434717815465e-10 
  923       1.434083506153e-10 
  924       1.433668592621e-10 
  925       1.433469537974e-10 
  926       1.433482765174e-10 
  927       1.433704656921e-10 
  928       1.434131555535e-10 
  929       1.434759762842e-10 
  930       1.435585540055e-10 
  931       1.436605107655e-10 
  932       1.437814645278e-10 
  933       1.439210291594e-10 
  934       1.440788144192e-10 
  935       1.442544259463e-10 
  936       1.444474652479e-10 
  937       1.446575296882e-10 
  938       1.448842124762e-10 
  939       1.451271026541e-10 
  940       1.453857850857e-10 
  941       1.456598404447e-10 
  942       1.459488452026e-10 
  943       1.462523716176e-10 
  944       1.465699877222e-10 
  945       1.469012573122e-10 
  946       1.472457399343e-10 
  947       1.476029908749e-10 
  948       1.479725611479e-10 
  949       1.483539974837e-10 
  950       1.487468423166e-10 
  951       1.491506337737e-10 
  952       1.495649056630e-10 
  953       1.499891874618e-10 
  954       1.504230043046e-10 
  955       1.508658769718e-10 
  956       1.513173393582e-10 
  957       1.517769911952e-10 
  958       1.522444461104e-10 
  959       1.527193142115e-10 
  960       1.532012020765e-10 
  961       1.536897127440e-10 
  962       1.541844457045e-10 
  963       1.546849968903e-10 
  964       1.551909586663e-10 
  965       1.557019198207e-10 
  966       1.562174655555e-10 
  967       1.567371774770e-10 
  968       1.572606335865e-10 
  969       1.577874082706e-10 
  970       1.583170722923e-10 
  971       1.588491927809e-10 
  972       1.593833332231e-10 
  973       1.599190534534e-10 
  974       1.604559096447e-10 
  975       1.609934542988e-10 
  976       1.615312362370e-10 
  977       1.620688005907e-10 
  978       1.626056887920e-10 
  979       1.631414385642e-10 
  980       1.636755839125e-10 
  981       1.642076551144e-10 
  982       1.647371787104e-10 
  983       1.652636774945e-10 
  984       1.657866705050e-10 
  985       1.663056730147e-10 
  986       1.668201965216e-10 
  987       1.673297487398e-10 
  988       1.678338335896e-10 
  989       1.683319511884e-10 
  990       1.688235978410e-10 
  991       1.693082660305e-10 
  992       1.697854444088e-10 
  993       1.702546177867e-10 
  994       1.707152671253e-10 
  995       1.711669276930e-10 
  996       1.716093644932e-10 
  997       1.720423993935e-10 
  998       1.724658531894e-10 
  999       1.728795456022e-10 
 1000       1.732832952766e-10 
 1001       1.736769197780e-10 
 1002       1.740602355905e-10 
 1003       1.744330581142e-10 
 1004       1.747952016633e-10 
 1005       1.751464794630e-10 
 1006       1.754867036478e-10 
 1007       1.758156852586e-10 
 1008       1.761332342407e-10 
 1009       1.764391594414e-10 
 1010       1.767332686070e-10 
 1011       1.770153683815e-10 
 1012       1.772852643031e-10 
 1013       1.775427608027e-10 
 1014       1.777876612010e-10 
 1015       1.780197677062e-10 
 1016       1.782388814119e-10 
 1017       1.784448022942e-10 
 1018       1.786373292099e-10 
 1019       1.788162598937e-10 
 1020       1.789813909560e-10 
 1021       1.791325178805e-10 
 1022       1.792694350218e-10 
 1023       1.793919356028e-10 
 1024       1.794998117129e-10 
 1025       1.795928543049e-10 
 1026       1.796708531931e-10 
 1027       1.797335970509e-10 
 1028       1.797808734082e-10 
 1029       1.798124686490e-10 
 1030       1.798281680092e-10 
 1031       1.798277555744e-10 
 1032       1.798110142768e-10 
 1033       1.797777258938e-10 
 1034       1.797277262950e-10 
 1035       1.796610720465e-10 
 1036       1.795778761561e-10 
 1037       1.794782530400e-10 
 1038       1.793623185273e-10 
 1039       1.792301898630e-10 
 1040       1.790819857123e-10 
 1041       1.789178261643e-10 
 1042       1.787378327359e-10 
 1043       1.785421283754e-10 
 1044       1.783308374664e-10 
 1045       1.781040858317e-10 
 1046       1.778620007371e-10 
 1047       1.776047108952e-10 
 1048       1.773323464690e-10 
 1049       1.770450390762e-10 
 1050       1.767429217924e-10 
 1051       1.764261291553e-10 
 1052       1.760947971687e-10 
 1053       1.757490633056e-10 
 1054       1.753890665129e-10 
 1055       1.750149472145e-10 
 1056       1.746268473154e-10 
 1057       1.742249102057e-10 
 1058       1.738092807640e-10 
 1059       1.733801053615e-10 
 1060       1.729375318657e-10 
 1061       1.724817096444e-10 
 1062       1.720127895692e-10 
 1063       1.715309240195e-10 
 1064       1.710362668864e-10 
 1065       1.705289735763e-10 
 1066       1.700092010149e-10 
 1067       1.694771076507e-10 
 1068       1.689328534594e-10 
 1069       1.683765999470e-10 
 1070       1.678085101543e-10 
 1071       1.672287486601e-10 
 1072       1.666374815855e-10 
 1073       1.660348943598e-10 
 1074       1.654212452768e-10 
 1075       1.647968126754e-10 
 1076       1.641618772492e-10 
 1077       1.635167220519e-10 
 1078       1.628616325029e-10 
 1079       1.621968963934e-10 
 1080       1.615228038915e-10 
 1081       1.608396475483e-10 
 1082       1.601477223033e-10 
 1083       1.594473254904e-10 
 1084       1.587387568430e-10 
 1085       1.580223185002e-10 
 1086       1.572983150122e-10 
 1087       1.565670533460e-10 
 1088       1.558288428911e-10 
 1089       1.550839954650e-10 
 1090       1.543328253192e-10 
 1091       1.535756491446e-10 
 1092       1.528127860772e-10 
 1093       1.520445577038e-10 
 1094       1.512712880676e-10 
 1095       1.504933036739e-10 
 1096       1.497109334960e-10 
 1097       1.489245089804e-10 
 1098       1.481343640527e-10 
 1099       1.473408351234e-10 
 1100       1.465442610933e-10 
 1101       1.457449833594e-10 
 1102       1.449433458204e-10 
 1103       1.441396948823e-10 
 1104       1.433343794645e-10 
 1105       1.425277510046e-10 
 1106       1.417201634652e-10 
 1107       1.409119733386e-10 
 1108       1.401035396528e-10 
 1109       1.392952239774e-10 
 1110       1.384873904288e-10 
 1111       1.376804056765e-10 
 1112       1.368746147630e-10 
 1113       1.360702682079e-10 
 1114       1.352675939573e-10 
 1115       1.344668214857e-10 
 1116       1.336681817988e-10 
 1117       1.328719074371e-10 
 1118       1.320782324794e-10 
 1119       1.312873925457e-10 
 1120       1.304996248007e-10 
 1121       1.297151679573e-10 
 1122       1.289342622796e-10 
 1123       1.281571495864e-10 
 1124       1.273840732545e-10 
 1125       1.266152782220e-10 
 1126       1.258510109917e-10 
 1127       1.250915196342e-10 
 1128       1.243370537914e-10 
 1129       1.235878646799e-10 
 1130       1.228442050940e-10 
 1131       1.221063294093e-10 
 1132       1.213744935859e-10 
 1133       1.206489551719e-10 
 1134       1.199299733062e-10 
 1135       1.192178087226e-10 
 1136       1.185127237525e-10 
 1137       1.178149823283e-10 
 1138       1.171248499870e-10 
 1139       1.164425938733e-10 
 1140       1.157684827430e-10 
 1141       1.151027869662e-10 
 1142       1.144457785308e-10 
 1143       1.137977310456e-10 
 1144       1.131589197438e-10 
 1145       1.125296214864e-10 
 1146       1.119101147651e-10 
 1147       1.113006797060e-10 
 1148       1.107015980729e-10 
 1149       1.101131532705e-10 
 1150       1.095356303476e-10 
 1151       1.089692729901e-10 
 1152       1.084141538950e-10 
 1153       1.078703027566e-10 
 1154       1.073377491280e-10 
 1155       1.068165224200e-10 
 1156       1.063066519004e-10 
 1157       1.058081666941e-10 
 1158       1.053210957818e-10 
 1159       1.048454679998e-10 
 1160       1.043813120394e-10 
 1161       1.039286564463e-10 
 1162       1.034875296198e-10 
 1163       1.030579598127e-10 
 1164       1.026399751303e-10 
 1165       1.022336035299e-10 
 1166       1.018388728206e-10 
 1167       1.014558106620e-10 
 1168       1.010844445644e-10 
 1169       1.007248018877e-10 
 1170       1.003769098411e-10 
 1171       1.000407954823e-10 
 1172       9.971648571728e-11 
 1173       9.940400729922e-11 
 1174       9.910338682836e-11 
 1175       9.881465075125e-11 
 1176       9.853782536016e-11 
 1177       9.827293679256e-11 
 1178       9.802001103052e-11 
 1179       9.777907390013e-11 
 1180       9.755015107093e-11 
 1181       9.733326805534e-11 
 1182       9.712845020809e-11 
 1183       9.693572272563e-11 
 1184       9.675511064555e-11 
 1185       9.658663884603e-11 
 1186       9.643033204526e-11 
 1187       9.628621480084e-11 
 1188       9.615431150923e-11 
 1189       9.603464640518e-11 
 1190       9.592721330866e-11 
 1191       9.583188446027e-11 
 1192       9.574850056496e-11 
 1193       9.567690093982e-11 
 1194       9.561692351091e-11 
 1195       9.556840481016e-11 
 1196       9.553117997222e-11 
 1197       9.550508273128e-11 
 1198       9.548994541803e-11 
 1199       9.548559895642e-11 
 1200       9.549187286059e-11 
 1201       9.550859523171e-11 
 1202       9.553559275485e-11 
 1203       9.557269069583e-11 
 1204       9.561971289812e-11 
 1205       9.567648177965e-11 
 1206       9.574281832971e-11 
 1207       9.581854210581e-11 
 1208       9.590347123054e-11 
 1209       9.599742238842e-11 
 1210       9.610021082280e-11 
 1211       9.621165033267e-11 
 1212       9.633155326958e-11 
 1213       9.645973053446e-11 
 1214       9.659599157451e-11 
 1215       9.674014438004e-11 
 1216       9.689199548137e-11 
 1217       9.705134994565e-11 
 1218       9.721801137376e-11 
 1219       9.739178189715e-11 
 1220       9.757246217471e-11 
 1221       9.775985138965e-11 
 1222       9.795374724634e-11 
 1223       9.815394596718e-11 
 1224       9.836024228947e-11 
 1225       9.857242946228e-11 
 1226       9.879029924328e-11 
 1227       9.901364189565e-11 
 1228       9.924224618491e-11 
 1229       9.947589961508e-11 
 1230       9.971438914649e-11 
 1231       9.995750048028e-11 
 1232       1.002050178167e-10 
 1233       1.004567238523e-10 
 1234       1.007123997761e-10 
 1235       1.009718252675e-10 
 1236       1.012347784922e-10 
 1237       1.015010360997e-10 
 1238       1.017703732198e-10 
 1239       1.020425634600e-10 
 1240       1.023173789015e-10 
 1241       1.025945900971e-10 
 1242       1.028739660675e-10 
 1243       1.031552742980e-10 
 1244       1.034382807360e-10 
 1245       1.037227497875e-10 
 1246       1.040084443138e-10 
 1247       1.042951256289e-10 
 1248       1.045825534960e-10 
 1249       1.048704861244e-10 
 1250       1.051586801666e-10 
 1251       1.054468907149e-10 
 1252       1.057348712985e-10 
 1253       1.060223738804e-10 
 1254       1.063091488541e-10 
 1255       1.065949450406e-10 
 1256       1.068795096852e-10 
 1257       1.071625884545e-10 
 1258       1.074439254332e-10 
 1259       1.077232631211e-10 
 1260       1.080003424298e-10 
 1261       1.082749026796e-10 
 1262       1.085466815967e-10 
 1263       1.088154153096e-10 
 1264       1.090808383464e-10 
 1265       1.093426836312e-10 
 1266       1.096006824817e-10 
 1267       1.098545646054e-10 
 1268       1.101040838531e-10 
 1269       1.103490958098e-10 
 1270       1.105894810920e-10 
 1271       1.108251196716e-10 
 1272       1.110558908745e-10 
 1273       1.112816733797e-10 
 1274       1.115023452176e-10 
 1275       1.117177837694e-10 
 1276       1.119278657653e-10 
 1277       1.121324672840e-10 
 1278       1.123314637507e-10 
 1279       1.125247299366e-10 
 1280       1.127121399574e-10 
 1281       1.128935672719e-10 
 1282       1.130688846814e-10 
 1283       1.132379643277e-10 
 1284       1.134006776927e-10 
 1285       1.135568955966e-10 
 1286       1.137064881972e-10 
 1287       1.138493249881e-10 
 1288       1.139852747982e-10 
 1289       1.141142057898e-10 
 1290       1.142359854581e-10 
 1291       1.143504806294e-10 
 1292       1.144575574604e-10 
 1293       1.145570814364e-10 
 1294       1.146489173710e-10 
 1295       1.147329294038e-10 
 1296       1.148089810001e-10 
 1297       1.148769349495e-10 
 1298       1.149366533642e-10 
 1299       1.149879976786e-10 
 1300       1.150308286473e-10 
 1301       1.150650063446e-10 
 1302       1.150903901628e-10 
 1303       1.151068388114e-10 
 1304       1.151142103154e-10 
 1305       1.151123620147e-10 
 1306       1.151011505626e-10 
 1307       1.150804625314e-10 
 1308       1.150503066076e-10 
 1309       1.150107224261e-10 
 1310       1.149617500571e-10 
 1311       1.149034300078e-10 
 1312       1.148358032227e-10 
 1313       1.147589110852e-10 
 1314       1.146727954177e-10 
 1315       1.145774984835e-10 
 1316       1.144730629871e-10 
 1317       1.143595320753e-10 
 1318       1.142369493383e-10 
 1319       1.141053588106e-10 
 1320       1.139648049717e-10 
 1321       1.138153327475e-10 
 1322       1.136569875108e-10 
 1323       1.134898150826e-10 
 1324       1.133138617329e-10 
 1325       1.131291741816e-10 
 1326       1.129357995995e-10 
 1327       1.127337856093e-10 
 1328       1.125231802867e-10 
 1329       1.123040321609e-10 
 1330       1.120763902159e-10 
 1331       1.118403038914e-10 
 1332       1.115958230838e-10 
 1333       1.113429981470e-10 
 1334       1.110818798934e-10 
 1335       1.108125195950e-10 
 1336       1.105349689840e-10 
 1337       1.102492802543e-10 
 1338       1.099555060620e-10 
 1339       1.096536995264e-10 
 1340       1.093439142311e-10 
 1341       1.090262042250e-10 
 1342       1.087006240230e-10 
 1343       1.083672286071e-10 
 1344       1.080260734275e-10 
 1345       1.076772144032e-10 
 1346       1.073207229381e-10 
 1347       1.069567311441e-10 
 1348       1.065853871110e-10 
 1349       1.062068399384e-10 
 1350       1.058212397373e-10 
 1351       1.054287376323e-10 
 1352       1.050294857634e-10 
 1353       1.046236372882e-10 
 1354       1.042113463835e-10 
 1355       1.037927682476e-10 
 1356       1.033680591019e-10 
 1357       1.029373761930e-10 
 1358       1.025008777947e-10 
 1359       1.020587232100e-10 
 1360       1.016110727728e-10 
 1361       1.011580878500e-10 
 1362       1.006999308436e-10 
 1363       1.002367651923e-10 
 1364       9.976875537368e-11 
 1365       9.929606690609e-11 
 1366       9.881886635061e-11 
 1367       9.833732131300e-11 
 1368       9.785160044559e-11 
 1369       9.736187344930e-11 
 1370       9.686831107553e-11 
 1371       9.637108512814e-11 
 1372       9.587036846536e-11 
 1373       9.536633500178e-11 
 1374       9.485915971026e-11 
 1375       9.434901862389e-11 
 1376       9.383608883794e-11 
 1377       9.332054851180e-11 
 1378       9.280257687091e-11 
 1379       9.228235420874e-11 
 1380       9.176006188871e-11 
 1381       9.123588234614e-11 
 1382       9.070999909019e-11 
 1383       9.018259670583e-11 
 1384       8.965386085576e-11 
 1385       8.912397101841e-11 
 1386       8.859307861416e-11 
 1387       8.806132865200e-11 
 1388       8.752886697410e-11 
 1389       8.699584025723e-11 
 1390       8.646239601431e-11 
 1391       8.592868259585e-11 
 1392       8.539484919148e-11 
 1393       8.486104583141e-11 
 1394       8.432742338795e-11 
 1395       8.379413357700e-11 
 1396       8.326132895951e-11 
 1397       8.272916294300e-11 
 1398       8.219778978304e-11 
 1399       8.166736458476e-11 
 1400       8.113804330430e-11 
 1401       8.060998275037e-11 
 1402       8.008334058566e-11 
 1403       7.955827532839e-11 
 1404       7.903494635378e-11 
 1405       7.851351389555e-11 
 1406       7.799413904739e-11 
 1407       7.747698376449e-11 
 1408       7.696221086499e-11 
 1409       7.644998403150e-11 
 1410       7.594046781258e-11 
 1411       7.543382762424e-11 
 1412       7.493022975142e-11 
 1413       7.442984134948e-11 
 1414       7.393283044571e-11 
 1415       7.343936594080e-11 
 1416       7.294961761035e-11 
 1417       7.246375610634e-11 
 1418       7.198195295866e-11 
 1419       7.150438057654e-11 
 1420       7.103121225011e-11 
 1421       7.056262215184e-11 
 1422       7.009878533805e-11 
 1423       6.963987775042e-11 
 1424       6.918605494945e-11 
 1425       6.873738807305e-11 
 1426       6.829392722319e-11 
 1427       6.785572267454e-11 
 1428       6.742282487463e-11 
 1429       6.699528444409e-11 
 1430       6.657315217692e-11 
 1431       6.615647904070e-11 
 1432       6.574531617682e-11 
 1433       6.533971490074e-11 
 1434       6.493972670219e-11 
 1435       6.454540324541e-11 
 1436       6.415679636942e-11 
 1437       6.377395808821e-11 
 1438       6.339694059098e-11 
 1439       6.302579624241e-11 
 1440       6.266057758284e-11 
 1441       6.230133732856e-11 
 1442       6.194812837200e-11 
 1443       6.160100378197e-11 
 1444       6.126001680393e-11 
 1445       6.092522086017e-11 
 1446       6.059666955008e-11 
 1447       6.027441665040e-11 
 1448       5.995851611538e-11 
 1449       5.964902207710e-11 
 1450       5.934598884566e-11 
 1451       5.904947090940e-11 
 1452       5.875952293518e-11 
 1453       5.847619976857e-11 
 1454       5.819955643411e-11 
 1455       5.792964813552e-11 
 1456       5.766653025598e-11 
 1457       5.741025835830e-11 
 1458       5.716088818521e-11 
 1459       5.691847565955e-11 
 1460       5.668307688454e-11 
 1461       5.645474814400e-11 
 1462       5.623354590256e-11 
 1463       5.601950765362e-11 
 1464       5.581259425317e-11 
 1465       5.561274700991e-11 
 1466       5.541990678444e-11 
 1467       5.523401398840e-11 
 1468       5.505500858367e-11 
 1469       5.488283008147e-11 
 1470       5.471741754158e-11 
 1471       5.455870957145e-11 
 1472       5.440664432541e-11 
 1473       5.426115950379e-11 
 1474       5.412219235211e-11 
 1475       5.398967966020e-11 
 1476       5.386355776143e-11 
 1477       5.374376253179e-11 
 1478       5.363022938912e-11 
 1479       5.352289329222e-11 
 1480       5.342168874003e-11 
 1481       5.332654977082e-11 
 1482       5.323740996129e-11 
 1483       5.315420242579e-11 
 1484       5.307685981543e-11 
 1485       5.300531431728e-11 
 1486       5.293949765351e-11 
 1487       5.287934108057e-11 
 1488       5.282477538832e-11 
 1489       5.277573089923e-11 
 1490       5.273213746748e-11 
 1491       5.269392447820e-11 
 1492       5.266102084658e-11 
 1493       5.263335501703e-11 
 1494       5.261085496235e-11 
 1495       5.259344818292e-11 
 1496       5.258106170580e-11 
 1497       5.257362208394e-11 
 1498       5.257105539533e-11 
 1499       5.257328724216e-11 
 1500       5.258024274995e-11 
 1501       5.259184656676e-11 
 1502       5.260801731208e-11 
 1503       5.262865086613e-11 
 1504       5.265363691616e-11 
 1505       5.268286449081e-11 
 1506       5.271622195894e-11 
 1507       5.275359702853e-11 
 1508       5.279487674554e-11 
 1509       5.283994749275e-11 
 1510       5.288869498867e-11 
 1511       5.294100428635e-11 
 1512       5.299675977230e-11 
 1513       5.305584516532e-11 
 1514       5.311814351539e-11 
 1515       5.318353720251e-11 
 1516       5.325190793558e-11 
 1517       5.332313675128e-11 
 1518       5.339710401290e-11 
 1519       5.347368940923e-11 
 1520       5.355277195345e-11 
 1521       5.363422998192e-11 
 1522       5.371794115314e-11 
 1523       5.380378244654e-11 
 1524       5.389163016138e-11 
 1525       5.398135991562e-11 
 1526       5.407284664477e-11 
 1527       5.416596460076e-11 
 1528       5.426058735081e-11 
 1529       5.435658777629e-11 
 1530       5.445383807161e-11 
 1531       5.455220974303e-11 
 1532       5.465157360759e-11 
 1533       5.475179979194e-11 
 1534       5.485275773120e-11 
 1535       5.495431616784e-11 
 1536       5.505634315056e-11 
 1537       5.515870603314e-11 
 1538       5.526127147327e-11 
 1539       5.536390543150e-11 
 1540       5.546647317001e-11 
 1541       5.556884835593e-11 
 1542       5.567094046778e-11 
 1543       5.577266764689e-11 
 1544       5.587394761598e-11 
 1545       5.597469767843e-11 
 1546       5.607483471767e-11 
 1547       5.617427519648e-11 
 1548       5.627293515630e-11 
 1549       5.637073021658e-11 
 1550       5.646757557408e-11 
 1551       5.656338600223e-11 
 1552       5.665807585042e-11 
 1553       5.675155904335e-11 
 1554       5.684374908034e-11 
 1555       5.693455903466e-11 
 1556       5.702390155288e-11 
 1557       5.711168885415e-11 
 1558       5.719783272954e-11 
 1559       5.728224454142e-11 
 1560       5.736483522268e-11 
 1561       5.744551527617e-11 
 1562       5.752419477392e-11 
 1563       5.760078335657e-11 
 1564       5.767519023259e-11 
 1565       5.774732417769e-11 
 1566       5.781709353411e-11 
 1567       5.788440620994e-11 
 1568       5.794916967844e-11 
 1569       5.801129097742e-11 
 1570       5.807067670848e-11 
 1571       5.812723303641e-11 
 1572       5.818086568848e-11 
 1573       5.823147995376e-11 
 1574       5.827898068246e-11 
 1575       5.832327228527e-11 
 1576       5.836425873265e-11 
 1577       5.840184355417e-11 
 1578       5.843592983786e-11 
 1579       5.846642022949e-11 
 1580       5.849323212314e-11 
 1581       5.851634338797e-11 
 1582       5.853574706346e-11 
 1583       5.855143620666e-11 
 1584       5.856340389230e-11 
 1585       5.857164321280e-11 
 1586       5.857614727834e-11 
 1587       5.857690921691e-11 
 1588       5.857392217438e-11 
 1589       5.856717931453e-11 
 1590       5.855667381913e-11 
 1591       5.854239888799e-11 
 1592       5.852434773900e-11 
 1593       5.850251360820e-11 
 1594       5.847688974983e-11 
 1595       5.844746943638e-11 
 1596       5.841424595867e-11 
 1597       5.837721262588e-11 
 1598       5.833636276559e-11 
 1599       5.829168972389e-11 
 1600       5.824318686538e-11 
 1601       5.819084757326e-11 
 1602       5.813466524937e-11 
 1603       5.807463331424e-11 
 1604       5.801074520717e-11 
 1605       5.794299438627e-11 
 1606       5.787137432848e-11 
 1607       5.779587852970e-11 
 1608       5.771650050480e-11 
 1609       5.763323378765e-11 
 1610       5.754607193123e-11 
 1611       5.745500850766e-11 
 1612       5.736003710826e-11 
 1613       5.726115134358e-11 
 1614       5.715834484350e-11 
 1615       5.705161125724e-11 
 1616       5.694094425345e-11 
 1617       5.682633752027e-11 
 1618       5.670778476533e-11 
 1619       5.658529032249e-11 
 1620       5.645890107656e-11 
 1621       5.632867482713e-11 
 1622       5.619466970872e-11 
 1623       5.605694419123e-11 
 1624       5.591555708058e-11 
 1625       5.577056751918e-11 
 1626       5.562203498650e-11 
 1627       5.547001929960e-11 
 1628       5.531458061369e-11 
 1629       5.515577942265e-11 
 1630       5.499367655956e-11 
 1631       5.482833319729e-11 
 1632       5.465981084899e-11 
 1633       5.448817136863e-11 
 1634       5.431347695160e-11 
 1635       5.413579013518e-11 
 1636       5.395517379912e-11 
 1637       5.377169116617e-11 
 1638       5.358540580262e-11 
 1639       5.339638161884e-11 
 1640       5.320468286984e-11 
 1641       5.301037415576e-11 
 1642       5.281352042248e-11 
 1643       5.261418696210e-11 
 1644       5.241243941352e-11 
 1645       5.220834376294e-11 
 1646       5.200196634446e-11 
 1647       5.179337384056e-11 
 1648       5.158263328268e-11 
 1649       5.136981205175e-11 
 1650       5.115497787872e-11 
 1651       5.093819884511e-11 
 1652       5.071954338355e-11 
 1653       5.049908027832e-11 
 1654       5.027687866589e-11 
 1655       5.005300803547e-11 
 1656       4.982753822953e-11 
 1657       4.960053944435e-11 
 1658       4.937208242999e-11 
 1659       4.914223909096e-11 
 1660       4.891108189190e-11 
 1661       4.867868365924e-11 
 1662       4.844511758169e-11 
 1663       4.821045721082e-11 
 1664       4.797477646164e-11 
 1665       4.773814961307e-11 
 1666       4.750065130857e-11 
 1667       4.726235655664e-11 
 1668       4.702334073140e-11 
 1669       4.678367957309e-11 
 1670       4.654344918869e-11 
 1671       4.630272605241e-11 
 1672       4.606158700627e-11 
 1673       4.582010926064e-11 
 1674       4.557837039479e-11 
 1675       4.533644835744e-11 
 1676       4.509442146730e-11 
 1677       4.485236841363e-11 
 1678       4.461036825680e-11 
 1679       4.436850042882e-11 
 1680       4.412684473388e-11 
 1681       4.388548134894e-11 
 1682       4.364449082423e-11 
 1683       4.340395408384e-11 
 1684       4.316395242625e-11 
 1685       4.292456752488e-11 
 1686       4.268588142863e-11 
 1687       4.244797656246e-11 
 1688       4.221093572790e-11 
 1689       4.197484210363e-11 
 1690       4.173977924602e-11 
 1691       4.150583108968e-11 
 1692       4.127308194799e-11 
 1693       4.104161651367e-11 
 1694       4.081151985935e-11 
 1695       4.058287743807e-11 
 1696       4.035577508384e-11 
 1697       4.013029079941e-11 
 1698       3.990647004082e-11 
 1699       3.968435022080e-11 
 1700       3.946396890250e-11 
 1701       3.924536379967e-11 
 1702       3.902857277688e-11 
 1703       3.881363384971e-11 
 1704       3.860058518498e-11 
 1705       3.838946510093e-11 
 1706       3.818031206747e-11 
 1707       3.797316470634e-11 
 1708       3.776806179134e-11 
 1709       3.756504224855e-11 
 1710       3.736414515650e-11 
 1711       3.716540974641e-11 
 1712       3.696887540240e-11 
 1713       3.677458166166e-11 
 1714       3.658256821470e-11 
 1715       3.639287490553e-11 
 1716       3.620554173188e-11 
 1717       3.602060884539e-11 
 1718       3.583811655186e-11 
 1719       3.565810531140e-11 
 1720       3.548061573866e-11 
 1721       3.530568860308e-11 
 1722       3.513336482902e-11 
 1723       3.496368549602e-11 
 1724       3.479669183900e-11 
 1725       3.463242524845e-11 
 1726       3.447092727066e-11 
 1727       3.431223960791e-11 
 1728       3.415640411867e-11 
 1729       3.400346281785e-11 
 1730       3.385345787695e-11 
 1731       3.370643162430e-11 
 1732       3.356242654527e-11 
 1733       3.342148528245e-11 
 1734       3.328365063591e-11 
 1735       3.314896556335e-11 
 1736       3.301746339933e-11 
 1737       3.288913842240e-11 
 1738       3.276397504031e-11 
 1739       3.264195754829e-11 
 1740       3.252307012890e-11 
 1741       3.240729685183e-11 
 1742       3.229462167371e-11 
 1743       3.218502843793e-11 
 1744       3.207850087450e-11 
 1745       3.197502259980e-11 
 1746       3.187457711644e-11 
 1747       3.177714781307e-11 
 1748       3.168271796419e-11 
 1749       3.159127073000e-11 
 1750       3.150278915617e-11 
 1751       3.141725617368e-11 
 1752       3.133465459865e-11 
 1753       3.125496713215e-11 
 1754       3.117817636000e-11 
 1755       3.110426475262e-11 
 1756       3.103321466482e-11 
 1757       3.096500833563e-11 
 1758       3.089962788812e-11 
 1759       3.083705532921e-11 
 1760       3.077727254951e-11 
 1761       3.072026132310e-11 
 1762       3.066600330739e-11 
 1763       3.061448004288e-11 
 1764       3.056567295307e-11 
 1765       3.051956334417e-11 
 1766       3.047613240501e-11 
 1767       3.043536120679e-11 
 1768       3.039723070296e-11 
 1769       3.036172172896e-11 
 1770       3.032881500214e-11 
 1771       3.029849112146e-11 
 1772       3.027073056742e-11 
 1773       3.024551370181e-11 
 1774       3.022282076752e-11 
 1775       3.020262710959e-11 
 1776       3.018488879544e-11 
 1777       3.016955687568e-11 
 1778       3.015658215184e-11 
 1779       3.014591517600e-11 
 1780       3.013750625043e-11 
 1781       3.013130542722e-11 
 1782       3.012726250791e-11 
 1783       3.012532704312e-11 
 1784       3.012544833224e-11 
 1785       3.012757542297e-11 
 1786       3.013165711106e-11 
 1787       3.013764193987e-11 
 1788       3.014547820003e-11 
 1789       3.015511392910e-11 
 1790       3.016649691117e-11 
 1791       3.017957467652e-11 
 1792       3.019429450123e-11 
 1793       3.021060340686e-11 
 1794       3.022844816004e-11 
 1795       3.024777527212e-11 
 1796       3.026853099884e-11 
 1797       3.029066133991e-11 
 1798       3.031411203870e-11 
 1799       3.033882858181e-11 
 1800       3.036475619879e-11 
 1801       3.039183986170e-11 
 1802       3.042002428480e-11 
 1803       3.044925392416e-11 
 1804       3.047947297729e-11 
 1805       3.051062538278e-11 
 1806       3.054265481998e-11 
 1807       3.057550470856e-11 
 1808       3.060911820819e-11 
 1809       3.064343821820e-11 
 1810       3.067840737715e-11 
 1811       3.071396806253e-11 
 1812       3.075006239036e-11 
 1813       3.078663221482e-11 
 1814       3.082362143260e-11 
 1815       3.086098291685e-11 
 1816       3.089867163843e-11 
 1817       3.093664236602e-11 
 1818       3.097484966582e-11 
 1819       3.101324790131e-11 
 1820       3.105179123295e-11 
 1821       3.109043361791e-11 
 1822       3.112912880975e-11 
 1823       3.116783035820e-11 
 1824       3.120649160884e-11 
 1825       3.124506570284e-11 
 1826       3.128350557666e-11 
 1827       3.132176396180e-11 
 1828       3.135979338447e-11 
 1829       3.139754616536e-11 
 1830       3.143497441937e-11 
 1831       3.147203005524e-11 
 1832       3.150866477540e-11 
 1833       3.154483007557e-11 
 1834       3.158047724455e-11 
 1835       3.161555736393e-11 
 1836       3.165002130780e-11 
 1837       3.168381974246e-11 
 1838       3.171690312617e-11 
 1839       3.174922170884e-11 
 1840       3.178072553177e-11 
 1841       3.181136442736e-11 
 1842       3.184108801882e-11 
 1843       3.186984571994e-11 
 1844       3.189758673473e-11 
 1845       3.192426005721e-11 
 1846       3.194981447109e-11 
 1847       3.197419854952e-11 
 1848       3.199736065477e-11 
 1849       3.201924893799e-11 
 1850       3.203981133892e-11 
 1851       3.205899558558e-11 
 1852       3.207674919403e-11 
 1853       3.209302608862e-11 
 1854       3.210780652046e-11 
 1855       3.212107730573e-11 
 1856       3.213282521929e-11 
 1857       3.214303699471e-11 
 1858       3.215169932419e-11 
 1859       3.215879885850e-11 
 1860       3.216432220692e-11 
 1861       3.216825593726e-11 
 1862       3.217058657573e-11 
 1863       3.217130060692e-11 
 1864       3.217038447379e-11 
 1865       3.216782457756e-11 
 1866       3.216360727770e-11 
 1867       3.215771889187e-11 
 1868       3.215014569586e-11 
 1869       3.214087392358e-11 
 1870       3.212988976695e-11 
 1871       3.211717937592e-11 
 1872       3.210272885836e-11 
 1873       3.208652428006e-11 
 1874       3.206855166465e-11 
 1875       3.204879699356e-11 
 1876       3.202724620598e-11 
 1877       3.200388519878e-11 
 1878       3.197869982653e-11 
 1879       3.195167590136e-11 
 1880       3.192279919300e-11 
 1881       3.189205542865e-11 
 1882       3.185943029300e-11 
 1883       3.182490942813e-11 
 1884       3.178847843351e-11 
 1885       3.175012286591e-11 
 1886       3.170982823935e-11 
 1887       3.166758002509e-11 
 1888       3.162336365157e-11 
 1889       3.157716450430e-11 
 1890       3.152896792593e-11 
 1891       3.147875921606e-11 
 1892       3.142652956601e-11 
 1893       3.137229391289e-11 
 1894       3.131607322347e-11 
 1895       3.125788857221e-11 
 1896       3.119776114137e-11 
 1897       3.113571222119e-11 
 1898       3.107176321003e-11 
 1899       3.100593561452e-11 
 1900       3.093825104970e-11 
 1901       3.086873123920e-11 
 1902       3.079739801534e-11 
 1903       3.072427331935e-11 
 1904       3.064937920145e-11 
 1905       3.057273782104e-11 
 1906       3.049437144685e-11 
 1907       3.041430245706e-11 
 1908       3.033255333950e-11 
 1909       3.024914669175e-11 
 1910       3.016410522132e-11 
 1911       3.007745174579e-11 
 1912       2.998920919297e-11 
 1913       2.989940060103e-11 
 1914       2.980804911867e-11 
 1915       2.971517800527e-11 
 1916       2.962081063101e-11 
 1917       2.952497047707e-11 
 1918       2.942768113573e-11 
 1919       2.932896631057e-11 
 1920       2.922884981656e-11 
 1921       2.912735558028e-11 
 1922       2.902450764001e-11 
 1923       2.892033014591e-11 
 1924       2.881484736017e-11 
 1925       2.870808365715e-11 
 1926       2.860006352353e-11 
 1927       2.849081155847e-11 
 1928       2.838035247376e-11 
 1929       2.826871109396e-11 
 1930       2.815591235656e-11 
 1931       2.804198301108e-11 
 1932       2.792695673023e-11 
 1933       2.781086903780e-11 
 1934       2.769375561341e-11 
 1935       2.757565229272e-11 
 1936       2.745659506764e-11 
 1937       2.733662008652e-11 
 1938       2.721576365437e-11 
 1939       2.709406223307e-11 
 1940       2.697155244154e-11 
 1941       2.684827105599e-11 
 1942       2.672425501010e-11 
 1943       2.659954139521e-11 
 1944       2.647416746058e-11 
 1945       2.634817061351e-11 
 1946       2.622158841964e-11 
 1947       2.609445860308e-11 
 1948       2.596681904664e-11 
 1949       2.583870779206e-11 
 1950       2.571016304018e-11 
 1951       2.558122315115e-11 
 1952       2.545192664464e-11 
 1953       2.532231220008e-11 
 1954       2.519241865678e-11 
 1955       2.506228501423e-11 
 1956       2.493195043223e-11 
 1957       2.480145423116e-11 
 1958       2.467083589212e-11 
 1959       2.454013505718e-11 
 1960       2.440939152957e-11 
 1961       2.427864527387e-11 
 1962       2.414793641626e-11 
 1963       2.401730524468e-11 
 1964       2.388679220903e-11 
 1965       2.375643792144e-11 
 1966       2.362628315638e-11 
 1967       2.349636885094e-11 
 1968       2.336673610502e-11 
 1969       2.323742618150e-11 
 1970       2.310847772580e-11 
 1971       2.297991840140e-11 
 1972       2.285177319257e-11 
 1973       2.272406717954e-11 
 1974       2.259682553859e-11 
 1975       2.247007354220e-11 
 1976       2.234383655916e-11 
 1977       2.221814005468e-11 
 1978       2.209300959052e-11 
 1979       2.196847082510e-11 
 1980       2.184454951361e-11 
 1981       2.172127150817e-11 
 1982       2.159866275789e-11 
 1983       2.147674930904e-11 
 1984       2.135555730515e-11 
 1985       2.123511298710e-11 
 1986       2.111544269329e-11 
 1987       2.099657285974e-11 
 1988       2.087853002018e-11 
 1989       2.076134080620e-11 
 1990       2.064503194739e-11 
 1991       2.052963027138e-11 
 1992       2.041516270405e-11 
 1993       2.030165626960e-11 
 1994       2.018913809065e-11 
 1995       2.007763538842e-11 
 1996       1.996717548281e-11 
 1997       1.985778579250e-11 
 1998       1.974949383511e-11 
 1999       1.964232722731e-11 
 2000       1.953631368491e-11 
 2001       1.943148102300e-11 
 2002       1.932785715610e-11 
 2003       1.922547009821e-11 
 2004       1.912434796298e-11 
 2005       1.902451896382e-11 
 2006       1.892601141400e-11 
 2007       1.882885372679e-11 
 2008       1.873307441558e-11 
 2009       1.863869747082e-11 
 2010       1.854572845383e-11 
 2011       1.845416830191e-11 
 2012       1.836401794231e-11 
 2013       1.827527829219e-11 
 2014       1.818795025862e-11 
 2015       1.810203473853e-11 
 2016       1.801753261873e-11 
 2017       1.793444477586e-11 
 2018       1.785277207639e-11 
 2019       1.777251537661e-11 
 2020       1.769367552257e-11 
 2021       1.761625335011e-11 
 2022       1.754024968482e-11 
 2023       1.746566534202e-11 
 2024       1.739250112674e-11 
 2025       1.732075783369e-11 
 2026       1.725043624730e-11 
 2027       1.718153714162e-11 
 2028       1.711406128035e-11 
 2029       1.704800941682e-11 
 2030       1.698338229395e-11 
 2031       1.692018064426e-11 
 2032       1.685840518983e-11 
 2033       1.679805664226e-11 
 2034       1.673913570273e-11 
 2035       1.668164306190e-11 
 2036       1.662557939991e-11 
 2037       1.657094538641e-11 
 2038       1.651774168046e-11 
 2039       1.646596893061e-11 
 2040       1.641562777477e-11 
 2041       1.636671884030e-11 
 2042       1.631924274391e-11 
 2043       1.627320009168e-11 
 2044       1.622859147904e-11 
 2045       1.618541749074e-11 
 2046       1.614367870084e-11 
 2047       1.610337567268e-11 
 2048       1.606450572515e-11 
 2049       1.602705320617e-11 
 2050       1.599099914967e-11 
 2051       1.595632450286e-11 
 2052       1.592301012611e-11 
 2053       1.589103679291e-11 
 2054       1.586038518966e-11 
 2055       1.583103591567e-11 
 2056       1.580296948292e-11 
 2057       1.577616631609e-11 
 2058       1.575060675231e-11 
 2059       1.572627104117e-11 
 2060       1.570313934453e-11 
 2061       1.568119173645e-11 
 2062       1.566040820303e-11 
 2063       1.564076864237e-11 
 2064       1.562225286441e-11 
 2065       1.560484059083e-11 
 2066       1.558851145493e-11 
 2067       1.557324500154e-11 
 2068       1.555902068690e-11 
 2069       1.554581787854e-11 
 2070       1.553361585519e-11 
 2071       1.552239380662e-11 
 2072       1.551213083361e-11 
 2073       1.550280594777e-11 
 2074       1.549439807143e-11 
 2075       1.548688603760e-11 
 2076       1.548024858978e-11 
 2077       1.547446438187e-11 
 2078       1.546951197810e-11 
 2079       1.546536985286e-11 
 2080       1.546201639062e-11 
 2081       1.545942988584e-11 
 2082       1.545758854279e-11 
 2083       1.545647047553e-11 
 2084       1.545605370773e-11 
 2085       1.545631617257e-11 
 2086       1.545723571267e-11 
 2087       1.545878997724e-11 
 2088       1.546095611318e-11 
 2089       1.546371107161e-11 
 2090       1.546703171026e-11 
 2091       1.547089479334e-11 
 2092       1.547527699143e-11 
 2093       1.548015488139e-11 
 2094       1.548550494619e-11 
 2095       1.549130357488e-11 
 2096       1.549752706238e-11 
 2097       1.550415160945e-11 
 2098       1.551115332252e-11 
 2099       1.551850821361e-11 
 2100       1.552619220020e-11 
 2101       1.553418110510e-11 
 2102       1.554245065639e-11 
 2103       1.555097648724e-11 
 2104       1.555973413585e-11 
 2105       1.556869904531e-11 
 2106       1.557784656348e-11 
 2107       1.558715194290e-11 
 2108       1.559659034064e-11 
 2109       1.560613681824e-11 
 2110       1.561576634155e-11 
 2111       1.562545378062e-11 
 2112       1.563517390962e-11 
 2113       1.564490140668e-11 
 2114       1.565461085383e-11 
 2115       1.566427673683e-11 
 2116       1.567387344508e-11 
 2117       1.568337527155e-11 
 2118       1.569275641256e-11 
 2119       1.570199096779e-11 
 2120       1.571105294008e-11 
 2121       1.571991623533e-11 
 2122       1.572855466244e-11 
 2123       1.573694193311e-11 
 2124       1.574505166181e-11 
 2125       1.575285736561e-11 
 2126       1.576033491103e-11 
 2127       1.576746987322e-11 
 2128       1.577425022723e-11 
 2129       1.578066390560e-11 
 2130       1.578669879832e-11 
 2131       1.579234275280e-11 
 2132       1.579758357379e-11 
 2133       1.580240902334e-11 
 2134       1.580680682078e-11 
 2135       1.581076464261e-11 
 2136       1.581427012253e-11 
 2137       1.581731085131e-11 
 2138       1.581987437681e-11 
 2139       1.582194820390e-11 
 2140       1.582351979438e-11 
 2141       1.582457656701e-11 
 2142       1.582510589738e-11 
 2143       1.582509511792e-11 
 2144       1.582453151780e-11 
 2145       1.582340234295e-11 
 2146       1.582169479592e-11 
 2147       1.581939603592e-11 
 2148       1.581649317871e-11 
 2149       1.581297329659e-11 
 2150       1.580882341832e-11 
 2151       1.580403052908e-11 
 2152       1.579858157046e-11 
 2153       1.579246344034e-11 
 2154       1.578566299289e-11 
 2155       1.577816703853e-11 
 2156       1.576996234383e-11 
 2157       1.576103563151e-11 
 2158       1.575137358037e-11 
 2159       1.574096282524e-11 
 2160       1.572978995696e-11 
 2161       1.571784152226e-11 
 2162       1.570510402381e-11 
 2163       1.569156392007e-11 
 2164       1.567720762534e-11 
 2165       1.566202447241e-11 
 2166       1.564601562283e-11 
 2167       1.562918521687e-11 
 2168       1.561153741614e-11 
 2169       1.559307640368e-11 
 2170       1.557380638400e-11 
 2171       1.555373158304e-11 
 2172       1.553285624826e-11 
 2173       1.551118464864e-11 
 2174       1.548872107470e-11 
 2175       1.546546983855e-11 
 2176       1.544143527391e-11 
 2177       1.541662173611e-11 
 2178       1.539103360215e-11 
 2179       1.536467527071e-11 
 2180       1.533755116220e-11 
 2181       1.530966571874e-11 
 2182       1.528102340424e-11 
 2183       1.525162870440e-11 
 2184       1.522148612672e-11 
 2185       1.519060020057e-11 
 2186       1.515897547719e-11 
 2187       1.512661652972e-11 
 2188       1.509352795320e-11 
 2189       1.505971436467e-11 
 2190       1.502518040313e-11 
 2191       1.498993072957e-11 
 2192       1.495397002706e-11 
 2193       1.491730300069e-11 
 2194       1.487993437767e-11 
 2195       1.484186890730e-11 
 2196       1.480311136104e-11 
 2197       1.476366653252e-11 
 2198       1.472353923756e-11 
 2199       1.468273431422e-11 
 2200       1.464125662279e-11 
 2201       1.459911104584e-11 
 2202       1.455630248828e-11 
 2203       1.451283587730e-11 
 2204       1.446871769434e-11 
 2205       1.442396058176e-11 
 2206       1.437857876680e-11 
 2207       1.433258653254e-11 
 2208       1.428599821798e-11 
 2209       1.423882821811e-11 
 2210       1.419109098398e-11 
 2211       1.414280102273e-11 
 2212       1.409397289769e-11 
 2213       1.404462122845e-11 
 2214       1.399476069087e-11 
 2215       1.394440601721e-11 
 2216       1.389357199617e-11 
 2217       1.384227347293e-11 
 2218       1.379052534927e-11 
 2219       1.373834258357e-11 
 2220       1.368574019093e-11 
 2221       1.363273324319e-11 
 2222       1.357933686904e-11 
 2223       1.352556625403e-11 
 2224       1.347143664071e-11 
 2225       1.341696332861e-11 
 2226       1.336216167436e-11 
 2227       1.330704709175e-11 
 2228       1.325163505177e-11 
 2229       1.319594108270e-11 
 2230       1.313998077015e-11 
 2231       1.308376975716e-11 
 2232       1.302732374424e-11 
 2233       1.297065848941e-11 
 2234       1.291378980834e-11 
 2235       1.285673357434e-11 
 2236       1.279950571844e-11 
 2237       1.274212222951e-11 
 2238       1.268459915424e-11 
 2239       1.262695259728e-11 
 2240       1.256919872125e-11 
 2241       1.251135374685e-11 
 2242       1.245343395286e-11 
 2243       1.239545513899e-11 
 2244       1.233743101002e-11 
 2245       1.227937478121e-11 
 2246       1.222129971470e-11 
 2247       1.216321911951e-11 
 2248       1.210514635166e-11 
 2249       1.204709481416e-11 
 2250       1.198907795713e-11 
 2251       1.193110927778e-11 
 2252       1.187320232052e-11 
 2253       1.181537067697e-11 
 2254       1.175762798604e-11 
 2255       1.169998793398e-11 
 2256       1.164246425440e-11 
 2257       1.158507072838e-11 
 2258       1.152782118445e-11 
 2259       1.147072949871e-11 
 2260       1.141380959484e-11 
 2261       1.135707544417e-11 
 2262       1.130054106572e-11 
 2263       1.124422052625e-11 
 2264       1.118812794034e-11 
 2265       1.113227747041e-11 
 2266       1.107668332679e-11 
 2267       1.102135976775e-11 
 2268       1.096632109959e-11 
 2269       1.091158167666e-11 
 2270       1.085715590140e-11 
 2271       1.080305822447e-11 
 2272       1.074930314468e-11 
 2273       1.069590520915e-11 
 2274       1.064287901331e-11 
 2275       1.059023920095e-11 
 2276       1.053800046430e-11 
 2277       1.048617754407e-11 
 2278       1.043478522947e-11 
 2279       1.038383835830e-11 
 2280       1.033335181702e-11 
 2281       1.028334054073e-11 
 2282       1.023381767626e-11 
 2283       1.018478905811e-11 
 2284       1.013625869717e-11 
 2285       1.008823061450e-11 
 2286       1.004070884138e-11 
 2287       9.993697419275e-12 
 2288       9.947200399890e-12 
 2289       9.901221845154e-12 
 2290       9.855765827234e-12 
 2291       9.810836428549e-12 
 2292       9.766437741775e-12 
 2293       9.722573869857e-12 
 2294       9.679248926019e-12 
 2295       9.636467033773e-12 
 2296       9.594232326927e-12 
 2297       9.552548949598e-12 
 2298       9.511421056218e-12 
 2299       9.470852811547e-12 
 2300       9.430848390682e-12 
 2301       9.391411979063e-12 
 2302       9.352547772487e-12 
 2303       9.314259977118e-12 
 2304       9.276552809491e-12 
 2305       9.239430496529e-12 
 2306       9.202897275547e-12 
 2307       9.166957394265e-12 
 2308       9.131615110815e-12 
 2309       9.096874693754e-12 
 2310       9.062740422070e-12 
 2311       9.029216585194e-12 
 2312       8.996307483010e-12 
 2313       8.964017425863e-12 
 2314       8.932350734569e-12 
 2315       8.901311740426e-12 
 2316       8.870904785220e-12 
 2317       8.841134221242e-12 
 2318       8.812004411290e-12 
 2319       8.783519728681e-12 
 2320       8.755684557263e-12 
 2321       8.728501569435e-12 
 2322       8.701966548318e-12 
 2323       8.676073532943e-12 
 2324       8.650816537243e-12 
 2325       8.626189550025e-12 
 2326       8.602186534939e-12 
 2327       8.578801430454e-12 
 2328       8.556028149824e-12 
 2329       8.533860581064e-12 
 2330       8.512292586918e-12 
 2331       8.491318004831e-12 
 2332       8.470930646922e-12 
 2333       8.451124299954e-12 
 2334       8.431892725304e-12 
 2335       8.413229658938e-12 
 2336       8.395128811378e-12 
 2337       8.377583867677e-12 
 2338       8.360588487388e-12 
 2339       8.344136304535e-12 
 2340       8.328220927587e-12 
 2341       8.312835939428e-12 
 2342       8.297974897325e-12 
 2343       8.283631332905e-12 
 2344       8.269798752123e-12 
 2345       8.256470635234e-12 
 2346       8.243640436764e-12 
 2347       8.231301585481e-12 
 2348       8.219447484367e-12 
 2349       8.208071510590e-12 
 2350       8.197167015474e-12 
 2351       8.186727324472e-12 
 2352       8.176745737132e-12 
 2353       8.167215527078e-12 
 2354       8.158129941973e-12 
 2355       8.149482203491e-12 
 2356       8.141265507295e-12 
 2357       8.133473023000e-12 
 2358       8.126097894150e-12 
 2359       8.119133238185e-12 
 2360       8.112571618490e-12 
 2361       8.106403456994e-12 
 2362       8.100618611665e-12 
 2363       8.095206903500e-12 
 2364       8.090158116486e-12 
 2365       8.085461997560e-12 
 2366       8.081108256570e-12 
 2367       8.077086566232e-12 
 2368       8.073386562094e-12 
 2369       8.069997842492e-12 
 2370       8.066909968513e-12 
 2371       8.064112463953e-12 
 2372       8.061594815278e-12 
 2373       8.059346471583e-12 
 2374       8.057356844555e-12 
 2375       8.055615308426e-12 
 2376       8.054111199942e-12 
 2377       8.052833818316e-12 
 2378       8.051772425190e-12 
 2379       8.050916244596e-12 
 2380       8.050254462916e-12 
 2381       8.049776228839e-12 
 2382       8.049470653327e-12 
 2383       8.049326809566e-12 
 2384       8.049333732935e-12 
 2385       8.049480420959e-12 
 2386       8.049755833276e-12 
 2387       8.050148891588e-12 
 2388       8.050648479629e-12 
 2389       8.051243443120e-12 
 2390       8.051922589733e-12 
 2391       8.052674689045e-12 
 2392       8.053488472505e-12 
 2393       8.054352633389e-12 
 2394       8.055255826762e-12 
 2395       8.056186669436e-12 
 2396       8.057133739932e-12 
 2397       8.058085578442e-12 
 2398       8.059030686782e-12 
 2399       8.059958204368e-12 
 2400       8.060859940711e-12 
 2401       8.061728355244e-12 
 2402       8.062555882416e-12 
 2403       8.063334931659e-12 
 2404       8.064057887371e-12 
 2405       8.064717108884e-12 
 2406       8.065304930440e-12 
 2407       8.065813661163e-12 
 2408       8.066235585038e-12 
 2409       8.066562960879e-12 
 2410       8.066788022307e-12 
 2411       8.066902977724e-12 
 2412       8.066900010284e-12 
 2413       8.066771277870e-12 
 2414       8.066508913067e-12 
 2415       8.066105023135e-12 
 2416       8.065551689986e-12 
 2417       8.064840970155e-12 
 2418       8.063964894774e-12 
 2419       8.062915469549e-12 
 2420       8.061684674732e-12 
 2421       8.060264465094e-12 
 2422       8.058646769902e-12 
 2423       8.056823492890e-12 
 2424       8.054786512234e-12 
 2425       8.052527680528e-12 
 2426       8.050038824756e-12 
 2427       8.047311746265e-12 
 2428       8.044338220742e-12 
 2429       8.041109998186e-12 
 2430       8.037618802882e-12 
 2431       8.033856333378e-12 
 2432       8.029814262453e-12 
 2433       8.025484237098e-12 
 2434       8.020857878484e-12 
 2435       8.015926781940e-12 
 2436       8.010682516927e-12 
 2437       8.005116627009e-12 
 2438       7.999222116787e-12 
 2439       7.992997922512e-12 
 2440       7.986444468266e-12 
 2441       7.979562181452e-12 
 2442       7.972351492796e-12 
 2443       7.964812836349e-12 
 2444       7.956946649495e-12 
 2445       7.948753372949e-12 
 2446       7.940233450770e-12 
 2447       7.931387330355e-12 
 2448       7.922215462451e-12 
 2449       7.912718301155e-12 
 2450       7.902896303918e-12 
 2451       7.892749931552e-12 
 2452       7.882279648231e-12 
 2453       7.871485921496e-12 
 2454       7.860369222260e-12 
 2455       7.848930024809e-12 
 2456       7.837168806812e-12 
 2457       7.825086049317e-12 
 2458       7.812682236762e-12 
 2459       7.799957856977e-12 
 2460       7.786913401186e-12 
 2461       7.773549364011e-12 
 2462       7.759866243481e-12 
 2463       7.745864541031e-12 
 2464       7.731544761506e-12 
 2465       7.716907413169e-12 
 2466       7.701953007702e-12 
 2467       7.686682060209e-12 
 2468       7.671095089225e-12 
 2469       7.655192616714e-12 
 2470       7.638975168077e-12 
 2471       7.622443272155e-12 
 2472       7.605597461232e-12 
 2473       7.588438271042e-12 
 2474       7.570966240769e-12 
 2475       7.553181913053e-12 
 2476       7.535085833997e-12 
 2477       7.516678217875e-12 
 2478       7.497957939110e-12 
 2479       7.478923534346e-12 
 2480       7.459573537201e-12 
 2481       7.439906478257e-12 
 2482       7.419920885062e-12 
 2483       7.399615282125e-12 
 2484       7.378988190917e-12 
 2485       7.358038129864e-12 
 2486       7.336763614348e-12 
 2487       7.315163156703e-12 
 2488       7.293235266212e-12 
 2489       7.270978449107e-12 
 2490       7.248391208562e-12 
 2491       7.225472044695e-12 
 2492       7.202219454563e-12 
 2493       7.178631932160e-12 
 2494       7.154707968415e-12 
 2495       7.130446051190e-12 
 2496       7.105844665275e-12 
 2497       7.080902292387e-12 
 2498       7.055617411169e-12 
 2499       7.029988497184e-12 
 2500       7.004014022917e-12 
