# dimensionless total [l(l+1)/2pi] C_l's
# for l=2 to 2500, i.e. number of multipoles equal to 2499
#
# -> if you prefer output in CAMB/HealPix/LensPix units/order, set 'format' to 'camb' in input file
# -> if you don't want to see such a header, set 'headers' to 'no' in input file
#
# 1:l     2:TT                 
    2       2.431024096133e-10 
    3       2.110975288028e-10 
    4       1.875486943482e-10 
    5       1.708612443934e-10 
    6       1.590532775623e-10 
    7       1.507116053735e-10 
    8       1.448327432557e-10 
    9       1.406845361446e-10 
   10       1.378371540753e-10 
   11       1.359611474939e-10 
   12       1.348501135528e-10 
   13       1.343183573700e-10 
   14       1.342709494801e-10 
   15       1.345745233764e-10 
   16       1.351898654863e-10 
   17       1.361588778681e-10 
   18       1.373406396223e-10 
   19       1.387218327305e-10 
   20       1.402743991762e-10 
   21       1.420028713556e-10 
   22       1.438798782322e-10 
   23       1.458982210738e-10 
   24       1.480290036277e-10 
   25       1.502664053988e-10 
   26       1.525952090144e-10 
   27       1.550258063956e-10 
   28       1.575563475306e-10 
   29       1.601670161659e-10 
   30       1.628610529470e-10 
   31       1.656354515344e-10 
   32       1.684758961357e-10 
   33       1.713838556934e-10 
   34       1.743566480915e-10 
   35       1.773848267775e-10 
   36       1.804724684317e-10 
   37       1.836221129946e-10 
   38       1.868282782704e-10 
   39       1.900818263162e-10 
   40       1.933869724260e-10 
   41       1.967486176411e-10 
   42       2.001671457716e-10 
   43       2.036401843772e-10 
   44       2.071696707828e-10 
   45       2.107561874289e-10 
   46       2.143965927744e-10 
   47       2.180836876872e-10 
   48       2.218093429485e-10 
   49       2.255757026909e-10 
   50       2.293865658942e-10 
   51       2.332440478452e-10 
   52       2.371484231161e-10 
   53       2.410992006687e-10 
   54       2.450990351731e-10 
   55       2.491505477896e-10 
   56       2.532550790897e-10 
   57       2.574125836949e-10 
   58       2.616215249166e-10 
   59       2.658798500156e-10 
   60       2.701884197516e-10 
   61       2.745481904827e-10 
   62       2.789591362466e-10 
   63       2.834201800313e-10 
   64       2.879291250458e-10 
   65       2.924836649893e-10 
   66       2.970848179184e-10 
   67       3.017340989022e-10 
   68       3.064324673668e-10 
   69       3.111802885475e-10 
   70       3.159772949415e-10 
   71       3.208225477600e-10 
   72       3.257149755282e-10 
   73       3.306551952364e-10 
   74       3.356439727248e-10 
   75       3.406816515699e-10 
   76       3.457681277140e-10 
   77       3.509028240942e-10 
   78       3.560846652722e-10 
   79       3.613120520627e-10 
   80       3.665833740921e-10 
   81       3.718987057980e-10 
   82       3.772583600314e-10 
   83       3.826623611171e-10 
   84       3.881104294447e-10 
   85       3.936019660599e-10 
   86       3.991360372548e-10 
   87       4.047113591592e-10 
   88       4.103262823315e-10 
   89       4.159791750983e-10 
   90       4.216696760780e-10 
   91       4.273976106619e-10 
   92       4.331626004521e-10 
   93       4.389640538267e-10 
   94       4.448011565042e-10 
   95       4.506728621081e-10 
   96       4.565778827318e-10 
   97       4.625146795031e-10 
   98       4.684814531490e-10 
   99       4.744764132114e-10 
  100       4.804986495999e-10 
  101       4.865473675332e-10 
  102       4.926216139200e-10 
  103       4.987202713014e-10 
  104       5.048420517930e-10 
  105       5.109854910276e-10 
  106       5.171489420967e-10 
  107       5.233305694935e-10 
  108       5.295283430549e-10 
  109       5.357400319035e-10 
  110       5.419634586167e-10 
  111       5.481973116989e-10 
  112       5.544404262350e-10 
  113       5.606915294987e-10 
  114       5.669492374526e-10 
  115       5.732120512474e-10 
  116       5.794783537220e-10 
  117       5.857464059035e-10 
  118       5.920143435065e-10 
  119       5.982801734332e-10 
  120       6.045417702730e-10 
  121       6.107968728025e-10 
  122       6.170430804850e-10 
  123       6.232780448403e-10 
  124       6.295000759035e-10 
  125       6.357075991650e-10 
  126       6.418989649947e-10 
  127       6.480724466746e-10 
  128       6.542262384317e-10 
  129       6.603584534713e-10 
  130       6.664671220100e-10 
  131       6.725501893081e-10 
  132       6.786055137034e-10 
  133       6.846308646434e-10 
  134       6.906239207190e-10 
  135       6.965822676967e-10 
  136       7.025033965523e-10 
  137       7.083848721728e-10 
  138       7.142248633290e-10 
  139       7.200216640701e-10 
  140       7.257735270991e-10 
  141       7.314786628894e-10 
  142       7.371352388008e-10 
  143       7.427413781959e-10 
  144       7.482951595561e-10 
  145       7.537946155983e-10 
  146       7.592377323907e-10 
  147       7.646224484693e-10 
  148       7.699466539541e-10 
  149       7.752081896653e-10 
  150       7.804048462395e-10 
  151       7.855343632461e-10 
  152       7.905944283035e-10 
  153       7.955828184479e-10 
  154       8.004978408846e-10 
  155       8.053379317044e-10 
  156       8.101015171550e-10 
  157       8.147870134809e-10 
  158       8.193928267652e-10 
  159       8.239173527693e-10 
  160       8.283589767745e-10 
  161       8.327160734219e-10 
  162       8.369870065540e-10 
  163       8.411701290546e-10 
  164       8.452637826902e-10 
  165       8.492662979504e-10 
  166       8.531759938886e-10 
  167       8.569911779630e-10 
  168       8.607101458770e-10 
  169       8.643311814202e-10 
  170       8.678525563089e-10 
  171       8.712726372559e-10 
  172       8.745902175303e-10 
  173       8.778042128668e-10 
  174       8.809135570016e-10 
  175       8.839172019510e-10 
  176       8.868141182889e-10 
  177       8.896032954256e-10 
  178       8.922837418858e-10 
  179       8.948544855870e-10 
  180       8.973145741173e-10 
  181       8.996630750141e-10 
  182       9.018990760421e-10 
  183       9.040216854715e-10 
  184       9.060300323565e-10 
  185       9.079232668129e-10 
  186       9.097005602971e-10 
  187       9.113611058837e-10 
  188       9.129041185440e-10 
  189       9.143288354244e-10 
  190       9.156345161242e-10 
  191       9.168205028026e-10 
  192       9.178864049551e-10 
  193       9.188319290640e-10 
  194       9.196568204871e-10 
  195       9.203608639318e-10 
  196       9.209438839293e-10 
  197       9.214057453081e-10 
  198       9.217463536682e-10 
  199       9.219656558554e-10 
  200       9.220636404348e-10 
  201       9.220403381652e-10 
  202       9.218958224729e-10 
  203       9.216302099256e-10 
  204       9.212436607069e-10 
  205       9.207363790894e-10 
  206       9.201086139098e-10 
  207       9.193606590418e-10 
  208       9.184928538710e-10 
  209       9.175055837684e-10 
  210       9.163992805644e-10 
  211       9.151744230231e-10 
  212       9.138315373161e-10 
  213       9.123711933244e-10 
  214       9.107939922837e-10 
  215       9.091005792204e-10 
  216       9.072916475090e-10 
  217       9.053679393348e-10 
  218       9.033302461573e-10 
  219       9.011794091730e-10 
  220       8.989163197783e-10 
  221       8.965419200327e-10 
  222       8.940572031219e-10 
  223       8.914632138205e-10 
  224       8.887610489552e-10 
  225       8.859518578680e-10 
  226       8.830368428788e-10 
  227       8.800172597487e-10 
  228       8.768944181430e-10 
  229       8.736696820942e-10 
  230       8.703444704648e-10 
  231       8.669202574107e-10 
  232       8.633985728438e-10 
  233       8.597810028955e-10 
  234       8.560691903790e-10 
  235       8.522648352533e-10 
  236       8.483696950852e-10 
  237       8.443855855129e-10 
  238       8.403142987881e-10 
  239       8.361573529680e-10 
  240       8.319162284264e-10 
  241       8.275924486966e-10 
  242       8.231875807615e-10 
  243       8.187032353440e-10 
  244       8.141410671969e-10 
  245       8.095027753934e-10 
  246       8.047901036171e-10 
  247       8.000048404521e-10 
  248       7.951488196737e-10 
  249       7.902239205378e-10 
  250       7.852320680718e-10 
  251       7.801752333643e-10 
  252       7.750554338556e-10 
  253       7.698747336279e-10 
  254       7.646352436951e-10 
  255       7.593391222935e-10 
  256       7.539885751717e-10 
  257       7.485858558808e-10 
  258       7.431332660647e-10 
  259       7.376331557502e-10 
  260       7.320879236372e-10 
  261       7.265000173890e-10 
  262       7.208719339223e-10 
  263       7.152062196976e-10 
  264       7.095054710092e-10 
  265       7.037723342756e-10 
  266       6.980093511866e-10 
  267       6.922184842339e-10 
  268       6.864015659803e-10 
  269       6.805604519107e-10 
  270       6.746970204605e-10 
  271       6.688131730430e-10 
  272       6.629108340783e-10 
  273       6.569919510206e-10 
  274       6.510584943867e-10 
  275       6.451124577839e-10 
  276       6.391558579380e-10 
  277       6.331907347218e-10 
  278       6.272191511823e-10 
  279       6.212431935697e-10 
  280       6.152649713649e-10 
  281       6.092866173075e-10 
  282       6.033102874243e-10 
  283       5.973381610570e-10 
  284       5.913724408904e-10 
  285       5.854153529805e-10 
  286       5.794691467822e-10 
  287       5.735360951780e-10 
  288       5.676184945055e-10 
  289       5.617186645858e-10 
  290       5.558389487512e-10 
  291       5.499817138737e-10 
  292       5.441493503928e-10 
  293       5.383442723435e-10 
  294       5.325689173845e-10 
  295       5.268257468264e-10 
  296       5.211172456593e-10 
  297       5.154457398874e-10 
  298       5.098128386332e-10 
  299       5.042199649120e-10 
  300       4.986685356580e-10 
  301       4.931599615048e-10 
  302       4.876956465655e-10 
  303       4.822769882135e-10 
  304       4.769053768623e-10 
  305       4.715821957462e-10 
  306       4.663088207006e-10 
  307       4.610866199423e-10 
  308       4.559169538501e-10 
  309       4.508011747446e-10 
  310       4.457406266692e-10 
  311       4.407366451699e-10 
  312       4.357905570762e-10 
  313       4.309036802810e-10 
  314       4.260773235212e-10 
  315       4.213127861578e-10 
  316       4.166113579566e-10 
  317       4.119743188685e-10 
  318       4.074029388095e-10 
  319       4.028984774414e-10 
  320       3.984621839522e-10 
  321       3.940952968361e-10 
  322       3.897990436742e-10 
  323       3.855746409147e-10 
  324       3.814232936533e-10 
  325       3.773461954134e-10 
  326       3.733445279269e-10 
  327       3.694194609139e-10 
  328       3.655721518637e-10 
  329       3.618037458145e-10 
  330       3.581153751346e-10 
  331       3.545081593019e-10 
  332       3.509830924434e-10 
  333       3.475407009829e-10 
  334       3.441813706236e-10 
  335       3.409054569019e-10 
  336       3.377132848461e-10 
  337       3.346051486344e-10 
  338       3.315813112541e-10 
  339       3.286420041597e-10 
  340       3.257874269313e-10 
  341       3.230177469337e-10 
  342       3.203330989742e-10 
  343       3.177335849618e-10 
  344       3.152192735653e-10 
  345       3.127901998720e-10 
  346       3.104463650460e-10 
  347       3.081877359871e-10 
  348       3.060142449890e-10 
  349       3.039257893981e-10 
  350       3.019222312717e-10 
  351       3.000033970369e-10 
  352       2.981690771488e-10 
  353       2.964190257492e-10 
  354       2.947529603250e-10 
  355       2.931705613670e-10 
  356       2.916714720280e-10 
  357       2.902552977819e-10 
  358       2.889216060815e-10 
  359       2.876699260178e-10 
  360       2.864997479777e-10 
  361       2.854105233035e-10 
  362       2.844016639505e-10 
  363       2.834725421460e-10 
  364       2.826224900479e-10 
  365       2.818507994029e-10 
  366       2.811567212053e-10 
  367       2.805394653555e-10 
  368       2.799982003182e-10 
  369       2.795320527815e-10 
  370       2.791401073150e-10 
  371       2.788214677267e-10 
  372       2.785754444789e-10 
  373       2.784013739305e-10 
  374       2.782985570143e-10 
  375       2.782662589484e-10 
  376       2.783037089487e-10 
  377       2.784100999409e-10 
  378       2.785845882729e-10 
  379       2.788262934268e-10 
  380       2.791342977310e-10 
  381       2.795076460727e-10 
  382       2.799453456098e-10 
  383       2.804463654831e-10 
  384       2.810096365283e-10 
  385       2.816340509889e-10 
  386       2.823184622273e-10 
  387       2.830616844379e-10 
  388       2.838624923587e-10 
  389       2.847196209838e-10 
  390       2.856317652753e-10 
  391       2.865975798758e-10 
  392       2.876156788202e-10 
  393       2.886846352483e-10 
  394       2.898029811164e-10 
  395       2.909692069101e-10 
  396       2.921817613561e-10 
  397       2.934390511344e-10 
  398       2.947394405906e-10 
  399       2.960812514479e-10 
  400       2.974627625194e-10 
  401       2.988822094203e-10 
  402       3.003377842800e-10 
  403       3.018276354543e-10 
  404       3.033498672375e-10 
  405       3.049025395748e-10 
  406       3.064836677739e-10 
  407       3.080912222181e-10 
  408       3.097231280777e-10 
  409       3.113772650223e-10 
  410       3.130516818440e-10 
  411       3.147452492877e-10 
  412       3.164570297774e-10 
  413       3.181860644597e-10 
  414       3.199313730691e-10 
  415       3.216919537933e-10 
  416       3.234667831379e-10 
  417       3.252548157925e-10 
  418       3.270549844951e-10 
  419       3.288661998977e-10 
  420       3.306873504314e-10 
  421       3.325173021720e-10 
  422       3.343548987044e-10 
  423       3.361989609886e-10 
  424       3.380482872245e-10 
  425       3.399016527174e-10 
  426       3.417578097429e-10 
  427       3.436154874122e-10 
  428       3.454733915375e-10 
  429       3.473302044971e-10 
  430       3.491845851006e-10 
  431       3.510351684540e-10 
  432       3.528805658253e-10 
  433       3.547193645091e-10 
  434       3.565501276925e-10 
  435       3.583713943199e-10 
  436       3.601816789582e-10 
  437       3.619794716621e-10 
  438       3.637632378396e-10 
  439       3.655314181166e-10 
  440       3.672824282027e-10 
  441       3.690146587562e-10 
  442       3.707264752492e-10 
  443       3.724162178328e-10 
  444       3.740822012027e-10 
  445       3.757227144639e-10 
  446       3.773360209963e-10 
  447       3.789203583198e-10 
  448       3.804739379594e-10 
  449       3.819951857066e-10 
  450       3.834834712391e-10 
  451       3.849384018534e-10 
  452       3.863595842113e-10 
  453       3.877466243481e-10 
  454       3.890991276801e-10 
  455       3.904166990129e-10 
  456       3.916989425495e-10 
  457       3.929454618980e-10 
  458       3.941558600799e-10 
  459       3.953297395376e-10 
  460       3.964667021431e-10 
  461       3.975663492054e-10 
  462       3.986282814786e-10 
  463       3.996520991701e-10 
  464       4.006374019486e-10 
  465       4.015837889517e-10 
  466       4.024908587943e-10 
  467       4.033582095763e-10 
  468       4.041854388910e-10 
  469       4.049721438326e-10 
  470       4.057179210045e-10 
  471       4.064223665270e-10 
  472       4.070850760458e-10 
  473       4.077056447396e-10 
  474       4.082836673279e-10 
  475       4.088187380795e-10 
  476       4.093104508204e-10 
  477       4.097583989412e-10 
  478       4.101621754059e-10 
  479       4.105213727594e-10 
  480       4.108355831355e-10 
  481       4.111043982652e-10 
  482       4.113274094844e-10 
  483       4.115042077418e-10 
  484       4.116343836073e-10 
  485       4.117175272798e-10 
  486       4.117532285949e-10 
  487       4.117410770333e-10 
  488       4.116807948579e-10 
  489       4.115726408754e-10 
  490       4.114170187239e-10 
  491       4.112143449072e-10 
  492       4.109650488692e-10 
  493       4.106695730690e-10 
  494       4.103283730558e-10 
  495       4.099419175440e-10 
  496       4.095106884878e-10 
  497       4.090351811566e-10 
  498       4.085159042092e-10 
  499       4.079533797698e-10 
  500       4.073481435019e-10 
  501       4.067007446839e-10 
  502       4.060117462836e-10 
  503       4.052817250337e-10 
  504       4.045112715060e-10 
  505       4.037009901869e-10 
  506       4.028514995523e-10 
  507       4.019634321421e-10 
  508       4.010374346357e-10 
  509       4.000741679265e-10 
  510       3.990743071970e-10 
  511       3.980385419939e-10 
  512       3.969675763027e-10 
  513       3.958621286228e-10 
  514       3.947229320427e-10 
  515       3.935507343144e-10 
  516       3.923462979288e-10 
  517       3.911104001903e-10 
  518       3.898438332920e-10 
  519       3.885474043906e-10 
  520       3.872219356810e-10 
  521       3.858682644719e-10 
  522       3.844872432599e-10 
  523       3.830797398052e-10 
  524       3.816466372061e-10 
  525       3.801888339739e-10 
  526       3.787072441083e-10 
  527       3.772027684062e-10 
  528       3.756762073671e-10 
  529       3.741283460309e-10 
  530       3.725599825875e-10 
  531       3.709719284402e-10 
  532       3.693650082674e-10 
  533       3.677400600859e-10 
  534       3.660979353129e-10 
  535       3.644394988287e-10 
  536       3.627656290392e-10 
  537       3.610772179387e-10 
  538       3.593751711719e-10 
  539       3.576604080969e-10 
  540       3.559338618475e-10 
  541       3.541964793958e-10 
  542       3.524492216146e-10 
  543       3.506930633404e-10 
  544       3.489289934351e-10 
  545       3.471580148495e-10 
  546       3.453811446848e-10 
  547       3.435994142563e-10 
  548       3.418138691547e-10 
  549       3.400255693096e-10 
  550       3.382355890517e-10 
  551       3.364450171749e-10 
  552       3.346549569998e-10 
  553       3.328665264351e-10 
  554       3.310808580412e-10 
  555       3.292990990917e-10 
  556       3.275224116368e-10 
  557       3.257519725655e-10 
  558       3.239889736678e-10 
  559       3.222346216980e-10 
  560       3.204901384363e-10 
  561       3.187567607521e-10 
  562       3.170357406661e-10 
  563       3.153283454132e-10 
  564       3.136358575044e-10 
  565       3.119595747901e-10 
  566       3.103006731422e-10 
  567       3.086597904940e-10 
  568       3.070374322227e-10 
  569       3.054341075722e-10 
  570       3.038503296642e-10 
  571       3.022866155094e-10 
  572       3.007434860186e-10 
  573       2.992214660138e-10 
  574       2.977210842397e-10 
  575       2.962428733743e-10 
  576       2.947873700406e-10 
  577       2.933551148175e-10 
  578       2.919466522510e-10 
  579       2.905625308652e-10 
  580       2.892033031739e-10 
  581       2.878695256913e-10 
  582       2.865617589434e-10 
  583       2.852805674791e-10 
  584       2.840265198814e-10 
  585       2.828001887784e-10 
  586       2.816021508547e-10 
  587       2.804329868625e-10 
  588       2.792932816326e-10 
  589       2.781836240857e-10 
  590       2.771046072437e-10 
  591       2.760568282404e-10 
  592       2.750408883331e-10 
  593       2.740573929138e-10 
  594       2.731069515200e-10 
  595       2.721901778459e-10 
  596       2.713076897540e-10 
  597       2.704601092858e-10 
  598       2.696480626732e-10 
  599       2.688721803495e-10 
  600       2.681330969607e-10 
  601       2.674314513766e-10 
  602       2.667678867020e-10 
  603       2.661430502879e-10 
  604       2.655575937423e-10 
  605       2.650120395029e-10 
  606       2.645063770005e-10 
  607       2.640404567934e-10 
  608       2.636141230938e-10 
  609       2.632272137351e-10 
  610       2.628795601396e-10 
  611       2.625709872860e-10 
  612       2.623013136768e-10 
  613       2.620703513057e-10 
  614       2.618779056255e-10 
  615       2.617237755149e-10 
  616       2.616077532465e-10 
  617       2.615296244544e-10 
  618       2.614891681011e-10 
  619       2.614861564454e-10 
  620       2.615203550100e-10 
  621       2.615915225486e-10 
  622       2.616994110136e-10 
  623       2.618437655237e-10 
  624       2.620243243311e-10 
  625       2.622408187893e-10 
  626       2.624929733202e-10 
  627       2.627805053821e-10 
  628       2.631031254367e-10 
  629       2.634605369168e-10 
  630       2.638524361938e-10 
  631       2.642785125452e-10 
  632       2.647384481220e-10 
  633       2.652319179162e-10 
  634       2.657585897284e-10 
  635       2.663181241350e-10 
  636       2.669101744563e-10 
  637       2.675343867231e-10 
  638       2.681903996449e-10 
  639       2.688778445771e-10 
  640       2.695963454886e-10 
  641       2.703455189292e-10 
  642       2.711249739969e-10 
  643       2.719343123058e-10 
  644       2.727730917899e-10 
  645       2.736407172813e-10 
  646       2.745365473917e-10 
  647       2.754599304085e-10 
  648       2.764102042517e-10 
  649       2.773866964315e-10 
  650       2.783887240048e-10 
  651       2.794155935326e-10 
  652       2.804666010367e-10 
  653       2.815410319570e-10 
  654       2.826381611086e-10 
  655       2.837572526383e-10 
  656       2.848975599826e-10 
  657       2.860583258237e-10 
  658       2.872387820472e-10 
  659       2.884381496990e-10 
  660       2.896556389423e-10 
  661       2.908904490143e-10 
  662       2.921417681841e-10 
  663       2.934087737088e-10 
  664       2.946906317912e-10 
  665       2.959864975363e-10 
  666       2.972955149089e-10 
  667       2.986168166902e-10 
  668       2.999495244351e-10 
  669       3.012927484290e-10 
  670       3.026455876452e-10 
  671       3.040071297014e-10 
  672       3.053764508174e-10 
  673       3.067526157716e-10 
  674       3.081346778582e-10 
  675       3.095216788443e-10 
  676       3.109126489270e-10 
  677       3.123066066903e-10 
  678       3.137025590622e-10 
  679       3.150995012716e-10 
  680       3.164964168055e-10 
  681       3.178922773663e-10 
  682       3.192860428281e-10 
  683       3.206767366507e-10 
  684       3.220636739727e-10 
  685       3.234462383018e-10 
  686       3.248238064764e-10 
  687       3.261957486414e-10 
  688       3.275614282250e-10 
  689       3.289202019149e-10 
  690       3.302714196350e-10 
  691       3.316144245215e-10 
  692       3.329485528998e-10 
  693       3.342731342601e-10 
  694       3.355874912348e-10 
  695       3.368909395742e-10 
  696       3.381827881232e-10 
  697       3.394623387977e-10 
  698       3.407288865610e-10 
  699       3.419817194002e-10 
  700       3.432201183027e-10 
  701       3.444433572326e-10 
  702       3.456507031070e-10 
  703       3.468414157725e-10 
  704       3.480147479817e-10 
  705       3.491699453695e-10 
  706       3.503062464297e-10 
  707       3.514228824911e-10 
  708       3.525190776942e-10 
  709       3.535940489675e-10 
  710       3.546470060041e-10 
  711       3.556771512377e-10 
  712       3.566836798197e-10 
  713       3.576657795947e-10 
  714       3.586226310779e-10 
  715       3.595534074309e-10 
  716       3.604572744380e-10 
  717       3.613333904834e-10 
  718       3.621809065267e-10 
  719       3.629989660800e-10 
  720       3.637867051840e-10 
  721       3.645432523843e-10 
  722       3.652678518636e-10 
  723       3.659602356132e-10 
  724       3.666202587320e-10 
  725       3.672477769572e-10 
  726       3.678426466683e-10 
  727       3.684047248928e-10 
  728       3.689338693100e-10 
  729       3.694299382564e-10 
  730       3.698927907301e-10 
  731       3.703222863955e-10 
  732       3.707182855882e-10 
  733       3.710806493198e-10 
  734       3.714092392823e-10 
  735       3.717039178531e-10 
  736       3.719645480999e-10 
  737       3.721909937847e-10 
  738       3.723831193696e-10 
  739       3.725407900205e-10 
  740       3.726638716125e-10 
  741       3.727522307344e-10 
  742       3.728057346936e-10 
  743       3.728242515203e-10 
  744       3.728076499731e-10 
  745       3.727557995429e-10 
  746       3.726685704581e-10 
  747       3.725458336893e-10 
  748       3.723874609538e-10 
  749       3.721933247205e-10 
  750       3.719632982149e-10 
  751       3.716972554230e-10 
  752       3.713950710972e-10 
  753       3.710566207598e-10 
  754       3.706817807089e-10 
  755       3.702704280221e-10 
  756       3.698224405620e-10 
  757       3.693376969806e-10 
  758       3.688160767240e-10 
  759       3.682574600371e-10 
  760       3.676617279686e-10 
  761       3.670288462852e-10 
  762       3.663591189691e-10 
  763       3.656529395892e-10 
  764       3.649107078542e-10 
  765       3.641328296339e-10 
  766       3.633197169822e-10 
  767       3.624717881584e-10 
  768       3.615894676498e-10 
  769       3.606731861937e-10 
  770       3.597233807992e-10 
  771       3.587404947697e-10 
  772       3.577249777249e-10 
  773       3.566772856227e-10 
  774       3.555978807814e-10 
  775       3.544872319019e-10 
  776       3.533458140897e-10 
  777       3.521741088769e-10 
  778       3.509726042446e-10 
  779       3.497417946446e-10 
  780       3.484821810218e-10 
  781       3.471942708361e-10 
  782       3.458785780848e-10 
  783       3.445356233242e-10 
  784       3.431659336923e-10 
  785       3.417700429302e-10 
  786       3.403484914049e-10 
  787       3.389018261308e-10 
  788       3.374306007924e-10 
  789       3.359353757657e-10 
  790       3.344167181409e-10 
  791       3.328752017441e-10 
  792       3.313114071597e-10 
  793       3.297259217523e-10 
  794       3.281193396886e-10 
  795       3.264922619601e-10 
  796       3.248452964046e-10 
  797       3.231790577287e-10 
  798       3.214941675295e-10 
  799       3.197912543171e-10 
  800       3.180709470142e-10 
  801       3.163338552811e-10 
  802       3.145805888756e-10 
  803       3.128117641639e-10 
  804       3.110280041408e-10 
  805       3.092299384515e-10 
  806       3.074182034116e-10 
  807       3.055934420286e-10 
  808       3.037563040224e-10 
  809       3.019074458464e-10 
  810       3.000475307081e-10 
  811       2.981772285905e-10 
  812       2.962972162723e-10 
  813       2.944081773492e-10 
  814       2.925108022547e-10 
  815       2.906057882811e-10 
  816       2.886938396001e-10 
  817       2.867756672836e-10 
  818       2.848519893251e-10 
  819       2.829235306602e-10 
  820       2.809910231874e-10 
  821       2.790552057892e-10 
  822       2.771168243528e-10 
  823       2.751766317912e-10 
  824       2.732353880637e-10 
  825       2.712938601972e-10 
  826       2.693528223067e-10 
  827       2.674130556167e-10 
  828       2.654753484813e-10 
  829       2.635404964057e-10 
  830       2.616093020670e-10 
  831       2.596825753346e-10 
  832       2.577611332918e-10 
  833       2.558458002562e-10 
  834       2.539374078004e-10 
  835       2.520367947735e-10 
  836       2.501448073214e-10 
  837       2.482622989081e-10 
  838       2.463901303362e-10 
  839       2.445290894151e-10 
  840       2.426796483909e-10 
  841       2.408422023377e-10 
  842       2.390171491361e-10 
  843       2.372048894797e-10 
  844       2.354058268826e-10 
  845       2.336203676865e-10 
  846       2.318489210679e-10 
  847       2.300918990453e-10 
  848       2.283497164866e-10 
  849       2.266227911158e-10 
  850       2.249115435208e-10 
  851       2.232163971600e-10 
  852       2.215377783700e-10 
  853       2.198761163724e-10 
  854       2.182318432814e-10 
  855       2.166053941105e-10 
  856       2.149972067801e-10 
  857       2.134077221245e-10 
  858       2.118373838992e-10 
  859       2.102866387879e-10 
  860       2.087559364099e-10 
  861       2.072457293272e-10 
  862       2.057564730518e-10 
  863       2.042886260527e-10 
  864       2.028426497632e-10 
  865       2.014190085881e-10 
  866       2.000181699109e-10 
  867       1.986406041009e-10 
  868       1.972867845207e-10 
  869       1.959571875328e-10 
  870       1.946522925074e-10 
  871       1.933725818293e-10 
  872       1.921185409052e-10 
  873       1.908906581706e-10 
  874       1.896894250975e-10 
  875       1.885153362011e-10 
  876       1.873688890473e-10 
  877       1.862505842599e-10 
  878       1.851608328583e-10 
  879       1.840996765680e-10 
  880       1.830670628743e-10 
  881       1.820629372627e-10 
  882       1.810872432114e-10 
  883       1.801399221847e-10 
  884       1.792209136252e-10 
  885       1.783301549471e-10 
  886       1.774675815284e-10 
  887       1.766331267042e-10 
  888       1.758267217594e-10 
  889       1.750482959210e-10 
  890       1.742977763515e-10 
  891       1.735750881415e-10 
  892       1.728801543024e-10 
  893       1.722128957589e-10 
  894       1.715732313425e-10 
  895       1.709610777837e-10 
  896       1.703763497048e-10 
  897       1.698189596132e-10 
  898       1.692888178935e-10 
  899       1.687858328007e-10 
  900       1.683099104530e-10 
  901       1.678609548244e-10 
  902       1.674388677375e-10 
  903       1.670435488564e-10 
  904       1.666748956795e-10 
  905       1.663328035321e-10 
  906       1.660171655593e-10 
  907       1.657278727190e-10 
  908       1.654648137740e-10 
  909       1.652278752858e-10 
  910       1.650169416064e-10 
  911       1.648318948717e-10 
  912       1.646726149942e-10 
  913       1.645389796555e-10 
  914       1.644308642992e-10 
  915       1.643481421241e-10 
  916       1.642906840762e-10 
  917       1.642583158079e-10 
  918       1.642506878154e-10 
  919       1.642674032192e-10 
  920       1.643080605971e-10 
  921       1.643722539712e-10 
  922       1.644595727943e-10 
  923       1.645696019370e-10 
  924       1.647019216738e-10 
  925       1.648561076702e-10 
  926       1.650317309689e-10 
  927       1.652283579769e-10 
  928       1.654455504519e-10 
  929       1.656828654892e-10 
  930       1.659398555077e-10 
  931       1.662160682374e-10 
  932       1.665110467055e-10 
  933       1.668243292232e-10 
  934       1.671554493724e-10 
  935       1.675039359923e-10 
  936       1.678693131659e-10 
  937       1.682511002070e-10 
  938       1.686488116466e-10 
  939       1.690619572194e-10 
  940       1.694900418510e-10 
  941       1.699325656438e-10 
  942       1.703890238644e-10 
  943       1.708589069296e-10 
  944       1.713417003936e-10 
  945       1.718368849342e-10 
  946       1.723439363398e-10 
  947       1.728623254956e-10 
  948       1.733915183710e-10 
  949       1.739309760053e-10 
  950       1.744801544952e-10 
  951       1.750385049810e-10 
  952       1.756054736332e-10 
  953       1.761805016393e-10 
  954       1.767630251908e-10 
  955       1.773524754689e-10 
  956       1.779483050939e-10 
  957       1.785500679388e-10 
  958       1.791573405083e-10 
  959       1.797696955770e-10 
  960       1.803867021804e-10 
  961       1.810079256044e-10 
  962       1.816329273757e-10 
  963       1.822612652517e-10 
  964       1.828924932109e-10 
  965       1.835261614428e-10 
  966       1.841618163383e-10 
  967       1.847990004793e-10 
  968       1.854372526293e-10 
  969       1.860761077235e-10 
  970       1.867150968585e-10 
  971       1.873537472829e-10 
  972       1.879915823873e-10 
  973       1.886281216940e-10 
  974       1.892628808478e-10 
  975       1.898953716055e-10 
  976       1.905251018267e-10 
  977       1.911515754632e-10 
  978       1.917742925494e-10 
  979       1.923927491927e-10 
  980       1.930064375632e-10 
  981       1.936148458841e-10 
  982       1.942174584217e-10 
  983       1.948137554756e-10 
  984       1.954032133686e-10 
  985       1.959853044371e-10 
  986       1.965594970211e-10 
  987       1.971252554544e-10 
  988       1.976820400544e-10 
  989       1.982293071127e-10 
  990       1.987665088849e-10 
  991       1.992930935808e-10 
  992       1.998085053545e-10 
  993       2.003121842947e-10 
  994       2.008035664143e-10 
  995       2.012821516688e-10 
  996       2.017477091218e-10 
  997       2.022000747715e-10 
  998       2.026390837943e-10 
  999       2.030645705432e-10 
 1000       2.034763685462e-10 
 1001       2.038743105049e-10 
 1002       2.042582282924e-10 
 1003       2.046279529520e-10 
 1004       2.049833146954e-10 
 1005       2.053241429011e-10 
 1006       2.056502661128e-10 
 1007       2.059615120377e-10 
 1008       2.062577075449e-10 
 1009       2.065386786637e-10 
 1010       2.068042505820e-10 
 1011       2.070542476446e-10 
 1012       2.072884933518e-10 
 1013       2.075068103574e-10 
 1014       2.077090204671e-10 
 1015       2.078949446372e-10 
 1016       2.080644029727e-10 
 1017       2.082172147256e-10 
 1018       2.083531982935e-10 
 1019       2.084721712176e-10 
 1020       2.085739501814e-10 
 1021       2.086583510089e-10 
 1022       2.087251886631e-10 
 1023       2.087742772439e-10 
 1024       2.088054299872e-10 
 1025       2.088184592626e-10 
 1026       2.088131765720e-10 
 1027       2.087893925481e-10 
 1028       2.087469169526e-10 
 1029       2.086855586745e-10 
 1030       2.086051257286e-10 
 1031       2.085054252538e-10 
 1032       2.083862635114e-10 
 1033       2.082474458836e-10 
 1034       2.080888366212e-10 
 1035       2.079105390155e-10 
 1036       2.077127177688e-10 
 1037       2.074955394806e-10 
 1038       2.072591726528e-10 
 1039       2.070037876947e-10 
 1040       2.067295569280e-10 
 1041       2.064366545922e-10 
 1042       2.061252568490e-10 
 1043       2.057955417880e-10 
 1044       2.054476894314e-10 
 1045       2.050818817391e-10 
 1046       2.046983026139e-10 
 1047       2.042971379064e-10 
 1048       2.038785754203e-10 
 1049       2.034428049170e-10 
 1050       2.029900181211e-10 
 1051       2.025204087253e-10 
 1052       2.020341723954e-10 
 1053       2.015315067754e-10 
 1054       2.010126114926e-10 
 1055       2.004776881627e-10 
 1056       1.999269403945e-10 
 1057       1.993605737957e-10 
 1058       1.987787959769e-10 
 1059       1.981818165579e-10 
 1060       1.975698471715e-10 
 1061       1.969431014696e-10 
 1062       1.963017951277e-10 
 1063       1.956461458499e-10 
 1064       1.949763733744e-10 
 1065       1.942926994781e-10 
 1066       1.935953479819e-10 
 1067       1.928845447559e-10 
 1068       1.921605177239e-10 
 1069       1.914234968691e-10 
 1070       1.906737142389e-10 
 1071       1.899114039496e-10 
 1072       1.891368021922e-10 
 1073       1.883501615802e-10 
 1074       1.875517943994e-10 
 1075       1.867420299572e-10 
 1076       1.859212002993e-10 
 1077       1.850896402162e-10 
 1078       1.842476872499e-10 
 1079       1.833956817000e-10 
 1080       1.825339666309e-10 
 1081       1.816628878778e-10 
 1082       1.807827940535e-10 
 1083       1.798940365549e-10 
 1084       1.789969695697e-10 
 1085       1.780919500825e-10 
 1086       1.771793378821e-10 
 1087       1.762594955673e-10 
 1088       1.753327885538e-10 
 1089       1.743995850808e-10 
 1090       1.734602562174e-10 
 1091       1.725151758693e-10 
 1092       1.715647207851e-10 
 1093       1.706092705633e-10 
 1094       1.696492076582e-10 
 1095       1.686849173872e-10 
 1096       1.677167879367e-10 
 1097       1.667452103691e-10 
 1098       1.657705786289e-10 
 1099       1.647932895499e-10 
 1100       1.638137428611e-10 
 1101       1.628323411936e-10 
 1102       1.618494900870e-10 
 1103       1.608655979963e-10 
 1104       1.598810762978e-10 
 1105       1.588963392962e-10 
 1106       1.579118042311e-10 
 1107       1.569278912833e-10 
 1108       1.559450235814e-10 
 1109       1.549636272085e-10 
 1110       1.539841312088e-10 
 1111       1.530069675939e-10 
 1112       1.520325394458e-10 
 1113       1.510611247539e-10 
 1114       1.500929713271e-10 
 1115       1.491283285868e-10 
 1116       1.481674475701e-10 
 1117       1.472105809332e-10 
 1118       1.462579829550e-10 
 1119       1.453099095403e-10 
 1120       1.443666182239e-10 
 1121       1.434283681731e-10 
 1122       1.424954201920e-10 
 1123       1.415680367246e-10 
 1124       1.406464818581e-10 
 1125       1.397310213267e-10 
 1126       1.388219225150e-10 
 1127       1.379194544610e-10 
 1128       1.370238878602e-10 
 1129       1.361354950688e-10 
 1130       1.352545501070e-10 
 1131       1.343813286625e-10 
 1132       1.335161080943e-10 
 1133       1.326591674357e-10 
 1134       1.318107873980e-10 
 1135       1.309712503740e-10 
 1136       1.301408404413e-10 
 1137       1.293198433657e-10 
 1138       1.285085466051e-10 
 1139       1.277072393124e-10 
 1140       1.269162123393e-10 
 1141       1.261357582396e-10 
 1142       1.253661712728e-10 
 1143       1.246077474073e-10 
 1144       1.238607843243e-10 
 1145       1.231255814208e-10 
 1146       1.224024398133e-10 
 1147       1.216916623412e-10 
 1148       1.209935535702e-10 
 1149       1.203084197959e-10 
 1150       1.196365690473e-10 
 1151       1.189782615762e-10 
 1152       1.183335606324e-10 
 1153       1.177024798011e-10 
 1154       1.170850323430e-10 
 1155       1.164812311944e-10 
 1156       1.158910889649e-10 
 1157       1.153146179374e-10 
 1158       1.147518300666e-10 
 1159       1.142027369779e-10 
 1160       1.136673499668e-10 
 1161       1.131456799974e-10 
 1162       1.126377377016e-10 
 1163       1.121435333782e-10 
 1164       1.116630769915e-10 
 1165       1.111963781709e-10 
 1166       1.107434462091e-10 
 1167       1.103042900617e-10 
 1168       1.098789183458e-10 
 1169       1.094673393392e-10 
 1170       1.090695609794e-10 
 1171       1.086855908622e-10 
 1172       1.083154362411e-10 
 1173       1.079591040263e-10 
 1174       1.076166007832e-10 
 1175       1.072879327319e-10 
 1176       1.069731057458e-10 
 1177       1.066721253508e-10 
 1178       1.063849967243e-10 
 1179       1.061117246938e-10 
 1180       1.058523137366e-10 
 1181       1.056067679779e-10 
 1182       1.053750911904e-10 
 1183       1.051572867932e-10 
 1184       1.049533578505e-10 
 1185       1.047633070708e-10 
 1186       1.045871368058e-10 
 1187       1.044248490494e-10 
 1188       1.042764454367e-10 
 1189       1.041419272430e-10 
 1190       1.040212635493e-10 
 1191       1.039142953141e-10 
 1192       1.038208301216e-10 
 1193       1.037406739041e-10 
 1194       1.036736309385e-10 
 1195       1.036195038425e-10 
 1196       1.035780935709e-10 
 1197       1.035491994119e-10 
 1198       1.035326189833e-10 
 1199       1.035281482290e-10 
 1200       1.035355814147e-10 
 1201       1.035547111252e-10 
 1202       1.035853282595e-10 
 1203       1.036272220281e-10 
 1204       1.036801799487e-10 
 1205       1.037439878424e-10 
 1206       1.038184298306e-10 
 1207       1.039032883306e-10 
 1208       1.039983440523e-10 
 1209       1.041033759943e-10 
 1210       1.042181614401e-10 
 1211       1.043424759548e-10 
 1212       1.044760933809e-10 
 1213       1.046187858348e-10 
 1214       1.047703237030e-10 
 1215       1.049304756385e-10 
 1216       1.050990085571e-10 
 1217       1.052756876335e-10 
 1218       1.054602762976e-10 
 1219       1.056525362310e-10 
 1220       1.058522273630e-10 
 1221       1.060591078673e-10 
 1222       1.062729341576e-10 
 1223       1.064934608846e-10 
 1224       1.067204409318e-10 
 1225       1.069536254120e-10 
 1226       1.071927636636e-10 
 1227       1.074376032466e-10 
 1228       1.076878899394e-10 
 1229       1.079433712717e-10 
 1230       1.082038071788e-10 
 1231       1.084689594668e-10 
 1232       1.087385882839e-10 
 1233       1.090124521162e-10 
 1234       1.092903077849e-10 
 1235       1.095719104425e-10 
 1236       1.098570135698e-10 
 1237       1.101453689718e-10 
 1238       1.104367267748e-10 
 1239       1.107308354228e-10 
 1240       1.110274416741e-10 
 1241       1.113262905977e-10 
 1242       1.116271255699e-10 
 1243       1.119296882712e-10 
 1244       1.122337186824e-10 
 1245       1.125389550814e-10 
 1246       1.128451340398e-10 
 1247       1.131519904191e-10 
 1248       1.134592573680e-10 
 1249       1.137666663181e-10 
 1250       1.140739469812e-10 
 1251       1.143808273451e-10 
 1252       1.146870336711e-10 
 1253       1.149922904898e-10 
 1254       1.152963205977e-10 
 1255       1.155988450545e-10 
 1256       1.158995831786e-10 
 1257       1.161982525446e-10 
 1258       1.164945689793e-10 
 1259       1.167882465584e-10 
 1260       1.170789976031e-10 
 1261       1.173665326767e-10 
 1262       1.176505605811e-10 
 1263       1.179307883533e-10 
 1264       1.182069212622e-10 
 1265       1.184786628049e-10 
 1266       1.187457147032e-10 
 1267       1.190077769005e-10 
 1268       1.192645781916e-10 
 1269       1.195159685058e-10 
 1270       1.197618276806e-10 
 1271       1.200020349244e-10 
 1272       1.202364688148e-10 
 1273       1.204650072973e-10 
 1274       1.206875276849e-10 
 1275       1.209039066561e-10 
 1276       1.211140202543e-10 
 1277       1.213177438864e-10 
 1278       1.215149523217e-10 
 1279       1.217055196909e-10 
 1280       1.218893194846e-10 
 1281       1.220662245526e-10 
 1282       1.222361071022e-10 
 1283       1.223988386976e-10 
 1284       1.225542902583e-10 
 1285       1.227023320583e-10 
 1286       1.228428337247e-10 
 1287       1.229756642366e-10 
 1288       1.231006919242e-10 
 1289       1.232177844670e-10 
 1290       1.233268088935e-10 
 1291       1.234276315793e-10 
 1292       1.235201182465e-10 
 1293       1.236041339622e-10 
 1294       1.236795431374e-10 
 1295       1.237462095259e-10 
 1296       1.238039962234e-10 
 1297       1.238527656659e-10 
 1298       1.238923796285e-10 
 1299       1.239226992250e-10 
 1300       1.239435849058e-10 
 1301       1.239548964575e-10 
 1302       1.239564930012e-10 
 1303       1.239482329916e-10 
 1304       1.239299742159e-10 
 1305       1.239015737925e-10 
 1306       1.238628881701e-10 
 1307       1.238138066724e-10 
 1308       1.237543525469e-10 
 1309       1.236845830445e-10 
 1310       1.236045559769e-10 
 1311       1.235143297177e-10 
 1312       1.234139632039e-10 
 1313       1.233035159366e-10 
 1314       1.231830479827e-10 
 1315       1.230526199758e-10 
 1316       1.229122931177e-10 
 1317       1.227621291791e-10 
 1318       1.226021905013e-10 
 1319       1.224325399972e-10 
 1320       1.222532411525e-10 
 1321       1.220643580268e-10 
 1322       1.218659552550e-10 
 1323       1.216580980483e-10 
 1324       1.214408521957e-10 
 1325       1.212142840649e-10 
 1326       1.209784606036e-10 
 1327       1.207334493408e-10 
 1328       1.204793183877e-10 
 1329       1.202161364393e-10 
 1330       1.199439727754e-10 
 1331       1.196628972618e-10 
 1332       1.193729803515e-10 
 1333       1.190742930859e-10 
 1334       1.187669070961e-10 
 1335       1.184508946039e-10 
 1336       1.181263284233e-10 
 1337       1.177932819614e-10 
 1338       1.174518292196e-10 
 1339       1.171020447952e-10 
 1340       1.167440038821e-10 
 1341       1.163777822725e-10 
 1342       1.160034563574e-10 
 1343       1.156211031287e-10 
 1344       1.152308001796e-10 
 1345       1.148326257063e-10 
 1346       1.144266730635e-10 
 1347       1.140130946021e-10 
 1348       1.135920583104e-10 
 1349       1.131637333045e-10 
 1350       1.127282898308e-10 
 1351       1.122858992680e-10 
 1352       1.118367341294e-10 
 1353       1.113809680647e-10 
 1354       1.109187758628e-10 
 1355       1.104503334535e-10 
 1356       1.099758179095e-10 
 1357       1.094954074492e-10 
 1358       1.090092814383e-10 
 1359       1.085176203922e-10 
 1360       1.080206059781e-10 
 1361       1.075184210173e-10 
 1362       1.070112494871e-10 
 1363       1.064992765232e-10 
 1364       1.059826884218e-10 
 1365       1.054616726418e-10 
 1366       1.049364178067e-10 
 1367       1.044071137073e-10 
 1368       1.038739513031e-10 
 1369       1.033371227254e-10 
 1370       1.027968212786e-10 
 1371       1.022532414430e-10 
 1372       1.017065788765e-10 
 1373       1.011570304170e-10 
 1374       1.006047940845e-10 
 1375       1.000500690836e-10 
 1376       9.949305580488e-11 
 1377       9.893395582788e-11 
 1378       9.837297192280e-11 
 1379       9.781030805282e-11 
 1380       9.724616937623e-11 
 1381       9.668076224858e-11 
 1382       9.611429422490e-11 
 1383       9.554697406179e-11 
 1384       9.497901171965e-11 
 1385       9.441060803548e-11 
 1386       9.384192361768e-11 
 1387       9.327310962715e-11 
 1388       9.270431807833e-11 
 1389       9.213570184072e-11 
 1390       9.156741464040e-11 
 1391       9.099961106155e-11 
 1392       9.043244654796e-11 
 1393       8.986607740457e-11 
 1394       8.930066079896e-11 
 1395       8.873635476288e-11 
 1396       8.817331819380e-11 
 1397       8.761171085636e-11 
 1398       8.705169338397e-11 
 1399       8.649342728025e-11 
 1400       8.593707492062e-11 
 1401       8.538279955376e-11 
 1402       8.483076530318e-11 
 1403       8.428113716868e-11 
 1404       8.373408102792e-11 
 1405       8.318976363794e-11 
 1406       8.264835263661e-11 
 1407       8.211001654425e-11 
 1408       8.157492476507e-11 
 1409       8.104324758871e-11 
 1410       8.051515619177e-11 
 1411       7.999082263934e-11 
 1412       7.947041988647e-11 
 1413       7.895412177974e-11 
 1414       7.844210305876e-11 
 1415       7.793453935768e-11 
 1416       7.743160720672e-11 
 1417       7.693348403369e-11 
 1418       7.644034816548e-11 
 1419       7.595237882964e-11 
 1420       7.546975615583e-11 
 1421       7.499266117737e-11 
 1422       7.452127583279e-11 
 1423       7.405578296729e-11 
 1424       7.359634230801e-11 
 1425       7.314301811676e-11 
 1426       7.269585079730e-11 
 1427       7.225488085430e-11 
 1428       7.182014889343e-11 
 1429       7.139169562147e-11 
 1430       7.096956184641e-11 
 1431       7.055378847751e-11 
 1432       7.014441652546e-11 
 1433       6.974148710244e-11 
 1434       6.934504142221e-11 
 1435       6.895512080023e-11 
 1436       6.857176665375e-11 
 1437       6.819502050190e-11 
 1438       6.782492396581e-11 
 1439       6.746151876867e-11 
 1440       6.710484673588e-11 
 1441       6.675494979510e-11 
 1442       6.641186997636e-11 
 1443       6.607564941219e-11 
 1444       6.574633033766e-11 
 1445       6.542395509054e-11 
 1446       6.510856611135e-11 
 1447       6.480020594348e-11 
 1448       6.449891723329e-11 
 1449       6.420474273020e-11 
 1450       6.391772528678e-11 
 1451       6.363790785887e-11 
 1452       6.336533350566e-11 
 1453       6.310004538979e-11 
 1454       6.284208677746e-11 
 1455       6.259150103851e-11 
 1456       6.234833164653e-11 
 1457       6.211262217896e-11 
 1458       6.188441631718e-11 
 1459       6.166375784661e-11 
 1460       6.145069065680e-11 
 1461       6.124525874155e-11 
 1462       6.104750619899e-11 
 1463       6.085745726575e-11 
 1464       6.067505620090e-11 
 1465       6.050022680123e-11 
 1466       6.033289231161e-11 
 1467       6.017297542399e-11 
 1468       6.002039827637e-11 
 1469       5.987508245178e-11 
 1470       5.973694897726e-11 
 1471       5.960591832282e-11 
 1472       5.948191040046e-11 
 1473       5.936484456312e-11 
 1474       5.925463960366e-11 
 1475       5.915121375385e-11 
 1476       5.905448468334e-11 
 1477       5.896436949865e-11 
 1478       5.888078474213e-11 
 1479       5.880364639097e-11 
 1480       5.873286985615e-11 
 1481       5.866836998143e-11 
 1482       5.861006104234e-11 
 1483       5.855785674512e-11 
 1484       5.851167022577e-11 
 1485       5.847141404896e-11 
 1486       5.843700020705e-11 
 1487       5.840834011904e-11 
 1488       5.838534462957e-11 
 1489       5.836792400791e-11 
 1490       5.835598794692e-11 
 1491       5.834944556200e-11 
 1492       5.834820539016e-11 
 1493       5.835217538888e-11 
 1494       5.836126293520e-11 
 1495       5.837537482463e-11 
 1496       5.839441727015e-11 
 1497       5.841829590117e-11 
 1498       5.844691576257e-11 
 1499       5.848018131361e-11 
 1500       5.851799642693e-11 
 1501       5.856026438755e-11 
 1502       5.860688387653e-11 
 1503       5.865773688128e-11 
 1504       5.871270066550e-11 
 1505       5.877165177255e-11 
 1506       5.883446602421e-11 
 1507       5.890101851948e-11 
 1508       5.897118363331e-11 
 1509       5.904483501538e-11 
 1510       5.912184558885e-11 
 1511       5.920208754917e-11 
 1512       5.928543236279e-11 
 1513       5.937175076597e-11 
 1514       5.946091276351e-11 
 1515       5.955278762754e-11 
 1516       5.964724389630e-11 
 1517       5.974414937286e-11 
 1518       5.984337112391e-11 
 1519       5.994477547854e-11 
 1520       6.004822802699e-11 
 1521       6.015359361942e-11 
 1522       6.026073636466e-11 
 1523       6.036951962900e-11 
 1524       6.047980603496e-11 
 1525       6.059145746002e-11 
 1526       6.070433503541e-11 
 1527       6.081829914489e-11 
 1528       6.093320942349e-11 
 1529       6.104892475626e-11 
 1530       6.116530327711e-11 
 1531       6.128220236749e-11 
 1532       6.139947865520e-11 
 1533       6.151698801316e-11 
 1534       6.163458555815e-11 
 1535       6.175212564959e-11 
 1536       6.186946188831e-11 
 1537       6.198644711533e-11 
 1538       6.210293341057e-11 
 1539       6.221877209169e-11 
 1540       6.233381371278e-11 
 1541       6.244791959822e-11 
 1542       6.256099656617e-11 
 1543       6.267296253219e-11 
 1544       6.278373500349e-11 
 1545       6.289323107830e-11 
 1546       6.300136744515e-11 
 1547       6.310806038230e-11 
 1548       6.321322575702e-11 
 1549       6.331677902500e-11 
 1550       6.341863522964e-11 
 1551       6.351870900145e-11 
 1552       6.361691455735e-11 
 1553       6.371316570006e-11 
 1554       6.380737581742e-11 
 1555       6.389945788176e-11 
 1556       6.398932444922e-11 
 1557       6.407688765915e-11 
 1558       6.416205923337e-11 
 1559       6.424475047563e-11 
 1560       6.432487227086e-11 
 1561       6.440233508458e-11 
 1562       6.447704896221e-11 
 1563       6.454892352846e-11 
 1564       6.461786798663e-11 
 1565       6.468379111800e-11 
 1566       6.474660128115e-11 
 1567       6.480620641132e-11 
 1568       6.486251401977e-11 
 1569       6.491543119310e-11 
 1570       6.496486459261e-11 
 1571       6.501072045369e-11 
 1572       6.505290458508e-11 
 1573       6.509132236830e-11 
 1574       6.512587875696e-11 
 1575       6.515647827612e-11 
 1576       6.518302502162e-11 
 1577       6.520542265947e-11 
 1578       6.522357442515e-11 
 1579       6.523738312297e-11 
 1580       6.524676799853e-11 
 1581       6.525171552812e-11 
 1582       6.525222909827e-11 
 1583       6.524831217544e-11 
 1584       6.523996830624e-11 
 1585       6.522720111755e-11 
 1586       6.521001431671e-11 
 1587       6.518841169166e-11 
 1588       6.516239711109e-11 
 1589       6.513197452461e-11 
 1590       6.509714796294e-11 
 1591       6.505792153799e-11 
 1592       6.501429944311e-11 
 1593       6.496628595318e-11 
 1594       6.491388542481e-11 
 1595       6.485710229647e-11 
 1596       6.479594108868e-11 
 1597       6.473040640414e-11 
 1598       6.466050292791e-11 
 1599       6.458623542754e-11 
 1600       6.450760875328e-11 
 1601       6.442462783817e-11 
 1602       6.433729769827e-11 
 1603       6.424562343277e-11 
 1604       6.414961022416e-11 
 1605       6.404926333840e-11 
 1606       6.394458812508e-11 
 1607       6.383559001755e-11 
 1608       6.372227453311e-11 
 1609       6.360464727317e-11 
 1610       6.348271392338e-11 
 1611       6.335648025383e-11 
 1612       6.322595211914e-11 
 1613       6.309113545872e-11 
 1614       6.295203629684e-11 
 1615       6.280866074283e-11 
 1616       6.266101499122e-11 
 1617       6.250910532193e-11 
 1618       6.235293810041e-11 
 1619       6.219253030718e-11 
 1620       6.202794123041e-11 
 1621       6.185924106003e-11 
 1622       6.168650038501e-11 
 1623       6.150979019395e-11 
 1624       6.132918187578e-11 
 1625       6.114474722033e-11 
 1626       6.095655841904e-11 
 1627       6.076468806555e-11 
 1628       6.056920915636e-11 
 1629       6.037019509146e-11 
 1630       6.016771967500e-11 
 1631       5.996185711591e-11 
 1632       5.975268202851e-11 
 1633       5.954026943322e-11 
 1634       5.932469475713e-11 
 1635       5.910603383471e-11 
 1636       5.888436290837e-11 
 1637       5.865975862918e-11 
 1638       5.843229805746e-11 
 1639       5.820205866344e-11 
 1640       5.796911832788e-11 
 1641       5.773355534276e-11 
 1642       5.749544841185e-11 
 1643       5.725487665141e-11 
 1644       5.701191959082e-11 
 1645       5.676665717318e-11 
 1646       5.651916975600e-11 
 1647       5.626953811181e-11 
 1648       5.601784342883e-11 
 1649       5.576416731158e-11 
 1650       5.550859178151e-11 
 1651       5.525119927771e-11 
 1652       5.499207265747e-11 
 1653       5.473129519697e-11 
 1654       5.446895059190e-11 
 1655       5.420512295810e-11 
 1656       5.393989683223e-11 
 1657       5.367335717235e-11 
 1658       5.340558818989e-11 
 1659       5.313666983276e-11 
 1660       5.286668127245e-11 
 1661       5.259570207054e-11 
 1662       5.232381217930e-11 
 1663       5.205109194226e-11 
 1664       5.177762209482e-11 
 1665       5.150348376484e-11 
 1666       5.122875847320e-11 
 1667       5.095352813444e-11 
 1668       5.067787505730e-11 
 1669       5.040188194532e-11 
 1670       5.012563189748e-11 
 1671       4.984920840871e-11 
 1672       4.957269537054e-11 
 1673       4.929617707166e-11 
 1674       4.901973819852e-11 
 1675       4.874346383593e-11 
 1676       4.846743946763e-11 
 1677       4.819175097687e-11 
 1678       4.791648464706e-11 
 1679       4.764172716227e-11 
 1680       4.736756560790e-11 
 1681       4.709408747122e-11 
 1682       4.682138064198e-11 
 1683       4.654953341300e-11 
 1684       4.627863448075e-11 
 1685       4.600877294595e-11 
 1686       4.574003831415e-11 
 1687       4.547252049633e-11 
 1688       4.520630980947e-11 
 1689       4.494149697718e-11 
 1690       4.467817313024e-11 
 1691       4.441642980722e-11 
 1692       4.415635895507e-11 
 1693       4.389805292969e-11 
 1694       4.364160449654e-11 
 1695       4.338710683122e-11 
 1696       4.313465352007e-11 
 1697       4.288432872934e-11 
 1698       4.263617761893e-11 
 1699       4.239023567475e-11 
 1700       4.214653851715e-11 
 1701       4.190512190110e-11 
 1702       4.166602171633e-11 
 1703       4.142927398758e-11 
 1704       4.119491487474e-11 
 1705       4.096298067302e-11 
 1706       4.073350781316e-11 
 1707       4.050653286158e-11 
 1708       4.028209252060e-11 
 1709       4.006022362857e-11 
 1710       3.984096316010e-11 
 1711       3.962434822619e-11 
 1712       3.941041607445e-11 
 1713       3.919920408929e-11 
 1714       3.899074979203e-11 
 1715       3.878509084117e-11 
 1716       3.858226503251e-11 
 1717       3.838231029935e-11 
 1718       3.818526471265e-11 
 1719       3.799116648127e-11 
 1720       3.780005395206e-11 
 1721       3.761196561014e-11 
 1722       3.742694007898e-11 
 1723       3.724501612066e-11 
 1724       3.706623263602e-11 
 1725       3.689062866483e-11 
 1726       3.671824338597e-11 
 1727       3.654911611764e-11 
 1728       3.638328631752e-11 
 1729       3.622079358293e-11 
 1730       3.606167765105e-11 
 1731       3.590597839909e-11 
 1732       3.575373584443e-11 
 1733       3.560499014486e-11 
 1734       3.545978159873e-11 
 1735       3.531815064510e-11 
 1736       3.518012731797e-11 
 1737       3.504569951106e-11 
 1738       3.491484444590e-11 
 1739       3.478753919325e-11 
 1740       3.466376067297e-11 
 1741       3.454348565366e-11 
 1742       3.442669075253e-11 
 1743       3.431335243508e-11 
 1744       3.420344701492e-11 
 1745       3.409695065349e-11 
 1746       3.399383935983e-11 
 1747       3.389408899035e-11 
 1748       3.379767524860e-11 
 1749       3.370457368498e-11 
 1750       3.361475969656e-11 
 1751       3.352820852683e-11 
 1752       3.344489526543e-11 
 1753       3.336479484792e-11 
 1754       3.328788205557e-11 
 1755       3.321413151508e-11 
 1756       3.314351769838e-11 
 1757       3.307601492235e-11 
 1758       3.301159734861e-11 
 1759       3.295023898328e-11 
 1760       3.289191367671e-11 
 1761       3.283659512329e-11 
 1762       3.278425686117e-11 
 1763       3.273487227203e-11 
 1764       3.268841458084e-11 
 1765       3.264485685564e-11 
 1766       3.260417200728e-11 
 1767       3.256633278918e-11 
 1768       3.253131179710e-11 
 1769       3.249908146890e-11 
 1770       3.246961408430e-11 
 1771       3.244288176463e-11 
 1772       3.241885647260e-11 
 1773       3.239751001206e-11 
 1774       3.237881402777e-11 
 1775       3.236273556969e-11 
 1776       3.234922374645e-11 
 1777       3.233822296140e-11 
 1778       3.232967733764e-11 
 1779       3.232353071761e-11 
 1780       3.231972666273e-11 
 1781       3.231820845292e-11 
 1782       3.231891908626e-11 
 1783       3.232180127852e-11 
 1784       3.232679746281e-11 
 1785       3.233384978913e-11 
 1786       3.234290012396e-11 
 1787       3.235389004990e-11 
 1788       3.236676086520e-11 
 1789       3.238145358338e-11 
 1790       3.239790893286e-11 
 1791       3.241606735646e-11 
 1792       3.243586901109e-11 
 1793       3.245725376727e-11 
 1794       3.248016120876e-11 
 1795       3.250453063214e-11 
 1796       3.253030104640e-11 
 1797       3.255741117252e-11 
 1798       3.258579944311e-11 
 1799       3.261540400195e-11 
 1800       3.264616270358e-11 
 1801       3.267801311293e-11 
 1802       3.271089250490e-11 
 1803       3.274473786393e-11 
 1804       3.277948588361e-11 
 1805       3.281507296627e-11 
 1806       3.285143522256e-11 
 1807       3.288850847107e-11 
 1808       3.292622823789e-11 
 1809       3.296452975621e-11 
 1810       3.300334796593e-11 
 1811       3.304261751322e-11 
 1812       3.308227275016e-11 
 1813       3.312224773426e-11 
 1814       3.316247953538e-11 
 1815       3.320291818618e-11 
 1816       3.324351681109e-11 
 1817       3.328422832608e-11 
 1818       3.332500543833e-11 
 1819       3.336580064597e-11 
 1820       3.340656623780e-11 
 1821       3.344725429297e-11 
 1822       3.348781668071e-11 
 1823       3.352820506007e-11 
 1824       3.356837087958e-11 
 1825       3.360826537699e-11 
 1826       3.364783957899e-11 
 1827       3.368704430091e-11 
 1828       3.372583014643e-11 
 1829       3.376414750730e-11 
 1830       3.380194656305e-11 
 1831       3.383917728070e-11 
 1832       3.387578941447e-11 
 1833       3.391173250550e-11 
 1834       3.394695588156e-11 
 1835       3.398140865676e-11 
 1836       3.401503973126e-11 
 1837       3.404779779098e-11 
 1838       3.407963130733e-11 
 1839       3.411048853690e-11 
 1840       3.414031752118e-11 
 1841       3.416906608629e-11 
 1842       3.419668184265e-11 
 1843       3.422311218474e-11 
 1844       3.424830429078e-11 
 1845       3.427220512247e-11 
 1846       3.429476142465e-11 
 1847       3.431591972508e-11 
 1848       3.433562633412e-11 
 1849       3.435382734441e-11 
 1850       3.437046863065e-11 
 1851       3.438549584926e-11 
 1852       3.439885443811e-11 
 1853       3.441049707883e-11 
 1854       3.442040614874e-11 
 1855       3.442857144567e-11 
 1856       3.443498274143e-11 
 1857       3.443962978176e-11 
 1858       3.444250228632e-11 
 1859       3.444358994868e-11 
 1860       3.444288243626e-11 
 1861       3.444036939032e-11 
 1862       3.443604042594e-11 
 1863       3.442988513197e-11 
 1864       3.442189307103e-11 
 1865       3.441205377945e-11 
 1866       3.440035676729e-11 
 1867       3.438679151827e-11 
 1868       3.437134748976e-11 
 1869       3.435401411275e-11 
 1870       3.433478079183e-11 
 1871       3.431363690515e-11 
 1872       3.429057180440e-11 
 1873       3.426557481479e-11 
 1874       3.423863523503e-11 
 1875       3.420974233725e-11 
 1876       3.417888536704e-11 
 1877       3.414605354339e-11 
 1878       3.411123605867e-11 
 1879       3.407442207860e-11 
 1880       3.403560074222e-11 
 1881       3.399476116186e-11 
 1882       3.395189242314e-11 
 1883       3.390698358490e-11 
 1884       3.386002367921e-11 
 1885       3.381100171132e-11 
 1886       3.375990665965e-11 
 1887       3.370672747575e-11 
 1888       3.365145308427e-11 
 1889       3.359407238295e-11 
 1890       3.353457424258e-11 
 1891       3.347294750697e-11 
 1892       3.340918712344e-11 
 1893       3.334331258612e-11 
 1894       3.327534963524e-11 
 1895       3.320532413980e-11 
 1896       3.313326209768e-11 
 1897       3.305918963585e-11 
 1898       3.298313301058e-11 
 1899       3.290511860757e-11 
 1900       3.282517294214e-11 
 1901       3.274332265943e-11 
 1902       3.265959453457e-11 
 1903       3.257401547284e-11 
 1904       3.248661250985e-11 
 1905       3.239741281176e-11 
 1906       3.230644367539e-11 
 1907       3.221373252847e-11 
 1908       3.211930692977e-11 
 1909       3.202319456929e-11 
 1910       3.192542326843e-11 
 1911       3.182602098021e-11 
 1912       3.172501578938e-11 
 1913       3.162243591268e-11 
 1914       3.151830969892e-11 
 1915       3.141266562926e-11 
 1916       3.130553231732e-11 
 1917       3.119693850938e-11 
 1918       3.108691308455e-11 
 1919       3.097548505497e-11 
 1920       3.086268356597e-11 
 1921       3.074853789624e-11 
 1922       3.063307745805e-11 
 1923       3.051633179736e-11 
 1924       3.039833059406e-11 
 1925       3.027910366213e-11 
 1926       3.015868094981e-11 
 1927       3.003709253977e-11 
 1928       2.991436864931e-11 
 1929       2.979053963054e-11 
 1930       2.966563597052e-11 
 1931       2.953968952482e-11 
 1932       2.941273722793e-11 
 1933       2.928481741128e-11 
 1934       2.915596857272e-11 
 1935       2.902622937673e-11 
 1936       2.889563865461e-11 
 1937       2.876423540473e-11 
 1938       2.863205879274e-11 
 1939       2.849914815177e-11 
 1940       2.836554298267e-11 
 1941       2.823128295423e-11 
 1942       2.809640790338e-11 
 1943       2.796095783540e-11 
 1944       2.782497292417e-11 
 1945       2.768849351238e-11 
 1946       2.755156011172e-11 
 1947       2.741421340313e-11 
 1948       2.727649423701e-11 
 1949       2.713844363341e-11 
 1950       2.700010278231e-11 
 1951       2.686151304377e-11 
 1952       2.672271594819e-11 
 1953       2.658375319651e-11 
 1954       2.644466666044e-11 
 1955       2.630549838266e-11 
 1956       2.616629057707e-11 
 1957       2.602708562897e-11 
 1958       2.588792609530e-11 
 1959       2.574885470487e-11 
 1960       2.560991435853e-11 
 1961       2.547114812946e-11 
 1962       2.533259926331e-11 
 1963       2.519431117847e-11 
 1964       2.505632746629e-11 
 1965       2.491869189126e-11 
 1966       2.478144839126e-11 
 1967       2.464464107776e-11 
 1968       2.450831423606e-11 
 1969       2.437251232548e-11 
 1970       2.423727653982e-11 
 1971       2.410263446025e-11 
 1972       2.396861032600e-11 
 1973       2.383522846723e-11 
 1974       2.370251330515e-11 
 1975       2.357048935214e-11 
 1976       2.343918121187e-11 
 1977       2.330861357939e-11 
 1978       2.317881124127e-11 
 1979       2.304979907568e-11 
 1980       2.292160205253e-11 
 1981       2.279424523354e-11 
 1982       2.266775377242e-11 
 1983       2.254215291492e-11 
 1984       2.241746799896e-11 
 1985       2.229372445475e-11 
 1986       2.217094780491e-11 
 1987       2.204916366455e-11 
 1988       2.192839774141e-11 
 1989       2.180867583596e-11 
 1990       2.169002384151e-11 
 1991       2.157246774433e-11 
 1992       2.145603362377e-11 
 1993       2.134074765233e-11 
 1994       2.122663609583e-11 
 1995       2.111372531347e-11 
 1996       2.100204175797e-11 
 1997       2.089161197568e-11 
 1998       2.078246260670e-11 
 1999       2.067462038494e-11 
 2000       2.056811213832e-11 
 2001       2.046296478879e-11 
 2002       2.035920535250e-11 
 2003       2.025686093992e-11 
 2004       2.015595875589e-11 
 2005       2.005652609978e-11 
 2006       1.995859036561e-11 
 2007       1.986217904212e-11 
 2008       1.976731971291e-11 
 2009       1.967403504356e-11 
 2010       1.958232770274e-11 
 2011       1.949219533151e-11 
 2012       1.940363554619e-11 
 2013       1.931664593843e-11 
 2014       1.923122407508e-11 
 2015       1.914736749824e-11 
 2016       1.906507372515e-11 
 2017       1.898434024820e-11 
 2018       1.890516453487e-11 
 2019       1.882754402769e-11 
 2020       1.875147614422e-11 
 2021       1.867695827700e-11 
 2022       1.860398779354e-11 
 2023       1.853256203621e-11 
 2024       1.846267832231e-11 
 2025       1.839433394392e-11 
 2026       1.832752616796e-11 
 2027       1.826225223608e-11 
 2028       1.819850936468e-11 
 2029       1.813629474482e-11 
 2030       1.807560554223e-11 
 2031       1.801643889723e-11 
 2032       1.795879192474e-11 
 2033       1.790266171419e-11 
 2034       1.784804532953e-11 
 2035       1.779493980916e-11 
 2036       1.774334216590e-11 
 2037       1.769324938697e-11 
 2038       1.764465843394e-11 
 2039       1.759756624268e-11 
 2040       1.755196972335e-11 
 2041       1.750786576034e-11 
 2042       1.746525121224e-11 
 2043       1.742412291181e-11 
 2044       1.738447766593e-11 
 2045       1.734631225558e-11 
 2046       1.730962343578e-11 
 2047       1.727440793557e-11 
 2048       1.724065932400e-11 
 2049       1.720835858376e-11 
 2050       1.717748347010e-11 
 2051       1.714801163856e-11 
 2052       1.711992064483e-11 
 2053       1.709318794467e-11 
 2054       1.706779089370e-11 
 2055       1.704370674734e-11 
 2056       1.702091266069e-11 
 2057       1.699938568834e-11 
 2058       1.697910278429e-11 
 2059       1.696004080181e-11 
 2060       1.694217649333e-11 
 2061       1.692548651029e-11 
 2062       1.690994740303e-11 
 2063       1.689553562062e-11 
 2064       1.688222751082e-11 
 2065       1.686999931987e-11 
 2066       1.685882719240e-11 
 2067       1.684868717129e-11 
 2068       1.683955519757e-11 
 2069       1.683140711026e-11 
 2070       1.682421864626e-11 
 2071       1.681796544022e-11 
 2072       1.681262302441e-11 
 2073       1.680816682859e-11 
 2074       1.680457217992e-11 
 2075       1.680181430277e-11 
 2076       1.679986831863e-11 
 2077       1.679870924598e-11 
 2078       1.679831200018e-11 
 2079       1.679865139331e-11 
 2080       1.679970213405e-11 
 2081       1.680143882757e-11 
 2082       1.680383597540e-11 
 2083       1.680686797528e-11 
 2084       1.681050912108e-11 
 2085       1.681473360260e-11 
 2086       1.681951550553e-11 
 2087       1.682482913672e-11 
 2088       1.683065000299e-11 
 2089       1.683695383898e-11 
 2090       1.684371628214e-11 
 2091       1.685091287266e-11 
 2092       1.685851905332e-11 
 2093       1.686651016937e-11 
 2094       1.687486146847e-11 
 2095       1.688354810047e-11 
 2096       1.689254511740e-11 
 2097       1.690182747326e-11 
 2098       1.691137002398e-11 
 2099       1.692114752724e-11 
 2100       1.693113464239e-11 
 2101       1.694130593031e-11 
 2102       1.695163585331e-11 
 2103       1.696209877500e-11 
 2104       1.697266896019e-11 
 2105       1.698332057473e-11 
 2106       1.699402768544e-11 
 2107       1.700476425998e-11 
 2108       1.701550416669e-11 
 2109       1.702622117454e-11 
 2110       1.703688895297e-11 
 2111       1.704748107178e-11 
 2112       1.705797100100e-11 
 2113       1.706833211079e-11 
 2114       1.707853767134e-11 
 2115       1.708856085269e-11 
 2116       1.709837472467e-11 
 2117       1.710795225678e-11 
 2118       1.711726631802e-11 
 2119       1.712628967684e-11 
 2120       1.713499500096e-11 
 2121       1.714335485731e-11 
 2122       1.715134171185e-11 
 2123       1.715892792951e-11 
 2124       1.716608577404e-11 
 2125       1.717278740790e-11 
 2126       1.717900777074e-11 
 2127       1.718473323675e-11 
 2128       1.718995301666e-11 
 2129       1.719465628457e-11 
 2130       1.719883217785e-11 
 2131       1.720246979713e-11 
 2132       1.720555820625e-11 
 2133       1.720808643224e-11 
 2134       1.721004346523e-11 
 2135       1.721141825844e-11 
 2136       1.721219972817e-11 
 2137       1.721237675368e-11 
 2138       1.721193817721e-11 
 2139       1.721087280394e-11 
 2140       1.720916940189e-11 
 2141       1.720681670195e-11 
 2142       1.720380339780e-11 
 2143       1.720011814587e-11 
 2144       1.719574956529e-11 
 2145       1.719068623789e-11 
 2146       1.718491670810e-11 
 2147       1.717842948298e-11 
 2148       1.717121303208e-11 
 2149       1.716325578751e-11 
 2150       1.715454614381e-11 
 2151       1.714507245795e-11 
 2152       1.713482304929e-11 
 2153       1.712378619953e-11 
 2154       1.711195015264e-11 
 2155       1.709930311488e-11 
 2156       1.708583325471e-11 
 2157       1.707152870277e-11 
 2158       1.705637755181e-11 
 2159       1.704036785670e-11 
 2160       1.702348763434e-11 
 2161       1.700572486364e-11 
 2162       1.698706748548e-11 
 2163       1.696750340265e-11 
 2164       1.694702047985e-11 
 2165       1.692560967300e-11 
 2166       1.690327444065e-11 
 2167       1.688002139613e-11 
 2168       1.685585718398e-11 
 2169       1.683078848001e-11 
 2170       1.680482199130e-11 
 2171       1.677796445627e-11 
 2172       1.675022264468e-11 
 2173       1.672160335772e-11 
 2174       1.669211342801e-11 
 2175       1.666175971965e-11 
 2176       1.663054912825e-11 
 2177       1.659848858099e-11 
 2178       1.656558503663e-11 
 2179       1.653184548559e-11 
 2180       1.649727694995e-11 
 2181       1.646188648348e-11 
 2182       1.642568117173e-11 
 2183       1.638866813202e-11 
 2184       1.635085451351e-11 
 2185       1.631224749721e-11 
 2186       1.627285429605e-11 
 2187       1.623268215488e-11 
 2188       1.619173835056e-11 
 2189       1.615003019195e-11 
 2190       1.610756501997e-11 
 2191       1.606435020764e-11 
 2192       1.602039316011e-11 
 2193       1.597570131471e-11 
 2194       1.593028214098e-11 
 2195       1.588414314071e-11 
 2196       1.583729184797e-11 
 2197       1.578973582918e-11 
 2198       1.574148268310e-11 
 2199       1.569254004092e-11 
 2200       1.564291556625e-11 
 2201       1.559261695520e-11 
 2202       1.554165193638e-11 
 2203       1.549002827099e-11 
 2204       1.543775513101e-11 
 2205       1.538484724390e-11 
 2206       1.533132077554e-11 
 2207       1.527719195460e-11 
 2208       1.522247707257e-11 
 2209       1.516719248387e-11 
 2210       1.511135460594e-11 
 2211       1.505497991924e-11 
 2212       1.499808496741e-11 
 2213       1.494068635728e-11 
 2214       1.488280075898e-11 
 2215       1.482444490597e-11 
 2216       1.476563559516e-11 
 2217       1.470638968697e-11 
 2218       1.464672410536e-11 
 2219       1.458665583798e-11 
 2220       1.452620193616e-11 
 2221       1.446537951505e-11 
 2222       1.440420575365e-11 
 2223       1.434269789490e-11 
 2224       1.428087324576e-11 
 2225       1.421874917725e-11 
 2226       1.415634312457e-11 
 2227       1.409367258713e-11 
 2228       1.403075512864e-11 
 2229       1.396760837720e-11 
 2230       1.390425002534e-11 
 2231       1.384069783011e-11 
 2232       1.377696961314e-11 
 2233       1.371308326075e-11 
 2234       1.364905672397e-11 
 2235       1.358490801865e-11 
 2236       1.352065522552e-11 
 2237       1.345631649025e-11 
 2238       1.339191002355e-11 
 2239       1.332745410124e-11 
 2240       1.326296706427e-11 
 2241       1.319846731888e-11 
 2242       1.313397333660e-11 
 2243       1.306950281097e-11 
 2244       1.300507012153e-11 
 2245       1.294068885341e-11 
 2246       1.287637263928e-11 
 2247       1.281213515939e-11 
 2248       1.274799014163e-11 
 2249       1.268395136156e-11 
 2250       1.262003264250e-11 
 2251       1.255624785556e-11 
 2252       1.249261091968e-11 
 2253       1.242913580171e-11 
 2254       1.236583651644e-11 
 2255       1.230272712668e-11 
 2256       1.223982174327e-11 
 2257       1.217713452517e-11 
 2258       1.211467967951e-11 
 2259       1.205247146162e-11 
 2260       1.199052417508e-11 
 2261       1.192885217182e-11 
 2262       1.186746985211e-11 
 2263       1.180639166465e-11 
 2264       1.174563210664e-11 
 2265       1.168520572376e-11 
 2266       1.162512711030e-11 
 2267       1.156541090918e-11 
 2268       1.150607181199e-11 
 2269       1.144712455907e-11 
 2270       1.138858393955e-11 
 2271       1.133046479140e-11 
 2272       1.127278200146e-11 
 2273       1.121555050555e-11 
 2274       1.115878528847e-11 
 2275       1.110250138408e-11 
 2276       1.104671387534e-11 
 2277       1.099143789437e-11 
 2278       1.093668862248e-11 
 2279       1.088248129027e-11 
 2280       1.082883117763e-11 
 2281       1.077575361384e-11 
 2282       1.072326189946e-11 
 2283       1.067136105754e-11 
 2284       1.062005404246e-11 
 2285       1.056934381439e-11 
 2286       1.051923333930e-11 
 2287       1.046972558898e-11 
 2288       1.042082354100e-11 
 2289       1.037253017879e-11 
 2290       1.032484849157e-11 
 2291       1.027778147438e-11 
 2292       1.023133212812e-11 
 2293       1.018550345950e-11 
 2294       1.014029848107e-11 
 2295       1.009572021124e-11 
 2296       1.005177167425e-11 
 2297       1.000845590020e-11 
 2298       9.965775925048e-12 
 2299       9.923734790616e-12 
 2300       9.882335544586e-12 
 2301       9.841581240517e-12 
 2302       9.801474937839e-12 
 2303       9.762019701864e-12 
 2304       9.723218603791e-12 
 2305       9.685074720706e-12 
 2306       9.647591135588e-12 
 2307       9.610770937317e-12 
 2308       9.574617220676e-12 
 2309       9.539133086354e-12 
 2310       9.504321640954e-12 
 2311       9.470185996995e-12 
 2312       9.436729272918e-12 
 2313       9.403954593090e-12 
 2314       9.371865087809e-12 
 2315       9.340463893308e-12 
 2316       9.309754151760e-12 
 2317       9.279739011282e-12 
 2318       9.250421625941e-12 
 2319       9.221805155758e-12 
 2320       9.193892766710e-12 
 2321       9.166685868344e-12 
 2322       9.140178814432e-12 
 2323       9.114364168897e-12 
 2324       9.089234465134e-12 
 2325       9.064782205978e-12 
 2326       9.040999863669e-12 
 2327       9.017879879817e-12 
 2328       8.995414665366e-12 
 2329       8.973596600564e-12 
 2330       8.952418034922e-12 
 2331       8.931871287183e-12 
 2332       8.911948645290e-12 
 2333       8.892642366343e-12 
 2334       8.873944676574e-12 
 2335       8.855847771305e-12 
 2336       8.838343814919e-12 
 2337       8.821424940819e-12 
 2338       8.805083251401e-12 
 2339       8.789310818012e-12 
 2340       8.774099680921e-12 
 2341       8.759441849280e-12 
 2342       8.745329301093e-12 
 2343       8.731753983178e-12 
 2344       8.718707811136e-12 
 2345       8.706182669313e-12 
 2346       8.694170410768e-12 
 2347       8.682662857236e-12 
 2348       8.671651799094e-12 
 2349       8.661128995328e-12 
 2350       8.651086173498e-12 
 2351       8.641515029699e-12 
 2352       8.632407228534e-12 
 2353       8.623754403073e-12 
 2354       8.615548154821e-12 
 2355       8.607780053682e-12 
 2356       8.600441637926e-12 
 2357       8.593524414155e-12 
 2358       8.587019857265e-12 
 2359       8.580919410414e-12 
 2360       8.575214097153e-12 
 2361       8.569893355265e-12 
 2362       8.564946195620e-12 
 2363       8.560361589314e-12 
 2364       8.556128467619e-12 
 2365       8.552235721948e-12 
 2366       8.548672203805e-12 
 2367       8.545426724745e-12 
 2368       8.542488056334e-12 
 2369       8.539844930100e-12 
 2370       8.537486037492e-12 
 2371       8.535400029840e-12 
 2372       8.533575518310e-12 
 2373       8.532001073860e-12 
 2374       8.530665227198e-12 
 2375       8.529556468739e-12 
 2376       8.528663248561e-12 
 2377       8.527973976364e-12 
 2378       8.527477021425e-12 
 2379       8.527160712558e-12 
 2380       8.527013338066e-12 
 2381       8.527023145702e-12 
 2382       8.527178342625e-12 
 2383       8.527467095357e-12 
 2384       8.527877529740e-12 
 2385       8.528397730892e-12 
 2386       8.529015743166e-12 
 2387       8.529719570104e-12 
 2388       8.530497174398e-12 
 2389       8.531336477844e-12 
 2390       8.532225361300e-12 
 2391       8.533151664641e-12 
 2392       8.534103186721e-12 
 2393       8.535067685325e-12 
 2394       8.536032877128e-12 
 2395       8.536986437651e-12 
 2396       8.537916001222e-12 
 2397       8.538809160925e-12 
 2398       8.539653468566e-12 
 2399       8.540437285078e-12 
 2400       8.541152337510e-12 
 2401       8.541791177561e-12 
 2402       8.542346332517e-12 
 2403       8.542810305224e-12 
 2404       8.543175574065e-12 
 2405       8.543434592935e-12 
 2406       8.543579791213e-12 
 2407       8.543603573739e-12 
 2408       8.543498320789e-12 
 2409       8.543256388048e-12 
 2410       8.542870106585e-12 
 2411       8.542331782830e-12 
 2412       8.541633698545e-12 
 2413       8.540768110803e-12 
 2414       8.539727251958e-12 
 2415       8.538503329625e-12 
 2416       8.537088526650e-12 
 2417       8.535475001086e-12 
 2418       8.533654886170e-12 
 2419       8.531620290297e-12 
 2420       8.529363296990e-12 
 2421       8.526875964882e-12 
 2422       8.524150327686e-12 
 2423       8.521178394171e-12 
 2424       8.517952148138e-12 
 2425       8.514463548391e-12 
 2426       8.510704528715e-12 
 2427       8.506666997852e-12 
 2428       8.502342839470e-12 
 2429       8.497723912145e-12 
 2430       8.492802049329e-12 
 2431       8.487569059330e-12 
 2432       8.482016725283e-12 
 2433       8.476136805126e-12 
 2434       8.469921031578e-12 
 2435       8.463361112106e-12 
 2436       8.456448728908e-12 
 2437       8.449175538882e-12 
 2438       8.441534809692e-12 
 2439       8.433526338735e-12 
 2440       8.425151563666e-12 
 2441       8.416411928998e-12 
 2442       8.407308886111e-12 
 2443       8.397843893257e-12 
 2444       8.388018415575e-12 
 2445       8.377833925089e-12 
 2446       8.367291900724e-12 
 2447       8.356393828309e-12 
 2448       8.345141200586e-12 
 2449       8.333535517218e-12 
 2450       8.321578284798e-12 
 2451       8.309271016853e-12 
 2452       8.296615233855e-12 
 2453       8.283612463230e-12 
 2454       8.270264239359e-12 
 2455       8.256572103595e-12 
 2456       8.242537604264e-12 
 2457       8.228162296674e-12 
 2458       8.213447743124e-12 
 2459       8.198395512913e-12 
 2460       8.183007182344e-12 
 2461       8.167284334735e-12 
 2462       8.151228560423e-12 
 2463       8.134841456779e-12 
 2464       8.118124628206e-12 
 2465       8.101079686155e-12 
 2466       8.083708249128e-12 
 2467       8.066011942687e-12 
 2468       8.047992399464e-12 
 2469       8.029651259163e-12 
 2470       8.010990168576e-12 
 2471       7.992010781583e-12 
 2472       7.972714759162e-12 
 2473       7.953103769402e-12 
 2474       7.933179487502e-12 
 2475       7.912943595785e-12 
 2476       7.892397783705e-12 
 2477       7.871543105911e-12 
 2478       7.850378052298e-12 
 2479       7.828900466562e-12 
 2480       7.807108187106e-12 
 2481       7.784999047030e-12 
 2482       7.762570874128e-12 
 2483       7.739821490883e-12 
 2484       7.716748714463e-12 
 2485       7.693350356716e-12 
 2486       7.669624224164e-12 
 2487       7.645568117998e-12 
 2488       7.621179834075e-12 
 2489       7.596457162914e-12 
 2490       7.571397889686e-12 
 2491       7.545999794216e-12 
 2492       7.520260650972e-12 
 2493       7.494178229066e-12 
 2494       7.467750292244e-12 
 2495       7.440974598884e-12 
 2496       7.413848901990e-12 
 2497       7.386370949191e-12 
 2498       7.358538482728e-12 
 2499       7.330349239458e-12 
 2500       7.301800950845e-12 
