# dimensionless total [l(l+1)/2pi] C_l's
# for l=2 to 2500, i.e. number of multipoles equal to 2499
#
# -> if you prefer output in CAMB/HealPix/LensPix units/order, set 'format' to 'camb' in input file
# -> if you don't want to see such a header, set 'headers' to 'no' in input file
#
# 1:l     2:TT                 
    2       2.755414312344e-10 
    3       2.478425583028e-10 
    4       2.266087207696e-10 
    5       2.110719416827e-10 
    6       1.997207056201e-10 
    7       1.913177008603e-10 
    8       1.849904363277e-10 
    9       1.801850438789e-10 
   10       1.764918462306e-10 
   11       1.735900288739e-10 
   12       1.713409802491e-10 
   13       1.696346835267e-10 
   14       1.682761632552e-10 
   15       1.672312252500e-10 
   16       1.664738329333e-10 
   17       1.660127255931e-10 
   18       1.657153586805e-10 
   19       1.656004306552e-10 
   20       1.656505876377e-10 
   21       1.658667241978e-10 
   22       1.662032492810e-10 
   23       1.666795129922e-10 
   24       1.672939925504e-10 
   25       1.680306186214e-10 
   26       1.688448147930e-10 
   27       1.697413950331e-10 
   28       1.707230764045e-10 
   29       1.718011110879e-10 
   30       1.729674884187e-10 
   31       1.741966276551e-10 
   32       1.754962886792e-10 
   33       1.768714732534e-10 
   34       1.783151717008e-10 
   35       1.798294167986e-10 
   36       1.814087476761e-10 
   37       1.830406636742e-10 
   38       1.847314133649e-10 
   39       1.864868688544e-10 
   40       1.883045069299e-10 
   41       1.901769431858e-10 
   42       1.921060139749e-10 
   43       1.940918111192e-10 
   44       1.961281129699e-10 
   45       1.982063426820e-10 
   46       2.003301959727e-10 
   47       2.025044179209e-10 
   48       2.047303543199e-10 
   49       2.070056430345e-10 
   50       2.093263945001e-10 
   51       2.116951470307e-10 
   52       2.141145373810e-10 
   53       2.165848133724e-10 
   54       2.191036423859e-10 
   55       2.216678159477e-10 
   56       2.242792980903e-10 
   57       2.269403440944e-10 
   58       2.296516209683e-10 
   59       2.324120898140e-10 
   60       2.352188881945e-10 
   61       2.380688268421e-10 
   62       2.409635384842e-10 
   63       2.439052812440e-10 
   64       2.468953611855e-10 
   65       2.499340659021e-10 
   66       2.530205981050e-10 
   67       2.561530092125e-10 
   68       2.593292097406e-10 
   69       2.625503866642e-10 
   70       2.658181623808e-10 
   71       2.691335410010e-10 
   72       2.724968694768e-10 
   73       2.759077987303e-10 
   74       2.793652447818e-10 
   75       2.828673498784e-10 
   76       2.864122244188e-10 
   77       2.900004148484e-10 
   78       2.936328172656e-10 
   79       2.973099140591e-10 
   80       3.010317510473e-10 
   81       3.047979146169e-10 
   82       3.086075088630e-10 
   83       3.124591327280e-10 
   84       3.163513688905e-10 
   85       3.202843936299e-10 
   86       3.242585931701e-10 
   87       3.282740616091e-10 
   88       3.323305866593e-10 
   89       3.364276353870e-10 
   90       3.405643399532e-10 
   91       3.447394833535e-10 
   92       3.489514851580e-10 
   93       3.531987949645e-10 
   94       3.574811714213e-10 
   95       3.617985700996e-10 
   96       3.661507443734e-10 
   97       3.705372367561e-10 
   98       3.749573702377e-10 
   99       3.794102396213e-10 
  100       3.838947028594e-10 
  101       3.884093723916e-10 
  102       3.929526064803e-10 
  103       3.975225005481e-10 
  104       4.021172104624e-10 
  105       4.067359907859e-10 
  106       4.113782812804e-10 
  107       4.160433825286e-10 
  108       4.207304509184e-10 
  109       4.254384936272e-10 
  110       4.301663636069e-10 
  111       4.349127545678e-10 
  112       4.396761959636e-10 
  113       4.444550479759e-10 
  114       4.492474964983e-10 
  115       4.540515481212e-10 
  116       4.588652622736e-10 
  117       4.636874903892e-10 
  118       4.685172176089e-10 
  119       4.733533307780e-10 
  120       4.781946155275e-10 
  121       4.830397533557e-10 
  122       4.878873187094e-10 
  123       4.927357760654e-10 
  124       4.975834770118e-10 
  125       5.024286573296e-10 
  126       5.072694340737e-10 
  127       5.121038026548e-10 
  128       5.169296339205e-10 
  129       5.217448619688e-10 
  130       5.265480770838e-10 
  131       5.313379926331e-10 
  132       5.361132586278e-10 
  133       5.408724601684e-10 
  134       5.456141158914e-10 
  135       5.503366764154e-10 
  136       5.550385227870e-10 
  137       5.597179649274e-10 
  138       5.643732400784e-10 
  139       5.690025112487e-10 
  140       5.736038656600e-10 
  141       5.781753131931e-10 
  142       5.827147848346e-10 
  143       5.872201311225e-10 
  144       5.916892825365e-10 
  145       5.961207517696e-10 
  146       6.005131782504e-10 
  147       6.048651700281e-10 
  148       6.091753031500e-10 
  149       6.134421210376e-10 
  150       6.176641338640e-10 
  151       6.218398179307e-10 
  152       6.259676150447e-10 
  153       6.300459318950e-10 
  154       6.340731394299e-10 
  155       6.380475722338e-10 
  156       6.419675279039e-10 
  157       6.458312664275e-10 
  158       6.496370095587e-10 
  159       6.533829401953e-10 
  160       6.570672017557e-10 
  161       6.606880225528e-10 
  162       6.642441025829e-10 
  163       6.677342599100e-10 
  164       6.711573086977e-10 
  165       6.745120591609e-10 
  166       6.777973175185e-10 
  167       6.810118859446e-10 
  168       6.841545625213e-10 
  169       6.872241411900e-10 
  170       6.902194117038e-10 
  171       6.931391595797e-10 
  172       6.959821660498e-10 
  173       6.987472080145e-10 
  174       7.014330579934e-10 
  175       7.040384840780e-10 
  176       7.065622498834e-10 
  177       7.090031145005e-10 
  178       7.113598324478e-10 
  179       7.136311536236e-10 
  180       7.158159117881e-10 
  181       7.179132979759e-10 
  182       7.199226087752e-10 
  183       7.218431600262e-10 
  184       7.236742871000e-10 
  185       7.254153451758e-10 
  186       7.270657095197e-10 
  187       7.286247757624e-10 
  188       7.300919601775e-10 
  189       7.314666999592e-10 
  190       7.327484535010e-10 
  191       7.339367006732e-10 
  192       7.350309431015e-10 
  193       7.360307044446e-10 
  194       7.369355306727e-10 
  195       7.377449903453e-10 
  196       7.384586748894e-10 
  197       7.390761988776e-10 
  198       7.395972003064e-10 
  199       7.400213408737e-10 
  200       7.403483062575e-10 
  201       7.405778458751e-10 
  202       7.407098947488e-10 
  203       7.407444608916e-10 
  204       7.406815870004e-10 
  205       7.405213508511e-10 
  206       7.402638656929e-10 
  207       7.399092806435e-10 
  208       7.394577810836e-10 
  209       7.389095890518e-10 
  210       7.382649636395e-10 
  211       7.375242013853e-10 
  212       7.366876366700e-10 
  213       7.357556421116e-10 
  214       7.347286289598e-10 
  215       7.336070474907e-10 
  216       7.323913874018e-10 
  217       7.310821782067e-10 
  218       7.296799896298e-10 
  219       7.281854320014e-10 
  220       7.265991566518e-10 
  221       7.249218563068e-10 
  222       7.231542654822e-10 
  223       7.212971608783e-10 
  224       7.193513404370e-10 
  225       7.173175581972e-10 
  226       7.151965860146e-10 
  227       7.129892348651e-10 
  228       7.106963551886e-10 
  229       7.083188372336e-10 
  230       7.058576114005e-10 
  231       7.033136485858e-10 
  232       7.006879605264e-10 
  233       6.979816001429e-10 
  234       6.951956618844e-10 
  235       6.923312820716e-10 
  236       6.893896392416e-10 
  237       6.863719544911e-10 
  238       6.832794918211e-10 
  239       6.801135584802e-10 
  240       6.768755053091e-10 
  241       6.735667270844e-10 
  242       6.701886628622e-10 
  243       6.667427963228e-10 
  244       6.632306561142e-10 
  245       6.596538161958e-10 
  246       6.560138961832e-10 
  247       6.523125616914e-10 
  248       6.485515246792e-10 
  249       6.447325437929e-10 
  250       6.408573358839e-10 
  251       6.369273041880e-10 
  252       6.329437951241e-10 
  253       6.289081858819e-10 
  254       6.248218845965e-10 
  255       6.206863305220e-10 
  256       6.165029942058e-10 
  257       6.122733776629e-10 
  258       6.079990145498e-10 
  259       6.036814703384e-10 
  260       5.993223424905e-10 
  261       5.949232606319e-10 
  262       5.904858867260e-10 
  263       5.860119152484e-10 
  264       5.815030733610e-10 
  265       5.769611210858e-10 
  266       5.723878514791e-10 
  267       5.677850908057e-10 
  268       5.631546987132e-10 
  269       5.584985684056e-10 
  270       5.538186268176e-10 
  271       5.491168347891e-10 
  272       5.443951872388e-10 
  273       5.396557133385e-10 
  274       5.349004766872e-10 
  275       5.301315754852e-10 
  276       5.253511427081e-10 
  277       5.205613462811e-10 
  278       5.157643892532e-10 
  279       5.109623669440e-10 
  280       5.061568298362e-10 
  281       5.013491983766e-10 
  282       4.965409039176e-10 
  283       4.917333886717e-10 
  284       4.869281056661e-10 
  285       4.821265186967e-10 
  286       4.773301022827e-10 
  287       4.725403416212e-10 
  288       4.677587325411e-10 
  289       4.629867814581e-10 
  290       4.582260053287e-10 
  291       4.534779316045e-10 
  292       4.487440981871e-10 
  293       4.440260533822e-10 
  294       4.393253558537e-10 
  295       4.346435745787e-10 
  296       4.299822888016e-10 
  297       4.253430879884e-10 
  298       4.207275717812e-10 
  299       4.161373499527e-10 
  300       4.115740423605e-10 
  301       4.070392789015e-10 
  302       4.025346994663e-10 
  303       3.980619538936e-10 
  304       3.936227019247e-10 
  305       3.892186131578e-10 
  306       3.848513670024e-10 
  307       3.805226526337e-10 
  308       3.762341689470e-10 
  309       3.719876245122e-10 
  310       3.677847375282e-10 
  311       3.636272357770e-10 
  312       3.595167124232e-10 
  313       3.554541861100e-10 
  314       3.514405203624e-10 
  315       3.474765656806e-10 
  316       3.435631593176e-10 
  317       3.397011250556e-10 
  318       3.358912729843e-10 
  319       3.321343992772e-10 
  320       3.284312859698e-10 
  321       3.247827007359e-10 
  322       3.211893966657e-10 
  323       3.176521120426e-10 
  324       3.141715701204e-10 
  325       3.107484789011e-10 
  326       3.073835309113e-10 
  327       3.040774029805e-10 
  328       3.008307560174e-10 
  329       2.976442347877e-10 
  330       2.945184676914e-10 
  331       2.914540665397e-10 
  332       2.884516263326e-10 
  333       2.855117250359e-10 
  334       2.826349233588e-10 
  335       2.798217645307e-10 
  336       2.770727740790e-10 
  337       2.743884596059e-10 
  338       2.717693105659e-10 
  339       2.692157980429e-10 
  340       2.667283745278e-10 
  341       2.643074736953e-10 
  342       2.619535101815e-10 
  343       2.596668793612e-10 
  344       2.574479571247e-10 
  345       2.552970996557e-10 
  346       2.532146432080e-10 
  347       2.512009038833e-10 
  348       2.492561774077e-10 
  349       2.473806922978e-10 
  350       2.455744676637e-10 
  351       2.438374490630e-10 
  352       2.421695543119e-10 
  353       2.405706732175e-10 
  354       2.390406673086e-10 
  355       2.375793695672e-10 
  356       2.361865841606e-10 
  357       2.348620861721e-10 
  358       2.336056213327e-10 
  359       2.324169057531e-10 
  360       2.312956256544e-10 
  361       2.302414370999e-10 
  362       2.292539657268e-10 
  363       2.283328064772e-10 
  364       2.274775233301e-10 
  365       2.266876490324e-10 
  366       2.259626848306e-10 
  367       2.253021002022e-10 
  368       2.247053325873e-10 
  369       2.241717871200e-10 
  370       2.237008363597e-10 
  371       2.232918200228e-10 
  372       2.229440447142e-10 
  373       2.226567836585e-10 
  374       2.224292764316e-10 
  375       2.222607286925e-10 
  376       2.221503119140e-10 
  377       2.220971631152e-10 
  378       2.221003845919e-10 
  379       2.221590436490e-10 
  380       2.222721723312e-10 
  381       2.224387671551e-10 
  382       2.226577888404e-10 
  383       2.229281620411e-10 
  384       2.232487750775e-10 
  385       2.236184796673e-10 
  386       2.240360906572e-10 
  387       2.245003857545e-10 
  388       2.250102089686e-10 
  389       2.255647857510e-10 
  390       2.261634191166e-10 
  391       2.268053868121e-10 
  392       2.274899411302e-10 
  393       2.282163087232e-10 
  394       2.289836904175e-10 
  395       2.297912610267e-10 
  396       2.306381691662e-10 
  397       2.315235370668e-10 
  398       2.324464603890e-10 
  399       2.334060080362e-10 
  400       2.344012219694e-10 
  401       2.354311170208e-10 
  402       2.364946807075e-10 
  403       2.375908730459e-10 
  404       2.387186263652e-10 
  405       2.398768451217e-10 
  406       2.410644057124e-10 
  407       2.422801562890e-10 
  408       2.435229165722e-10 
  409       2.447914776650e-10 
  410       2.460846018671e-10 
  411       2.474010224886e-10 
  412       2.487394436641e-10 
  413       2.500985401665e-10 
  414       2.514769572207e-10 
  415       2.528733103183e-10 
  416       2.542861850305e-10 
  417       2.557141368228e-10 
  418       2.571556908687e-10 
  419       2.586093418633e-10 
  420       2.600735538379e-10 
  421       2.615467599733e-10 
  422       2.630273624141e-10 
  423       2.645137320823e-10 
  424       2.660042084915e-10 
  425       2.674970995610e-10 
  426       2.689906814291e-10 
  427       2.704833916615e-10 
  428       2.719744164924e-10 
  429       2.734631231967e-10 
  430       2.749488684415e-10 
  431       2.764309982278e-10 
  432       2.779088478310e-10 
  433       2.793817417419e-10 
  434       2.808489936077e-10 
  435       2.823099061727e-10 
  436       2.837637712195e-10 
  437       2.852098695097e-10 
  438       2.866474707248e-10 
  439       2.880758334074e-10 
  440       2.894942049015e-10 
  441       2.909018212943e-10 
  442       2.922979073562e-10 
  443       2.936816764824e-10 
  444       2.950523306335e-10 
  445       2.964090602763e-10 
  446       2.977510443250e-10 
  447       2.990774500819e-10 
  448       3.003874331786e-10 
  449       3.016801375164e-10 
  450       3.029546952077e-10 
  451       3.042102265167e-10 
  452       3.054458398003e-10 
  453       3.066606314492e-10 
  454       3.078536858283e-10 
  455       3.090240752184e-10 
  456       3.101708597564e-10 
  457       3.112930873767e-10 
  458       3.123897937517e-10 
  459       3.134600022330e-10 
  460       3.145027237923e-10 
  461       3.155169569623e-10 
  462       3.165016877773e-10 
  463       3.174558897146e-10 
  464       3.183785236351e-10 
  465       3.192685377243e-10 
  466       3.201250378968e-10 
  467       3.209478049816e-10 
  468       3.217367935559e-10 
  469       3.224919629756e-10 
  470       3.232132774096e-10 
  471       3.239007058749e-10 
  472       3.245542222718e-10 
  473       3.251738054184e-10 
  474       3.257594390857e-10 
  475       3.263111120324e-10 
  476       3.268288180399e-10 
  477       3.273125559475e-10 
  478       3.277623296864e-10 
  479       3.281781483158e-10 
  480       3.285600260569e-10 
  481       3.289079823282e-10 
  482       3.292220417802e-10 
  483       3.295022343307e-10 
  484       3.297485951992e-10 
  485       3.299611649423e-10 
  486       3.301399894881e-10 
  487       3.302851201716e-10 
  488       3.303966137692e-10 
  489       3.304745325339e-10 
  490       3.305189442301e-10 
  491       3.305299221684e-10 
  492       3.305075452407e-10 
  493       3.304518979551e-10 
  494       3.303630704705e-10 
  495       3.302411586319e-10 
  496       3.300862640052e-10 
  497       3.298984939119e-10 
  498       3.296779614642e-10 
  499       3.294247855999e-10 
  500       3.291390911173e-10 
  501       3.288210087101e-10 
  502       3.284706750021e-10 
  503       3.280882325826e-10 
  504       3.276738300408e-10 
  505       3.272276777446e-10 
  506       3.267502168721e-10 
  507       3.262419553187e-10 
  508       3.257034124543e-10 
  509       3.251351191849e-10 
  510       3.245376180134e-10 
  511       3.239114631007e-10 
  512       3.232572203269e-10 
  513       3.225754673522e-10 
  514       3.218667936783e-10 
  515       3.211318007091e-10 
  516       3.203711018122e-10 
  517       3.195853223794e-10 
  518       3.187750998885e-10 
  519       3.179410839638e-10 
  520       3.170839364377e-10 
  521       3.162043314111e-10 
  522       3.153029553154e-10 
  523       3.143805069725e-10 
  524       3.134376976569e-10 
  525       3.124752511563e-10 
  526       3.114939038325e-10 
  527       3.104944046829e-10 
  528       3.094775154014e-10 
  529       3.084440104395e-10 
  530       3.073946770673e-10 
  531       3.063303154347e-10 
  532       3.052517386325e-10 
  533       3.041597727534e-10 
  534       3.030552569531e-10 
  535       3.019390435115e-10 
  536       3.008119978935e-10 
  537       2.996749988105e-10 
  538       2.985289382811e-10 
  539       2.973747216925e-10 
  540       2.962132678614e-10 
  541       2.950455090950e-10 
  542       2.938723912523e-10 
  543       2.926948738051e-10 
  544       2.915138622492e-10 
  545       2.903300032256e-10 
  546       2.891438840376e-10 
  547       2.879560998381e-10 
  548       2.867672536634e-10 
  549       2.855779564670e-10 
  550       2.843888271529e-10 
  551       2.832004926100e-10 
  552       2.820135877451e-10 
  553       2.808287555172e-10 
  554       2.796466469706e-10 
  555       2.784679212693e-10 
  556       2.772932457301e-10 
  557       2.761232958564e-10 
  558       2.749587553725e-10 
  559       2.738003162564e-10 
  560       2.726486787741e-10 
  561       2.715045515132e-10 
  562       2.703686514166e-10 
  563       2.692417038161e-10 
  564       2.681244424662e-10 
  565       2.670176095777e-10 
  566       2.659219558514e-10 
  567       2.648382405123e-10 
  568       2.637672313424e-10 
  569       2.627097047152e-10 
  570       2.616664456289e-10 
  571       2.606382477405e-10 
  572       2.596259133991e-10 
  573       2.586302536800e-10 
  574       2.576520884182e-10 
  575       2.566922462419e-10 
  576       2.557515646068e-10 
  577       2.548308898290e-10 
  578       2.539310771194e-10 
  579       2.530529906172e-10 
  580       2.521975034234e-10 
  581       2.513654976346e-10 
  582       2.505578643770e-10 
  583       2.497753822246e-10 
  584       2.490183490508e-10 
  585       2.482869410467e-10 
  586       2.475813334946e-10 
  587       2.469017007591e-10 
  588       2.462482162775e-10 
  589       2.456210525511e-10 
  590       2.450203811357e-10 
  591       2.444463726325e-10 
  592       2.438991966793e-10 
  593       2.433790219408e-10 
  594       2.428860160998e-10 
  595       2.424203458479e-10 
  596       2.419821768764e-10 
  597       2.415716738671e-10 
  598       2.411890004833e-10 
  599       2.408343193603e-10 
  600       2.405077920965e-10 
  601       2.402095792443e-10 
  602       2.399398403006e-10 
  603       2.396987336982e-10 
  604       2.394864167960e-10 
  605       2.393030458703e-10 
  606       2.391487761055e-10 
  607       2.390237615849e-10 
  608       2.389281552815e-10 
  609       2.388621090490e-10 
  610       2.388257736126e-10 
  611       2.388192985597e-10 
  612       2.388428323309e-10 
  613       2.388965222108e-10 
  614       2.389805143187e-10 
  615       2.390949535998e-10 
  616       2.392399838154e-10 
  617       2.394157475346e-10 
  618       2.396223861245e-10 
  619       2.398600397411e-10 
  620       2.401288473203e-10 
  621       2.404289465690e-10 
  622       2.407603926756e-10 
  623       2.411229123707e-10 
  624       2.415161440877e-10 
  625       2.419397186860e-10 
  626       2.423932594175e-10 
  627       2.428763818916e-10 
  628       2.433886940412e-10 
  629       2.439297960885e-10 
  630       2.444992805104e-10 
  631       2.450967320042e-10 
  632       2.457217274533e-10 
  633       2.463738358931e-10 
  634       2.470526184763e-10 
  635       2.477576284388e-10 
  636       2.484884110655e-10 
  637       2.492445036555e-10 
  638       2.500254354882e-10 
  639       2.508307277888e-10 
  640       2.516598936942e-10 
  641       2.525124382181e-10 
  642       2.533878582175e-10 
  643       2.542856423575e-10 
  644       2.552052710777e-10 
  645       2.561462165574e-10 
  646       2.571079426814e-10 
  647       2.580899050058e-10 
  648       2.590915507236e-10 
  649       2.601123186303e-10 
  650       2.611516390896e-10 
  651       2.622089339990e-10 
  652       2.632836167558e-10 
  653       2.643750922224e-10 
  654       2.654827566919e-10 
  655       2.666059978544e-10 
  656       2.677441947618e-10 
  657       2.688967177943e-10 
  658       2.700629286254e-10 
  659       2.712421801880e-10 
  660       2.724338166399e-10 
  661       2.736371866489e-10 
  662       2.748516836394e-10 
  663       2.760767063651e-10 
  664       2.773116456402e-10 
  665       2.785558843076e-10 
  666       2.798087972091e-10 
  667       2.810697511545e-10 
  668       2.823381048906e-10 
  669       2.836132090709e-10 
  670       2.848944062248e-10 
  671       2.861810307269e-10 
  672       2.874724087663e-10 
  673       2.887678583159e-10 
  674       2.900666891019e-10 
  675       2.913682025730e-10 
  676       2.926716918697e-10 
  677       2.939764417938e-10 
  678       2.952817287772e-10 
  679       2.965868208519e-10 
  680       2.978909776191e-10 
  681       2.991934502183e-10 
  682       3.004934812967e-10 
  683       3.017903049787e-10 
  684       3.030831468352e-10 
  685       3.043712238527e-10 
  686       3.056537444029e-10 
  687       3.069299082118e-10 
  688       3.081989063291e-10 
  689       3.094599210976e-10 
  690       3.107121261224e-10 
  691       3.119546862405e-10 
  692       3.131867574897e-10 
  693       3.144074870780e-10 
  694       3.156160133535e-10 
  695       3.168114657728e-10 
  696       3.179929648712e-10 
  697       3.191596222315e-10 
  698       3.203105404532e-10 
  699       3.214448131225e-10 
  700       3.225616146999e-10 
  701       3.236604723026e-10 
  702       3.247409995229e-10 
  703       3.258028070132e-10 
  704       3.268455024778e-10 
  705       3.278686906634e-10 
  706       3.288719733514e-10 
  707       3.298549493483e-10 
  708       3.308172144775e-10 
  709       3.317583615706e-10 
  710       3.326779804585e-10 
  711       3.335756579630e-10 
  712       3.344509778878e-10 
  713       3.353035210101e-10 
  714       3.361328650717e-10 
  715       3.369385847704e-10 
  716       3.377202517513e-10 
  717       3.384774345983e-10 
  718       3.392096988249e-10 
  719       3.399166068661e-10 
  720       3.405977180694e-10 
  721       3.412525886862e-10 
  722       3.418807718630e-10 
  723       3.424818176330e-10 
  724       3.430552729069e-10 
  725       3.436006814649e-10 
  726       3.441175839473e-10 
  727       3.446055178463e-10 
  728       3.450640174973e-10 
  729       3.454926140699e-10 
  730       3.458908355594e-10 
  731       3.462582067782e-10 
  732       3.465942493471e-10 
  733       3.468984816862e-10 
  734       3.471704190069e-10 
  735       3.474095733028e-10 
  736       3.476154533409e-10 
  737       3.477875646532e-10 
  738       3.479254095279e-10 
  739       3.480285861720e-10 
  740       3.480970883631e-10 
  741       3.481310116947e-10 
  742       3.481304549537e-10 
  743       3.480955201332e-10 
  744       3.480263124460e-10 
  745       3.479229403375e-10 
  746       3.477855154986e-10 
  747       3.476141528791e-10 
  748       3.474089707005e-10 
  749       3.471700904691e-10 
  750       3.468976369893e-10 
  751       3.465917383765e-10 
  752       3.462525260702e-10 
  753       3.458801348469e-10 
  754       3.454747028336e-10 
  755       3.450363715205e-10 
  756       3.445652857743e-10 
  757       3.440615938510e-10 
  758       3.435254474094e-10 
  759       3.429570015236e-10 
  760       3.423564146967e-10 
  761       3.417238488734e-10 
  762       3.410594694533e-10 
  763       3.403634453040e-10 
  764       3.396359487741e-10 
  765       3.388771557060e-10 
  766       3.380872454497e-10 
  767       3.372664008750e-10 
  768       3.364148083852e-10 
  769       3.355326579301e-10 
  770       3.346201430187e-10 
  771       3.336774607327e-10 
  772       3.327048117393e-10 
  773       3.317024003045e-10 
  774       3.306704343058e-10 
  775       3.296091252458e-10 
  776       3.285186882649e-10 
  777       3.273993421544e-10 
  778       3.262513502369e-10 
  779       3.250751438213e-10 
  780       3.238712010885e-10 
  781       3.226400064556e-10 
  782       3.213820505968e-10 
  783       3.200978304645e-10 
  784       3.187878493108e-10 
  785       3.174526167081e-10 
  786       3.160926485709e-10 
  787       3.147084671765e-10 
  788       3.133006011864e-10 
  789       3.118695856674e-10 
  790       3.104159621127e-10 
  791       3.089402784633e-10 
  792       3.074430891289e-10 
  793       3.059249550090e-10 
  794       3.043864435146e-10 
  795       3.028281285887e-10 
  796       3.012505907279e-10 
  797       2.996544170033e-10 
  798       2.980402010821e-10 
  799       2.964085432482e-10 
  800       2.947600504236e-10 
  801       2.930953361899e-10 
  802       2.914150208089e-10 
  803       2.897197312441e-10 
  804       2.880101011818e-10 
  805       2.862867710524e-10 
  806       2.845503880512e-10 
  807       2.828016061600e-10 
  808       2.810410861679e-10 
  809       2.792694956928e-10 
  810       2.774875092023e-10 
  811       2.756958080351e-10 
  812       2.738950804217e-10 
  813       2.720860215063e-10 
  814       2.702693333674e-10 
  815       2.684457250390e-10 
  816       2.666159125322e-10 
  817       2.647805817887e-10 
  818       2.629402767756e-10 
  819       2.610955094337e-10 
  820       2.592467965784e-10 
  821       2.573946599141e-10 
  822       2.555396260483e-10 
  823       2.536822265067e-10 
  824       2.518229977475e-10 
  825       2.499624811756e-10 
  826       2.481012231575e-10 
  827       2.462397750357e-10 
  828       2.443786931432e-10 
  829       2.425185388180e-10 
  830       2.406598784176e-10 
  831       2.388032833335e-10 
  832       2.369493300057e-10 
  833       2.350985999373e-10 
  834       2.332516797091e-10 
  835       2.314091609936e-10 
  836       2.295716405702e-10 
  837       2.277397203393e-10 
  838       2.259140073368e-10 
  839       2.240951137489e-10 
  840       2.222836569263e-10 
  841       2.204802593987e-10 
  842       2.186855488898e-10 
  843       2.169001583312e-10 
  844       2.151247258771e-10 
  845       2.133598949191e-10 
  846       2.116063141004e-10 
  847       2.098646373302e-10 
  848       2.081355237987e-10 
  849       2.064196379912e-10 
  850       2.047176497027e-10 
  851       2.030302340525e-10 
  852       2.013580714986e-10 
  853       1.997018478523e-10 
  854       1.980622542927e-10 
  855       1.964399873810e-10 
  856       1.948356664556e-10 
  857       1.932495842419e-10 
  858       1.916819520184e-10 
  859       1.901329818522e-10 
  860       1.886028865997e-10 
  861       1.870918799081e-10 
  862       1.856001762157e-10 
  863       1.841279907537e-10 
  864       1.826755395466e-10 
  865       1.812430394133e-10 
  866       1.798307079685e-10 
  867       1.784387636231e-10 
  868       1.770674255855e-10 
  869       1.757169138626e-10 
  870       1.743874492610e-10 
  871       1.730792533875e-10 
  872       1.717925486503e-10 
  873       1.705275582604e-10 
  874       1.692845062319e-10 
  875       1.680636173836e-10 
  876       1.668651173396e-10 
  877       1.656892325305e-10 
  878       1.645361901943e-10 
  879       1.634062183776e-10 
  880       1.622995459361e-10 
  881       1.612164025363e-10 
  882       1.601570186558e-10 
  883       1.591216255849e-10 
  884       1.581104554271e-10 
  885       1.571237411005e-10 
  886       1.561617163383e-10 
  887       1.552246156905e-10 
  888       1.543126745242e-10 
  889       1.534261290250e-10 
  890       1.525652161979e-10 
  891       1.517301738684e-10 
  892       1.509212406830e-10 
  893       1.501386561111e-10 
  894       1.493826604450e-10 
  895       1.486534255528e-10 
  896       1.479508458940e-10 
  897       1.472747440963e-10 
  898       1.466249398866e-10 
  899       1.460012500812e-10 
  900       1.454034885768e-10 
  901       1.448314663406e-10 
  902       1.442849914017e-10 
  903       1.437638688409e-10 
  904       1.432679007821e-10 
  905       1.427968863823e-10 
  906       1.423506218227e-10 
  907       1.419289002990e-10 
  908       1.415315120123e-10 
  909       1.411582441595e-10 
  910       1.408088809242e-10 
  911       1.404832034670e-10 
  912       1.401809899164e-10 
  913       1.399020153593e-10 
  914       1.396460518318e-10 
  915       1.394128683096e-10 
  916       1.392022306988e-10 
  917       1.390139018263e-10 
  918       1.388476414310e-10 
  919       1.387032061536e-10 
  920       1.385803495280e-10 
  921       1.384788219714e-10 
  922       1.383983707754e-10 
  923       1.383387400961e-10 
  924       1.382996709452e-10 
  925       1.382809011804e-10 
  926       1.382821654961e-10 
  927       1.383031954139e-10 
  928       1.383437192736e-10 
  929       1.384034622232e-10 
  930       1.384821462103e-10 
  931       1.385794899720e-10 
  932       1.386952090263e-10 
  933       1.388290156620e-10 
  934       1.389806044118e-10 
  935       1.391496082410e-10 
  936       1.393356416551e-10 
  937       1.395383151444e-10 
  938       1.397572351727e-10 
  939       1.399920041656e-10 
  940       1.402422204996e-10 
  941       1.405074784905e-10 
  942       1.407873683818e-10 
  943       1.410814763339e-10 
  944       1.413893844123e-10 
  945       1.417106705764e-10 
  946       1.420449086680e-10 
  947       1.423916684002e-10 
  948       1.427505153458e-10 
  949       1.431210109260e-10 
  950       1.435027123992e-10 
  951       1.438951728492e-10 
  952       1.442979411745e-10 
  953       1.447105620764e-10 
  954       1.451325760477e-10 
  955       1.455635193618e-10 
  956       1.460029240606e-10 
  957       1.464503179437e-10 
  958       1.469052245570e-10 
  959       1.473671631811e-10 
  960       1.478356488199e-10 
  961       1.483101921896e-10 
  962       1.487902997071e-10 
  963       1.492754734785e-10 
  964       1.497652112881e-10 
  965       1.502590065867e-10 
  966       1.507563484805e-10 
  967       1.512567217196e-10 
  968       1.517596066864e-10 
  969       1.522644793850e-10 
  970       1.527708114288e-10 
  971       1.532780700300e-10 
  972       1.537857179879e-10 
  973       1.542932544380e-10 
  974       1.548003377933e-10 
  975       1.553066646256e-10 
  976       1.558119290668e-10 
  977       1.563158228022e-10 
  978       1.568180350642e-10 
  979       1.573182526265e-10 
  980       1.578161597976e-10 
  981       1.583114384147e-10 
  982       1.588037678376e-10 
  983       1.592928249422e-10 
  984       1.597782841146e-10 
  985       1.602598172448e-10 
  986       1.607370937205e-10 
  987       1.612097804209e-10 
  988       1.616775417104e-10 
  989       1.621400394327e-10 
  990       1.625969329040e-10 
  991       1.630478789076e-10 
  992       1.634925316872e-10 
  993       1.639305429406e-10 
  994       1.643615618138e-10 
  995       1.647852348948e-10 
  996       1.652012062071e-10 
  997       1.656091172039e-10 
  998       1.660086067615e-10 
  999       1.663993111734e-10 
 1000       1.667808641440e-10 
 1001       1.671528967822e-10 
 1002       1.675150375957e-10 
 1003       1.678669124843e-10 
 1004       1.682081447338e-10 
 1005       1.685383550102e-10 
 1006       1.688571613529e-10 
 1007       1.691641791688e-10 
 1008       1.694590212263e-10 
 1009       1.697412976487e-10 
 1010       1.700106159084e-10 
 1011       1.702665808201e-10 
 1012       1.705088554716e-10 
 1013       1.707373449886e-10 
 1014       1.709520154099e-10 
 1015       1.711528329924e-10 
 1016       1.713397642119e-10 
 1017       1.715127757644e-10 
 1018       1.716718345666e-10 
 1019       1.718169077572e-10 
 1020       1.719479626977e-10 
 1021       1.720649669732e-10 
 1022       1.721678883937e-10 
 1023       1.722566949945e-10 
 1024       1.723313550376e-10 
 1025       1.723918370124e-10 
 1026       1.724381096367e-10 
 1027       1.724701418576e-10 
 1028       1.724879028525e-10 
 1029       1.724913620298e-10 
 1030       1.724804890303e-10 
 1031       1.724552537276e-10 
 1032       1.724156262296e-10 
 1033       1.723615768787e-10 
 1034       1.722930762534e-10 
 1035       1.722100951690e-10 
 1036       1.721126046784e-10 
 1037       1.720005760732e-10 
 1038       1.718739808846e-10 
 1039       1.717327908843e-10 
 1040       1.715769780855e-10 
 1041       1.714065147435e-10 
 1042       1.712213733573e-10 
 1043       1.710215266699e-10 
 1044       1.708069476696e-10 
 1045       1.705776095907e-10 
 1046       1.703334859145e-10 
 1047       1.700745503705e-10 
 1048       1.698007769369e-10 
 1049       1.695121398418e-10 
 1050       1.692086135642e-10 
 1051       1.688902117491e-10 
 1052       1.685571045453e-10 
 1053       1.682095029007e-10 
 1054       1.678476198010e-10 
 1055       1.674716702745e-10 
 1056       1.670818713977e-10 
 1057       1.666784423002e-10 
 1058       1.662616041698e-10 
 1059       1.658315802579e-10 
 1060       1.653885958845e-10 
 1061       1.649328784431e-10 
 1062       1.644646574066e-10 
 1063       1.639841643316e-10 
 1064       1.634916328640e-10 
 1065       1.629872987443e-10 
 1066       1.624713998124e-10 
 1067       1.619441760129e-10 
 1068       1.614058694002e-10 
 1069       1.608567241440e-10 
 1070       1.602969865338e-10 
 1071       1.597269049848e-10 
 1072       1.591467300423e-10 
 1073       1.585567143876e-10 
 1074       1.579571128427e-10 
 1075       1.573481823754e-10 
 1076       1.567301821047e-10 
 1077       1.561033733061e-10 
 1078       1.554680194161e-10 
 1079       1.548243860382e-10 
 1080       1.541727409474e-10 
 1081       1.535133540955e-10 
 1082       1.528464976167e-10 
 1083       1.521724458322e-10 
 1084       1.514914752554e-10 
 1085       1.508038645976e-10 
 1086       1.501098947724e-10 
 1087       1.494098489015e-10 
 1088       1.487040123196e-10 
 1089       1.479926725792e-10 
 1090       1.472761154706e-10 
 1091       1.465546130105e-10 
 1092       1.458284353021e-10 
 1093       1.450978545113e-10 
 1094       1.443631448717e-10 
 1095       1.436245826887e-10 
 1096       1.428824463450e-10 
 1097       1.421370163047e-10 
 1098       1.413885751186e-10 
 1099       1.406374074286e-10 
 1100       1.398837999726e-10 
 1101       1.391280415891e-10 
 1102       1.383704232221e-10 
 1103       1.376112379261e-10 
 1104       1.368507808701e-10 
 1105       1.360893493433e-10 
 1106       1.353272427590e-10 
 1107       1.345647626601e-10 
 1108       1.338022127231e-10 
 1109       1.330398987636e-10 
 1110       1.322781287405e-10 
 1111       1.315172127611e-10 
 1112       1.307574630855e-10 
 1113       1.299991941317e-10 
 1114       1.292427224804e-10 
 1115       1.284883668792e-10 
 1116       1.277364482479e-10 
 1117       1.269872896832e-10 
 1118       1.262412164631e-10 
 1119       1.254985560522e-10 
 1120       1.247596381057e-10 
 1121       1.240247944751e-10 
 1122       1.232943592121e-10 
 1123       1.225686685738e-10 
 1124       1.218480610273e-10 
 1125       1.211328772548e-10 
 1126       1.204234601576e-10 
 1127       1.197201548617e-10 
 1128       1.190233087221e-10 
 1129       1.183332349291e-10 
 1130       1.176501028030e-10 
 1131       1.169740460886e-10 
 1132       1.163051992268e-10 
 1133       1.156436973557e-10 
 1134       1.149896763115e-10 
 1135       1.143432726306e-10 
 1136       1.137046235503e-10 
 1137       1.130738670104e-10 
 1138       1.124511416545e-10 
 1139       1.118365868314e-10 
 1140       1.112303425962e-10 
 1141       1.106325497119e-10 
 1142       1.100433496506e-10 
 1143       1.094628845947e-10 
 1144       1.088912974386e-10 
 1145       1.083287317896e-10 
 1146       1.077753319696e-10 
 1147       1.072312430160e-10 
 1148       1.066966106837e-10 
 1149       1.061715814457e-10 
 1150       1.056563024949e-10 
 1151       1.051509217451e-10 
 1152       1.046555878327e-10 
 1153       1.041704501179e-10 
 1154       1.036956586857e-10 
 1155       1.032313643479e-10 
 1156       1.027777186436e-10 
 1157       1.023348738413e-10 
 1158       1.019029829397e-10 
 1159       1.014821996694e-10 
 1160       1.010726784939e-10 
 1161       1.006745746112e-10 
 1162       1.002880439549e-10 
 1163       9.991324319574e-11 
 1164       9.955032974285e-11 
 1165       9.919946174503e-11 
 1166       9.886079809213e-11 
 1167       9.853449841638e-11 
 1168       9.822068398208e-11 
 1169       9.791931981638e-11 
 1170       9.763033110627e-11 
 1171       9.735364217426e-11 
 1172       9.708917647634e-11 
 1173       9.683685659981e-11 
 1174       9.659660426123e-11 
 1175       9.636834030427e-11 
 1176       9.615198469762e-11 
 1177       9.594745653289e-11 
 1178       9.575467402249e-11 
 1179       9.557355449752e-11 
 1180       9.540401440569e-11 
 1181       9.524596930917e-11 
 1182       9.509933388254e-11 
 1183       9.496402191061e-11 
 1184       9.483994628638e-11 
 1185       9.472701900891e-11 
 1186       9.462515118118e-11 
 1187       9.453425300805e-11 
 1188       9.445423379407e-11 
 1189       9.438500194147e-11 
 1190       9.432646494797e-11 
 1191       9.427852940469e-11 
 1192       9.424110099410e-11 
 1193       9.421408448783e-11 
 1194       9.419738374462e-11 
 1195       9.419090170820e-11 
 1196       9.419454040518e-11 
 1197       9.420820094293e-11 
 1198       9.423178350750e-11 
 1199       9.426518736148e-11 
 1200       9.430831084192e-11 
 1201       9.436105135822e-11 
 1202       9.442330539002e-11 
 1203       9.449496848507e-11 
 1204       9.457593525717e-11 
 1205       9.466609938401e-11 
 1206       9.476535360511e-11 
 1207       9.487357431651e-11 
 1208       9.499057515500e-11 
 1209       9.511615284760e-11 
 1210       9.525010256039e-11 
 1211       9.539221789512e-11 
 1212       9.554229088587e-11 
 1213       9.570011199561e-11 
 1214       9.586547011290e-11 
 1215       9.603815254845e-11 
 1216       9.621794503179e-11 
 1217       9.640463170789e-11 
 1218       9.659799513375e-11 
 1219       9.679781627507e-11 
 1220       9.700387450285e-11 
 1221       9.721594759002e-11 
 1222       9.743381170807e-11 
 1223       9.765724142367e-11 
 1224       9.788600969531e-11 
 1225       9.811988786988e-11 
 1226       9.835864567936e-11 
 1227       9.860205123739e-11 
 1228       9.884987103595e-11 
 1229       9.910186994192e-11 
 1230       9.935781119375e-11 
 1231       9.961745639809e-11 
 1232       9.988056552637e-11 
 1233       1.001468969115e-10 
 1234       1.004162072444e-10 
 1235       1.006882515707e-10 
 1236       1.009627832873e-10 
 1237       1.012395541392e-10 
 1238       1.015183142157e-10 
 1239       1.017988119474e-10 
 1240       1.020807941029e-10 
 1241       1.023640057850e-10 
 1242       1.026481904276e-10 
 1243       1.029330897924e-10 
 1244       1.032184439652e-10 
 1245       1.035039913530e-10 
 1246       1.037894834018e-10 
 1247       1.040747289474e-10 
 1248       1.043595503784e-10 
 1249       1.046437689596e-10 
 1250       1.049272048296e-10 
 1251       1.052096769989e-10 
 1252       1.054910033471e-10 
 1253       1.057710006213e-10 
 1254       1.060494844335e-10 
 1255       1.063262692583e-10 
 1256       1.066011684311e-10 
 1257       1.068739941451e-10 
 1258       1.071445574500e-10 
 1259       1.074126682489e-10 
 1260       1.076781352966e-10 
 1261       1.079407661973e-10 
 1262       1.082003674021e-10 
 1263       1.084567442069e-10 
 1264       1.087097007504e-10 
 1265       1.089590400116e-10 
 1266       1.092045638073e-10 
 1267       1.094460727907e-10 
 1268       1.096833664482e-10 
 1269       1.099162430978e-10 
 1270       1.101444998867e-10 
 1271       1.103679327890e-10 
 1272       1.105863366033e-10 
 1273       1.107995049508e-10 
 1274       1.110072302731e-10 
 1275       1.112093038295e-10 
 1276       1.114055156951e-10 
 1277       1.115956547586e-10 
 1278       1.117795087198e-10 
 1279       1.119568640877e-10 
 1280       1.121275061780e-10 
 1281       1.122912191110e-10 
 1282       1.124477858092e-10 
 1283       1.125969879953e-10 
 1284       1.127386061897e-10 
 1285       1.128724502958e-10 
 1286       1.129984517399e-10 
 1287       1.131165723751e-10 
 1288       1.132267739890e-10 
 1289       1.133290183037e-10 
 1290       1.134232669760e-10 
 1291       1.135094815970e-10 
 1292       1.135876236923e-10 
 1293       1.136576547221e-10 
 1294       1.137195360810e-10 
 1295       1.137732290980e-10 
 1296       1.138186950364e-10 
 1297       1.138558950943e-10 
 1298       1.138847904038e-10 
 1299       1.139053420314e-10 
 1300       1.139175109782e-10 
 1301       1.139212581795e-10 
 1302       1.139165445049e-10 
 1303       1.139033307582e-10 
 1304       1.138815776777e-10 
 1305       1.138512459359e-10 
 1306       1.138122961396e-10 
 1307       1.137646888295e-10 
 1308       1.137083844811e-10 
 1309       1.136433435037e-10 
 1310       1.135695262408e-10 
 1311       1.134868929702e-10 
 1312       1.133954039038e-10 
 1313       1.132950191878e-10 
 1314       1.131856989022e-10 
 1315       1.130674030614e-10 
 1316       1.129400916136e-10 
 1317       1.128037244414e-10 
 1318       1.126582613613e-10 
 1319       1.125036621238e-10 
 1320       1.123398864134e-10 
 1321       1.121668938488e-10 
 1322       1.119846439824e-10 
 1323       1.117930963009e-10 
 1324       1.115922344886e-10 
 1325       1.113821395130e-10 
 1326       1.111629173466e-10 
 1327       1.109346747778e-10 
 1328       1.106975194124e-10 
 1329       1.104515596755e-10 
 1330       1.101969048130e-10 
 1331       1.099336648932e-10 
 1332       1.096619508085e-10 
 1333       1.093818742773e-10 
 1334       1.090935478451e-10 
 1335       1.087970848864e-10 
 1336       1.084925996067e-10 
 1337       1.081802070436e-10 
 1338       1.078600230686e-10 
 1339       1.075321643890e-10 
 1340       1.071967485493e-10 
 1341       1.068538939327e-10 
 1342       1.065037197632e-10 
 1343       1.061463461068e-10 
 1344       1.057818938736e-10 
 1345       1.054104848187e-10 
 1346       1.050322415448e-10 
 1347       1.046472875030e-10 
 1348       1.042557469951e-10 
 1349       1.038577451745e-10 
 1350       1.034534080488e-10 
 1351       1.030428624805e-10 
 1352       1.026262361894e-10 
 1353       1.022036577537e-10 
 1354       1.017752566119e-10 
 1355       1.013411630645e-10 
 1356       1.009015082754e-10 
 1357       1.004564242738e-10 
 1358       1.000060439556e-10 
 1359       9.955050108527e-11 
 1360       9.908993029744e-11 
 1361       9.862446709839e-11 
 1362       9.815424786787e-11 
 1363       9.767941324474e-11 
 1364       9.720011832082e-11 
 1365       9.671652255968e-11 
 1366       9.622878642436e-11 
 1367       9.573707137921e-11 
 1368       9.524153989179e-11 
 1369       9.474235543467e-11 
 1370       9.423968248733e-11 
 1371       9.373368653803e-11 
 1372       9.322453408563e-11 
 1373       9.271239264151e-11 
 1374       9.219743073137e-11 
 1375       9.167981789714e-11 
 1376       9.115972469881e-11 
 1377       9.063732271632e-11 
 1378       9.011278455140e-11 
 1379       8.958628382943e-11 
 1380       8.905799520130e-11 
 1381       8.852809434532e-11 
 1382       8.799675796901e-11 
 1383       8.746416381099e-11 
 1384       8.693049064287e-11 
 1385       8.639591827107e-11 
 1386       8.586062753870e-11 
 1387       8.532480032743e-11 
 1388       8.478861955933e-11 
 1389       8.425226919875e-11 
 1390       8.371593425418e-11 
 1391       8.317980078010e-11 
 1392       8.264405587885e-11 
 1393       8.210888770248e-11 
 1394       8.157448545465e-11 
 1395       8.104103939243e-11 
 1396       8.050874082821e-11 
 1397       7.997778213155e-11 
 1398       7.944835673104e-11 
 1399       7.892065911614e-11 
 1400       7.839488483909e-11 
 1401       7.787123051671e-11 
 1402       7.734987789003e-11 
 1403       7.683094581720e-11 
 1404       7.631453778354e-11 
 1405       7.580075779922e-11 
 1406       7.528971040020e-11 
 1407       7.478150064910e-11 
 1408       7.427623413609e-11 
 1409       7.377401697978e-11 
 1410       7.327495582811e-11 
 1411       7.277915785923e-11 
 1412       7.228673078241e-11 
 1413       7.179778283890e-11 
 1414       7.131242280286e-11 
 1415       7.083075998220e-11 
 1416       7.035290421951e-11 
 1417       6.987896589291e-11 
 1418       6.940905591699e-11 
 1419       6.894328574364e-11 
 1420       6.848176736301e-11 
 1421       6.802461330431e-11 
 1422       6.757193663678e-11 
 1423       6.712385097053e-11 
 1424       6.668047045747e-11 
 1425       6.624190979213e-11 
 1426       6.580828421265e-11 
 1427       6.537970950156e-11 
 1428       6.495630198674e-11 
 1429       6.453817854232e-11 
 1430       6.412545658949e-11 
 1431       6.371825409746e-11 
 1432       6.331668958435e-11 
 1433       6.292088211802e-11 
 1434       6.253095131701e-11 
 1435       6.214701735142e-11 
 1436       6.176920094379e-11 
 1437       6.139762336999e-11 
 1438       6.103240646011e-11 
 1439       6.067367259936e-11 
 1440       6.032154472893e-11 
 1441       5.997612441737e-11 
 1442       5.963742582926e-11 
 1443       5.930544108811e-11 
 1444       5.898016214475e-11 
 1445       5.866158077693e-11 
 1446       5.834968858895e-11 
 1447       5.804447701128e-11 
 1448       5.774593730020e-11 
 1449       5.745406053737e-11 
 1450       5.716883762954e-11 
 1451       5.689025930808e-11 
 1452       5.661831612867e-11 
 1453       5.635299847089e-11 
 1454       5.609429653786e-11 
 1455       5.584220035583e-11 
 1456       5.559669977385e-11 
 1457       5.535778446336e-11 
 1458       5.512544391781e-11 
 1459       5.489966745231e-11 
 1460       5.468044420322e-11 
 1461       5.446776312781e-11 
 1462       5.426161300384e-11 
 1463       5.406198242922e-11 
 1464       5.386885982159e-11 
 1465       5.368223341800e-11 
 1466       5.350209127450e-11 
 1467       5.332842126573e-11 
 1468       5.316121108461e-11 
 1469       5.300044824192e-11 
 1470       5.284612006593e-11 
 1471       5.269821370203e-11 
 1472       5.255671611233e-11 
 1473       5.242161407531e-11 
 1474       5.229289418545e-11 
 1475       5.217054285281e-11 
 1476       5.205454630268e-11 
 1477       5.194489057522e-11 
 1478       5.184156152503e-11 
 1479       5.174454482083e-11 
 1480       5.165381300959e-11 
 1481       5.156928656983e-11 
 1482       5.149087247273e-11 
 1483       5.141847708149e-11 
 1484       5.135200615031e-11 
 1485       5.129136482327e-11 
 1486       5.123645763328e-11 
 1487       5.118718850095e-11 
 1488       5.114346073353e-11 
 1489       5.110517702384e-11 
 1490       5.107223944916e-11 
 1491       5.104454947012e-11 
 1492       5.102200792969e-11 
 1493       5.100451505202e-11 
 1494       5.099197044138e-11 
 1495       5.098427308111e-11 
 1496       5.098132133247e-11 
 1497       5.098301293359e-11 
 1498       5.098924499841e-11 
 1499       5.099991401552e-11 
 1500       5.101491584716e-11 
 1501       5.103414572806e-11 
 1502       5.105749826443e-11 
 1503       5.108486743280e-11 
 1504       5.111614657897e-11 
 1505       5.115122841694e-11 
 1506       5.119000502779e-11 
 1507       5.123236785861e-11 
 1508       5.127820772143e-11 
 1509       5.132741479211e-11 
 1510       5.137987860926e-11 
 1511       5.143548807316e-11 
 1512       5.149413144468e-11 
 1513       5.155569634418e-11 
 1514       5.162006975043e-11 
 1515       5.168713799954e-11 
 1516       5.175678678383e-11 
 1517       5.182890115082e-11 
 1518       5.190336550205e-11 
 1519       5.198006599019e-11 
 1520       5.205889773757e-11 
 1521       5.213975768493e-11 
 1522       5.222254219874e-11 
 1523       5.230714707015e-11 
 1524       5.239346751409e-11 
 1525       5.248139816829e-11 
 1526       5.257083309230e-11 
 1527       5.266166576657e-11 
 1528       5.275378909144e-11 
 1529       5.284709538623e-11 
 1530       5.294147638823e-11 
 1531       5.303682325178e-11 
 1532       5.313302654728e-11 
 1533       5.322997626025e-11 
 1534       5.332756179035e-11 
 1535       5.342567195043e-11 
 1536       5.352419496558e-11 
 1537       5.362301847215e-11 
 1538       5.372202951678e-11 
 1539       5.382111455548e-11 
 1540       5.392015945262e-11 
 1541       5.401904948002e-11 
 1542       5.411766931593e-11 
 1543       5.421590304413e-11 
 1544       5.431363415292e-11 
 1545       5.441074553418e-11 
 1546       5.450711948244e-11 
 1547       5.460263769383e-11 
 1548       5.469718126523e-11 
 1549       5.479063069322e-11 
 1550       5.488286587317e-11 
 1551       5.497376609827e-11 
 1552       5.506321005854e-11 
 1553       5.515107583990e-11 
 1554       5.523724092322e-11 
 1555       5.532158218330e-11 
 1556       5.540397588800e-11 
 1557       5.548429769717e-11 
 1558       5.556243603346e-11 
 1559       5.563833233352e-11 
 1560       5.571194117280e-11 
 1561       5.578321692783e-11 
 1562       5.585211377591e-11 
 1563       5.591858569485e-11 
 1564       5.598258646266e-11 
 1565       5.604406965721e-11 
 1566       5.610298865600e-11 
 1567       5.615929663578e-11 
 1568       5.621294657232e-11 
 1569       5.626389124006e-11 
 1570       5.631208321185e-11 
 1571       5.635747485860e-11 
 1572       5.640001834904e-11 
 1573       5.643966564937e-11 
 1574       5.647636852297e-11 
 1575       5.651007853012e-11 
 1576       5.654074702769e-11 
 1577       5.656832516884e-11 
 1578       5.659276390268e-11 
 1579       5.661401397406e-11 
 1580       5.663202592318e-11 
 1581       5.664675008533e-11 
 1582       5.665813659059e-11 
 1583       5.666613536353e-11 
 1584       5.667069612290e-11 
 1585       5.667176838132e-11 
 1586       5.666930144502e-11 
 1587       5.666324441349e-11 
 1588       5.665354617921e-11 
 1589       5.664015542735e-11 
 1590       5.662302063546e-11 
 1591       5.660209007317e-11 
 1592       5.657731180187e-11 
 1593       5.654863367448e-11 
 1594       5.651600333505e-11 
 1595       5.647936821855e-11 
 1596       5.643867555050e-11 
 1597       5.639388611262e-11 
 1598       5.634501567816e-11 
 1599       5.629209395550e-11 
 1600       5.623515085708e-11 
 1601       5.617421649969e-11 
 1602       5.610932120490e-11 
 1603       5.604049549931e-11 
 1604       5.596777011499e-11 
 1605       5.589117598975e-11 
 1606       5.581074426754e-11 
 1607       5.572650629876e-11 
 1608       5.563849364063e-11 
 1609       5.554673805755e-11 
 1610       5.545127152139e-11 
 1611       5.535212621191e-11 
 1612       5.524933451705e-11 
 1613       5.514292903331e-11 
 1614       5.503294256607e-11 
 1615       5.491940812997e-11 
 1616       5.480235894924e-11 
 1617       5.468182845802e-11 
 1618       5.455785030076e-11 
 1619       5.443045833254e-11 
 1620       5.429968661941e-11 
 1621       5.416556943872e-11 
 1622       5.402814127954e-11 
 1623       5.388743684292e-11 
 1624       5.374349104229e-11 
 1625       5.359633900379e-11 
 1626       5.344601606662e-11 
 1627       5.329255778338e-11 
 1628       5.313599992042e-11 
 1629       5.297637845821e-11 
 1630       5.281372959165e-11 
 1631       5.264808973043e-11 
 1632       5.247949549940e-11 
 1633       5.230798373887e-11 
 1634       5.213359150502e-11 
 1635       5.195635607017e-11 
 1636       5.177632033364e-11 
 1637       5.159354910629e-11 
 1638       5.140811297227e-11 
 1639       5.122008289237e-11 
 1640       5.102953020462e-11 
 1641       5.083652662489e-11 
 1642       5.064114424747e-11 
 1643       5.044345554564e-11 
 1644       5.024353337229e-11 
 1645       5.004145096049e-11 
 1646       4.983728192410e-11 
 1647       4.963110025833e-11 
 1648       4.942298034035e-11 
 1649       4.921299692988e-11 
 1650       4.900122516976e-11 
 1651       4.878774058656e-11 
 1652       4.857261909117e-11 
 1653       4.835593697938e-11 
 1654       4.813777093245e-11 
 1655       4.791819801774e-11 
 1656       4.769729568929e-11 
 1657       4.747514178837e-11 
 1658       4.725181454412e-11 
 1659       4.702739257411e-11 
 1660       4.680195488494e-11 
 1661       4.657558087282e-11 
 1662       4.634835032419e-11 
 1663       4.612034341625e-11 
 1664       4.589164071761e-11 
 1665       4.566232318885e-11 
 1666       4.543247218310e-11 
 1667       4.520216944667e-11 
 1668       4.497149711958e-11 
 1669       4.474053773620e-11 
 1670       4.450937422582e-11 
 1671       4.427808991325e-11 
 1672       4.404676851938e-11 
 1673       4.381549416180e-11 
 1674       4.358435135537e-11 
 1675       4.335342031260e-11 
 1676       4.312276279856e-11 
 1677       4.289243615357e-11 
 1678       4.266249798262e-11 
 1679       4.243300615574e-11 
 1680       4.220401880840e-11 
 1681       4.197559434191e-11 
 1682       4.174779142377e-11 
 1683       4.152066898810e-11 
 1684       4.129428623603e-11 
 1685       4.106870263603e-11 
 1686       4.084397792437e-11 
 1687       4.062017210547e-11 
 1688       4.039734545228e-11 
 1689       4.017555850672e-11 
 1690       3.995487208001e-11 
 1691       3.973534725307e-11 
 1692       3.951704537694e-11 
 1693       3.930002807315e-11 
 1694       3.908435723409e-11 
 1695       3.887009502343e-11 
 1696       3.865730387649e-11 
 1697       3.844604650063e-11 
 1698       3.823638587563e-11 
 1699       3.802838525412e-11 
 1700       3.782210816192e-11 
 1701       3.761761839843e-11 
 1702       3.741498003705e-11 
 1703       3.721425742557e-11 
 1704       3.701551518652e-11 
 1705       3.681881821758e-11 
 1706       3.662423169197e-11 
 1707       3.643182105886e-11 
 1708       3.624165204369e-11 
 1709       3.605379064865e-11 
 1710       3.586830315300e-11 
 1711       3.568525611349e-11 
 1712       3.550471636471e-11 
 1713       3.532675101956e-11 
 1714       3.515141768924e-11 
 1715       3.497873505149e-11 
 1716       3.480871203193e-11 
 1717       3.464135756154e-11 
 1718       3.447668057662e-11 
 1719       3.431469001884e-11 
 1720       3.415539483519e-11 
 1721       3.399880397795e-11 
 1722       3.384492640474e-11 
 1723       3.369377107846e-11 
 1724       3.354534696727e-11 
 1725       3.339966304465e-11 
 1726       3.325672828930e-11 
 1727       3.311655168518e-11 
 1728       3.297914222151e-11 
 1729       3.284450889272e-11 
 1730       3.271266069846e-11 
 1731       3.258360664359e-11 
 1732       3.245735573817e-11 
 1733       3.233391699745e-11 
 1734       3.221329944184e-11 
 1735       3.209551209693e-11 
 1736       3.198056399345e-11 
 1737       3.186846416728e-11 
 1738       3.175922165944e-11 
 1739       3.165284551606e-11 
 1740       3.154934478838e-11 
 1741       3.144872853275e-11 
 1742       3.135100581060e-11 
 1743       3.125618568843e-11 
 1744       3.116427723784e-11 
 1745       3.107528953544e-11 
 1746       3.098923166292e-11 
 1747       3.090611270700e-11 
 1748       3.082594175941e-11 
 1749       3.074872791691e-11 
 1750       3.067448028125e-11 
 1751       3.060320795918e-11 
 1752       3.053492006242e-11 
 1753       3.046961810919e-11 
 1754       3.040727315933e-11 
 1755       3.034784848831e-11 
 1756       3.029130716805e-11 
 1757       3.023761206662e-11 
 1758       3.018672584795e-11 
 1759       3.013861097152e-11 
 1760       3.009322969202e-11 
 1761       3.005054405908e-11 
 1762       3.001051591696e-11 
 1763       2.997310690421e-11 
 1764       2.993827845340e-11 
 1765       2.990599179079e-11 
 1766       2.987620793604e-11 
 1767       2.984888770188e-11 
 1768       2.982399169383e-11 
 1769       2.980148030987e-11 
 1770       2.978131374013e-11 
 1771       2.976345196661e-11 
 1772       2.974785476285e-11 
 1773       2.973448169364e-11 
 1774       2.972329211467e-11 
 1775       2.971424517230e-11 
 1776       2.970729980315e-11 
 1777       2.970241473391e-11 
 1778       2.969954848093e-11 
 1779       2.969865934996e-11 
 1780       2.969970543586e-11 
 1781       2.970264462225e-11 
 1782       2.970743458122e-11 
 1783       2.971403277304e-11 
 1784       2.972239644583e-11 
 1785       2.973248263526e-11 
 1786       2.974424816424e-11 
 1787       2.975764964263e-11 
 1788       2.977264346691e-11 
 1789       2.978918581987e-11 
 1790       2.980723267033e-11 
 1791       2.982673977282e-11 
 1792       2.984766173121e-11 
 1793       2.986994918195e-11 
 1794       2.989355158727e-11 
 1795       2.991841816871e-11 
 1796       2.994449790684e-11 
 1797       2.997173954092e-11 
 1798       3.000009156852e-11 
 1799       3.002950224519e-11 
 1800       3.005991958414e-11 
 1801       3.009129135588e-11 
 1802       3.012356508788e-11 
 1803       3.015668806421e-11 
 1804       3.019060732523e-11 
 1805       3.022526966725e-11 
 1806       3.026062164213e-11 
 1807       3.029660955701e-11 
 1808       3.033317947393e-11 
 1809       3.037027720948e-11 
 1810       3.040784833449e-11 
 1811       3.044583817365e-11 
 1812       3.048419180520e-11 
 1813       3.052285406058e-11 
 1814       3.056176952406e-11 
 1815       3.060088253244e-11 
 1816       3.064013717468e-11 
 1817       3.067947729156e-11 
 1818       3.071884647535e-11 
 1819       3.075818806946e-11 
 1820       3.079744516811e-11 
 1821       3.083656061594e-11 
 1822       3.087547700774e-11 
 1823       3.091413668805e-11 
 1824       3.095248175086e-11 
 1825       3.099045403922e-11 
 1826       3.102799514495e-11 
 1827       3.106504640825e-11 
 1828       3.110154891740e-11 
 1829       3.113744350839e-11 
 1830       3.117267076457e-11 
 1831       3.120717609804e-11 
 1832       3.124092503881e-11 
 1833       3.127388806712e-11 
 1834       3.130603554269e-11 
 1835       3.133733770457e-11 
 1836       3.136776467095e-11 
 1837       3.139728643903e-11 
 1838       3.142587288484e-11 
 1839       3.145349376309e-11 
 1840       3.148011870701e-11 
 1841       3.150571722818e-11 
 1842       3.153025871635e-11 
 1843       3.155371243935e-11 
 1844       3.157604754285e-11 
 1845       3.159723305024e-11 
 1846       3.161723786246e-11 
 1847       3.163603075786e-11 
 1848       3.165358039200e-11 
 1849       3.166985529751e-11 
 1850       3.168482388395e-11 
 1851       3.169845443761e-11 
 1852       3.171071512138e-11 
 1853       3.172157397457e-11 
 1854       3.173099891277e-11 
 1855       3.173895772767e-11 
 1856       3.174541808690e-11 
 1857       3.175034753390e-11 
 1858       3.175371348770e-11 
 1859       3.175548324284e-11 
 1860       3.175562396913e-11 
 1861       3.175410271153e-11 
 1862       3.175088639000e-11 
 1863       3.174594179931e-11 
 1864       3.173923560889e-11 
 1865       3.173073436269e-11 
 1866       3.172040447899e-11 
 1867       3.170821225025e-11 
 1868       3.169412384295e-11 
 1869       3.167810529744e-11 
 1870       3.166012929709e-11 
 1871       3.164019553402e-11 
 1872       3.161831050246e-11 
 1873       3.159448074392e-11 
 1874       3.156871284730e-11 
 1875       3.154101344892e-11 
 1876       3.151138923264e-11 
 1877       3.147984692991e-11 
 1878       3.144639331982e-11 
 1879       3.141103522920e-11 
 1880       3.137377953270e-11 
 1881       3.133463315282e-11 
 1882       3.129360306002e-11 
 1883       3.125069627277e-11 
 1884       3.120591985764e-11 
 1885       3.115928092936e-11 
 1886       3.111078665089e-11 
 1887       3.106044423349e-11 
 1888       3.100826093681e-11 
 1889       3.095424406892e-11 
 1890       3.089840098646e-11 
 1891       3.084073909460e-11 
 1892       3.078126584723e-11 
 1893       3.071998874693e-11 
 1894       3.065691534512e-11 
 1895       3.059205324208e-11 
 1896       3.052541008704e-11 
 1897       3.045699357826e-11 
 1898       3.038681146309e-11 
 1899       3.031487153803e-11 
 1900       3.024118164885e-11 
 1901       3.016574969060e-11 
 1902       3.008858360772e-11 
 1903       3.000969139409e-11 
 1904       2.992908109314e-11 
 1905       2.984676079786e-11 
 1906       2.976273865093e-11 
 1907       2.967702284477e-11 
 1908       2.958962162160e-11 
 1909       2.950054713842e-11 
 1910       2.940982709416e-11 
 1911       2.931749319181e-11 
 1912       2.922357728182e-11 
 1913       2.912811136228e-11 
 1914       2.903112757915e-11 
 1915       2.893265822643e-11 
 1916       2.883273574636e-11 
 1917       2.873139272965e-11 
 1918       2.862866191563e-11 
 1919       2.852457619250e-11 
 1920       2.841916859749e-11 
 1921       2.831247231708e-11 
 1922       2.820452068720e-11 
 1923       2.809534719339e-11 
 1924       2.798498547107e-11 
 1925       2.787346930568e-11 
 1926       2.776083263289e-11 
 1927       2.764710953882e-11 
 1928       2.753233426022e-11 
 1929       2.741654118468e-11 
 1930       2.729976485081e-11 
 1931       2.718203994847e-11 
 1932       2.706340131894e-11 
 1933       2.694388395513e-11 
 1934       2.682352300177e-11 
 1935       2.670235375565e-11 
 1936       2.658041166574e-11 
 1937       2.645773233348e-11 
 1938       2.633435151290e-11 
 1939       2.621030511088e-11 
 1940       2.608562918730e-11 
 1941       2.596035995527e-11 
 1942       2.583453378132e-11 
 1943       2.570818718561e-11 
 1944       2.558135684208e-11 
 1945       2.545407957873e-11 
 1946       2.532639237775e-11 
 1947       2.519833237576e-11 
 1948       2.506993598878e-11 
 1949       2.494123627970e-11 
 1950       2.481226557145e-11 
 1951       2.468305632058e-11 
 1952       2.455364111738e-11 
 1953       2.442405268612e-11 
 1954       2.429432388518e-11 
 1955       2.416448770722e-11 
 1956       2.403457727937e-11 
 1957       2.390462586340e-11 
 1958       2.377466685587e-11 
 1959       2.364473378832e-11 
 1960       2.351486032744e-11 
 1961       2.338508027523e-11 
 1962       2.325542756918e-11 
 1963       2.312593628245e-11 
 1964       2.299664062403e-11 
 1965       2.286757493889e-11 
 1966       2.273877370819e-11 
 1967       2.261027154945e-11 
 1968       2.248210321667e-11 
 1969       2.235430360057e-11 
 1970       2.222690772871e-11 
 1971       2.209995076569e-11 
 1972       2.197346801329e-11 
 1973       2.184749491069e-11 
 1974       2.172206703459e-11 
 1975       2.159722009942e-11 
 1976       2.147298995749e-11 
 1977       2.134941259916e-11 
 1978       2.122652415303e-11 
 1979       2.110436088608e-11 
 1980       2.098295920389e-11 
 1981       2.086235565075e-11 
 1982       2.074258690988e-11 
 1983       2.062368980358e-11 
 1984       2.050570129341e-11 
 1985       2.038865848035e-11 
 1986       2.027259860497e-11 
 1987       2.015755489565e-11 
 1988       2.004354407936e-11 
 1989       1.993057877922e-11 
 1990       1.981867165814e-11 
 1991       1.970783541889e-11 
 1992       1.959808280414e-11 
 1993       1.948942659650e-11 
 1994       1.938187961855e-11 
 1995       1.927545473292e-11 
 1996       1.917016484232e-11 
 1997       1.906602288956e-11 
 1998       1.896304185765e-11 
 1999       1.886123476977e-11 
 2000       1.876061468940e-11 
 2001       1.866119472029e-11 
 2002       1.856298800654e-11 
 2003       1.846600773267e-11 
 2004       1.837026712360e-11 
 2005       1.827577944476e-11 
 2006       1.818255800209e-11 
 2007       1.809061614212e-11 
 2008       1.799996725197e-11 
 2009       1.791062475946e-11 
 2010       1.782260213309e-11 
 2011       1.773591288211e-11 
 2012       1.765057055659e-11 
 2013       1.756658874742e-11 
 2014       1.748398108640e-11 
 2015       1.740276124625e-11 
 2016       1.732294294066e-11 
 2017       1.724453992435e-11 
 2018       1.716756599313e-11 
 2019       1.709203498389e-11 
 2020       1.701796077469e-11 
 2021       1.694535728481e-11 
 2022       1.687423847475e-11 
 2023       1.680461834632e-11 
 2024       1.673651094267e-11 
 2025       1.666993034833e-11 
 2026       1.660488650572e-11 
 2027       1.654137263154e-11 
 2028       1.647937770956e-11 
 2029       1.641889066582e-11 
 2030       1.635990036858e-11 
 2031       1.630239562819e-11 
 2032       1.624636519707e-11 
 2033       1.619179776960e-11 
 2034       1.613868198204e-11 
 2035       1.608700641249e-11 
 2036       1.603675958076e-11 
 2037       1.598792994834e-11 
 2038       1.594050591827e-11 
 2039       1.589447583513e-11 
 2040       1.584982798490e-11 
 2041       1.580655059494e-11 
 2042       1.576463183385e-11 
 2043       1.572405981145e-11 
 2044       1.568482257867e-11 
 2045       1.564690812748e-11 
 2046       1.561030439082e-11 
 2047       1.557499924251e-11 
 2048       1.554098049719e-11 
 2049       1.550823591021e-11 
 2050       1.547675317761e-11 
 2051       1.544651993599e-11 
 2052       1.541752376244e-11 
 2053       1.538975217450e-11 
 2054       1.536319263003e-11 
 2055       1.533783252718e-11 
 2056       1.531365920429e-11 
 2057       1.529065993980e-11 
 2058       1.526882195221e-11 
 2059       1.524813239997e-11 
 2060       1.522857838141e-11 
 2061       1.521014693467e-11 
 2062       1.519282503763e-11 
 2063       1.517659960781e-11 
 2064       1.516145750230e-11 
 2065       1.514738390779e-11 
 2066       1.513435749828e-11 
 2067       1.512235524286e-11 
 2068       1.511135401243e-11 
 2069       1.510133057951e-11 
 2070       1.509226161819e-11 
 2071       1.508412370397e-11 
 2072       1.507689331363e-11 
 2073       1.507054682511e-11 
 2074       1.506506051743e-11 
 2075       1.506041057051e-11 
 2076       1.505657306506e-11 
 2077       1.505352398251e-11 
 2078       1.505123920481e-11 
 2079       1.504969451435e-11 
 2080       1.504886559386e-11 
 2081       1.504872802622e-11 
 2082       1.504925729441e-11 
 2083       1.505042878133e-11 
 2084       1.505221776971e-11 
 2085       1.505459944200e-11 
 2086       1.505754888019e-11 
 2087       1.506104106575e-11 
 2088       1.506505087949e-11 
 2089       1.506955310140e-11 
 2090       1.507452241058e-11 
 2091       1.507993338508e-11 
 2092       1.508576050182e-11 
 2093       1.509197813641e-11 
 2094       1.509856056307e-11 
 2095       1.510548195449e-11 
 2096       1.511271638172e-11 
 2097       1.512023781404e-11 
 2098       1.512802011884e-11 
 2099       1.513603706147e-11 
 2100       1.514426230518e-11 
 2101       1.515266941094e-11 
 2102       1.516123183734e-11 
 2103       1.516992294047e-11 
 2104       1.517871741550e-11 
 2105       1.518759563274e-11 
 2106       1.519653933150e-11 
 2107       1.520553018105e-11 
 2108       1.521454978052e-11 
 2109       1.522357965884e-11 
 2110       1.523260127461e-11 
 2111       1.524159601609e-11 
 2112       1.525054520105e-11 
 2113       1.525943007671e-11 
 2114       1.526823181965e-11 
 2115       1.527693153576e-11 
 2116       1.528551026012e-11 
 2117       1.529394895691e-11 
 2118       1.530222851937e-11 
 2119       1.531032976967e-11 
 2120       1.531823345886e-11 
 2121       1.532592026676e-11 
 2122       1.533337080192e-11 
 2123       1.534056560147e-11 
 2124       1.534748513109e-11 
 2125       1.535410978492e-11 
 2126       1.536041988546e-11 
 2127       1.536639568348e-11 
 2128       1.537201735797e-11 
 2129       1.537726501602e-11 
 2130       1.538211869276e-11 
 2131       1.538655835128e-11 
 2132       1.539056388253e-11 
 2133       1.539411510522e-11 
 2134       1.539719176580e-11 
 2135       1.539977353831e-11 
 2136       1.540184002433e-11 
 2137       1.540337075289e-11 
 2138       1.540434518037e-11 
 2139       1.540474269047e-11 
 2140       1.540454259405e-11 
 2141       1.540372412911e-11 
 2142       1.540226646068e-11 
 2143       1.540015164463e-11 
 2144       1.539737354147e-11 
 2145       1.539392896329e-11 
 2146       1.538981471538e-11 
 2147       1.538502759619e-11 
 2148       1.537956439739e-11 
 2149       1.537342190380e-11 
 2150       1.536659689343e-11 
 2151       1.535908613742e-11 
 2152       1.535088640012e-11 
 2153       1.534199443898e-11 
 2154       1.533240700464e-11 
 2155       1.532212084086e-11 
 2156       1.531113268452e-11 
 2157       1.529943926566e-11 
 2158       1.528703730742e-11 
 2159       1.527392352607e-11 
 2160       1.526009463099e-11 
 2161       1.524554732464e-11 
 2162       1.523027830261e-11 
 2163       1.521428425357e-11 
 2164       1.519756185928e-11 
 2165       1.518010779457e-11 
 2166       1.516191872735e-11 
 2167       1.514299131862e-11 
 2168       1.512332222241e-11 
 2169       1.510290808582e-11 
 2170       1.508174554900e-11 
 2171       1.505983124515e-11 
 2172       1.503716180051e-11 
 2173       1.501373383435e-11 
 2174       1.498954395895e-11 
 2175       1.496458877963e-11 
 2176       1.493886489473e-11 
 2177       1.491236889558e-11 
 2178       1.488509736653e-11 
 2179       1.485704688491e-11 
 2180       1.482821402105e-11 
 2181       1.479859533827e-11 
 2182       1.476818972456e-11 
 2183       1.473700540478e-11 
 2184       1.470505297548e-11 
 2185       1.467234307757e-11 
 2186       1.463888639634e-11 
 2187       1.460469366151e-11 
 2188       1.456977564731e-11 
 2189       1.453414317251e-11 
 2190       1.449780710050e-11 
 2191       1.446077833928e-11 
 2192       1.442306784159e-11 
 2193       1.438468660493e-11 
 2194       1.434564567159e-11 
 2195       1.430595612873e-11 
 2196       1.426562910844e-11 
 2197       1.422467578777e-11 
 2198       1.418310738879e-11 
 2199       1.414093517864e-11 
 2200       1.409817046961e-11 
 2201       1.405482461914e-11 
 2202       1.401090902993e-11 
 2203       1.396643514995e-11 
 2204       1.392141447251e-11 
 2205       1.387585853631e-11 
 2206       1.382977892552e-11 
 2207       1.378318726976e-11 
 2208       1.373609524424e-11 
 2209       1.368851456975e-11 
 2210       1.364045701275e-11 
 2211       1.359193438540e-11 
 2212       1.354295854561e-11 
 2213       1.349354139713e-11 
 2214       1.344369488956e-11 
 2215       1.339343101841e-11 
 2216       1.334276182517e-11 
 2217       1.329169939737e-11 
 2218       1.324025586860e-11 
 2219       1.318844341858e-11 
 2220       1.313627427322e-11 
 2221       1.308376109444e-11 
 2222       1.303091815239e-11 
 2223       1.297776016109e-11 
 2224       1.292430188936e-11 
 2225       1.287055816094e-11 
 2226       1.281654385450e-11 
 2227       1.276227390376e-11 
 2228       1.270776329749e-11 
 2229       1.265302707962e-11 
 2230       1.259808034927e-11 
 2231       1.254293826084e-11 
 2232       1.248761602406e-11 
 2233       1.243212890403e-11 
 2234       1.237649222133e-11 
 2235       1.232072135204e-11 
 2236       1.226483172782e-11 
 2237       1.220883883598e-11 
 2238       1.215275821952e-11 
 2239       1.209660547720e-11 
 2240       1.204039626363e-11 
 2241       1.198414628928e-11 
 2242       1.192787132060e-11 
 2243       1.187158718002e-11 
 2244       1.181530974609e-11 
 2245       1.175905495345e-11 
 2246       1.170283879297e-11 
 2247       1.164667731178e-11 
 2248       1.159058661333e-11 
 2249       1.153458285745e-11 
 2250       1.147868226043e-11 
 2251       1.142290109506e-11 
 2252       1.136725569073e-11 
 2253       1.131176243342e-11 
 2254       1.125643776586e-11 
 2255       1.120129818749e-11 
 2256       1.114636025462e-11 
 2257       1.109164058041e-11 
 2258       1.103715583498e-11 
 2259       1.098292274545e-11 
 2260       1.092895670712e-11 
 2261       1.087526760690e-11 
 2262       1.082186397291e-11 
 2263       1.076875436102e-11 
 2264       1.071594735481e-11 
 2265       1.066345156564e-11 
 2266       1.061127563269e-11 
 2267       1.055942822296e-11 
 2268       1.050791803129e-11 
 2269       1.045675378046e-11 
 2270       1.040594422112e-11 
 2271       1.035549813190e-11 
 2272       1.030542431940e-11 
 2273       1.025573161824e-11 
 2274       1.020642889106e-11 
 2275       1.015752502859e-11 
 2276       1.010902894964e-11 
 2277       1.006094960115e-11 
 2278       1.001329595824e-11 
 2279       9.966077024199e-12 
 2280       9.919301830525e-12 
 2281       9.872979436975e-12 
 2282       9.827118931581e-12 
 2283       9.781729430679e-12 
 2284       9.736820078938e-12 
 2285       9.692400049397e-12 
 2286       9.648478543484e-12 
 2287       9.605064791056e-12 
 2288       9.562168050420e-12 
 2289       9.519797608369e-12 
 2290       9.477962780208e-12 
 2291       9.436672909783e-12 
 2292       9.395937369515e-12 
 2293       9.355765560426e-12 
 2294       9.316166912168e-12 
 2295       9.277150883056e-12 
 2296       9.238726960095e-12 
 2297       9.200904659009e-12 
 2298       9.163693524275e-12 
 2299       9.127101221474e-12 
 2300       9.091127801026e-12 
 2301       9.055771397988e-12 
 2302       9.021030136396e-12 
 2303       8.986902129249e-12 
 2304       8.953385478496e-12 
 2305       8.920478275026e-12 
 2306       8.888178598649e-12 
 2307       8.856484518086e-12 
 2308       8.825394090953e-12 
 2309       8.794905363750e-12 
 2310       8.765016371844e-12 
 2311       8.735725139458e-12 
 2312       8.707029679657e-12 
 2313       8.678927994332e-12 
 2314       8.651418074191e-12 
 2315       8.624497898739e-12 
 2316       8.598165436270e-12 
 2317       8.572418643849e-12 
 2318       8.547255467303e-12 
 2319       8.522673841202e-12 
 2320       8.498671688851e-12 
 2321       8.475246922269e-12 
 2322       8.452397442185e-12 
 2323       8.430121138014e-12 
 2324       8.408415887851e-12 
 2325       8.387279558454e-12 
 2326       8.366710005232e-12 
 2327       8.346705072228e-12 
 2328       8.327262592109e-12 
 2329       8.308380386152e-12 
 2330       8.290056264226e-12 
 2331       8.272288024785e-12 
 2332       8.255073454849e-12 
 2333       8.238410329992e-12 
 2334       8.222296414330e-12 
 2335       8.206729460504e-12 
 2336       8.191707209670e-12 
 2337       8.177227391483e-12 
 2338       8.163286596612e-12 
 2339       8.149876886601e-12 
 2340       8.136989162755e-12 
 2341       8.124614291640e-12 
 2342       8.112743105044e-12 
 2343       8.101366399946e-12 
 2344       8.090474938468e-12 
 2345       8.080059447843e-12 
 2346       8.070110620375e-12 
 2347       8.060619113399e-12 
 2348       8.051575549246e-12 
 2349       8.042970515201e-12 
 2350       8.034794563465e-12 
 2351       8.027038211119e-12 
 2352       8.019691940085e-12 
 2353       8.012746197084e-12 
 2354       8.006191393604e-12 
 2355       8.000017905854e-12 
 2356       7.994216074733e-12 
 2357       7.988776205786e-12 
 2358       7.983688569168e-12 
 2359       7.978943399605e-12 
 2360       7.974530896358e-12 
 2361       7.970441223180e-12 
 2362       7.966664508281e-12 
 2363       7.963190844289e-12 
 2364       7.960010288209e-12 
 2365       7.957112861389e-12 
 2366       7.954488549480e-12 
 2367       7.952127302395e-12 
 2368       7.950019034272e-12 
 2369       7.948153623439e-12 
 2370       7.946520912369e-12 
 2371       7.945110707650e-12 
 2372       7.943912779936e-12 
 2373       7.942916863920e-12 
 2374       7.942112658287e-12 
 2375       7.941489825678e-12 
 2376       7.941037992654e-12 
 2377       7.940746965762e-12 
 2378       7.940607381269e-12 
 2379       7.940610059356e-12 
 2380       7.940745788338e-12 
 2381       7.941005324630e-12 
 2382       7.941379392716e-12 
 2383       7.941858685112e-12 
 2384       7.942433862334e-12 
 2385       7.943095552864e-12 
 2386       7.943834353116e-12 
 2387       7.944640827401e-12 
 2388       7.945505507896e-12 
 2389       7.946418894608e-12 
 2390       7.947371455338e-12 
 2391       7.948353625654e-12 
 2392       7.949355808850e-12 
 2393       7.950368375916e-12 
 2394       7.951381665502e-12 
 2395       7.952385983889e-12 
 2396       7.953371604947e-12 
 2397       7.954328770109e-12 
 2398       7.955247688334e-12 
 2399       7.956118536070e-12 
 2400       7.956931457227e-12 
 2401       7.957676563137e-12 
 2402       7.958343932525e-12 
 2403       7.958923611470e-12 
 2404       7.959405613376e-12 
 2405       7.959779918935e-12 
 2406       7.960036476095e-12 
 2407       7.960165200025e-12 
 2408       7.960155973084e-12 
 2409       7.959998644780e-12 
 2410       7.959683031746e-12 
 2411       7.959198917699e-12 
 2412       7.958536053407e-12 
 2413       7.957684156659e-12 
 2414       7.956632912227e-12 
 2415       7.955371971835e-12 
 2416       7.953892086421e-12 
 2417       7.952188510492e-12 
 2418       7.950257618335e-12 
 2419       7.948095773579e-12 
 2420       7.945699329189e-12 
 2421       7.943064627452e-12 
 2422       7.940187999966e-12 
 2423       7.937065767633e-12 
 2424       7.933694240645e-12 
 2425       7.930069718474e-12 
 2426       7.926188489866e-12 
 2427       7.922046832821e-12 
 2428       7.917641014592e-12 
 2429       7.912967291670e-12 
 2430       7.908021909772e-12 
 2431       7.902801103835e-12 
 2432       7.897301098000e-12 
 2433       7.891518105608e-12 
 2434       7.885448329181e-12 
 2435       7.879087960420e-12 
 2436       7.872433180189e-12 
 2437       7.865480158505e-12 
 2438       7.858225054531e-12 
 2439       7.850664016561e-12 
 2440       7.842793182012e-12 
 2441       7.834608677411e-12 
 2442       7.826106618390e-12 
 2443       7.817283109668e-12 
 2444       7.808134245046e-12 
 2445       7.798656107393e-12 
 2446       7.788844768639e-12 
 2447       7.778696289762e-12 
 2448       7.768206720775e-12 
 2449       7.757372100722e-12 
 2450       7.746188457663e-12 
 2451       7.734651808661e-12 
 2452       7.722758159778e-12 
 2453       7.710503506061e-12 
 2454       7.697883831529e-12 
 2455       7.684896344664e-12 
 2456       7.671543192943e-12 
 2457       7.657827770435e-12 
 2458       7.643753484335e-12 
 2459       7.629323754973e-12 
 2460       7.614542015830e-12 
 2461       7.599411713554e-12 
 2462       7.583936307971e-12 
 2463       7.568119272099e-12 
 2464       7.551964092164e-12 
 2465       7.535474267616e-12 
 2466       7.518653311135e-12 
 2467       7.501504748655e-12 
 2468       7.484032119370e-12 
 2469       7.466238975753e-12 
 2470       7.448128883568e-12 
 2471       7.429705421885e-12 
 2472       7.410972183093e-12 
 2473       7.391932772913e-12 
 2474       7.372590810416e-12 
 2475       7.352949928032e-12 
 2476       7.333013771569e-12 
 2477       7.312786000223e-12 
 2478       7.292270286594e-12 
 2479       7.271470316699e-12 
 2480       7.250389789988e-12 
 2481       7.229032419356e-12 
 2482       7.207401931157e-12 
 2483       7.185502065219e-12 
 2484       7.163336574859e-12 
 2485       7.140909226894e-12 
 2486       7.118223801659e-12 
 2487       7.095284093016e-12 
 2488       7.072093908374e-12 
 2489       7.048657068697e-12 
 2490       7.024977408522e-12 
 2491       7.001058775974e-12 
 2492       6.976905032774e-12 
 2493       6.952520054262e-12 
 2494       6.927905142398e-12 
 2495       6.903051248186e-12 
 2496       6.877946703618e-12 
 2497       6.852579804496e-12 
 2498       6.826938810397e-12 
 2499       6.801011944637e-12 
 2500       6.774787394235e-12 
