# dimensionless total [l(l+1)/2pi] C_l's
# for l=2 to 2500, i.e. number of multipoles equal to 2499
#
# -> if you prefer output in CAMB/HealPix/LensPix units/order, set 'format' to 'camb' in input file
# -> if you don't want to see such a header, set 'headers' to 'no' in input file
#
# 1:l     2:TT                 
    2       2.937628484407e-10 
    3       2.646609892450e-10 
    4       2.409891260178e-10 
    5       2.227258124685e-10 
    6       2.085762906543e-10 
    7       1.974635275745e-10 
    8       1.886478566691e-10 
    9       1.816061561397e-10 
   10       1.759758372800e-10 
   11       1.713425909961e-10 
   12       1.676130387107e-10 
   13       1.647048458299e-10 
   14       1.623966739061e-10 
   15       1.606392811812e-10 
   16       1.593268143414e-10 
   17       1.584949667649e-10 
   18       1.580482931301e-10 
   19       1.579536576837e-10 
   20       1.581131039799e-10 
   21       1.585570317544e-10 
   22       1.592946859693e-10 
   23       1.603005697719e-10 
   24       1.614982111209e-10 
   25       1.628705497939e-10 
   26       1.643966783020e-10 
   27       1.660918370212e-10 
   28       1.679558399606e-10 
   29       1.699637281567e-10 
   30       1.721158974373e-10 
   31       1.744017809760e-10 
   32       1.767955478422e-10 
   33       1.792968749371e-10 
   34       1.819015433989e-10 
   35       1.845962934109e-10 
   36       1.873839459259e-10 
   37       1.902647025140e-10 
   38       1.932280754538e-10 
   39       1.962591788434e-10 
   40       1.993628808604e-10 
   41       2.025460298255e-10 
   42       2.058102259447e-10 
   43       2.091533226542e-10 
   44       2.125757923552e-10 
   45       2.160754189149e-10 
   46       2.196450119848e-10 
   47       2.232719877363e-10 
   48       2.269431024627e-10 
   49       2.306612095382e-10 
   50       2.344325056966e-10 
   51       2.382616380615e-10 
   52       2.421515477829e-10 
   53       2.461038201987e-10 
   54       2.501202009577e-10 
   55       2.542011972379e-10 
   56       2.583454732626e-10 
   57       2.625497151752e-10 
   58       2.668084959136e-10 
   59       2.711162504318e-10 
   60       2.754740439126e-10 
   61       2.798841393139e-10 
   62       2.843479629309e-10 
   63       2.888660408079e-10 
   64       2.934379351503e-10 
   65       2.980628404666e-10 
   66       3.027416615688e-10 
   67       3.074752632872e-10 
   68       3.122638052816e-10 
   69       3.171066969068e-10 
   70       3.220025520788e-10 
   71       3.269491441401e-10 
   72       3.319442171994e-10 
   73       3.369882007452e-10 
   74       3.420819369634e-10 
   75       3.472258452880e-10 
   76       3.524198968210e-10 
   77       3.576635887523e-10 
   78       3.629559187799e-10 
   79       3.682953595295e-10 
   80       3.736803568983e-10 
   81       3.791109810299e-10 
   82       3.845875167034e-10 
   83       3.901099492427e-10 
   84       3.956779486391e-10 
   85       4.012908536735e-10 
   86       4.069476560384e-10 
   87       4.126469844607e-10 
   88       4.183870888233e-10 
   89       4.241662247063e-10 
   90       4.299839107494e-10 
   91       4.358398401932e-10 
   92       4.417334882776e-10 
   93       4.476641023633e-10 
   94       4.536306920527e-10 
   95       4.596320193107e-10 
   96       4.656665885860e-10 
   97       4.717326369322e-10 
   98       4.778281241284e-10 
   99       4.839510423512e-10 
  100       4.901004165910e-10 
  101       4.962754282431e-10 
  102       5.024751022688e-10 
  103       5.086983011898e-10 
  104       5.149437190829e-10 
  105       5.212098755737e-10 
  106       5.274951098317e-10 
  107       5.337975745642e-10 
  108       5.401152300109e-10 
  109       5.464458379380e-10 
  110       5.527872019967e-10 
  111       5.591379366443e-10 
  112       5.654967858466e-10 
  113       5.718623819677e-10 
  114       5.782332421857e-10 
  115       5.846077649079e-10 
  116       5.909842261866e-10 
  117       5.973607761351e-10 
  118       6.037354353428e-10 
  119       6.101060912912e-10 
  120       6.164704947693e-10 
  121       6.228262562895e-10 
  122       6.291708425028e-10 
  123       6.355017807772e-10 
  124       6.418173071765e-10 
  125       6.481157865140e-10 
  126       6.543955089315e-10 
  127       6.606546879520e-10 
  128       6.668914585340e-10 
  129       6.731038751244e-10 
  130       6.792899097120e-10 
  131       6.854474498810e-10 
  132       6.915742968642e-10 
  133       6.976681635969e-10 
  134       7.037266727698e-10 
  135       7.097473548825e-10 
  136       7.157276462972e-10 
  137       7.216650575852e-10 
  138       7.275577023475e-10 
  139       7.334038196803e-10 
  140       7.392016079338e-10 
  141       7.449492238465e-10 
  142       7.506447816798e-10 
  143       7.562863523517e-10 
  144       7.618719625717e-10 
  145       7.673995939750e-10 
  146       7.728671822564e-10 
  147       7.782726163050e-10 
  148       7.836137373385e-10 
  149       7.888883380369e-10 
  150       7.940941616779e-10 
  151       7.992289012701e-10 
  152       8.042901986879e-10 
  153       8.092757892284e-10 
  154       8.141839522217e-10 
  155       8.190131008431e-10 
  156       8.237616403306e-10 
  157       8.284279678599e-10 
  158       8.330104724188e-10 
  159       8.375075346826e-10 
  160       8.419175268889e-10 
  161       8.462388127124e-10 
  162       8.504697471401e-10 
  163       8.546086763458e-10 
  164       8.586539375656e-10 
  165       8.626038589723e-10 
  166       8.664567595507e-10 
  167       8.702109489722e-10 
  168       8.738647274701e-10 
  169       8.774163857141e-10 
  170       8.808642046859e-10 
  171       8.842065627306e-10 
  172       8.874422669932e-10 
  173       8.905702495071e-10 
  174       8.935894628141e-10 
  175       8.964988802764e-10 
  176       8.992974963891e-10 
  177       9.019843270923e-10 
  178       9.045584100834e-10 
  179       9.070188051292e-10 
  180       9.093645943779e-10 
  181       9.115948826719e-10 
  182       9.137087978594e-10 
  183       9.157054911069e-10 
  184       9.175841372114e-10 
  185       9.193439349127e-10 
  186       9.209841072053e-10 
  187       9.225039016509e-10 
  188       9.239025906904e-10 
  189       9.251794719564e-10 
  190       9.263338685852e-10 
  191       9.273651863360e-10 
  192       9.282730890834e-10 
  193       9.290573371199e-10 
  194       9.297177320266e-10 
  195       9.302541171718e-10 
  196       9.306663782089e-10 
  197       9.309544435747e-10 
  198       9.311182849870e-10 
  199       9.311579179432e-10 
  200       9.310734022184e-10 
  201       9.308648423631e-10 
  202       9.305323882016e-10 
  203       9.300762353299e-10 
  204       9.294966256142e-10 
  205       9.287938476883e-10 
  206       9.279682374525e-10 
  207       9.270201785711e-10 
  208       9.259501029707e-10 
  209       9.247584913384e-10 
  210       9.234458736196e-10 
  211       9.220128295165e-10 
  212       9.204599889859e-10 
  213       9.187880249868e-10 
  214       9.169976301448e-10 
  215       9.150895394734e-10 
  216       9.130645384584e-10 
  217       9.109234635348e-10 
  218       9.086672025653e-10 
  219       9.062966953172e-10 
  220       9.038129339406e-10 
  221       9.012169634462e-10 
  222       8.985098821824e-10 
  223       8.956928423135e-10 
  224       8.927670502974e-10 
  225       8.897337673629e-10 
  226       8.865943099878e-10 
  227       8.833500503762e-10 
  228       8.800024169367e-10 
  229       8.765528947595e-10 
  230       8.730030260948e-10 
  231       8.693544108297e-10 
  232       8.656087069665e-10 
  233       8.617676311001e-10 
  234       8.578329588958e-10 
  235       8.538065255668e-10 
  236       8.496902263525e-10 
  237       8.454860169952e-10 
  238       8.411958230349e-10 
  239       8.368212606056e-10 
  240       8.323638996497e-10 
  241       8.278253538648e-10 
  242       8.232072809887e-10 
  243       8.185113830846e-10 
  244       8.137394068268e-10 
  245       8.088931437857e-10 
  246       8.039744307133e-10 
  247       7.989851498284e-10 
  248       7.939272291021e-10 
  249       7.888026425431e-10 
  250       7.836134104829e-10 
  251       7.783615998610e-10 
  252       7.730493245107e-10 
  253       7.676787454441e-10 
  254       7.622520711373e-10 
  255       7.567715578163e-10 
  256       7.512395097414e-10 
  257       7.456582794934e-10 
  258       7.400302682587e-10 
  259       7.343579261143e-10 
  260       7.286437523133e-10 
  261       7.228902955705e-10 
  262       7.171001543475e-10 
  263       7.112759771377e-10 
  264       7.054204627524e-10 
  265       6.995363606055e-10 
  266       6.936263079146e-10 
  267       6.876923309242e-10 
  268       6.817363171529e-10 
  269       6.757601760488e-10 
  270       6.697658389993e-10 
  271       6.637552593413e-10 
  272       6.577304123702e-10 
  273       6.516932953504e-10 
  274       6.456459275247e-10 
  275       6.395903501241e-10 
  276       6.335286263777e-10 
  277       6.274628415225e-10 
  278       6.213951028128e-10 
  279       6.153275395307e-10 
  280       6.092623029952e-10 
  281       6.032015665722e-10 
  282       5.971475256845e-10 
  283       5.911023978212e-10 
  284       5.850684225478e-10 
  285       5.790478615158e-10 
  286       5.730429984725e-10 
  287       5.670561392709e-10 
  288       5.610896118793e-10 
  289       5.551457663911e-10 
  290       5.492269750348e-10 
  291       5.433356321835e-10 
  292       5.374741543648e-10 
  293       5.316449802707e-10 
  294       5.258505707672e-10 
  295       5.200934089040e-10 
  296       5.143759999245e-10 
  297       5.087006845388e-10 
  298       5.030690686630e-10 
  299       4.974825659210e-10 
  300       4.919425816350e-10 
  301       4.864505125826e-10 
  302       4.810077467530e-10 
  303       4.756156631038e-10 
  304       4.702756313178e-10 
  305       4.649890115589e-10 
  306       4.597571542296e-10 
  307       4.545813997268e-10 
  308       4.494630781989e-10 
  309       4.444035093022e-10 
  310       4.394040019574e-10 
  311       4.344658541066e-10 
  312       4.295903524694e-10 
  313       4.247787722995e-10 
  314       4.200323771420e-10 
  315       4.153524185889e-10 
  316       4.107401360367e-10 
  317       4.061967564425e-10 
  318       4.017234940805e-10 
  319       3.973215502989e-10 
  320       3.929921132762e-10 
  321       3.887363577782e-10 
  322       3.845554449140e-10 
  323       3.804505218933e-10 
  324       3.764227217823e-10 
  325       3.724731632608e-10 
  326       3.686029503785e-10 
  327       3.648131723118e-10 
  328       3.611049031203e-10 
  329       3.574792015032e-10 
  330       3.539371105563e-10 
  331       3.504796575283e-10 
  332       3.471077469202e-10 
  333       3.438218351300e-10 
  334       3.406222411339e-10 
  335       3.375092515050e-10 
  336       3.344831200541e-10 
  337       3.315440674707e-10 
  338       3.286922809637e-10 
  339       3.259279139021e-10 
  340       3.232510854562e-10 
  341       3.206618802381e-10 
  342       3.181603479426e-10 
  343       3.157465029880e-10 
  344       3.134203241571e-10 
  345       3.111817542378e-10 
  346       3.090306996641e-10 
  347       3.069670301566e-10 
  348       3.049905783639e-10 
  349       3.031011395030e-10 
  350       3.012984710001e-10 
  351       2.995822921316e-10 
  352       2.979522836650e-10 
  353       2.964080874994e-10 
  354       2.949493063066e-10 
  355       2.935755031719e-10 
  356       2.922862012348e-10 
  357       2.910808833300e-10 
  358       2.899589916279e-10 
  359       2.889199272759e-10 
  360       2.879630500388e-10 
  361       2.870876779399e-10 
  362       2.862930869016e-10 
  363       2.855785103866e-10 
  364       2.849431390380e-10 
  365       2.843861203211e-10 
  366       2.839065581635e-10 
  367       2.835035125961e-10 
  368       2.831759993940e-10 
  369       2.829229897173e-10 
  370       2.827434097521e-10 
  371       2.826362178842e-10 
  372       2.826006402842e-10 
  373       2.826359438302e-10 
  374       2.827413591148e-10 
  375       2.829160801539e-10 
  376       2.831592640943e-10 
  377       2.834700309227e-10 
  378       2.838474631731e-10 
  379       2.842906056358e-10 
  380       2.847984650651e-10 
  381       2.853700098880e-10 
  382       2.860041699119e-10 
  383       2.866998360333e-10 
  384       2.874558599457e-10 
  385       2.882710538483e-10 
  386       2.891441901537e-10 
  387       2.900740011964e-10 
  388       2.910591789412e-10 
  389       2.920983746910e-10 
  390       2.931901987955e-10 
  391       2.943332203592e-10 
  392       2.955259669496e-10 
  393       2.967669243057e-10 
  394       2.980545360458e-10 
  395       2.993872033763e-10 
  396       3.007632847995e-10 
  397       3.021810958218e-10 
  398       3.036389086624e-10 
  399       3.051349519611e-10 
  400       3.066674104867e-10 
  401       3.082344248454e-10 
  402       3.098340911887e-10 
  403       3.114644609218e-10 
  404       3.131235404120e-10 
  405       3.148092906967e-10 
  406       3.165196271918e-10 
  407       3.182524193997e-10 
  408       3.200054906179e-10 
  409       3.217766176471e-10 
  410       3.235637606925e-10 
  411       3.253657626358e-10 
  412       3.271816739575e-10 
  413       3.290105246530e-10 
  414       3.308513241050e-10 
  415       3.327030609555e-10 
  416       3.345647029784e-10 
  417       3.364351969509e-10 
  418       3.383134685265e-10 
  419       3.401984221065e-10 
  420       3.420889407125e-10 
  421       3.439838858586e-10 
  422       3.458820974234e-10 
  423       3.477823935222e-10 
  424       3.496835703792e-10 
  425       3.515844021998e-10 
  426       3.534836410424e-10 
  427       3.553800166909e-10 
  428       3.572722365269e-10 
  429       3.591589854016e-10 
  430       3.610389255079e-10 
  431       3.629106962532e-10 
  432       3.647729141307e-10 
  433       3.666241725923e-10 
  434       3.684630419203e-10 
  435       3.702880690996e-10 
  436       3.720977776903e-10 
  437       3.738906676992e-10 
  438       3.756652154527e-10 
  439       3.774198734683e-10 
  440       3.791530703271e-10 
  441       3.808632105460e-10 
  442       3.825486744496e-10 
  443       3.842078180428e-10 
  444       3.858389728825e-10 
  445       3.874404459501e-10 
  446       3.890105195236e-10 
  447       3.905474510494e-10 
  448       3.920494730151e-10 
  449       3.935150381528e-10 
  450       3.949435640484e-10 
  451       3.963347123837e-10 
  452       3.976881458012e-10 
  453       3.990035279214e-10 
  454       4.002805233615e-10 
  455       4.015187977524e-10 
  456       4.027180177573e-10 
  457       4.038778510891e-10 
  458       4.049979665285e-10 
  459       4.060780339418e-10 
  460       4.071177242988e-10 
  461       4.081167096906e-10 
  462       4.090746633474e-10 
  463       4.099912596568e-10 
  464       4.108661741812e-10 
  465       4.116990836756e-10 
  466       4.124896661061e-10 
  467       4.132376006672e-10 
  468       4.139425677998e-10 
  469       4.146042492091e-10 
  470       4.152223278826e-10 
  471       4.157964881078e-10 
  472       4.163264154902e-10 
  473       4.168117969709e-10 
  474       4.172523208449e-10 
  475       4.176476767786e-10 
  476       4.179975558280e-10 
  477       4.183016504561e-10 
  478       4.185596545512e-10 
  479       4.187712634448e-10 
  480       4.189361739290e-10 
  481       4.190540842748e-10 
  482       4.191246942500e-10 
  483       4.191477051366e-10 
  484       4.191228197491e-10 
  485       4.190497424525e-10 
  486       4.189281791796e-10 
  487       4.187578374494e-10 
  488       4.185385509041e-10 
  489       4.182706569685e-10 
  490       4.179546304818e-10 
  491       4.175909602762e-10 
  492       4.171801492574e-10 
  493       4.167227144849e-10 
  494       4.162191872527e-10 
  495       4.156701131698e-10 
  496       4.150760522405e-10 
  497       4.144375789451e-10 
  498       4.137552823201e-10 
  499       4.130297660390e-10 
  500       4.122616484927e-10 
  501       4.114515628698e-10 
  502       4.106001572374e-10 
  503       4.097080946212e-10 
  504       4.087760530865e-10 
  505       4.078047258182e-10 
  506       4.067948212014e-10 
  507       4.057470629023e-10 
  508       4.046621899479e-10 
  509       4.035409568074e-10 
  510       4.023841334720e-10 
  511       4.011925055356e-10 
  512       3.999668742753e-10 
  513       3.987080567321e-10 
  514       3.974168857910e-10 
  515       3.960942102617e-10 
  516       3.947408949592e-10 
  517       3.933578207838e-10 
  518       3.919458848024e-10 
  519       3.905060003282e-10 
  520       3.890390970016e-10 
  521       3.875461208707e-10 
  522       3.860280344714e-10 
  523       3.844858169086e-10 
  524       3.829204639359e-10 
  525       3.813329880366e-10 
  526       3.797244185041e-10 
  527       3.780957577149e-10 
  528       3.764478484578e-10 
  529       3.747815030996e-10 
  530       3.730975471228e-10 
  531       3.713968191868e-10 
  532       3.696801711898e-10 
  533       3.679484683304e-10 
  534       3.662025891690e-10 
  535       3.644434256893e-10 
  536       3.626718833605e-10 
  537       3.608888811980e-10 
  538       3.590953518259e-10 
  539       3.572922415379e-10 
  540       3.554805103593e-10 
  541       3.536611321084e-10 
  542       3.518350944580e-10 
  543       3.500033989975e-10 
  544       3.481670612940e-10 
  545       3.463271109538e-10 
  546       3.444845916845e-10 
  547       3.426405613564e-10 
  548       3.407960920637e-10 
  549       3.389522701868e-10 
  550       3.371101964533e-10 
  551       3.352709859999e-10 
  552       3.334357684337e-10 
  553       3.316056878944e-10 
  554       3.297819031151e-10 
  555       3.279655874847e-10 
  556       3.261579291086e-10 
  557       3.243601308713e-10 
  558       3.225734104972e-10 
  559       3.207990006124e-10 
  560       3.190381488067e-10 
  561       3.172921176945e-10 
  562       3.155621849771e-10 
  563       3.138496435037e-10 
  564       3.121558013334e-10 
  565       3.104819817966e-10 
  566       3.088293756831e-10 
  567       3.071985935016e-10 
  568       3.055901018233e-10 
  569       3.040043701190e-10 
  570       3.024418707655e-10 
  571       3.009030790523e-10 
  572       2.993884731871e-10 
  573       2.978985343032e-10 
  574       2.964337464648e-10 
  575       2.949945966739e-10 
  576       2.935815748762e-10 
  577       2.921951739678e-10 
  578       2.908358898014e-10 
  579       2.895042211922e-10 
  580       2.882006699249e-10 
  581       2.869257407593e-10 
  582       2.856799414371e-10 
  583       2.844637826880e-10 
  584       2.832777782359e-10 
  585       2.821224448056e-10 
  586       2.809983021287e-10 
  587       2.799058729499e-10 
  588       2.788456830335e-10 
  589       2.778182611699e-10 
  590       2.768241391813e-10 
  591       2.758638519286e-10 
  592       2.749379373171e-10 
  593       2.740469363037e-10 
  594       2.731913929021e-10 
  595       2.723718541899e-10 
  596       2.715888703148e-10 
  597       2.708429945005e-10 
  598       2.701347830534e-10 
  599       2.694647953687e-10 
  600       2.688335939368e-10 
  601       2.682417443495e-10 
  602       2.676898153066e-10 
  603       2.671783786217e-10 
  604       2.667080092289e-10 
  605       2.662791534478e-10 
  606       2.658917302824e-10 
  607       2.655455205343e-10 
  608       2.652402976379e-10 
  609       2.649758276241e-10 
  610       2.647518690830e-10 
  611       2.645681731275e-10 
  612       2.644244833559e-10 
  613       2.643205358157e-10 
  614       2.642560589664e-10 
  615       2.642307736430e-10 
  616       2.642443930189e-10 
  617       2.642966225689e-10 
  618       2.643871600330e-10 
  619       2.645156953792e-10 
  620       2.646819107664e-10 
  621       2.648854805084e-10 
  622       2.651260710362e-10 
  623       2.654033408616e-10 
  624       2.657169405406e-10 
  625       2.660665126360e-10 
  626       2.664516916812e-10 
  627       2.668721041429e-10 
  628       2.673273683847e-10 
  629       2.678170946297e-10 
  630       2.683408849244e-10 
  631       2.688983331014e-10 
  632       2.694890247427e-10 
  633       2.701125371429e-10 
  634       2.707684392723e-10 
  635       2.714562917402e-10 
  636       2.721756467583e-10 
  637       2.729260481031e-10 
  638       2.737070310801e-10 
  639       2.745181224863e-10 
  640       2.753588405734e-10 
  641       2.762286950115e-10 
  642       2.771271868517e-10 
  643       2.780538084895e-10 
  644       2.790080188829e-10 
  645       2.799891686653e-10 
  646       2.809965732649e-10 
  647       2.820295374526e-10 
  648       2.830873552983e-10 
  649       2.841693101266e-10 
  650       2.852746744730e-10 
  651       2.864027100401e-10 
  652       2.875526676532e-10 
  653       2.887237872168e-10 
  654       2.899152976702e-10 
  655       2.911264169438e-10 
  656       2.923563519154e-10 
  657       2.936042983655e-10 
  658       2.948694409339e-10 
  659       2.961509530758e-10 
  660       2.974479970172e-10 
  661       2.987597237118e-10 
  662       3.000852727963e-10 
  663       3.014237725469e-10 
  664       3.027743398349e-10 
  665       3.041360800833e-10 
  666       3.055080872224e-10 
  667       3.068894436460e-10 
  668       3.082792201672e-10 
  669       3.096764759748e-10 
  670       3.110802585892e-10 
  671       3.124896038184e-10 
  672       3.139035357139e-10 
  673       3.153210665269e-10 
  674       3.167411966643e-10 
  675       3.181629146449e-10 
  676       3.195851970551e-10 
  677       3.210070085050e-10 
  678       3.224273015848e-10 
  679       3.238450168204e-10 
  680       3.252590826297e-10 
  681       3.266684152783e-10 
  682       3.280719188361e-10 
  683       3.294685729292e-10 
  684       3.308576981422e-10 
  685       3.322386961945e-10 
  686       3.336109626352e-10 
  687       3.349738868217e-10 
  688       3.363268518988e-10 
  689       3.376692347765e-10 
  690       3.390004061094e-10 
  691       3.403197302745e-10 
  692       3.416265653504e-10 
  693       3.429202630955e-10 
  694       3.442001689270e-10 
  695       3.454656218990e-10 
  696       3.467159546813e-10 
  697       3.479504935381e-10 
  698       3.491685583064e-10 
  699       3.503694623747e-10 
  700       3.515525126617e-10 
  701       3.527170095944e-10 
  702       3.538622470874e-10 
  703       3.549875125209e-10 
  704       3.560920867194e-10 
  705       3.571752439306e-10 
  706       3.582362518038e-10 
  707       3.592743713681e-10 
  708       3.602888570117e-10 
  709       3.612789564601e-10 
  710       3.622439107544e-10 
  711       3.631829542305e-10 
  712       3.640953144973e-10 
  713       3.649802124154e-10 
  714       3.658368620755e-10 
  715       3.666644707774e-10 
  716       3.674622390080e-10 
  717       3.682293604205e-10 
  718       3.689650218126e-10 
  719       3.696684031050e-10 
  720       3.703386773206e-10 
  721       3.709750105622e-10 
  722       3.715766895266e-10 
  723       3.721435069145e-10 
  724       3.726753837625e-10 
  725       3.731722426220e-10 
  726       3.736340075670e-10 
  727       3.740606042014e-10 
  728       3.744519596677e-10 
  729       3.748080026544e-10 
  730       3.751286634039e-10 
  731       3.754138737209e-10 
  732       3.756635669795e-10 
  733       3.758776781320e-10 
  734       3.760561437160e-10 
  735       3.761989018627e-10 
  736       3.763058923051e-10 
  737       3.763770563851e-10 
  738       3.764123370621e-10 
  739       3.764116789208e-10 
  740       3.763750281788e-10 
  741       3.763023326946e-10 
  742       3.761935419758e-10 
  743       3.760486071867e-10 
  744       3.758674811562e-10 
  745       3.756501183859e-10 
  746       3.753964750580e-10 
  747       3.751065090428e-10 
  748       3.747801799072e-10 
  749       3.744174489222e-10 
  750       3.740182790709e-10 
  751       3.735826350564e-10 
  752       3.731104833098e-10 
  753       3.726017919980e-10 
  754       3.720565310316e-10 
  755       3.714746720728e-10 
  756       3.708561885434e-10 
  757       3.702010556327e-10 
  758       3.695092503052e-10 
  759       3.687807513088e-10 
  760       3.680155391824e-10 
  761       3.672136732638e-10 
  762       3.663755243154e-10 
  763       3.655015463734e-10 
  764       3.645922001757e-10 
  765       3.636479531861e-10 
  766       3.626692796178e-10 
  767       3.616566604571e-10 
  768       3.606105834879e-10 
  769       3.595315433148e-10 
  770       3.584200413874e-10 
  771       3.572765860239e-10 
  772       3.561016924351e-10 
  773       3.548958827481e-10 
  774       3.536596860303e-10 
  775       3.523936383131e-10 
  776       3.510982826158e-10 
  777       3.497741689693e-10 
  778       3.484218544403e-10 
  779       3.470419031546e-10 
  780       3.456348863214e-10 
  781       3.442013822570e-10 
  782       3.427419764085e-10 
  783       3.412572613779e-10 
  784       3.397478369456e-10 
  785       3.382143100946e-10 
  786       3.366572950341e-10 
  787       3.350774132233e-10 
  788       3.334752933954e-10 
  789       3.318515715815e-10 
  790       3.302068911342e-10 
  791       3.285419027514e-10 
  792       3.268572645006e-10 
  793       3.251536418423e-10 
  794       3.234317076538e-10 
  795       3.216921422535e-10 
  796       3.199356334242e-10 
  797       3.181628764373e-10 
  798       3.163745740764e-10 
  799       3.145714366616e-10 
  800       3.127541636428e-10 
  801       3.109233879672e-10 
  802       3.090797307444e-10 
  803       3.072238196053e-10 
  804       3.053562887218e-10 
  805       3.034777788275e-10 
  806       3.015889372383e-10 
  807       2.996904178723e-10 
  808       2.977828812704e-10 
  809       2.958669946169e-10 
  810       2.939434317597e-10 
  811       2.920128732306e-10 
  812       2.900760062658e-10 
  813       2.881335248262e-10 
  814       2.861861296180e-10 
  815       2.842345281128e-10 
  816       2.822794345683e-10 
  817       2.803215700484e-10 
  818       2.783616624436e-10 
  819       2.764004464917e-10 
  820       2.744386637978e-10 
  821       2.724770628550e-10 
  822       2.705163990645e-10 
  823       2.685574347563e-10 
  824       2.666009392093e-10 
  825       2.646476886719e-10 
  826       2.626984663822e-10 
  827       2.607540625884e-10 
  828       2.588152745696e-10 
  829       2.568829066556e-10 
  830       2.549577702475e-10 
  831       2.530406838383e-10 
  832       2.511324730330e-10 
  833       2.492339705692e-10 
  834       2.473460163372e-10 
  835       2.454694574008e-10 
  836       2.436051480173e-10 
  837       2.417539496583e-10 
  838       2.399167310294e-10 
  839       2.380942790768e-10 
  840       2.362870302655e-10 
  841       2.344953346666e-10 
  842       2.327195445531e-10 
  843       2.309600144057e-10 
  844       2.292171009174e-10 
  845       2.274911629992e-10 
  846       2.257825617852e-10 
  847       2.240916606377e-10 
  848       2.224188251526e-10 
  849       2.207644231646e-10 
  850       2.191288247522e-10 
  851       2.175124022434e-10 
  852       2.159155302205e-10 
  853       2.143385855254e-10 
  854       2.127819472650e-10 
  855       2.112459968164e-10 
  856       2.097311178321e-10 
  857       2.082376962450e-10 
  858       2.067661202740e-10 
  859       2.053167804291e-10 
  860       2.038900695164e-10 
  861       2.024863826437e-10 
  862       2.011061172256e-10 
  863       1.997496729884e-10 
  864       1.984174519758e-10 
  865       1.971098585541e-10 
  866       1.958272994170e-10 
  867       1.945701835913e-10 
  868       1.933389224418e-10 
  869       1.921339296767e-10 
  870       1.909556213529e-10 
  871       1.898044158810e-10 
  872       1.886807340307e-10 
  873       1.875849989360e-10 
  874       1.865176361005e-10 
  875       1.854790734023e-10 
  876       1.844697410997e-10 
  877       1.834900718361e-10 
  878       1.825404088018e-10 
  879       1.816207285346e-10 
  880       1.807309135205e-10 
  881       1.798708436105e-10 
  882       1.790403960117e-10 
  883       1.782394452781e-10 
  884       1.774678633017e-10 
  885       1.767255193035e-10 
  886       1.760122798239e-10 
  887       1.753280087146e-10 
  888       1.746725671285e-10 
  889       1.740458135116e-10 
  890       1.734476035933e-10 
  891       1.728777903776e-10 
  892       1.723362241340e-10 
  893       1.718227523885e-10 
  894       1.713372199145e-10 
  895       1.708794687238e-10 
  896       1.704493380575e-10 
  897       1.700466643770e-10 
  898       1.696712813548e-10 
  899       1.693230198656e-10 
  900       1.690017079774e-10 
  901       1.687071709419e-10 
  902       1.684392311863e-10 
  903       1.681977083033e-10 
  904       1.679824190427e-10 
  905       1.677931773023e-10 
  906       1.676297941185e-10 
  907       1.674920776575e-10 
  908       1.673798332063e-10 
  909       1.672928631635e-10 
  910       1.672309670304e-10 
  911       1.671939414017e-10 
  912       1.671815799566e-10 
  913       1.671936734501e-10 
  914       1.672300097031e-10 
  915       1.672903735943e-10 
  916       1.673745470505e-10 
  917       1.674822746736e-10 
  918       1.676131600401e-10 
  919       1.677667677324e-10 
  920       1.679426575392e-10 
  921       1.681403844420e-10 
  922       1.683594986007e-10 
  923       1.685995453400e-10 
  924       1.688600651351e-10 
  925       1.691405935979e-10 
  926       1.694406614633e-10 
  927       1.697597945749e-10 
  928       1.700975138712e-10 
  929       1.704533353715e-10 
  930       1.708267701624e-10 
  931       1.712173243832e-10 
  932       1.716244992125e-10 
  933       1.720477908539e-10 
  934       1.724866905223e-10 
  935       1.729406844298e-10 
  936       1.734092537717e-10 
  937       1.738918747129e-10 
  938       1.743880183734e-10 
  939       1.748971508148e-10 
  940       1.754187330261e-10 
  941       1.759522209100e-10 
  942       1.764970652685e-10 
  943       1.770527117897e-10 
  944       1.776186010330e-10 
  945       1.781941684157e-10 
  946       1.787788441989e-10 
  947       1.793720534736e-10 
  948       1.799732161465e-10 
  949       1.805817469266e-10 
  950       1.811970553105e-10 
  951       1.818185455691e-10 
  952       1.824456167334e-10 
  953       1.830776625806e-10 
  954       1.837140716199e-10 
  955       1.843542270789e-10 
  956       1.849975434939e-10 
  957       1.856435771219e-10 
  958       1.862919171876e-10 
  959       1.869421494227e-10 
  960       1.875938560568e-10 
  961       1.882466158084e-10 
  962       1.889000038755e-10 
  963       1.895535919266e-10 
  964       1.902069480915e-10 
  965       1.908596369523e-10 
  966       1.915112195339e-10 
  967       1.921612532953e-10 
  968       1.928092921201e-10 
  969       1.934548863076e-10 
  970       1.940975825634e-10 
  971       1.947369239904e-10 
  972       1.953724500799e-10 
  973       1.960036967017e-10 
  974       1.966301960959e-10 
  975       1.972514768632e-10 
  976       1.978670639556e-10 
  977       1.984764786677e-10 
  978       1.990792386274e-10 
  979       1.996748577866e-10 
  980       2.002628464122e-10 
  981       2.008427110769e-10 
  982       2.014139546500e-10 
  983       2.019760762885e-10 
  984       2.025285714275e-10 
  985       2.030709317716e-10 
  986       2.036026452851e-10 
  987       2.041231961837e-10 
  988       2.046320649245e-10 
  989       2.051287281974e-10 
  990       2.056126589156e-10 
  991       2.060833262069e-10 
  992       2.065401954041e-10 
  993       2.069827280361e-10 
  994       2.074103818185e-10 
  995       2.078226832974e-10 
  996       2.082194469649e-10 
  997       2.086005593419e-10 
  998       2.089659066166e-10 
  999       2.093153746443e-10 
 1000       2.096488489472e-10 
 1001       2.099662147138e-10 
 1002       2.102673567985e-10 
 1003       2.105521597218e-10 
 1004       2.108205076690e-10 
 1005       2.110722844909e-10 
 1006       2.113073737026e-10 
 1007       2.115256584837e-10 
 1008       2.117270216776e-10 
 1009       2.119113457915e-10 
 1010       2.120785129955e-10 
 1011       2.122284051229e-10 
 1012       2.123609036694e-10 
 1013       2.124758897930e-10 
 1014       2.125732443134e-10 
 1015       2.126528477119e-10 
 1016       2.127145801309e-10 
 1017       2.127583213735e-10 
 1018       2.127839509033e-10 
 1019       2.127913478442e-10 
 1020       2.127803909794e-10 
 1021       2.127509587519e-10 
 1022       2.127029292635e-10 
 1023       2.126361802748e-10 
 1024       2.125505892046e-10 
 1025       2.124460331298e-10 
 1026       2.123223887849e-10 
 1027       2.121795325617e-10 
 1028       2.120173405089e-10 
 1029       2.118356883318e-10 
 1030       2.116344513919e-10 
 1031       2.114135047067e-10 
 1032       2.111727229489e-10 
 1033       2.109119804469e-10 
 1034       2.106312072477e-10 
 1035       2.103305581778e-10 
 1036       2.100102461706e-10 
 1037       2.096704864244e-10 
 1038       2.093114964091e-10 
 1039       2.089334958712e-10 
 1040       2.085367068403e-10 
 1041       2.081213536352e-10 
 1042       2.076876628691e-10 
 1043       2.072358634564e-10 
 1044       2.067661866180e-10 
 1045       2.062788658874e-10 
 1046       2.057741371169e-10 
 1047       2.052522384832e-10 
 1048       2.047134104935e-10 
 1049       2.041578959915e-10 
 1050       2.035859401631e-10 
 1051       2.029977905425e-10 
 1052       2.023936970181e-10 
 1053       2.017739118386e-10 
 1054       2.011386896187e-10 
 1055       2.004882873449e-10 
 1056       1.998229643820e-10 
 1057       1.991429824786e-10 
 1058       1.984486057730e-10 
 1059       1.977401007992e-10 
 1060       1.970177364933e-10 
 1061       1.962817841986e-10 
 1062       1.955325176721e-10 
 1063       1.947702130905e-10 
 1064       1.939951490557e-10 
 1065       1.932076066011e-10 
 1066       1.924078691974e-10 
 1067       1.915962227585e-10 
 1068       1.907729556475e-10 
 1069       1.899383586827e-10 
 1070       1.890927251434e-10 
 1071       1.882363507759e-10 
 1072       1.873695337994e-10 
 1073       1.864925811620e-10 
 1074       1.856058273891e-10 
 1075       1.847096160036e-10 
 1076       1.838042933054e-10 
 1077       1.828902083783e-10 
 1078       1.819677130963e-10 
 1079       1.810371621304e-10 
 1080       1.800989129552e-10 
 1081       1.791533258552e-10 
 1082       1.782007639318e-10 
 1083       1.772415931095e-10 
 1084       1.762761821427e-10 
 1085       1.753049026224e-10 
 1086       1.743281289825e-10 
 1087       1.733462385066e-10 
 1088       1.723596113343e-10 
 1089       1.713686304684e-10 
 1090       1.703736817806e-10 
 1091       1.693751540189e-10 
 1092       1.683734388139e-10 
 1093       1.673689306850e-10 
 1094       1.663620270477e-10 
 1095       1.653531282196e-10 
 1096       1.643426374272e-10 
 1097       1.633309608127e-10 
 1098       1.623185074402e-10 
 1099       1.613056893024e-10 
 1100       1.602929213273e-10 
 1101       1.592806213850e-10 
 1102       1.582692102936e-10 
 1103       1.572591118265e-10 
 1104       1.562507527186e-10 
 1105       1.552445626729e-10 
 1106       1.542409743675e-10 
 1107       1.532404234614e-10 
 1108       1.522433486018e-10 
 1109       1.512501914305e-10 
 1110       1.502613965902e-10 
 1111       1.492774117314e-10 
 1112       1.482986486843e-10 
 1113       1.473253664015e-10 
 1114       1.463577864905e-10 
 1115       1.453961319107e-10 
 1116       1.444406269774e-10 
 1117       1.434914973633e-10 
 1118       1.425489701027e-10 
 1119       1.416132735931e-10 
 1120       1.406846375989e-10 
 1121       1.397632932538e-10 
 1122       1.388494730636e-10 
 1123       1.379434109091e-10 
 1124       1.370453420493e-10 
 1125       1.361555031234e-10 
 1126       1.352741321545e-10 
 1127       1.344014685516e-10 
 1128       1.335377531133e-10 
 1129       1.326832280297e-10 
 1130       1.318381368861e-10 
 1131       1.310027246650e-10 
 1132       1.301772377495e-10 
 1133       1.293619239261e-10 
 1134       1.285570323872e-10 
 1135       1.277628137339e-10 
 1136       1.269795199794e-10 
 1137       1.262074045511e-10 
 1138       1.254467222939e-10 
 1139       1.246977294728e-10 
 1140       1.239606837759e-10 
 1141       1.232358443171e-10 
 1142       1.225234716387e-10 
 1143       1.218238277147e-10 
 1144       1.211371759533e-10 
 1145       1.204637811998e-10 
 1146       1.198039097394e-10 
 1147       1.191578293001e-10 
 1148       1.185258090554e-10 
 1149       1.179081196271e-10 
 1150       1.173050330884e-10 
 1151       1.167167724069e-10 
 1152       1.161433590659e-10 
 1153       1.155847635142e-10 
 1154       1.150409555481e-10 
 1155       1.145119043097e-10 
 1156       1.139975782853e-10 
 1157       1.134979453034e-10 
 1158       1.130129725334e-10 
 1159       1.125426264831e-10 
 1160       1.120868729977e-10 
 1161       1.116456772576e-10 
 1162       1.112190037767e-10 
 1163       1.108068164010e-10 
 1164       1.104090783062e-10 
 1165       1.100257519966e-10 
 1166       1.096567993027e-10 
 1167       1.093021813803e-10 
 1168       1.089618587078e-10 
 1169       1.086357910851e-10 
 1170       1.083239376316e-10 
 1171       1.080262567845e-10 
 1172       1.077427062969e-10 
 1173       1.074732432363e-10 
 1174       1.072178239828e-10 
 1175       1.069764042270e-10 
 1176       1.067489389688e-10 
 1177       1.065353825151e-10 
 1178       1.063356884785e-10 
 1179       1.061498097752e-10 
 1180       1.059776986235e-10 
 1181       1.058193065418e-10 
 1182       1.056745843473e-10 
 1183       1.055434821534e-10 
 1184       1.054259493690e-10 
 1185       1.053219346960e-10 
 1186       1.052313861276e-10 
 1187       1.051542509470e-10 
 1188       1.050904757251e-10 
 1189       1.050400063193e-10 
 1190       1.050027606659e-10 
 1191       1.049785467966e-10 
 1192       1.049671438120e-10 
 1193       1.049683289912e-10 
 1194       1.049818777876e-10 
 1195       1.050075638255e-10 
 1196       1.050451588953e-10 
 1197       1.050944329500e-10 
 1198       1.051551541007e-10 
 1199       1.052270886129e-10 
 1200       1.053100009024e-10 
 1201       1.054036535307e-10 
 1202       1.055078072020e-10 
 1203       1.056222207580e-10 
 1204       1.057466511746e-10 
 1205       1.058808535577e-10 
 1206       1.060245811388e-10 
 1207       1.061775852714e-10 
 1208       1.063396154266e-10 
 1209       1.065104191892e-10 
 1210       1.066897422537e-10 
 1211       1.068773284202e-10 
 1212       1.070729195901e-10 
 1213       1.072762557625e-10 
 1214       1.074870750296e-10 
 1215       1.077051135731e-10 
 1216       1.079301056600e-10 
 1217       1.081617836385e-10 
 1218       1.083998779339e-10 
 1219       1.086441170447e-10 
 1220       1.088942275382e-10 
 1221       1.091499340470e-10 
 1222       1.094109592644e-10 
 1223       1.096770239406e-10 
 1224       1.099478468788e-10 
 1225       1.102231449308e-10 
 1226       1.105026329929e-10 
 1227       1.107860240025e-10 
 1228       1.110730289331e-10 
 1229       1.113633668412e-10 
 1230       1.116567951424e-10 
 1231       1.119530796873e-10 
 1232       1.122519847401e-10 
 1233       1.125532729761e-10 
 1234       1.128567054777e-10 
 1235       1.131620417319e-10 
 1236       1.134690396262e-10 
 1237       1.137774554462e-10 
 1238       1.140870438716e-10 
 1239       1.143975579734e-10 
 1240       1.147087492105e-10 
 1241       1.150203674265e-10 
 1242       1.153321608462e-10 
 1243       1.156438760727e-10 
 1244       1.159552580838e-10 
 1245       1.162660502292e-10 
 1246       1.165759942265e-10 
 1247       1.168848301587e-10 
 1248       1.171922964706e-10 
 1249       1.174981299655e-10 
 1250       1.178020658019e-10 
 1251       1.181038374905e-10 
 1252       1.184031768907e-10 
 1253       1.186998142075e-10 
 1254       1.189934779880e-10 
 1255       1.192838951186e-10 
 1256       1.195707908211e-10 
 1257       1.198538886499e-10 
 1258       1.201329104887e-10 
 1259       1.204075765472e-10 
 1260       1.206776053576e-10 
 1261       1.209427137718e-10 
 1262       1.212026169575e-10 
 1263       1.214570283958e-10 
 1264       1.217056598771e-10 
 1265       1.219482214983e-10 
 1266       1.221844216595e-10 
 1267       1.224139670607e-10 
 1268       1.226365971065e-10 
 1269       1.228521875613e-10 
 1270       1.230606480831e-10 
 1271       1.232618879225e-10 
 1272       1.234558159226e-10 
 1273       1.236423405178e-10 
 1274       1.238213697337e-10 
 1275       1.239928111858e-10 
 1276       1.241565720792e-10 
 1277       1.243125592078e-10 
 1278       1.244606789535e-10 
 1279       1.246008372856e-10 
 1280       1.247329397603e-10 
 1281       1.248568915195e-10 
 1282       1.249725972907e-10 
 1283       1.250799613859e-10 
 1284       1.251788877009e-10 
 1285       1.252692797149e-10 
 1286       1.253510404896e-10 
 1287       1.254240726686e-10 
 1288       1.254882784765e-10 
 1289       1.255435597185e-10 
 1290       1.255898177795e-10 
 1291       1.256269536235e-10 
 1292       1.256548677928e-10 
 1293       1.256734604074e-10 
 1294       1.256826311644e-10 
 1295       1.256822793370e-10 
 1296       1.256723037743e-10 
 1297       1.256526028999e-10 
 1298       1.256230747120e-10 
 1299       1.255836167821e-10 
 1300       1.255341262545e-10 
 1301       1.254744998457e-10 
 1302       1.254046338437e-10 
 1303       1.253244241072e-10 
 1304       1.252337660648e-10 
 1305       1.251325547146e-10 
 1306       1.250206846235e-10 
 1307       1.248980822919e-10 
 1308       1.247648036478e-10 
 1309       1.246209376420e-10 
 1310       1.244665739833e-10 
 1311       1.243018031396e-10 
 1312       1.241267163397e-10 
 1313       1.239414055750e-10 
 1314       1.237459636007e-10 
 1315       1.235404839377e-10 
 1316       1.233250608742e-10 
 1317       1.230997894669e-10 
 1318       1.228647655430e-10 
 1319       1.226200857017e-10 
 1320       1.223658473155e-10 
 1321       1.221021485321e-10 
 1322       1.218290882758e-10 
 1323       1.215467662491e-10 
 1324       1.212552829344e-10 
 1325       1.209547395954e-10 
 1326       1.206452382787e-10 
 1327       1.203268818156e-10 
 1328       1.199997738235e-10 
 1329       1.196640187073e-10 
 1330       1.193197216614e-10 
 1331       1.189669886709e-10 
 1332       1.186059265134e-10 
 1333       1.182366427604e-10 
 1334       1.178592457792e-10 
 1335       1.174738447340e-10 
 1336       1.170805495880e-10 
 1337       1.166794711045e-10 
 1338       1.162707208488e-10 
 1339       1.158544111897e-10 
 1340       1.154306553009e-10 
 1341       1.149995671629e-10 
 1342       1.145612615644e-10 
 1343       1.141158541037e-10 
 1344       1.136634611907e-10 
 1345       1.132042000481e-10 
 1346       1.127381987283e-10 
 1347       1.122656262798e-10 
 1348       1.117866629118e-10 
 1349       1.113014900106e-10 
 1350       1.108102901423e-10 
 1351       1.103132470546e-10 
 1352       1.098105456794e-10 
 1353       1.093023721350e-10 
 1354       1.087889137279e-10 
 1355       1.082703589557e-10 
 1356       1.077468975088e-10 
 1357       1.072187202732e-10 
 1358       1.066860193319e-10 
 1359       1.061489879681e-10 
 1360       1.056078206668e-10 
 1361       1.050627131170e-10 
 1362       1.045138622147e-10 
 1363       1.039614660641e-10 
 1364       1.034057239805e-10 
 1365       1.028468364926e-10 
 1366       1.022850053443e-10 
 1367       1.017204334972e-10 
 1368       1.011533251328e-10 
 1369       1.005838856548e-10 
 1370       1.000123216914e-10 
 1371       9.943884109719e-11 
 1372       9.886365295579e-11 
 1373       9.828696758192e-11 
 1374       9.770899652362e-11 
 1375       9.712995256456e-11 
 1376       9.655004972621e-11 
 1377       9.596950327015e-11 
 1378       9.538852970026e-11 
 1379       9.480734676500e-11 
 1380       9.422617345959e-11 
 1381       9.364523002833e-11 
 1382       9.306473796679e-11 
 1383       9.248492002405e-11 
 1384       9.190600020496e-11 
 1385       9.132818892342e-11 
 1386       9.075163828613e-11 
 1387       9.017648634117e-11 
 1388       8.960287188544e-11 
 1389       8.903093446592e-11 
 1390       8.846081438105e-11 
 1391       8.789265268201e-11 
 1392       8.732659117403e-11 
 1393       8.676277241769e-11 
 1394       8.620133973029e-11 
 1395       8.564243718710e-11 
 1396       8.508620962268e-11 
 1397       8.453280263224e-11 
 1398       8.398236257290e-11 
 1399       8.343503656503e-11 
 1400       8.289097249356e-11 
 1401       8.235031900928e-11 
 1402       8.181322553016e-11 
 1403       8.127984224268e-11 
 1404       8.075032010310e-11 
 1405       8.022481083883e-11 
 1406       7.970346694967e-11 
 1407       7.918644170921e-11 
 1408       7.867388916606e-11 
 1409       7.816596414521e-11 
 1410       7.766282224935e-11 
 1411       7.716461986013e-11 
 1412       7.667151413952e-11 
 1413       7.618366303113e-11 
 1414       7.570122526148e-11 
 1415       7.522436034132e-11 
 1416       7.475322856699e-11 
 1417       7.428799102169e-11 
 1418       7.382880957677e-11 
 1419       7.337584689312e-11 
 1420       7.292926642240e-11 
 1421       7.248923240842e-11 
 1422       7.205590988840e-11 
 1423       7.162946469430e-11 
 1424       7.121003799805e-11 
 1425       7.079766965844e-11 
 1426       7.039237408958e-11 
 1427       6.999416564542e-11 
 1428       6.960305861952e-11 
 1429       6.921906724486e-11 
 1430       6.884220569367e-11 
 1431       6.847248807722e-11 
 1432       6.810992844563e-11 
 1433       6.775454078769e-11 
 1434       6.740633903064e-11 
 1435       6.706533703999e-11 
 1436       6.673154861935e-11 
 1437       6.640498751021e-11 
 1438       6.608566739173e-11 
 1439       6.577360188062e-11 
 1440       6.546880453084e-11 
 1441       6.517128883352e-11 
 1442       6.488106821668e-11 
 1443       6.459815604508e-11 
 1444       6.432256562001e-11 
 1445       6.405431017912e-11 
 1446       6.379340289620e-11 
 1447       6.353985688100e-11 
 1448       6.329368517904e-11 
 1449       6.305490077140e-11 
 1450       6.282351657456e-11 
 1451       6.259954544018e-11 
 1452       6.238300015490e-11 
 1453       6.217389344017e-11 
 1454       6.197223795207e-11 
 1455       6.177804628106e-11 
 1456       6.159133095186e-11 
 1457       6.141210442319e-11 
 1458       6.124037908761e-11 
 1459       6.107616727135e-11 
 1460       6.091948123406e-11 
 1461       6.077033316868e-11 
 1462       6.062873520119e-11 
 1463       6.049468148216e-11 
 1464       6.036809426584e-11 
 1465       6.024887729163e-11 
 1466       6.013693364227e-11 
 1467       6.003216574260e-11 
 1468       5.993447535845e-11 
 1469       5.984376359535e-11 
 1470       5.975993089741e-11 
 1471       5.968287704606e-11 
 1472       5.961250115891e-11 
 1473       5.954870168851e-11 
 1474       5.949137642118e-11 
 1475       5.944042247582e-11 
 1476       5.939573630267e-11 
 1477       5.935721368216e-11 
 1478       5.932474972370e-11 
 1479       5.929823886447e-11 
 1480       5.927757486826e-11 
 1481       5.926265082421e-11 
 1482       5.925335914569e-11 
 1483       5.924959156904e-11 
 1484       5.925123915241e-11 
 1485       5.925819227456e-11 
 1486       5.927034063364e-11 
 1487       5.928757324604e-11 
 1488       5.930977844514e-11 
 1489       5.933684388014e-11 
 1490       5.936865651488e-11 
 1491       5.940510262662e-11 
 1492       5.944606780484e-11 
 1493       5.949143695007e-11 
 1494       5.954109427266e-11 
 1495       5.959492329163e-11 
 1496       5.965280683342e-11 
 1497       5.971462703072e-11 
 1498       5.978026532129e-11 
 1499       5.984960244675e-11 
 1500       5.992251845135e-11 
 1501       5.999889268084e-11 
 1502       6.007860350085e-11 
 1503       6.016152745162e-11 
 1504       6.024754008268e-11 
 1505       6.033651623127e-11 
 1506       6.042833002110e-11 
 1507       6.052285486116e-11 
 1508       6.061996344452e-11 
 1509       6.071952774709e-11 
 1510       6.082141902644e-11 
 1511       6.092550782055e-11 
 1512       6.103166394664e-11 
 1513       6.113975649994e-11 
 1514       6.124965385246e-11 
 1515       6.136122365184e-11 
 1516       6.147433282004e-11 
 1517       6.158884755225e-11 
 1518       6.170463331555e-11 
 1519       6.182155484782e-11 
 1520       6.193947615643e-11 
 1521       6.205826051711e-11 
 1522       6.217777047268e-11 
 1523       6.229786783185e-11 
 1524       6.241841366804e-11 
 1525       6.253926831813e-11 
 1526       6.266029138129e-11 
 1527       6.278134171771e-11 
 1528       6.290227744746e-11 
 1529       6.302295594922e-11 
 1530       6.314323385910e-11 
 1531       6.326296706942e-11 
 1532       6.338201072750e-11 
 1533       6.350021923446e-11 
 1534       6.361744624397e-11 
 1535       6.373354466110e-11 
 1536       6.384836664105e-11 
 1537       6.396176358797e-11 
 1538       6.407358615375e-11 
 1539       6.418368423680e-11 
 1540       6.429190698084e-11 
 1541       6.439811704600e-11 
 1542       6.450223357271e-11 
 1543       6.460418962325e-11 
 1544       6.470391794590e-11 
 1545       6.480135097453e-11 
 1546       6.489642082803e-11 
 1547       6.498905930989e-11 
 1548       6.507919790765e-11 
 1549       6.516676779245e-11 
 1550       6.525169981853e-11 
 1551       6.533392452272e-11 
 1552       6.541337212399e-11 
 1553       6.548997252291e-11 
 1554       6.556365530120e-11 
 1555       6.563434972123e-11 
 1556       6.570198472550e-11 
 1557       6.576648893619e-11 
 1558       6.582779065467e-11 
 1559       6.588581786095e-11 
 1560       6.594049821328e-11 
 1561       6.599175904759e-11 
 1562       6.603952737701e-11 
 1563       6.608372989141e-11 
 1564       6.612429295690e-11 
 1565       6.616114261530e-11 
 1566       6.619420458371e-11 
 1567       6.622340425398e-11 
 1568       6.624866669223e-11 
 1569       6.626991663835e-11 
 1570       6.628707850554e-11 
 1571       6.630007637979e-11 
 1572       6.630883401939e-11 
 1573       6.631327485446e-11 
 1574       6.631332198644e-11 
 1575       6.630889818762e-11 
 1576       6.629992590062e-11 
 1577       6.628632723794e-11 
 1578       6.626802398142e-11 
 1579       6.624493758179e-11 
 1580       6.621700606722e-11 
 1581       6.618423494114e-11 
 1582       6.614664675470e-11 
 1583       6.610426424079e-11 
 1584       6.605711031435e-11 
 1585       6.600520807273e-11 
 1586       6.594858079597e-11 
 1587       6.588725194716e-11 
 1588       6.582124517275e-11 
 1589       6.575058430284e-11 
 1590       6.567529335154e-11 
 1591       6.559539651730e-11 
 1592       6.551091818318e-11 
 1593       6.542188291724e-11 
 1594       6.532831547278e-11 
 1595       6.523024078876e-11 
 1596       6.512768399002e-11 
 1597       6.502067038770e-11 
 1598       6.490922547948e-11 
 1599       6.479337494994e-11 
 1600       6.467314467090e-11 
 1601       6.454856070170e-11 
 1602       6.441964928953e-11 
 1603       6.428643686980e-11 
 1604       6.414895006640e-11 
 1605       6.400721569205e-11 
 1606       6.386126074863e-11 
 1607       6.371111242748e-11 
 1608       6.355679810974e-11 
 1609       6.339834536666e-11 
 1610       6.323578195993e-11 
 1611       6.306913584201e-11 
 1612       6.289843515643e-11 
 1613       6.272370823812e-11 
 1614       6.254498361375e-11 
 1615       6.236229000202e-11 
 1616       6.217565631400e-11 
 1617       6.198511165348e-11 
 1618       6.179068531722e-11 
 1619       6.159241516556e-11 
 1620       6.139037281609e-11 
 1621       6.118463867823e-11 
 1622       6.097529360440e-11 
 1623       6.076241889073e-11 
 1624       6.054609627776e-11 
 1625       6.032640795113e-11 
 1626       6.010343654229e-11 
 1627       5.987726512924e-11 
 1628       5.964797723717e-11 
 1629       5.941565683923e-11 
 1630       5.918038835720e-11 
 1631       5.894225666218e-11 
 1632       5.870134707534e-11 
 1633       5.845774536860e-11 
 1634       5.821153776532e-11 
 1635       5.796281094102e-11 
 1636       5.771165202411e-11 
 1637       5.745814859655e-11 
 1638       5.720238869458e-11 
 1639       5.694446080942e-11 
 1640       5.668445388796e-11 
 1641       5.642245733352e-11 
 1642       5.615856100648e-11 
 1643       5.589285522502e-11 
 1644       5.562543076586e-11 
 1645       5.535637886488e-11 
 1646       5.508579121790e-11 
 1647       5.481375998138e-11 
 1648       5.454037777306e-11 
 1649       5.426573767275e-11 
 1650       5.398993322297e-11 
 1651       5.371305842969e-11 
 1652       5.343520776301e-11 
 1653       5.315647615790e-11 
 1654       5.287695901487e-11 
 1655       5.259675220069e-11 
 1656       5.231595204910e-11 
 1657       5.203465536150e-11 
 1658       5.175295556452e-11 
 1659       5.147093114419e-11 
 1660       5.118865711111e-11 
 1661       5.090620883486e-11 
 1662       5.062366204457e-11 
 1663       5.034109282941e-11 
 1664       5.005857763918e-11 
 1665       4.977619328481e-11 
 1666       4.949401693891e-11 
 1667       4.921212613630e-11 
 1668       4.893059877456e-11 
 1669       4.864951311457e-11 
 1670       4.836894778101e-11 
 1671       4.808898176295e-11 
 1672       4.780969441436e-11 
 1673       4.753116545463e-11 
 1674       4.725347496915e-11 
 1675       4.697670340981e-11 
 1676       4.670093159555e-11 
 1677       4.642624071292e-11 
 1678       4.615271231656e-11 
 1679       4.588042832981e-11 
 1680       4.560947104517e-11 
 1681       4.533992312492e-11 
 1682       4.507186760159e-11 
 1683       4.480538787852e-11 
 1684       4.454056773041e-11 
 1685       4.427749130384e-11 
 1686       4.401624311781e-11 
 1687       4.375690806430e-11 
 1688       4.349957140877e-11 
 1689       4.324431879072e-11 
 1690       4.299123622422e-11 
 1691       4.274041009845e-11 
 1692       4.249192717825e-11 
 1693       4.224587460463e-11 
 1694       4.200233989532e-11 
 1695       4.176141094533e-11 
 1696       4.152317602744e-11 
 1697       4.128771263947e-11 
 1698       4.105505393972e-11 
 1699       4.082522202319e-11 
 1700       4.059823904871e-11 
 1701       4.037412723900e-11 
 1702       4.015290888075e-11 
 1703       3.993460632469e-11 
 1704       3.971924198564e-11 
 1705       3.950683834265e-11 
 1706       3.929741793898e-11 
 1707       3.909100338226e-11 
 1708       3.888761734450e-11 
 1709       3.868728256219e-11 
 1710       3.849002183638e-11 
 1711       3.829585803273e-11 
 1712       3.810481408159e-11 
 1713       3.791691297810e-11 
 1714       3.773217778222e-11 
 1715       3.755063161882e-11 
 1716       3.737229767778e-11 
 1717       3.719719921401e-11 
 1718       3.702535954757e-11 
 1719       3.685680206372e-11 
 1720       3.669155021300e-11 
 1721       3.652962751128e-11 
 1722       3.637105753988e-11 
 1723       3.621586394560e-11 
 1724       3.606407044080e-11 
 1725       3.591570080350e-11 
 1726       3.577077887742e-11 
 1727       3.562932857208e-11 
 1728       3.549137386284e-11 
 1729       3.535693879100e-11 
 1730       3.522604746387e-11 
 1731       3.509872405483e-11 
 1732       3.497499280342e-11 
 1733       3.485487801538e-11 
 1734       3.473840406278e-11 
 1735       3.462559538403e-11 
 1736       3.451646657244e-11 
 1737       3.441099255028e-11 
 1738       3.430913814345e-11 
 1739       3.421086796992e-11 
 1740       3.411614643939e-11 
 1741       3.402493775295e-11 
 1742       3.393720590282e-11 
 1743       3.385291467196e-11 
 1744       3.377202763378e-11 
 1745       3.369450815182e-11 
 1746       3.362031937942e-11 
 1747       3.354942425942e-11 
 1748       3.348178552379e-11 
 1749       3.341736569335e-11 
 1750       3.335612707746e-11 
 1751       3.329803177364e-11 
 1752       3.324304166730e-11 
 1753       3.319111843141e-11 
 1754       3.314222352616e-11 
 1755       3.309631819864e-11 
 1756       3.305336348254e-11 
 1757       3.301332019783e-11 
 1758       3.297614895038e-11 
 1759       3.294181013173e-11 
 1760       3.291026391868e-11 
 1761       3.288147027304e-11 
 1762       3.285538894126e-11 
 1763       3.283197945413e-11 
 1764       3.281120112645e-11 
 1765       3.279301305672e-11 
 1766       3.277737412681e-11 
 1767       3.276424300162e-11 
 1768       3.275357812880e-11 
 1769       3.274533773840e-11 
 1770       3.273947984254e-11 
 1771       3.273596223512e-11 
 1772       3.273474249147e-11 
 1773       3.273577796805e-11 
 1774       3.273902580209e-11 
 1775       3.274444034634e-11 
 1776       3.275196545060e-11 
 1777       3.276154211587e-11 
 1778       3.277311105319e-11 
 1779       3.278661268317e-11 
 1780       3.280198713559e-11 
 1781       3.281917424899e-11 
 1782       3.283811357026e-11 
 1783       3.285874435417e-11 
 1784       3.288100556301e-11 
 1785       3.290483586614e-11 
 1786       3.293017363957e-11 
 1787       3.295695696556e-11 
 1788       3.298512363217e-11 
 1789       3.301461113287e-11 
 1790       3.304535666611e-11 
 1791       3.307729713489e-11 
 1792       3.311036914635e-11 
 1793       3.314450901138e-11 
 1794       3.317965274413e-11 
 1795       3.321573606166e-11 
 1796       3.325269438348e-11 
 1797       3.329046283116e-11 
 1798       3.332897622787e-11 
 1799       3.336816909801e-11 
 1800       3.340797566675e-11 
 1801       3.344832985963e-11 
 1802       3.348916530215e-11 
 1803       3.353041531932e-11 
 1804       3.357201293526e-11 
 1805       3.361389087279e-11 
 1806       3.365598155301e-11 
 1807       3.369821709483e-11 
 1808       3.374052931465e-11 
 1809       3.378284972583e-11 
 1810       3.382510953835e-11 
 1811       3.386723965836e-11 
 1812       3.390917068776e-11 
 1813       3.395083292378e-11 
 1814       3.399216134134e-11 
 1815       3.403311058474e-11 
 1816       3.407364009608e-11 
 1817       3.411370914321e-11 
 1818       3.415327681949e-11 
 1819       3.419230204358e-11 
 1820       3.423074355918e-11 
 1821       3.426855993479e-11 
 1822       3.430570956351e-11 
 1823       3.434215066275e-11 
 1824       3.437784127401e-11 
 1825       3.441273926267e-11 
 1826       3.444680231772e-11 
 1827       3.447998795153e-11 
 1828       3.451225349962e-11 
 1829       3.454355612042e-11 
 1830       3.457385279503e-11 
 1831       3.460310032697e-11 
 1832       3.463125534196e-11 
 1833       3.465827428769e-11 
 1834       3.468411343356e-11 
 1835       3.470872887045e-11 
 1836       3.473207651047e-11 
 1837       3.475411208678e-11 
 1838       3.477479115325e-11 
 1839       3.479406908433e-11 
 1840       3.481190107473e-11 
 1841       3.482824213924e-11 
 1842       3.484304711245e-11 
 1843       3.485627064853e-11 
 1844       3.486786722101e-11 
 1845       3.487779112251e-11 
 1846       3.488599646452e-11 
 1847       3.489243717716e-11 
 1848       3.489706700894e-11 
 1849       3.489983952651e-11 
 1850       3.490070811448e-11 
 1851       3.489962597509e-11 
 1852       3.489654612804e-11 
 1853       3.489142930693e-11 
 1854       3.488426771730e-11 
 1855       3.487506146575e-11 
 1856       3.486381068030e-11 
 1857       3.485051551044e-11 
 1858       3.483517612719e-11 
 1859       3.481779272308e-11 
 1860       3.479836551226e-11 
 1861       3.477689473048e-11 
 1862       3.475338063516e-11 
 1863       3.472782350541e-11 
 1864       3.470022364210e-11 
 1865       3.467058136783e-11 
 1866       3.463889702707e-11 
 1867       3.460517098609e-11 
 1868       3.456940363308e-11 
 1869       3.453159537815e-11 
 1870       3.449174665338e-11 
 1871       3.444985791284e-11 
 1872       3.440592963265e-11 
 1873       3.435996231102e-11 
 1874       3.431195646827e-11 
 1875       3.426191264686e-11 
 1876       3.420983141147e-11 
 1877       3.415571334900e-11 
 1878       3.409955906862e-11 
 1879       3.404136920182e-11 
 1880       3.398114440243e-11 
 1881       3.391888534666e-11 
 1882       3.385459273315e-11 
 1883       3.378826728300e-11 
 1884       3.371990973980e-11 
 1885       3.364952086970e-11 
 1886       3.357710146140e-11 
 1887       3.350265232624e-11 
 1888       3.342617429819e-11 
 1889       3.334766823392e-11 
 1890       3.326713501283e-11 
 1891       3.318457553708e-11 
 1892       3.309999598638e-11 
 1893       3.301342362657e-11 
 1894       3.292489112343e-11 
 1895       3.283443129919e-11 
 1896       3.274207713278e-11 
 1897       3.264786176002e-11 
 1898       3.255181847387e-11 
 1899       3.245398072461e-11 
 1900       3.235438212010e-11 
 1901       3.225305642592e-11 
 1902       3.215003756565e-11 
 1903       3.204535962106e-11 
 1904       3.193905683233e-11 
 1905       3.183116359825e-11 
 1906       3.172171447645e-11 
 1907       3.161074418361e-11 
 1908       3.149828759565e-11 
 1909       3.138437974801e-11 
 1910       3.126905583579e-11 
 1911       3.115235121400e-11 
 1912       3.103430139776e-11 
 1913       3.091494206256e-11 
 1914       3.079430904438e-11 
 1915       3.067243834002e-11 
 1916       3.054936610723e-11 
 1917       3.042512866493e-11 
 1918       3.029976249348e-11 
 1919       3.017330423484e-11 
 1920       3.004579069281e-11 
 1921       2.991725883323e-11 
 1922       2.978774578421e-11 
 1923       2.965728883632e-11 
 1924       2.952592544284e-11 
 1925       2.939369321993e-11 
 1926       2.926062994690e-11 
 1927       2.912677356637e-11 
 1928       2.899216218450e-11 
 1929       2.885683407123e-11 
 1930       2.872082766047e-11 
 1931       2.858418139667e-11 
 1932       2.844693327290e-11 
 1933       2.830912128969e-11 
 1934       2.817078360860e-11 
 1935       2.803195855239e-11 
 1936       2.789268460523e-11 
 1937       2.775300041295e-11 
 1938       2.761294478322e-11 
 1939       2.747255668575e-11 
 1940       2.733187525251e-11 
 1941       2.719093977794e-11 
 1942       2.704978971919e-11 
 1943       2.690846469625e-11 
 1944       2.676700449225e-11 
 1945       2.662544905361e-11 
 1946       2.648383849026e-11 
 1947       2.634221307587e-11 
 1948       2.620061324804e-11 
 1949       2.605907960851e-11 
 1950       2.591765292339e-11 
 1951       2.577637412332e-11 
 1952       2.563528430376e-11 
 1953       2.549442472510e-11 
 1954       2.535383681297e-11 
 1955       2.521356215836e-11 
 1956       2.507364251789e-11 
 1957       2.493411981400e-11 
 1958       2.479503613515e-11 
 1959       2.465643373604e-11 
 1960       2.451835503781e-11 
 1961       2.438084262828e-11 
 1962       2.424393926210e-11 
 1963       2.410768786101e-11 
 1964       2.397213151406e-11 
 1965       2.383731347774e-11 
 1966       2.370327717628e-11 
 1967       2.357006620181e-11 
 1968       2.343772431459e-11 
 1969       2.330629544319e-11 
 1970       2.317581930320e-11 
 1971       2.304631821716e-11 
 1972       2.291781019714e-11 
 1973       2.279031331739e-11 
 1974       2.266384571448e-11 
 1975       2.253842558734e-11 
 1976       2.241407119733e-11 
 1977       2.229080086834e-11 
 1978       2.216863298683e-11 
 1979       2.204758600194e-11 
 1980       2.192767842554e-11 
 1981       2.180892883229e-11 
 1982       2.169135585977e-11 
 1983       2.157497820849e-11 
 1984       2.145981464200e-11 
 1985       2.134588398695e-11 
 1986       2.123320513318e-11 
 1987       2.112179703377e-11 
 1988       2.101167870513e-11 
 1989       2.090286922707e-11 
 1990       2.079538774289e-11 
 1991       2.068925345941e-11 
 1992       2.058448564710e-11 
 1993       2.048110364009e-11 
 1994       2.037912683633e-11 
 1995       2.027857469756e-11 
 1996       2.017946674948e-11 
 1997       2.008182258175e-11 
 1998       1.998566184812e-11 
 1999       1.989100426645e-11 
 2000       1.979786961885e-11 
 2001       1.970627775169e-11 
 2002       1.961624857570e-11 
 2003       1.952780206606e-11 
 2004       1.944095826243e-11 
 2005       1.935573726910e-11 
 2006       1.927215925496e-11 
 2007       1.919024445367e-11 
 2008       1.911001316368e-11 
 2009       1.903148078610e-11 
 2010       1.895464289863e-11 
 2011       1.887949007305e-11 
 2012       1.880601282746e-11 
 2013       1.873420162622e-11 
 2014       1.866404687988e-11 
 2015       1.859553894510e-11 
 2016       1.852866812459e-11 
 2017       1.846342466699e-11 
 2018       1.839979876688e-11 
 2019       1.833778056462e-11 
 2020       1.827736014632e-11 
 2021       1.821852754377e-11 
 2022       1.816127273436e-11 
 2023       1.810558564100e-11 
 2024       1.805145613203e-11 
 2025       1.799887402119e-11 
 2026       1.794782906751e-11 
 2027       1.789831097525e-11 
 2028       1.785030939384e-11 
 2029       1.780381391776e-11 
 2030       1.775881408653e-11 
 2031       1.771529938458e-11 
 2032       1.767325924122e-11 
 2033       1.763268303053e-11 
 2034       1.759356007131e-11 
 2035       1.755587962701e-11 
 2036       1.751963090563e-11 
 2037       1.748480305966e-11 
 2038       1.745138518603e-11 
 2039       1.741936632600e-11 
 2040       1.738873546511e-11 
 2041       1.735948153308e-11 
 2042       1.733159340377e-11 
 2043       1.730505989509e-11 
 2044       1.727986976892e-11 
 2045       1.725601173105e-11 
 2046       1.723347443110e-11 
 2047       1.721224646244e-11 
 2048       1.719231405347e-11 
 2049       1.717365412348e-11 
 2050       1.715624117701e-11 
 2051       1.714004960785e-11 
 2052       1.712505369894e-11 
 2053       1.711122762216e-11 
 2054       1.709854543827e-11 
 2055       1.708698109669e-11 
 2056       1.707650843544e-11 
 2057       1.706710118094e-11 
 2058       1.705873294789e-11 
 2059       1.705137723916e-11 
 2060       1.704500744560e-11 
 2061       1.703959684592e-11 
 2062       1.703511860657e-11 
 2063       1.703154578158e-11 
 2064       1.702885131241e-11 
 2065       1.702700802784e-11 
 2066       1.702598864382e-11 
 2067       1.702576576331e-11 
 2068       1.702631187617e-11 
 2069       1.702759935900e-11 
 2070       1.702960047501e-11 
 2071       1.703228737386e-11 
 2072       1.703563209157e-11 
 2073       1.703960655033e-11 
 2074       1.704418255836e-11 
 2075       1.704933180983e-11 
 2076       1.705502588465e-11 
 2077       1.706123624837e-11 
 2078       1.706793425201e-11 
 2079       1.707509113197e-11 
 2080       1.708267800985e-11 
 2081       1.709066589231e-11 
 2082       1.709902567095e-11 
 2083       1.710772812216e-11 
 2084       1.711674390699e-11 
 2085       1.712604357099e-11 
 2086       1.713559754409e-11 
 2087       1.714537740772e-11 
 2088       1.715535970620e-11 
 2089       1.716552216180e-11 
 2090       1.717584240982e-11 
 2091       1.718629799845e-11 
 2092       1.719686638867e-11 
 2093       1.720752495417e-11 
 2094       1.721825098124e-11 
 2095       1.722902166863e-11 
 2096       1.723981412750e-11 
 2097       1.725060538125e-11 
 2098       1.726137236550e-11 
 2099       1.727209192789e-11 
 2100       1.728274082805e-11 
 2101       1.729329573746e-11 
 2102       1.730373323936e-11 
 2103       1.731402982861e-11 
 2104       1.732416191166e-11 
 2105       1.733410580637e-11 
 2106       1.734383774192e-11 
 2107       1.735333385874e-11 
 2108       1.736257020840e-11 
 2109       1.737152275345e-11 
 2110       1.738016736738e-11 
 2111       1.738847983449e-11 
 2112       1.739643584978e-11 
 2113       1.740401101884e-11 
 2114       1.741118085779e-11 
 2115       1.741792079310e-11 
 2116       1.742420616155e-11 
 2117       1.743001221010e-11 
 2118       1.743531409578e-11 
 2119       1.744008688560e-11 
 2120       1.744430555643e-11 
 2121       1.744794499491e-11 
 2122       1.745097999733e-11 
 2123       1.745338526955e-11 
 2124       1.745513542685e-11 
 2125       1.745620499388e-11 
 2126       1.745657172006e-11 
 2127       1.745622655107e-11 
 2128       1.745516372581e-11 
 2129       1.745337746710e-11 
 2130       1.745086198165e-11 
 2131       1.744761146001e-11 
 2132       1.744362007663e-11 
 2133       1.743888198976e-11 
 2134       1.743339134150e-11 
 2135       1.742714225773e-11 
 2136       1.742012884813e-11 
 2137       1.741234520617e-11 
 2138       1.740378540903e-11 
 2139       1.739444351767e-11 
 2140       1.738431357674e-11 
 2141       1.737338961462e-11 
 2142       1.736166564336e-11 
 2143       1.734913565868e-11 
 2144       1.733579363997e-11 
 2145       1.732163355023e-11 
 2146       1.730664933612e-11 
 2147       1.729083492786e-11 
 2148       1.727418423928e-11 
 2149       1.725669116778e-11 
 2150       1.723834959431e-11 
 2151       1.721915338336e-11 
 2152       1.719909638294e-11 
 2153       1.717817242454e-11 
 2154       1.715637532318e-11 
 2155       1.713369887731e-11 
 2156       1.711013686885e-11 
 2157       1.708568306315e-11 
 2158       1.706033120900e-11 
 2159       1.703407503856e-11 
 2160       1.700690826740e-11 
 2161       1.697882459444e-11 
 2162       1.694981770197e-11 
 2163       1.691988125561e-11 
 2164       1.688900890430e-11 
 2165       1.685719714670e-11 
 2166       1.682445395163e-11 
 2167       1.679079019590e-11 
 2168       1.675621680324e-11 
 2169       1.672074474431e-11 
 2170       1.668438503681e-11 
 2171       1.664714874551e-11 
 2172       1.660904698232e-11 
 2173       1.657009090633e-11 
 2174       1.653029172387e-11 
 2175       1.648966068858e-11 
 2176       1.644820910146e-11 
 2177       1.640594831092e-11 
 2178       1.636288971285e-11 
 2179       1.631904475065e-11 
 2180       1.627442491533e-11 
 2181       1.622904174551e-11 
 2182       1.618290682755e-11 
 2183       1.613603179551e-11 
 2184       1.608842833132e-11 
 2185       1.604010816473e-11 
 2186       1.599108307345e-11 
 2187       1.594136488314e-11 
 2188       1.589096546752e-11 
 2189       1.583989674839e-11 
 2190       1.578817069571e-11 
 2191       1.573579932766e-11 
 2192       1.568279471064e-11 
 2193       1.562916895942e-11 
 2194       1.557493423712e-11 
 2195       1.552010275530e-11 
 2196       1.546468677401e-11 
 2197       1.540869860185e-11 
 2198       1.535215059602e-11 
 2199       1.529505516237e-11 
 2200       1.523742475549e-11 
 2201       1.517927187873e-11 
 2202       1.512060908427e-11 
 2203       1.506144897317e-11 
 2204       1.500180492746e-11 
 2205       1.494169331150e-11 
 2206       1.488113128532e-11 
 2207       1.482013607405e-11 
 2208       1.475872496799e-11 
 2209       1.469691532262e-11 
 2210       1.463472455878e-11 
 2211       1.457217016266e-11 
 2212       1.450926968589e-11 
 2213       1.444604074566e-11 
 2214       1.438250102475e-11 
 2215       1.431866827161e-11 
 2216       1.425456030044e-11 
 2217       1.419019499130e-11 
 2218       1.412559029011e-11 
 2219       1.406076420878e-11 
 2220       1.399573482529e-11 
 2221       1.393052028372e-11 
 2222       1.386513879436e-11 
 2223       1.379960863378e-11 
 2224       1.373394814490e-11 
 2225       1.366817573705e-11 
 2226       1.360230988607e-11 
 2227       1.353636913438e-11 
 2228       1.347037209104e-11 
 2229       1.340433743184e-11 
 2230       1.333828389935e-11 
 2231       1.327223030302e-11 
 2232       1.320619551927e-11 
 2233       1.314019849152e-11 
 2234       1.307425823028e-11 
 2235       1.300839381324e-11 
 2236       1.294262438535e-11 
 2237       1.287696915886e-11 
 2238       1.281144741342e-11 
 2239       1.274607849615e-11 
 2240       1.268088182173e-11 
 2241       1.261587687244e-11 
 2242       1.255108319826e-11 
 2243       1.248651900210e-11 
 2244       1.242219688529e-11 
 2245       1.235812807448e-11 
 2246       1.229432383398e-11 
 2247       1.223079546581e-11 
 2248       1.216755430975e-11 
 2249       1.210461174336e-11 
 2250       1.204197918202e-11 
 2251       1.197966807902e-11 
 2252       1.191768992552e-11 
 2253       1.185605625067e-11 
 2254       1.179477862160e-11 
 2255       1.173386864347e-11 
 2256       1.167333795952e-11 
 2257       1.161319825112e-11 
 2258       1.155346123780e-11 
 2259       1.149413867727e-11 
 2260       1.143524236550e-11 
 2261       1.137678413673e-11 
 2262       1.131877586354e-11 
 2263       1.126122945685e-11 
 2264       1.120415686601e-11 
 2265       1.114757007879e-11 
 2266       1.109148112146e-11 
 2267       1.103590205884e-11 
 2268       1.098084499427e-11 
 2269       1.092632206974e-11 
 2270       1.087234546588e-11 
 2271       1.081892740200e-11 
 2272       1.076608013616e-11 
 2273       1.071381596517e-11 
 2274       1.066214722469e-11 
 2275       1.061108628919e-11 
 2276       1.056064557208e-11 
 2277       1.051083752567e-11 
 2278       1.046167464128e-11 
 2279       1.041316944923e-11 
 2280       1.036533451890e-11 
 2281       1.031818245878e-11 
 2282       1.027172369840e-11 
 2283       1.022595981847e-11 
 2284       1.018089017806e-11 
 2285       1.013651412877e-11 
 2286       1.009283101471e-11 
 2287       1.004984017252e-11 
 2288       1.000754093136e-11 
 2289       9.965932612857e-12 
 2290       9.925014531145e-12 
 2291       9.884785992827e-12 
 2292       9.845246296975e-12 
 2293       9.806394735115e-12 
 2294       9.768230591219e-12 
 2295       9.730753141695e-12 
 2296       9.693961655377e-12 
 2297       9.657855393514e-12 
 2298       9.622433609758e-12 
 2299       9.587695550161e-12 
 2300       9.553640453154e-12 
 2301       9.520267549548e-12 
 2302       9.487576062514e-12 
 2303       9.455565207582e-12 
 2304       9.424234192622e-12 
 2305       9.393582217841e-12 
 2306       9.363608475770e-12 
 2307       9.334312151250e-12 
 2308       9.305692421432e-12 
 2309       9.277748455755e-12 
 2310       9.250479415943e-12 
 2311       9.223884455996e-12 
 2312       9.197962722173e-12 
 2313       9.172713352989e-12 
 2314       9.148135479200e-12 
 2315       9.124228223794e-12 
 2316       9.100990701985e-12 
 2317       9.078422021196e-12 
 2318       9.056521281052e-12 
 2319       9.035287573373e-12 
 2320       9.014719982159e-12 
 2321       8.994816129168e-12 
 2322       8.975567800642e-12 
 2323       8.956965292976e-12 
 2324       8.938998864580e-12 
 2325       8.921658735841e-12 
 2326       8.904935089079e-12 
 2327       8.888818068502e-12 
 2328       8.873297780167e-12 
 2329       8.858364291936e-12 
 2330       8.844007633432e-12 
 2331       8.830217795999e-12 
 2332       8.816984732660e-12 
 2333       8.804298358069e-12 
 2334       8.792148548474e-12 
 2335       8.780525141675e-12 
 2336       8.769417936976e-12 
 2337       8.758816695146e-12 
 2338       8.748711138379e-12 
 2339       8.739090950246e-12 
 2340       8.729945775654e-12 
 2341       8.721265220809e-12 
 2342       8.713038853165e-12 
 2343       8.705256201386e-12 
 2344       8.697906755304e-12 
 2345       8.690979965877e-12 
 2346       8.684465245140e-12 
 2347       8.678351966172e-12 
 2348       8.672629463047e-12 
 2349       8.667287030794e-12 
 2350       8.662313925351e-12 
 2351       8.657699363529e-12 
 2352       8.653432522964e-12 
 2353       8.649502542076e-12 
 2354       8.645898520026e-12 
 2355       8.642609516675e-12 
 2356       8.639624552541e-12 
 2357       8.636932608754e-12 
 2358       8.634522627018e-12 
 2359       8.632383509565e-12 
 2360       8.630504190624e-12 
 2361       8.628873851402e-12 
 2362       8.627481706353e-12 
 2363       8.626316931747e-12 
 2364       8.625368665627e-12 
 2365       8.624626007770e-12 
 2366       8.624078019647e-12 
 2367       8.623713724379e-12 
 2368       8.623522106696e-12 
 2369       8.623492112901e-12 
 2370       8.623612650823e-12 
 2371       8.623872589779e-12 
 2372       8.624260760532e-12 
 2373       8.624765955252e-12 
 2374       8.625376927472e-12 
 2375       8.626082392050e-12 
 2376       8.626871025125e-12 
 2377       8.627731464077e-12 
 2378       8.628652307490e-12 
 2379       8.629622115103e-12 
 2380       8.630629407778e-12 
 2381       8.631662667450e-12 
 2382       8.632710337094e-12 
 2383       8.633760820680e-12 
 2384       8.634802483131e-12 
 2385       8.635823650285e-12 
 2386       8.636812608852e-12 
 2387       8.637757606373e-12 
 2388       8.638646851182e-12 
 2389       8.639468512359e-12 
 2390       8.640210719696e-12 
 2391       8.640861563651e-12 
 2392       8.641409095308e-12 
 2393       8.641841326338e-12 
 2394       8.642146228955e-12 
 2395       8.642311735880e-12 
 2396       8.642325740291e-12 
 2397       8.642176095794e-12 
 2398       8.641850616370e-12 
 2399       8.641338224126e-12 
 2400       8.640632400242e-12 
 2401       8.639727755001e-12 
 2402       8.638618881903e-12 
 2403       8.637300357644e-12 
 2404       8.635766742101e-12 
 2405       8.634012578317e-12 
 2406       8.632032392480e-12 
 2407       8.629820693911e-12 
 2408       8.627371975041e-12 
 2409       8.624680711397e-12 
 2410       8.621741361587e-12 
 2411       8.618548367279e-12 
 2412       8.615096153186e-12 
 2413       8.611379127049e-12 
 2414       8.607391679619e-12 
 2415       8.603128184640e-12 
 2416       8.598582998833e-12 
 2417       8.593750461880e-12 
 2418       8.588624896401e-12 
 2419       8.583200607945e-12 
 2420       8.577471884967e-12 
 2421       8.571432998814e-12 
 2422       8.565078203707e-12 
 2423       8.558401736722e-12 
 2424       8.551397817778e-12 
 2425       8.544060649615e-12 
 2426       8.536384417777e-12 
 2427       8.528363290599e-12 
 2428       8.519991419187e-12 
 2429       8.511262937401e-12 
 2430       8.502171961838e-12 
 2431       8.492712591816e-12 
 2432       8.482878909356e-12 
 2433       8.472664979165e-12 
 2434       8.462064848619e-12 
 2435       8.451072547747e-12 
 2436       8.439682089212e-12 
 2437       8.427887468294e-12 
 2438       8.415684340850e-12 
 2439       8.403075068225e-12 
 2440       8.390063702604e-12 
 2441       8.376654311808e-12 
 2442       8.362850979304e-12 
 2443       8.348657804228e-12 
 2444       8.334078901401e-12 
 2445       8.319118401342e-12 
 2446       8.303780450288e-12 
 2447       8.288069210212e-12 
 2448       8.271988858836e-12 
 2449       8.255543589651e-12 
 2450       8.238737611930e-12 
 2451       8.221575150751e-12 
 2452       8.204060447007e-12 
 2453       8.186197757427e-12 
 2454       8.167991354591e-12 
 2455       8.149445526950e-12 
 2456       8.130564578837e-12 
 2457       8.111352830489e-12 
 2458       8.091814618061e-12 
 2459       8.071954293643e-12 
 2460       8.051776225280e-12 
 2461       8.031284796983e-12 
 2462       8.010484408751e-12 
 2463       7.989379476585e-12 
 2464       7.967974432505e-12 
 2465       7.946273724570e-12 
 2466       7.924281816889e-12 
 2467       7.902003189643e-12 
 2468       7.879442339098e-12 
 2469       7.856603777625e-12 
 2470       7.833492033715e-12 
 2471       7.810111651996e-12 
 2472       7.786467193250e-12 
 2473       7.762563234428e-12 
 2474       7.738404368672e-12 
 2475       7.713995205325e-12 
 2476       7.689340369953e-12 
 2477       7.664443111863e-12 
 2478       7.639301117634e-12 
 2479       7.613910672875e-12 
 2480       7.588268052460e-12 
 2481       7.562369520517e-12 
 2482       7.536211330420e-12 
 2483       7.509789724778e-12 
 2484       7.483100935424e-12 
 2485       7.456141183406e-12 
 2486       7.428906678972e-12 
 2487       7.401393621566e-12 
 2488       7.373598199814e-12 
 2489       7.345516591512e-12 
 2490       7.317144963620e-12 
 2491       7.288479472248e-12 
 2492       7.259516262648e-12 
 2493       7.230251469199e-12 
 2494       7.200681215404e-12 
 2495       7.170801613873e-12 
 2496       7.140608766316e-12 
 2497       7.110098763531e-12 
 2498       7.079267685393e-12 
 2499       7.048111600848e-12 
 2500       7.016626567896e-12 
