# dimensionless total [l(l+1)/2pi] C_l's
# for l=2 to 2500, i.e. number of multipoles equal to 2499
#
# -> if you prefer output in CAMB/HealPix/LensPix units/order, set 'format' to 'camb' in input file
# -> if you don't want to see such a header, set 'headers' to 'no' in input file
#
# 1:l     2:TT                 
    2       3.064551018284e-10 
    3       2.828689341580e-10 
    4       2.639900364762e-10 
    5       2.498505264104e-10 
    6       2.392514133365e-10 
    7       2.311939780312e-10 
    8       2.250166703742e-10 
    9       2.200331767988e-10 
   10       2.159569604206e-10 
   11       2.126073274937e-10 
   12       2.098113363435e-10 
   13       2.073874136199e-10 
   14       2.052794897483e-10 
   15       2.034252894308e-10 
   16       2.018765350592e-10 
   17       2.006266436511e-10 
   18       1.994871496462e-10 
   19       1.985070865278e-10 
   20       1.977063786101e-10 
   21       1.970974437280e-10 
   22       1.966188195796e-10 
   23       1.962644334234e-10 
   24       1.960045528095e-10 
   25       1.958705935875e-10 
   26       1.958746172577e-10 
   27       1.959969837586e-10 
   28       1.961901063776e-10 
   29       1.964726595891e-10 
   30       1.968602578127e-10 
   31       1.973452354380e-10 
   32       1.979316366066e-10 
   33       1.986076445805e-10 
   34       1.993469615168e-10 
   35       2.001558164578e-10 
   36       2.010388988423e-10 
   37       2.019914286109e-10 
   38       2.030203105907e-10 
   39       2.041276501178e-10 
   40       2.053035762525e-10 
   41       2.065331095650e-10 
   42       2.078222979636e-10 
   43       2.091785979455e-10 
   44       2.106029402572e-10 
   45       2.120924183867e-10 
   46       2.136507976763e-10 
   47       2.152800759501e-10 
   48       2.169770098189e-10 
   49       2.187326755651e-10 
   50       2.205365900956e-10 
   51       2.223914112526e-10 
   52       2.243014686992e-10 
   53       2.262683334041e-10 
   54       2.282905931184e-10 
   55       2.303656826378e-10 
   56       2.324964213922e-10 
   57       2.346857066631e-10 
   58       2.369344597677e-10 
   59       2.392414815924e-10 
   60       2.416033081254e-10 
   61       2.440159920679e-10 
   62       2.464812418009e-10 
   63       2.490014102875e-10 
   64       2.515776088862e-10 
   65       2.542096239969e-10 
   66       2.568958337073e-10 
   67       2.596331244392e-10 
   68       2.624182831770e-10 
   69       2.652526880572e-10 
   70       2.681384228426e-10 
   71       2.710768406366e-10 
   72       2.740685182682e-10 
   73       2.771132106768e-10 
   74       2.802098052975e-10 
   75       2.833562764452e-10 
   76       2.865505196064e-10 
   77       2.897931307840e-10 
   78       2.930850534607e-10 
   79       2.964267165295e-10 
   80       2.998180067220e-10 
   81       3.032582410362e-10 
   82       3.067461391649e-10 
   83       3.102797959236e-10 
   84       3.138573141837e-10 
   85       3.174788846262e-10 
   86       3.211450018182e-10 
   87       3.248558181349e-10 
   88       3.286111272881e-10 
   89       3.324103478558e-10 
   90       3.362525068107e-10 
   91       3.401362230495e-10 
   92       3.440596909217e-10 
   93       3.480211483117e-10 
   94       3.520203971900e-10 
   95       3.560574823638e-10 
   96       3.601322176130e-10 
   97       3.642441758706e-10 
   98       3.683926794029e-10 
   99       3.725767899904e-10 
  100       3.767952991076e-10 
  101       3.810467181037e-10 
  102       3.853292683831e-10 
  103       3.896408715854e-10 
  104       3.939795242825e-10 
  105       3.983445008644e-10 
  106       4.027352955955e-10 
  107       4.071512470818e-10 
  108       4.115915326770e-10 
  109       4.160551628882e-10 
  110       4.205409757819e-10 
  111       4.250476313894e-10 
  112       4.295736061133e-10 
  113       4.341171871327e-10 
  114       4.386764668097e-10 
  115       4.432493370946e-10 
  116       4.478337569405e-10 
  117       4.524286033912e-10 
  118       4.570329139457e-10 
  119       4.616456196637e-10 
  120       4.662655419846e-10 
  121       4.708913895478e-10 
  122       4.755217550121e-10 
  123       4.801551118753e-10 
  124       4.847898112944e-10 
  125       4.894240789046e-10 
  126       4.940560116399e-10 
  127       4.986835745518e-10 
  128       5.033045976300e-10 
  129       5.079169800658e-10 
  130       5.125193351345e-10 
  131       5.171104103771e-10 
  132       5.216888848177e-10 
  133       5.262533672681e-10 
  134       5.308023946315e-10 
  135       5.353344302068e-10 
  136       5.398478619928e-10 
  137       5.443410009920e-10 
  138       5.488120795150e-10 
  139       5.532592494848e-10 
  140       5.576805807401e-10 
  141       5.620740593404e-10 
  142       5.664375858695e-10 
  143       5.707689737396e-10 
  144       5.750661238040e-10 
  145       5.793275711754e-10 
  146       5.835519893435e-10 
  147       5.877380180308e-10 
  148       5.918842625105e-10 
  149       5.959892929232e-10 
  150       6.000516435949e-10 
  151       6.040698123538e-10 
  152       6.080422598481e-10 
  153       6.119674088633e-10 
  154       6.158436436394e-10 
  155       6.196693091884e-10 
  156       6.234427106117e-10 
  157       6.271621124175e-10 
  158       6.308257378378e-10 
  159       6.344317681466e-10 
  160       6.379783419763e-10 
  161       6.414636862327e-10 
  162       6.448865232811e-10 
  163       6.482456986314e-10 
  164       6.515400525035e-10 
  165       6.547684197501e-10 
  166       6.579296297792e-10 
  167       6.610225064775e-10 
  168       6.640458681327e-10 
  169       6.669985273568e-10 
  170       6.698792910086e-10 
  171       6.726869601165e-10 
  172       6.754203298017e-10 
  173       6.780781892008e-10 
  174       6.806593213885e-10 
  175       6.831625033007e-10 
  176       6.855865056573e-10 
  177       6.879300928849e-10 
  178       6.901920230396e-10 
  179       6.923710477302e-10 
  180       6.944660041204e-10 
  181       6.964760992773e-10 
  182       6.984006483299e-10 
  183       7.002389846803e-10 
  184       7.019904602660e-10 
  185       7.036544458218e-10 
  186       7.052303311417e-10 
  187       7.067175253408e-10 
  188       7.081154571175e-10 
  189       7.094235750156e-10 
  190       7.106413476858e-10 
  191       7.117682641482e-10 
  192       7.128038340540e-10 
  193       7.137475879475e-10 
  194       7.145990775282e-10 
  195       7.153578759129e-10 
  196       7.160235778973e-10 
  197       7.165958002183e-10 
  198       7.170741818161e-10 
  199       7.174583840958e-10 
  200       7.177480911896e-10 
  201       7.179430512824e-10 
  202       7.180432033335e-10 
  203       7.180485599222e-10 
  204       7.179591673793e-10 
  205       7.177751061698e-10 
  206       7.174964912770e-10 
  207       7.171234725852e-10 
  208       7.166562352633e-10 
  209       7.160950001483e-10 
  210       7.154400241286e-10 
  211       7.146916005269e-10 
  212       7.138500594843e-10 
  213       7.129157683432e-10 
  214       7.118891320306e-10 
  215       7.107705934417e-10 
  216       7.095606338231e-10 
  217       7.082597731562e-10 
  218       7.068685705406e-10 
  219       7.053876245774e-10 
  220       7.038175737525e-10 
  221       7.021590968201e-10 
  222       7.004129131859e-10 
  223       6.985797832904e-10 
  224       6.966604890434e-10 
  225       6.946557729336e-10 
  226       6.925663957457e-10 
  227       6.903931564910e-10 
  228       6.881368927440e-10 
  229       6.857984809777e-10 
  230       6.833788368996e-10 
  231       6.808789157879e-10 
  232       6.782997128266e-10 
  233       6.756422634422e-10 
  234       6.729076436390e-10 
  235       6.700969703351e-10 
  236       6.672114016985e-10 
  237       6.642521374823e-10 
  238       6.612204193616e-10 
  239       6.581175312681e-10 
  240       6.549447997271e-10 
  241       6.517035941926e-10 
  242       6.483953273836e-10 
  243       6.450214556194e-10 
  244       6.415834791564e-10 
  245       6.380829425228e-10 
  246       6.345214348554e-10 
  247       6.309005902350e-10 
  248       6.272220880223e-10 
  249       6.234876531939e-10 
  250       6.196989696712e-10 
  251       6.158574140677e-10 
  252       6.119643072254e-10 
  253       6.080210000073e-10 
  254       6.040288734668e-10 
  255       5.999893390175e-10 
  256       5.959038386019e-10 
  257       5.917738448619e-10 
  258       5.876008613073e-10 
  259       5.833864224858e-10 
  260       5.791320941526e-10 
  261       5.748394734393e-10 
  262       5.705101890238e-10 
  263       5.661459012998e-10 
  264       5.617483025461e-10 
  265       5.573191170958e-10 
  266       5.528601015066e-10 
  267       5.483730447292e-10 
  268       5.438597682777e-10 
  269       5.393221263985e-10 
  270       5.347620062399e-10 
  271       5.301813280218e-10 
  272       5.255820452048e-10 
  273       5.209661446599e-10 
  274       5.163356468379e-10 
  275       5.116926059390e-10 
  276       5.070391100819e-10 
  277       5.023772814738e-10 
  278       4.977092765794e-10 
  279       4.930371456116e-10 
  280       4.883624025962e-10 
  281       4.836864333627e-10 
  282       4.790106341711e-10 
  283       4.743364116647e-10 
  284       4.696651828237e-10 
  285       4.649983749187e-10 
  286       4.603374254640e-10 
  287       4.556837821709e-10 
  288       4.510389029010e-10 
  289       4.464042556198e-10 
  290       4.417813183500e-10 
  291       4.371715791246e-10 
  292       4.325765359407e-10 
  293       4.279976967126e-10 
  294       4.234365792253e-10 
  295       4.188947110875e-10 
  296       4.143736296857e-10 
  297       4.098748821370e-10 
  298       4.054000252424e-10 
  299       4.009506254408e-10 
  300       3.965282587615e-10 
  301       3.921345107784e-10 
  302       3.877709765629e-10 
  303       3.834392606373e-10 
  304       3.791409769283e-10 
  305       3.748777487203e-10 
  306       3.706512086089e-10 
  307       3.664629984539e-10 
  308       3.623147693333e-10 
  309       3.582081814960e-10 
  310       3.541449043156e-10 
  311       3.501266162436e-10 
  312       3.461548637489e-10 
  313       3.422306309974e-10 
  314       3.383547501145e-10 
  315       3.345280401800e-10 
  316       3.307513070081e-10 
  317       3.270253429277e-10 
  318       3.233509265623e-10 
  319       3.197288226100e-10 
  320       3.161597816240e-10 
  321       3.126445397922e-10 
  322       3.091838187176e-10 
  323       3.057783251985e-10 
  324       3.024287510082e-10 
  325       2.991357726753e-10 
  326       2.959000512639e-10 
  327       2.927222321535e-10 
  328       2.896029448193e-10 
  329       2.865428026122e-10 
  330       2.835424025386e-10 
  331       2.806023250410e-10 
  332       2.777231337778e-10 
  333       2.749053754036e-10 
  334       2.721495793487e-10 
  335       2.694562576002e-10 
  336       2.668259044811e-10 
  337       2.642589964310e-10 
  338       2.617559917859e-10 
  339       2.593173305586e-10 
  340       2.569434342185e-10 
  341       2.546347054716e-10 
  342       2.523915280411e-10 
  343       2.502142664470e-10 
  344       2.481032657864e-10 
  345       2.460588515135e-10 
  346       2.440813292198e-10 
  347       2.421709844143e-10 
  348       2.403280823032e-10 
  349       2.385528235935e-10 
  350       2.368452103266e-10 
  351       2.352051740408e-10 
  352       2.336326189836e-10 
  353       2.321274218481e-10 
  354       2.306894315103e-10 
  355       2.293184687657e-10 
  356       2.280143260663e-10 
  357       2.267767672576e-10 
  358       2.256055273152e-10 
  359       2.245003120821e-10 
  360       2.234607980052e-10 
  361       2.224866318723e-10 
  362       2.215774305493e-10 
  363       2.207327807165e-10 
  364       2.199522386061e-10 
  365       2.192353297387e-10 
  366       2.185815486602e-10 
  367       2.179903586791e-10 
  368       2.174611916027e-10 
  369       2.169934474745e-10 
  370       2.165864943112e-10 
  371       2.162396678391e-10 
  372       2.159522712313e-10 
  373       2.157235748445e-10 
  374       2.155528159560e-10 
  375       2.154391985005e-10 
  376       2.153818928069e-10 
  377       2.153800353355e-10 
  378       2.154327284145e-10 
  379       2.155390399770e-10 
  380       2.156980032983e-10 
  381       2.159086167321e-10 
  382       2.161698434479e-10 
  383       2.164806111678e-10 
  384       2.168398119031e-10 
  385       2.172463016918e-10 
  386       2.176989003346e-10 
  387       2.181963911327e-10 
  388       2.187376245418e-10 
  389       2.193218339473e-10 
  390       2.199483311850e-10 
  391       2.206164035094e-10 
  392       2.213253134139e-10 
  393       2.220742984500e-10 
  394       2.228625710468e-10 
  395       2.236893183306e-10 
  396       2.245537019444e-10 
  397       2.254548578673e-10 
  398       2.263918962341e-10 
  399       2.273639011549e-10 
  400       2.283699305343e-10 
  401       2.294090158914e-10 
  402       2.304801621789e-10 
  403       2.315823476028e-10 
  404       2.327145234416e-10 
  405       2.338756138665e-10 
  406       2.350645157602e-10 
  407       2.362800985366e-10 
  408       2.375212039608e-10 
  409       2.387866459678e-10 
  410       2.400752104825e-10 
  411       2.413856552394e-10 
  412       2.427167096016e-10 
  413       2.440670743806e-10 
  414       2.454354216557e-10 
  415       2.468203945938e-10 
  416       2.482206072684e-10 
  417       2.496346444797e-10 
  418       2.510610615735e-10 
  419       2.524983842612e-10 
  420       2.539451084392e-10 
  421       2.553997000082e-10 
  422       2.568605946928e-10 
  423       2.583261978612e-10 
  424       2.597948843446e-10 
  425       2.612649982565e-10 
  426       2.627348528126e-10 
  427       2.642029209314e-10 
  428       2.656684145459e-10 
  429       2.671307246466e-10 
  430       2.685892322255e-10 
  431       2.700433082208e-10 
  432       2.714923134619e-10 
  433       2.729355986141e-10 
  434       2.743725041234e-10 
  435       2.758023601611e-10 
  436       2.772244865690e-10 
  437       2.786381928037e-10 
  438       2.800427778817e-10 
  439       2.814375303241e-10 
  440       2.828217281012e-10 
  441       2.841946385776e-10 
  442       2.855555184568e-10 
  443       2.869036137260e-10 
  444       2.882381596008e-10 
  445       2.895583804700e-10 
  446       2.908634898408e-10 
  447       2.921526902828e-10 
  448       2.934251733733e-10 
  449       2.946801196423e-10 
  450       2.959166985166e-10 
  451       2.971340682650e-10 
  452       2.983313759431e-10 
  453       2.995077573381e-10 
  454       3.006623369132e-10 
  455       3.017942277530e-10 
  456       3.029025315077e-10 
  457       3.039863383382e-10 
  458       3.050447268608e-10 
  459       3.060767640920e-10 
  460       3.070815053933e-10 
  461       3.080579944159e-10 
  462       3.090052630455e-10 
  463       3.099223313472e-10 
  464       3.108082075100e-10 
  465       3.116618877920e-10 
  466       3.124825217553e-10 
  467       3.132699137580e-10 
  468       3.140240369997e-10 
  469       3.147448696812e-10 
  470       3.154323950405e-10 
  471       3.160866013887e-10 
  472       3.167074821457e-10 
  473       3.172950358767e-10 
  474       3.178492663275e-10 
  475       3.183701824605e-10 
  476       3.188577984911e-10 
  477       3.193121339233e-10 
  478       3.197332135854e-10 
  479       3.201210676664e-10 
  480       3.204757317516e-10 
  481       3.207972468586e-10 
  482       3.210856594732e-10 
  483       3.213410215855e-10 
  484       3.215633907255e-10 
  485       3.217528299994e-10 
  486       3.219094081252e-10 
  487       3.220331994688e-10 
  488       3.221242840799e-10 
  489       3.221827477279e-10 
  490       3.222086819378e-10 
  491       3.222021840261e-10 
  492       3.221633571369e-10 
  493       3.220923102777e-10 
  494       3.219891583552e-10 
  495       3.218540222115e-10 
  496       3.216870286598e-10 
  497       3.214883105202e-10 
  498       3.212580066563e-10 
  499       3.209962620101e-10 
  500       3.207032276389e-10 
  501       3.203790607506e-10 
  502       3.200239247398e-10 
  503       3.196379892237e-10 
  504       3.192214300784e-10 
  505       3.187744807291e-10 
  506       3.182975875765e-10 
  507       3.177912591189e-10 
  508       3.172560151628e-10 
  509       3.166923868821e-10 
  510       3.161009168785e-10 
  511       3.154821592416e-10 
  512       3.148366796086e-10 
  513       3.141650552242e-10 
  514       3.134678750011e-10 
  515       3.127457395796e-10 
  516       3.119992613875e-10 
  517       3.112290647007e-10 
  518       3.104357857024e-10 
  519       3.096200725435e-10 
  520       3.087825854028e-10 
  521       3.079239965466e-10 
  522       3.070449903888e-10 
  523       3.061462635511e-10 
  524       3.052285249227e-10 
  525       3.042924957205e-10 
  526       3.033389095491e-10 
  527       3.023685124605e-10 
  528       3.013820630147e-10 
  529       3.003803323388e-10 
  530       2.993641041880e-10 
  531       2.983341750048e-10 
  532       2.972913539793e-10 
  533       2.962364631094e-10 
  534       2.951703372603e-10 
  535       2.940938242250e-10 
  536       2.930077847840e-10 
  537       2.919130927654e-10 
  538       2.908106351046e-10 
  539       2.897013119050e-10 
  540       2.885860364972e-10 
  541       2.874657354994e-10 
  542       2.863413488775e-10 
  543       2.852138300047e-10 
  544       2.840840759029e-10 
  545       2.829527157926e-10 
  546       2.818203170027e-10 
  547       2.806874543099e-10 
  548       2.795547099699e-10 
  549       2.784226737494e-10 
  550       2.772919429576e-10 
  551       2.761631224784e-10 
  552       2.750368248014e-10 
  553       2.739136700544e-10 
  554       2.727942860347e-10 
  555       2.716793082408e-10 
  556       2.705693799045e-10 
  557       2.694651520223e-10 
  558       2.683672833870e-10 
  559       2.672764406201e-10 
  560       2.661932982028e-10 
  561       2.651185385081e-10 
  562       2.640528518324e-10 
  563       2.629969364276e-10 
  564       2.619514985322e-10 
  565       2.609172524036e-10 
  566       2.598949203494e-10 
  567       2.588852327597e-10 
  568       2.578889281380e-10 
  569       2.569067531339e-10 
  570       2.559394625740e-10 
  571       2.549878194942e-10 
  572       2.540525951711e-10 
  573       2.531345691540e-10 
  574       2.522345292962e-10 
  575       2.513532717874e-10 
  576       2.504916011848e-10 
  577       2.496503304451e-10 
  578       2.488302809565e-10 
  579       2.480322825699e-10 
  580       2.472571736309e-10 
  581       2.465058010117e-10 
  582       2.457790201426e-10 
  583       2.450775754116e-10 
  584       2.444017380163e-10 
  585       2.437516591278e-10 
  586       2.431274886935e-10 
  587       2.425293754270e-10 
  588       2.419574667973e-10 
  589       2.414119090185e-10 
  590       2.408928470396e-10 
  591       2.404004245338e-10 
  592       2.399347838881e-10 
  593       2.394960661929e-10 
  594       2.390844112318e-10 
  595       2.386999574707e-10 
  596       2.383428420479e-10 
  597       2.380132007631e-10 
  598       2.377111680676e-10 
  599       2.374368770533e-10 
  600       2.371904594426e-10 
  601       2.369720455779e-10 
  602       2.367817644112e-10 
  603       2.366197434935e-10 
  604       2.364861089647e-10 
  605       2.363809855427e-10 
  606       2.363044965134e-10 
  607       2.362567637202e-10 
  608       2.362379075533e-10 
  609       2.362480469395e-10 
  610       2.362872993318e-10 
  611       2.363557806988e-10 
  612       2.364536055144e-10 
  613       2.365808867472e-10 
  614       2.367377358505e-10 
  615       2.369242627513e-10 
  616       2.371405758402e-10 
  617       2.373867819611e-10 
  618       2.376629864003e-10 
  619       2.379692928764e-10 
  620       2.383058035301e-10 
  621       2.386726189132e-10 
  622       2.390697607167e-10 
  623       2.394969379871e-10 
  624       2.399537754128e-10 
  625       2.404398900563e-10 
  626       2.409548913193e-10 
  627       2.414983809088e-10 
  628       2.420699528026e-10 
  629       2.426691932148e-10 
  630       2.432956805616e-10 
  631       2.439489854270e-10 
  632       2.446286705283e-10 
  633       2.453342906818e-10 
  634       2.460653927684e-10 
  635       2.468215156994e-10 
  636       2.476021903820e-10 
  637       2.484069396848e-10 
  638       2.492352784040e-10 
  639       2.500867132283e-10 
  640       2.509607427050e-10 
  641       2.518568572058e-10 
  642       2.527745388919e-10 
  643       2.537132616801e-10 
  644       2.546724912082e-10 
  645       2.556516848008e-10 
  646       2.566502914350e-10 
  647       2.576677517056e-10 
  648       2.587034977913e-10 
  649       2.597569534201e-10 
  650       2.608275338349e-10 
  651       2.619146457593e-10 
  652       2.630176873630e-10 
  653       2.641360482277e-10 
  654       2.652691093126e-10 
  655       2.664162429200e-10 
  656       2.675768126612e-10 
  657       2.687501734218e-10 
  658       2.699356713276e-10 
  659       2.711326437102e-10 
  660       2.723404190724e-10 
  661       2.735583341338e-10 
  662       2.747857854482e-10 
  663       2.760221788562e-10 
  664       2.772669124794e-10 
  665       2.785193766902e-10 
  666       2.797789540830e-10 
  667       2.810450194434e-10 
  668       2.823169397194e-10 
  669       2.835940739916e-10 
  670       2.848757734431e-10 
  671       2.861613813301e-10 
  672       2.874502329525e-10 
  673       2.887416556238e-10 
  674       2.900349686414e-10 
  675       2.913294832575e-10 
  676       2.926245026488e-10 
  677       2.939193218870e-10 
  678       2.952132279094e-10 
  679       2.965054994890e-10 
  680       2.977954072046e-10 
  681       2.990822134118e-10 
  682       3.003651722126e-10 
  683       3.016435294262e-10 
  684       3.029165225589e-10 
  685       3.041833807752e-10 
  686       3.054433248671e-10 
  687       3.066955672253e-10 
  688       3.079393118091e-10 
  689       3.091737541166e-10 
  690       3.103980811556e-10 
  691       3.116114714133e-10 
  692       3.128130948269e-10 
  693       3.140021127542e-10 
  694       3.151776779433e-10 
  695       3.163389345035e-10 
  696       3.174850178753e-10 
  697       3.186150548009e-10 
  698       3.197281632944e-10 
  699       3.208234526122e-10 
  700       3.219001141806e-10 
  701       3.229576965158e-10 
  702       3.239958359717e-10 
  703       3.250141662943e-10 
  704       3.260123186136e-10 
  705       3.269899214367e-10 
  706       3.279466006403e-10 
  707       3.288819794631e-10 
  708       3.297956784984e-10 
  709       3.306873156868e-10 
  710       3.315565063089e-10 
  711       3.324028629772e-10 
  712       3.332259956296e-10 
  713       3.340255115213e-10 
  714       3.348010152177e-10 
  715       3.355521085867e-10 
  716       3.362783907916e-10 
  717       3.369794582834e-10 
  718       3.376549047935e-10 
  719       3.383043213263e-10 
  720       3.389272961516e-10 
  721       3.395234147975e-10 
  722       3.400922600426e-10 
  723       3.406334119087e-10 
  724       3.411464476535e-10 
  725       3.416309417631e-10 
  726       3.420864659445e-10 
  727       3.425125891182e-10 
  728       3.429088774108e-10 
  729       3.432748941477e-10 
  730       3.436101998452e-10 
  731       3.439143522039e-10 
  732       3.441869061003e-10 
  733       3.444274135801e-10 
  734       3.446354238506e-10 
  735       3.448104832729e-10 
  736       3.449521353551e-10 
  737       3.450599207443e-10 
  738       3.451333772195e-10 
  739       3.451721363313e-10 
  740       3.451762154282e-10 
  741       3.451457313794e-10 
  742       3.450808044633e-10 
  743       3.449815583815e-10 
  744       3.448481202724e-10 
  745       3.446806207248e-10 
  746       3.444791937920e-10 
  747       3.442439770058e-10 
  748       3.439751113893e-10 
  749       3.436727414720e-10 
  750       3.433370153025e-10 
  751       3.429680844628e-10 
  752       3.425661040819e-10 
  753       3.421312328497e-10 
  754       3.416636330309e-10 
  755       3.411634704783e-10 
  756       3.406309146471e-10 
  757       3.400661386084e-10 
  758       3.394693190630e-10 
  759       3.388406363553e-10 
  760       3.381802744869e-10 
  761       3.374884211306e-10 
  762       3.367652676440e-10 
  763       3.360110090834e-10 
  764       3.352258442174e-10 
  765       3.344099755410e-10 
  766       3.335636092889e-10 
  767       3.326869554498e-10 
  768       3.317802277799e-10 
  769       3.308436438165e-10 
  770       3.298774248923e-10 
  771       3.288817961487e-10 
  772       3.278569865499e-10 
  773       3.268032288963e-10 
  774       3.257207598387e-10 
  775       3.246098198918e-10 
  776       3.234706534481e-10 
  777       3.223035087918e-10 
  778       3.211086751590e-10 
  779       3.198865946539e-10 
  780       3.186377524589e-10 
  781       3.173626399989e-10 
  782       3.160617549626e-10 
  783       3.147356013236e-10 
  784       3.133846893614e-10 
  785       3.120095356823e-10 
  786       3.106106632412e-10 
  787       3.091886013620e-10 
  788       3.077438857592e-10 
  789       3.062770585585e-10 
  790       3.047886683186e-10 
  791       3.032792700517e-10 
  792       3.017494252451e-10 
  793       3.001997018817e-10 
  794       2.986306744618e-10 
  795       2.970429240239e-10 
  796       2.954370381657e-10 
  797       2.938136110653e-10 
  798       2.921732435026e-10 
  799       2.905165428798e-10 
  800       2.888441232431e-10 
  801       2.871566053037e-10 
  802       2.854546164585e-10 
  803       2.837387908118e-10 
  804       2.820097691959e-10 
  805       2.802681991928e-10 
  806       2.785147351545e-10 
  807       2.767500382251e-10 
  808       2.749747763608e-10 
  809       2.731896243522e-10 
  810       2.713952638445e-10 
  811       2.695923833589e-10 
  812       2.677816783140e-10 
  813       2.659638510463e-10 
  814       2.641396108321e-10 
  815       2.623096739080e-10 
  816       2.604747634921e-10 
  817       2.586355696285e-10 
  818       2.567926278907e-10 
  819       2.549464385533e-10 
  820       2.530975065864e-10 
  821       2.512463416695e-10 
  822       2.493934582053e-10 
  823       2.475393753340e-10 
  824       2.456846169468e-10 
  825       2.438297116997e-10 
  826       2.419751930279e-10 
  827       2.401215991594e-10 
  828       2.382694731287e-10 
  829       2.364193627912e-10 
  830       2.345718208366e-10 
  831       2.327274048032e-10 
  832       2.308866770914e-10 
  833       2.290502049781e-10 
  834       2.272185606302e-10 
  835       2.253923211185e-10 
  836       2.235720684319e-10 
  837       2.217583894910e-10 
  838       2.199518761623e-10 
  839       2.181531252717e-10 
  840       2.163627386189e-10 
  841       2.145813229907e-10 
  842       2.128094901755e-10 
  843       2.110478569768e-10 
  844       2.092970452272e-10 
  845       2.075576818026e-10 
  846       2.058303986354e-10 
  847       2.041158327291e-10 
  848       2.024146261719e-10 
  849       2.007274261507e-10 
  850       1.990548849648e-10 
  851       1.973976600399e-10 
  852       1.957564139422e-10 
  853       1.941318143920e-10 
  854       1.925245342778e-10 
  855       1.909352516702e-10 
  856       1.893645670673e-10 
  857       1.878127535575e-10 
  858       1.862800024239e-10 
  859       1.847665055273e-10 
  860       1.832724553061e-10 
  861       1.817980447772e-10 
  862       1.803434675359e-10 
  863       1.789089177563e-10 
  864       1.774945901920e-10 
  865       1.761006801761e-10 
  866       1.747273836218e-10 
  867       1.733748970226e-10 
  868       1.720434174527e-10 
  869       1.707331425675e-10 
  870       1.694442706038e-10 
  871       1.681770003801e-10 
  872       1.669315312973e-10 
  873       1.657080633386e-10 
  874       1.645067970702e-10 
  875       1.633279336417e-10 
  876       1.621716747860e-10 
  877       1.610382228203e-10 
  878       1.599277806459e-10 
  879       1.588405517490e-10 
  880       1.577767402007e-10 
  881       1.567365506576e-10 
  882       1.557201883622e-10 
  883       1.547278591428e-10 
  884       1.537597694147e-10 
  885       1.528161261796e-10 
  886       1.518971370268e-10 
  887       1.510030101329e-10 
  888       1.501339542628e-10 
  889       1.492901787693e-10 
  890       1.484718935942e-10 
  891       1.476793092682e-10 
  892       1.469126369115e-10 
  893       1.461720882339e-10 
  894       1.454578755355e-10 
  895       1.447701449554e-10 
  896       1.441087750252e-10 
  897       1.434735748299e-10 
  898       1.428643504525e-10 
  899       1.422809049638e-10 
  900       1.417230384129e-10 
  901       1.411905478179e-10 
  902       1.406832271557e-10 
  903       1.402008673530e-10 
  904       1.397432562762e-10 
  905       1.393101787219e-10 
  906       1.389014164073e-10 
  907       1.385167479608e-10 
  908       1.381559489119e-10 
  909       1.378187916820e-10 
  910       1.375050455744e-10 
  911       1.372144767651e-10 
  912       1.369468482927e-10 
  913       1.367019200494e-10 
  914       1.364794487705e-10 
  915       1.362791880256e-10 
  916       1.361008882085e-10 
  917       1.359442965278e-10 
  918       1.358091569971e-10 
  919       1.356952104255e-10 
  920       1.356021944080e-10 
  921       1.355298433155e-10 
  922       1.354778882857e-10 
  923       1.354460572134e-10 
  924       1.354340747404e-10 
  925       1.354416622463e-10 
  926       1.354685378389e-10 
  927       1.355144163442e-10 
  928       1.355790092973e-10 
  929       1.356620249321e-10 
  930       1.357631681723e-10 
  931       1.358821406215e-10 
  932       1.360186405537e-10 
  933       1.361723629033e-10 
  934       1.363429879935e-10 
  935       1.365301475454e-10 
  936       1.367334581186e-10 
  937       1.369525323134e-10 
  938       1.371869787604e-10 
  939       1.374364021091e-10 
  940       1.377004030163e-10 
  941       1.379785781357e-10 
  942       1.382705201061e-10 
  943       1.385758175404e-10 
  944       1.388940550147e-10 
  945       1.392248130567e-10 
  946       1.395676681347e-10 
  947       1.399221926466e-10 
  948       1.402879549083e-10 
  949       1.406645191432e-10 
  950       1.410514454702e-10 
  951       1.414482898931e-10 
  952       1.418546042895e-10 
  953       1.422699363989e-10 
  954       1.426938298126e-10 
  955       1.431258239614e-10 
  956       1.435654541053e-10 
  957       1.440122513219e-10 
  958       1.444657424953e-10 
  959       1.449254503050e-10 
  960       1.453908932145e-10 
  961       1.458615854607e-10 
  962       1.463370370418e-10 
  963       1.468167537069e-10 
  964       1.473002369446e-10 
  965       1.477869839718e-10 
  966       1.482764877224e-10 
  967       1.487682368364e-10 
  968       1.492617156483e-10 
  969       1.497564041765e-10 
  970       1.502517781116e-10 
  971       1.507473088056e-10 
  972       1.512424632605e-10 
  973       1.517367466237e-10 
  974       1.522298303959e-10 
  975       1.527214261251e-10 
  976       1.532112430695e-10 
  977       1.536989881912e-10 
  978       1.541843661505e-10 
  979       1.546670793004e-10 
  980       1.551468276804e-10 
  981       1.556233090107e-10 
  982       1.560962186869e-10 
  983       1.565652497736e-10 
  984       1.570300929993e-10 
  985       1.574904367497e-10 
  986       1.579459670627e-10 
  987       1.583963676224e-10 
  988       1.588413197530e-10 
  989       1.592805024134e-10 
  990       1.597135921911e-10 
  991       1.601402632967e-10 
  992       1.605601875578e-10 
  993       1.609730344134e-10 
  994       1.613784709083e-10 
  995       1.617761616867e-10 
  996       1.621657689871e-10 
  997       1.625469526359e-10 
  998       1.629193700422e-10 
  999       1.632826761915e-10 
 1000       1.636365236403e-10 
 1001       1.639805625098e-10 
 1002       1.643144404808e-10 
 1003       1.646378027873e-10 
 1004       1.649502922110e-10 
 1005       1.652515490755e-10 
 1006       1.655412112403e-10 
 1007       1.658189140954e-10 
 1008       1.660842905552e-10 
 1009       1.663369710526e-10 
 1010       1.665765835336e-10 
 1011       1.668027534512e-10 
 1012       1.670151639242e-10 
 1013       1.672137371758e-10 
 1014       1.673984557026e-10 
 1015       1.675693023483e-10 
 1016       1.677262603057e-10 
 1017       1.678693131172e-10 
 1018       1.679984446766e-10 
 1019       1.681136392299e-10 
 1020       1.682148813770e-10 
 1021       1.683021560726e-10 
 1022       1.683754486277e-10 
 1023       1.684347447107e-10 
 1024       1.684800303485e-10 
 1025       1.685112919282e-10 
 1026       1.685285161979e-10 
 1027       1.685316902682e-10 
 1028       1.685208016135e-10 
 1029       1.684958380728e-10 
 1030       1.684567878516e-10 
 1031       1.684036395228e-10 
 1032       1.683363820278e-10 
 1033       1.682550046780e-10 
 1034       1.681594971561e-10 
 1035       1.680498495172e-10 
 1036       1.679260521899e-10 
 1037       1.677880959780e-10 
 1038       1.676359720612e-10 
 1039       1.674696719969e-10 
 1040       1.672891877209e-10 
 1041       1.670945115493e-10 
 1042       1.668856361790e-10 
 1043       1.666625546896e-10 
 1044       1.664252605443e-10 
 1045       1.661737475910e-10 
 1046       1.659080100643e-10 
 1047       1.656280425857e-10 
 1048       1.653338401656e-10 
 1049       1.650253982045e-10 
 1050       1.647027124938e-10 
 1051       1.643658155472e-10 
 1052       1.640148861439e-10 
 1053       1.636501413105e-10 
 1054       1.632718001346e-10 
 1055       1.628800837697e-10 
 1056       1.624752154408e-10 
 1057       1.620574204493e-10 
 1058       1.616269261781e-10 
 1059       1.611839620974e-10 
 1060       1.607287597690e-10 
 1061       1.602615528522e-10 
 1062       1.597825771088e-10 
 1063       1.592920704080e-10 
 1064       1.587902727322e-10 
 1065       1.582774261814e-10 
 1066       1.577537749792e-10 
 1067       1.572195654774e-10 
 1068       1.566750461615e-10 
 1069       1.561204676556e-10 
 1070       1.555560827282e-10 
 1071       1.549821462966e-10 
 1072       1.543989154326e-10 
 1073       1.538066493676e-10 
 1074       1.532056094979e-10 
 1075       1.525960593894e-10 
 1076       1.519782647835e-10 
 1077       1.513524936018e-10 
 1078       1.507190159515e-10 
 1079       1.500781041303e-10 
 1080       1.494300326322e-10 
 1081       1.487750781519e-10 
 1082       1.481135195908e-10 
 1083       1.474456380615e-10 
 1084       1.467717168935e-10 
 1085       1.460920416381e-10 
 1086       1.454069000737e-10 
 1087       1.447165822108e-10 
 1088       1.440213802977e-10 
 1089       1.433215888250e-10 
 1090       1.426174980537e-10 
 1091       1.419093744909e-10 
 1092       1.411974801626e-10 
 1093       1.404820790718e-10 
 1094       1.397634372037e-10 
 1095       1.390418225293e-10 
 1096       1.383175050109e-10 
 1097       1.375907566059e-10 
 1098       1.368618512719e-10 
 1099       1.361310649709e-10 
 1100       1.353986756738e-10 
 1101       1.346649633652e-10 
 1102       1.339302100479e-10 
 1103       1.331946997470e-10 
 1104       1.324587185151e-10 
 1105       1.317225544364e-10 
 1106       1.309864976314e-10 
 1107       1.302508402613e-10 
 1108       1.295158765329e-10 
 1109       1.287819027025e-10 
 1110       1.280492170812e-10 
 1111       1.273181200387e-10 
 1112       1.265889140085e-10 
 1113       1.258619034920e-10 
 1114       1.251373950631e-10 
 1115       1.244156973729e-10 
 1116       1.236971211542e-10 
 1117       1.229819792260e-10 
 1118       1.222705864978e-10 
 1119       1.215632599747e-10 
 1120       1.208603187614e-10 
 1121       1.201620840670e-10 
 1122       1.194688792095e-10 
 1123       1.187810296203e-10 
 1124       1.180988628489e-10 
 1125       1.174227085670e-10 
 1126       1.167528985737e-10 
 1127       1.160897667995e-10 
 1128       1.154336493110e-10 
 1129       1.147848471664e-10 
 1130       1.141435144463e-10 
 1131       1.135097687826e-10 
 1132       1.128837283771e-10 
 1133       1.122655120026e-10 
 1134       1.116552390040e-10 
 1135       1.110530292994e-10 
 1136       1.104590033810e-10 
 1137       1.098732823160e-10 
 1138       1.092959877483e-10 
 1139       1.087272418985e-10 
 1140       1.081671675662e-10 
 1141       1.076158881297e-10 
 1142       1.070735275483e-10 
 1143       1.065402103625e-10 
 1144       1.060160616952e-10 
 1145       1.055012072532e-10 
 1146       1.049957733276e-10 
 1147       1.044998867954e-10 
 1148       1.040136751200e-10 
 1149       1.035372663527e-10 
 1150       1.030707891337e-10 
 1151       1.026143726930e-10 
 1152       1.021681468511e-10 
 1153       1.017322420210e-10 
 1154       1.013067892083e-10 
 1155       1.008919200126e-10 
 1156       1.004877666288e-10 
 1157       1.000944618476e-10 
 1158       9.971213905710e-11 
 1159       9.934093224344e-11 
 1160       9.898097599205e-11 
 1161       9.863240548863e-11 
 1162       9.829535652021e-11 
 1163       9.796996547617e-11 
 1164       9.765636934934e-11 
 1165       9.735470573698e-11 
 1166       9.706511284187e-11 
 1167       9.678772947332e-11 
 1168       9.652265727027e-11 
 1169       9.626984685075e-11 
 1170       9.602921023986e-11 
 1171       9.580065851623e-11 
 1172       9.558410180981e-11 
 1173       9.537944929953e-11 
 1174       9.518660921109e-11 
 1175       9.500548881461e-11 
 1176       9.483599442243e-11 
 1177       9.467803138677e-11 
 1178       9.453150409750e-11 
 1179       9.439631597985e-11 
 1180       9.427236949213e-11 
 1181       9.415956612346e-11 
 1182       9.405780639149e-11 
 1183       9.396698984012e-11 
 1184       9.388701503726e-11 
 1185       9.381777957250e-11 
 1186       9.375918005487e-11 
 1187       9.371111211056e-11 
 1188       9.367347038064e-11 
 1189       9.364614851879e-11 
 1190       9.362903918902e-11 
 1191       9.362203406339e-11 
 1192       9.362502381975e-11 
 1193       9.363789813944e-11 
 1194       9.366054570505e-11 
 1195       9.369285419811e-11 
 1196       9.373471029684e-11 
 1197       9.378599967385e-11 
 1198       9.384660699391e-11 
 1199       9.391641591161e-11 
 1200       9.399530906913e-11 
 1201       9.408316809396e-11 
 1202       9.417987359661e-11 
 1203       9.428530516836e-11 
 1204       9.439934137894e-11 
 1205       9.452185977431e-11 
 1206       9.465273687434e-11 
 1207       9.479183516543e-11 
 1208       9.493896391052e-11 
 1209       9.509391785995e-11 
 1210       9.525649021018e-11 
 1211       9.542647260050e-11 
 1212       9.560365510963e-11 
 1213       9.578782625238e-11 
 1214       9.597877297635e-11 
 1215       9.617628065853e-11 
 1216       9.638013310199e-11 
 1217       9.659011253250e-11 
 1218       9.680599959523e-11 
 1219       9.702757335136e-11 
 1220       9.725461127478e-11 
 1221       9.748688924868e-11 
 1222       9.772418156228e-11 
 1223       9.796626090744e-11 
 1224       9.821289837530e-11 
 1225       9.846386345297e-11 
 1226       9.871892402019e-11 
 1227       9.897784634594e-11 
 1228       9.924039508513e-11 
 1229       9.950633327524e-11 
 1230       9.977542233298e-11 
 1231       1.000474220509e-10 
 1232       1.003220905943e-10 
 1233       1.005991844973e-10 
 1234       1.008784586601e-10 
 1235       1.011596663455e-10 
 1236       1.014425591752e-10 
 1237       1.017268871269e-10 
 1238       1.020123985307e-10 
 1239       1.022988400658e-10 
 1240       1.025859567571e-10 
 1241       1.028734919722e-10 
 1242       1.031611874175e-10 
 1243       1.034487831352e-10 
 1244       1.037360175000e-10 
 1245       1.040226272155e-10 
 1246       1.043083638078e-10 
 1247       1.045930433238e-10 
 1248       1.048764972091e-10 
 1249       1.051585558623e-10 
 1250       1.054390486331e-10 
 1251       1.057178038196e-10 
 1252       1.059946486670e-10 
 1253       1.062694093650e-10 
 1254       1.065419110458e-10 
 1255       1.068119777824e-10 
 1256       1.070794325860e-10 
 1257       1.073440974043e-10 
 1258       1.076057931193e-10 
 1259       1.078643395451e-10 
 1260       1.081195554263e-10 
 1261       1.083712584351e-10 
 1262       1.086192651702e-10 
 1263       1.088633911540e-10 
 1264       1.091034508308e-10 
 1265       1.093392575648e-10 
 1266       1.095706236378e-10 
 1267       1.097973602473e-10 
 1268       1.100192775045e-10 
 1269       1.102361844321e-10 
 1270       1.104478889621e-10 
 1271       1.106541979340e-10 
 1272       1.108549170926e-10 
 1273       1.110498510860e-10 
 1274       1.112388034632e-10 
 1275       1.114215766726e-10 
 1276       1.115979720596e-10 
 1277       1.117677898642e-10 
 1278       1.119308292197e-10 
 1279       1.120868881501e-10 
 1280       1.122357635679e-10 
 1281       1.123772512725e-10 
 1282       1.125111459478e-10 
 1283       1.126372411603e-10 
 1284       1.127553293568e-10 
 1285       1.128652326381e-10 
 1286       1.129668954655e-10 
 1287       1.130602930050e-10 
 1288       1.131454004473e-10 
 1289       1.132221930082e-10 
 1290       1.132906459287e-10 
 1291       1.133507344752e-10 
 1292       1.134024339394e-10 
 1293       1.134457196392e-10 
 1294       1.134805669178e-10 
 1295       1.135069511447e-10 
 1296       1.135248477156e-10 
 1297       1.135342320524e-10 
 1298       1.135350796037e-10 
 1299       1.135273658447e-10 
 1300       1.135110662772e-10 
 1301       1.134861564304e-10 
 1302       1.134526118604e-10 
 1303       1.134104081508e-10 
 1304       1.133595209124e-10 
 1305       1.132999257839e-10 
 1306       1.132315984318e-10 
 1307       1.131545145506e-10 
 1308       1.130686498627e-10 
 1309       1.129739801191e-10 
 1310       1.128704810991e-10 
 1311       1.127581286108e-10 
 1312       1.126368984908e-10 
 1313       1.125067666049e-10 
 1314       1.123677088480e-10 
 1315       1.122197011442e-10 
 1316       1.120627194472e-10 
 1317       1.118967397401e-10 
 1318       1.117217380359e-10 
 1319       1.115376903775e-10 
 1320       1.113445728380e-10 
 1321       1.111423615206e-10 
 1322       1.109310325591e-10 
 1323       1.107105621177e-10 
 1324       1.104809491987e-10 
 1325       1.102422843389e-10 
 1326       1.099946816721e-10 
 1327       1.097382561924e-10 
 1328       1.094731237557e-10 
 1329       1.091994010819e-10 
 1330       1.089172057560e-10 
 1331       1.086266562304e-10 
 1332       1.083278718265e-10 
 1333       1.080209727359e-10 
 1334       1.077060800229e-10 
 1335       1.073833156258e-10 
 1336       1.070528023585e-10 
 1337       1.067146639126e-10 
 1338       1.063690248589e-10 
 1339       1.060160106490e-10 
 1340       1.056557476173e-10 
 1341       1.052883629827e-10 
 1342       1.049139848500e-10 
 1343       1.045327422120e-10 
 1344       1.041447649510e-10 
 1345       1.037501838407e-10 
 1346       1.033491305476e-10 
 1347       1.029417376331e-10 
 1348       1.025281385551e-10 
 1349       1.021084676696e-10 
 1350       1.016828602325e-10 
 1351       1.012514524014e-10 
 1352       1.008143812371e-10 
 1353       1.003717847058e-10 
 1354       9.992380168012e-11 
 1355       9.947057194148e-11 
 1356       9.901223618144e-11 
 1357       9.854893600353e-11 
 1358       9.808081392502e-11 
 1359       9.760801337857e-11 
 1360       9.713067871399e-11 
 1361       9.664895519994e-11 
 1362       9.616298902571e-11 
 1363       9.567292891996e-11 
 1364       9.517893102268e-11 
 1365       9.468115406898e-11 
 1366       9.417975777853e-11 
 1367       9.367490285741e-11 
 1368       9.316675099995e-11 
 1369       9.265546489050e-11 
 1370       9.214120820535e-11 
 1371       9.162414561445e-11 
 1372       9.110444278335e-11 
 1373       9.058226637492e-11 
 1374       9.005778405128e-11 
 1375       8.953116447554e-11 
 1376       8.900257731367e-11 
 1377       8.847219323635e-11 
 1378       8.794018392073e-11 
 1379       8.740672205232e-11 
 1380       8.687198132681e-11 
 1381       8.633613645186e-11 
 1382       8.579936314896e-11 
 1383       8.526183815525e-11 
 1384       8.472373922535e-11 
 1385       8.418524513317e-11 
 1386       8.364653567378e-11 
 1387       8.310779166518e-11 
 1388       8.256919495018e-11 
 1389       8.203092839820e-11 
 1390       8.149317590710e-11 
 1391       8.095612240501e-11 
 1392       8.041995385216e-11 
 1393       7.988485724272e-11 
 1394       7.935102060660e-11 
 1395       7.881863301129e-11 
 1396       7.828788456370e-11 
 1397       7.775896641197e-11 
 1398       7.723207074732e-11 
 1399       7.670739080584e-11 
 1400       7.618512087037e-11 
 1401       7.566545627227e-11 
 1402       7.514857636346e-11 
 1403       7.463459323441e-11 
 1404       7.412360246483e-11 
 1405       7.361570010581e-11 
 1406       7.311098268060e-11 
 1407       7.260954718535e-11 
 1408       7.211149108997e-11 
 1409       7.161691233887e-11 
 1410       7.112590935175e-11 
 1411       7.063858102442e-11 
 1412       7.015502672956e-11 
 1413       6.967534631753e-11 
 1414       6.919964011713e-11 
 1415       6.872800893643e-11 
 1416       6.826055406351e-11 
 1417       6.779737726729e-11 
 1418       6.733858079831e-11 
 1419       6.688426738949e-11 
 1420       6.643454025696e-11 
 1421       6.598950310081e-11 
 1422       6.554926010593e-11 
 1423       6.511391594274e-11 
 1424       6.468357576801e-11 
 1425       6.425834522565e-11 
 1426       6.383833044749e-11 
 1427       6.342363805409e-11 
 1428       6.301437515548e-11 
 1429       6.261064935201e-11 
 1430       6.221256873509e-11 
 1431       6.182024188800e-11 
 1432       6.143377788669e-11 
 1433       6.105328630055e-11 
 1434       6.067887719318e-11 
 1435       6.031066112324e-11 
 1436       5.994874914519e-11 
 1437       5.959325281008e-11 
 1438       5.924428416635e-11 
 1439       5.890195576063e-11 
 1440       5.856638063852e-11 
 1441       5.823765068991e-11 
 1442       5.791577144298e-11 
 1443       5.760072661000e-11 
 1444       5.729249968227e-11 
 1445       5.699107392963e-11 
 1446       5.669643240005e-11 
 1447       5.640855791912e-11 
 1448       5.612743308961e-11 
 1449       5.585304029101e-11 
 1450       5.558536167906e-11 
 1451       5.532437918529e-11 
 1452       5.507007451656e-11 
 1453       5.482242915461e-11 
 1454       5.458142435557e-11 
 1455       5.434704114953e-11 
 1456       5.411926034004e-11 
 1457       5.389806250371e-11 
 1458       5.368342798966e-11 
 1459       5.347533691915e-11 
 1460       5.327376918506e-11 
 1461       5.307870445144e-11 
 1462       5.289012215305e-11 
 1463       5.270800149491e-11 
 1464       5.253232145183e-11 
 1465       5.236306076793e-11 
 1466       5.220019795622e-11 
 1467       5.204371129810e-11 
 1468       5.189357884290e-11 
 1469       5.174977840746e-11 
 1470       5.161228757560e-11 
 1471       5.148108369773e-11 
 1472       5.135614389034e-11 
 1473       5.123744503555e-11 
 1474       5.112496378066e-11 
 1475       5.101867653766e-11 
 1476       5.091855948282e-11 
 1477       5.082458855617e-11 
 1478       5.073673946106e-11 
 1479       5.065498766373e-11 
 1480       5.057929660870e-11 
 1481       5.050958223867e-11 
 1482       5.044574812310e-11 
 1483       5.038769720937e-11 
 1484       5.033533182168e-11 
 1485       5.028855365993e-11 
 1486       5.024726379864e-11 
 1487       5.021136268582e-11 
 1488       5.018075014187e-11 
 1489       5.015532535848e-11 
 1490       5.013498689751e-11 
 1491       5.011963268989e-11 
 1492       5.010916003450e-11 
 1493       5.010346559711e-11 
 1494       5.010244540921e-11 
 1495       5.010599486693e-11 
 1496       5.011400872996e-11 
 1497       5.012638112039e-11 
 1498       5.014300552165e-11 
 1499       5.016377477738e-11 
 1500       5.018858109032e-11 
 1501       5.021731602121e-11 
 1502       5.024987048769e-11 
 1503       5.028613476320e-11 
 1504       5.032599847583e-11 
 1505       5.036935060725e-11 
 1506       5.041607949162e-11 
 1507       5.046607281444e-11 
 1508       5.051921761145e-11 
 1509       5.057540026755e-11 
 1510       5.063450651569e-11 
 1511       5.069642143572e-11 
 1512       5.076102945334e-11 
 1513       5.082821433895e-11 
 1514       5.089785920658e-11 
 1515       5.096984651274e-11 
 1516       5.104405805535e-11 
 1517       5.112037497263e-11 
 1518       5.119867774195e-11 
 1519       5.127884979462e-11 
 1520       5.136078840029e-11 
 1521       5.144439388513e-11 
 1522       5.152956602460e-11 
 1523       5.161620404250e-11 
 1524       5.170420661009e-11 
 1525       5.179347184512e-11 
 1526       5.188389731097e-11 
 1527       5.197538001568e-11 
 1528       5.206781641107e-11 
 1529       5.216110239180e-11 
 1530       5.225513329445e-11 
 1531       5.234980389660e-11 
 1532       5.244500841594e-11 
 1533       5.254064050931e-11 
 1534       5.263659327179e-11 
 1535       5.273275923582e-11 
 1536       5.282903037023e-11 
 1537       5.292529807934e-11 
 1538       5.302145320205e-11 
 1539       5.311738601092e-11 
 1540       5.321298621123e-11 
 1541       5.330814294009e-11 
 1542       5.340274476549e-11 
 1543       5.349667968543e-11 
 1544       5.358983512694e-11 
 1545       5.368209794519e-11 
 1546       5.377335442259e-11 
 1547       5.386349026784e-11 
 1548       5.395239061503e-11 
 1549       5.403994002269e-11 
 1550       5.412602247293e-11 
 1551       5.421052137047e-11 
 1552       5.429331954174e-11 
 1553       5.437429923394e-11 
 1554       5.445334211417e-11 
 1555       5.453032926846e-11 
 1556       5.460514120087e-11 
 1557       5.467765783258e-11 
 1558       5.474777227461e-11 
 1559       5.481543228927e-11 
 1560       5.488059921618e-11 
 1561       5.494323423369e-11 
 1562       5.500329835863e-11 
 1563       5.506075244612e-11 
 1564       5.511555718929e-11 
 1565       5.516767311904e-11 
 1566       5.521706060384e-11 
 1567       5.526367984944e-11 
 1568       5.530749089868e-11 
 1569       5.534845363121e-11 
 1570       5.538652776328e-11 
 1571       5.542167284750e-11 
 1572       5.545384827258e-11 
 1573       5.548301326311e-11 
 1574       5.550912687932e-11 
 1575       5.553214801683e-11 
 1576       5.555203540642e-11 
 1577       5.556874761380e-11 
 1578       5.558224303936e-11 
 1579       5.559247991793e-11 
 1580       5.559941631854e-11 
 1581       5.560301014420e-11 
 1582       5.560321913164e-11 
 1583       5.560000085108e-11 
 1584       5.559331270599e-11 
 1585       5.558311193286e-11 
 1586       5.556935560095e-11 
 1587       5.555200061206e-11 
 1588       5.553100370027e-11 
 1589       5.550632143174e-11 
 1590       5.547791020444e-11 
 1591       5.544572624792e-11 
 1592       5.540972562308e-11 
 1593       5.536986422191e-11 
 1594       5.532609776730e-11 
 1595       5.527838181273e-11 
 1596       5.522667174208e-11 
 1597       5.517093599623e-11 
 1598       5.511119588586e-11 
 1599       5.504748614284e-11 
 1600       5.497984172692e-11 
 1601       5.490829782609e-11 
 1602       5.483288985696e-11 
 1603       5.475365346512e-11 
 1604       5.467062452560e-11 
 1605       5.458383914316e-11 
 1606       5.449333365274e-11 
 1607       5.439914461982e-11 
 1608       5.430130884079e-11 
 1609       5.419986334335e-11 
 1610       5.409484538691e-11 
 1611       5.398629246293e-11 
 1612       5.387424229534e-11 
 1613       5.375873284091e-11 
 1614       5.363980228963e-11 
 1615       5.351748906511e-11 
 1616       5.339183182493e-11 
 1617       5.326286946106e-11 
 1618       5.313064110022e-11 
 1619       5.299518610429e-11 
 1620       5.285654407066e-11 
 1621       5.271475483261e-11 
 1622       5.256985845975e-11 
 1623       5.242189525835e-11 
 1624       5.227090577172e-11 
 1625       5.211693078064e-11 
 1626       5.196001130370e-11 
 1627       5.180018859769e-11 
 1628       5.163750415803e-11 
 1629       5.147199971907e-11 
 1630       5.130371725454e-11 
 1631       5.113269897793e-11 
 1632       5.095898734282e-11 
 1633       5.078262504333e-11 
 1634       5.060365501446e-11 
 1635       5.042212043248e-11 
 1636       5.023806915375e-11 
 1637       5.005156707369e-11 
 1638       4.986268488803e-11 
 1639       4.967149366580e-11 
 1640       4.947806484995e-11 
 1641       4.928247025788e-11 
 1642       4.908478208205e-11 
 1643       4.888507289056e-11 
 1644       4.868341562775e-11 
 1645       4.847988361474e-11 
 1646       4.827455055006e-11 
 1647       4.806749051019e-11 
 1648       4.785877795017e-11 
 1649       4.764848770418e-11 
 1650       4.743669498610e-11 
 1651       4.722347539012e-11 
 1652       4.700890489132e-11 
 1653       4.679305984622e-11 
 1654       4.657601699340e-11 
 1655       4.635785345407e-11 
 1656       4.613864673264e-11 
 1657       4.591847471732e-11 
 1658       4.569741568069e-11 
 1659       4.547554828029e-11 
 1660       4.525295155920e-11 
 1661       4.502970494663e-11 
 1662       4.480588825846e-11 
 1663       4.458158169791e-11 
 1664       4.435686585601e-11 
 1665       4.413182171228e-11 
 1666       4.390653063527e-11 
 1667       4.368107438313e-11 
 1668       4.345553510422e-11 
 1669       4.322999533767e-11 
 1670       4.300453801399e-11 
 1671       4.277924645560e-11 
 1672       4.255420437749e-11 
 1673       4.232949588772e-11 
 1674       4.210520548808e-11 
 1675       4.188141264960e-11 
 1676       4.165817548636e-11 
 1677       4.143554694023e-11 
 1678       4.121358019337e-11 
 1679       4.099232866847e-11 
 1680       4.077184602918e-11 
 1681       4.055218618044e-11 
 1682       4.033340326880e-11 
 1683       4.011555168282e-11 
 1684       3.989868605338e-11 
 1685       3.968286125406e-11 
 1686       3.946813240147e-11 
 1687       3.925455485560e-11 
 1688       3.904218422019e-11 
 1689       3.883107634306e-11 
 1690       3.862128731646e-11 
 1691       3.841287347745e-11 
 1692       3.820589140822e-11 
 1693       3.800039793643e-11 
 1694       3.779645013561e-11 
 1695       3.759410532547e-11 
 1696       3.739342107225e-11 
 1697       3.719445518909e-11 
 1698       3.699726573638e-11 
 1699       3.680191102207e-11 
 1700       3.660844960210e-11 
 1701       3.641694028067e-11 
 1702       3.622744211062e-11 
 1703       3.604001439380e-11 
 1704       3.585471668140e-11 
 1705       3.567160877431e-11 
 1706       3.549075072344e-11 
 1707       3.531220283013e-11 
 1708       3.513602564643e-11 
 1709       3.496227997552e-11 
 1710       3.479102687201e-11 
 1711       3.462232764230e-11 
 1712       3.445624384494e-11 
 1713       3.429283729100e-11 
 1714       3.413216024170e-11 
 1715       3.397422590934e-11 
 1716       3.381903770528e-11 
 1717       3.366659901968e-11 
 1718       3.351691322149e-11 
 1719       3.336998365837e-11 
 1720       3.322581365665e-11 
 1721       3.308440652128e-11 
 1722       3.294576553579e-11 
 1723       3.280989396220e-11 
 1724       3.267679504105e-11 
 1725       3.254647199125e-11 
 1726       3.241892801011e-11 
 1727       3.229416627325e-11 
 1728       3.217218993457e-11 
 1729       3.205300212619e-11 
 1730       3.193660595839e-11 
 1731       3.182300451959e-11 
 1732       3.171220087626e-11 
 1733       3.160419807292e-11 
 1734       3.149899913205e-11 
 1735       3.139660705404e-11 
 1736       3.129702481716e-11 
 1737       3.120025537753e-11 
 1738       3.110630166900e-11 
 1739       3.101516660318e-11 
 1740       3.092685306933e-11 
 1741       3.084136393435e-11 
 1742       3.075870204271e-11 
 1743       3.067887021640e-11 
 1744       3.060187125489e-11 
 1745       3.052770793508e-11 
 1746       3.045638301123e-11 
 1747       3.038789921494e-11 
 1748       3.032225925509e-11 
 1749       3.025946581777e-11 
 1750       3.019952156625e-11 
 1751       3.014242914094e-11 
 1752       3.008819115931e-11 
 1753       3.003680321222e-11 
 1754       2.998823278897e-11 
 1755       2.994244017622e-11 
 1756       2.989938544536e-11 
 1757       2.985902845217e-11 
 1758       2.982132883652e-11 
 1759       2.978624602203e-11 
 1760       2.975373921575e-11 
 1761       2.972376740783e-11 
 1762       2.969628937123e-11 
 1763       2.967126366135e-11 
 1764       2.964864861573e-11 
 1765       2.962840235374e-11 
 1766       2.961048277623e-11 
 1767       2.959484756522e-11 
 1768       2.958145418358e-11 
 1769       2.957025987471e-11 
 1770       2.956122166221e-11 
 1771       2.955429634954e-11 
 1772       2.954944051973e-11 
 1773       2.954661053503e-11 
 1774       2.954576253662e-11 
 1775       2.954685244424e-11 
 1776       2.954983595590e-11 
 1777       2.955466854756e-11 
 1778       2.956130547278e-11 
 1779       2.956970176241e-11 
 1780       2.957981222430e-11 
 1781       2.959159144290e-11 
 1782       2.960499377903e-11 
 1783       2.961997336947e-11 
 1784       2.963648412670e-11 
 1785       2.965447973855e-11 
 1786       2.967391366788e-11 
 1787       2.969473915226e-11 
 1788       2.971690920364e-11 
 1789       2.974037660802e-11 
 1790       2.976509392517e-11 
 1791       2.979101348825e-11 
 1792       2.981808721886e-11 
 1793       2.984626607112e-11 
 1794       2.987550058237e-11 
 1795       2.990574105716e-11 
 1796       2.993693756686e-11 
 1797       2.996903994932e-11 
 1798       3.000199780861e-11 
 1799       3.003576051462e-11 
 1800       3.007027720276e-11 
 1801       3.010549677365e-11 
 1802       3.014136789273e-11 
 1803       3.017783899000e-11 
 1804       3.021485825963e-11 
 1805       3.025237365969e-11 
 1806       3.029033291175e-11 
 1807       3.032868350061e-11 
 1808       3.036737267395e-11 
 1809       3.040634744199e-11 
 1810       3.044555457715e-11 
 1811       3.048494061377e-11 
 1812       3.052445184773e-11 
 1813       3.056403433613e-11 
 1814       3.060363389698e-11 
 1815       3.064319610885e-11 
 1816       3.068266631056e-11 
 1817       3.072198960081e-11 
 1818       3.076111083792e-11 
 1819       3.079997463940e-11 
 1820       3.083852538173e-11 
 1821       3.087670719995e-11 
 1822       3.091446398737e-11 
 1823       3.095173939521e-11 
 1824       3.098847683230e-11 
 1825       3.102461946473e-11 
 1826       3.106011021555e-11 
 1827       3.109489176439e-11 
 1828       3.112890654716e-11 
 1829       3.116209675572e-11 
 1830       3.119440433757e-11 
 1831       3.122577648726e-11 
 1832       3.125618216949e-11 
 1833       3.128559572741e-11 
 1834       3.131399140274e-11 
 1835       3.134134333561e-11 
 1836       3.136762556439e-11 
 1837       3.139281202562e-11 
 1838       3.141687655385e-11 
 1839       3.143979288147e-11 
 1840       3.146153463864e-11 
 1841       3.148207535312e-11 
 1842       3.150138845014e-11 
 1843       3.151944725226e-11 
 1844       3.153622497926e-11 
 1845       3.155169474798e-11 
 1846       3.156582957220e-11 
 1847       3.157860236252e-11 
 1848       3.158998592618e-11 
 1849       3.159995296700e-11 
 1850       3.160847608517e-11 
 1851       3.161552777716e-11 
 1852       3.162108043558e-11 
 1853       3.162510634904e-11 
 1854       3.162757770203e-11 
 1855       3.162846657476e-11 
 1856       3.162774494306e-11 
 1857       3.162538467821e-11 
 1858       3.162135754685e-11 
 1859       3.161563521081e-11 
 1860       3.160818922698e-11 
 1861       3.159899104719e-11 
 1862       3.158801201809e-11 
 1863       3.157522338097e-11 
 1864       3.156059627168e-11 
 1865       3.154410172045e-11 
 1866       3.152571065180e-11 
 1867       3.150539388435e-11 
 1868       3.148312213076e-11 
 1869       3.145886599753e-11 
 1870       3.143260261395e-11 
 1871       3.140433557579e-11 
 1872       3.137407515740e-11 
 1873       3.134183169696e-11 
 1874       3.130761559654e-11 
 1875       3.127143732219e-11 
 1876       3.123330740409e-11 
 1877       3.119323643656e-11 
 1878       3.115123507822e-11 
 1879       3.110731405206e-11 
 1880       3.106148414554e-11 
 1881       3.101375621067e-11 
 1882       3.096414116412e-11 
 1883       3.091264998729e-11 
 1884       3.085929372644e-11 
 1885       3.080408349275e-11 
 1886       3.074703046245e-11 
 1887       3.068814587687e-11 
 1888       3.062744104256e-11 
 1889       3.056492733139e-11 
 1890       3.050061618062e-11 
 1891       3.043451909301e-11 
 1892       3.036664763693e-11 
 1893       3.029701344641e-11 
 1894       3.022562822126e-11 
 1895       3.015250372719e-11 
 1896       3.007765179585e-11 
 1897       3.000108432495e-11 
 1898       2.992281327838e-11 
 1899       2.984285068624e-11 
 1900       2.976120864500e-11 
 1901       2.967789931756e-11 
 1902       2.959293493335e-11 
 1903       2.950632778841e-11 
 1904       2.941809024551e-11 
 1905       2.932823473424e-11 
 1906       2.923677375107e-11 
 1907       2.914371985948e-11 
 1908       2.904908569005e-11 
 1909       2.895288730714e-11 
 1910       2.885515433695e-11 
 1911       2.875591991733e-11 
 1912       2.865521733836e-11 
 1913       2.855308004263e-11 
 1914       2.844954162540e-11 
 1915       2.834463583481e-11 
 1916       2.823839657211e-11 
 1917       2.813085789183e-11 
 1918       2.802205400201e-11 
 1919       2.791201926437e-11 
 1920       2.780078819458e-11 
 1921       2.768839546239e-11 
 1922       2.757487589189e-11 
 1923       2.746026446168e-11 
 1924       2.734459630510e-11 
 1925       2.722790671041e-11 
 1926       2.711023112102e-11 
 1927       2.699160513567e-11 
 1928       2.687206450865e-11 
 1929       2.675164515001e-11 
 1930       2.663038312575e-11 
 1931       2.650831465802e-11 
 1932       2.638547612536e-11 
 1933       2.626190406285e-11 
 1934       2.613763516237e-11 
 1935       2.601270627276e-11 
 1936       2.588715440006e-11 
 1937       2.576101670769e-11 
 1938       2.563433051665e-11 
 1939       2.550713330576e-11 
 1940       2.537946271184e-11 
 1941       2.525135652989e-11 
 1942       2.512285271336e-11 
 1943       2.499398937428e-11 
 1944       2.486480478352e-11 
 1945       2.473533737099e-11 
 1946       2.460562572579e-11 
 1947       2.447570859649e-11 
 1948       2.434562351905e-11 
 1949       2.421540268907e-11 
 1950       2.408507705896e-11 
 1951       2.395467770751e-11 
 1952       2.382423584003e-11 
 1953       2.369378278856e-11 
 1954       2.356335001199e-11 
 1955       2.343296909624e-11 
 1956       2.330267175440e-11 
 1957       2.317248982693e-11 
 1958       2.304245528178e-11 
 1959       2.291260021458e-11 
 1960       2.278295684879e-11 
 1961       2.265355753585e-11 
 1962       2.252443475537e-11 
 1963       2.239562111526e-11 
 1964       2.226714935193e-11 
 1965       2.213905233040e-11 
 1966       2.201136304450e-11 
 1967       2.188411461701e-11 
 1968       2.175734029985e-11 
 1969       2.163107347422e-11 
 1970       2.150534765073e-11 
 1971       2.138019646964e-11 
 1972       2.125565370095e-11 
 1973       2.113175324459e-11 
 1974       2.100852913058e-11 
 1975       2.088601551919e-11 
 1976       2.076424670111e-11 
 1977       2.064325709759e-11 
 1978       2.052308126061e-11 
 1979       2.040375387306e-11 
 1980       2.028530974888e-11 
 1981       2.016778383321e-11 
 1982       2.005121120260e-11 
 1983       1.993562706512e-11 
 1984       1.982106676053e-11 
 1985       1.970756576049e-11 
 1986       1.959515966864e-11 
 1987       1.948387988762e-11 
 1988       1.937374058474e-11 
 1989       1.926475163057e-11 
 1990       1.915692292351e-11 
 1991       1.905026438978e-11 
 1992       1.894478598347e-11 
 1993       1.884049768657e-11 
 1994       1.873740950900e-11 
 1995       1.863553148862e-11 
 1996       1.853487369130e-11 
 1997       1.843544621089e-11 
 1998       1.833725916932e-11 
 1999       1.824032271656e-11 
 2000       1.814464703071e-11 
 2001       1.805024231798e-11 
 2002       1.795711881276e-11 
 2003       1.786528677762e-11 
 2004       1.777475650337e-11 
 2005       1.768553830905e-11 
 2006       1.759764254199e-11 
 2007       1.751107957784e-11 
 2008       1.742585982056e-11 
 2009       1.734199370251e-11 
 2010       1.725949168444e-11 
 2011       1.717836425552e-11 
 2012       1.709862193340e-11 
 2013       1.702027526420e-11 
 2014       1.694333482255e-11 
 2015       1.686781121165e-11 
 2016       1.679371506327e-11 
 2017       1.672105703777e-11 
 2018       1.664984782417e-11 
 2019       1.658009814014e-11 
 2020       1.651181873206e-11 
 2021       1.644502037501e-11 
 2022       1.637971387285e-11 
 2023       1.631591005821e-11 
 2024       1.625361979255e-11 
 2025       1.619285396615e-11 
 2026       1.613361950354e-11 
 2027       1.607590734806e-11 
 2028       1.601970439052e-11 
 2029       1.596499745591e-11 
 2030       1.591177330327e-11 
 2031       1.586001862564e-11 
 2032       1.580972004995e-11 
 2033       1.576086413693e-11 
 2034       1.571343738104e-11 
 2035       1.566742621038e-11 
 2036       1.562281698660e-11 
 2037       1.557959600480e-11 
 2038       1.553774949344e-11 
 2039       1.549726361431e-11 
 2040       1.545812446236e-11 
 2041       1.542031806567e-11 
 2042       1.538383038534e-11 
 2043       1.534864731540e-11 
 2044       1.531475468276e-11 
 2045       1.528213824706e-11 
 2046       1.525078370064e-11 
 2047       1.522067666841e-11 
 2048       1.519180270779e-11 
 2049       1.516414730864e-11 
 2050       1.513769589311e-11 
 2051       1.511243381562e-11 
 2052       1.508834636272e-11 
 2053       1.506541875305e-11 
 2054       1.504363613721e-11 
 2055       1.502298359771e-11 
 2056       1.500344614885e-11 
 2057       1.498500873667e-11 
 2058       1.496765623882e-11 
 2059       1.495137346450e-11 
 2060       1.493614515438e-11 
 2061       1.492195598048e-11 
 2062       1.490879054611e-11 
 2063       1.489663338579e-11 
 2064       1.488546896514e-11 
 2065       1.487528043718e-11 
 2066       1.486604590184e-11 
 2067       1.485774211977e-11 
 2068       1.485034575341e-11 
 2069       1.484383336690e-11 
 2070       1.483818142593e-11 
 2071       1.483336629764e-11 
 2072       1.482936425047e-11 
 2073       1.482615145407e-11 
 2074       1.482370397914e-11 
 2075       1.482199779736e-11 
 2076       1.482100878121e-11 
 2077       1.482071270390e-11 
 2078       1.482108523920e-11 
 2079       1.482210196135e-11 
 2080       1.482373834495e-11 
 2081       1.482596976477e-11 
 2082       1.482877149573e-11 
 2083       1.483211871269e-11 
 2084       1.483598649036e-11 
 2085       1.484034980320e-11 
 2086       1.484518352526e-11 
 2087       1.485046243007e-11 
 2088       1.485616119054e-11 
 2089       1.486225437881e-11 
 2090       1.486871646614e-11 
 2091       1.487552182279e-11 
 2092       1.488264471789e-11 
 2093       1.489005931933e-11 
 2094       1.489773969361e-11 
 2095       1.490565980576e-11 
 2096       1.491379351919e-11 
 2097       1.492211459557e-11 
 2098       1.493059669471e-11 
 2099       1.493921337445e-11 
 2100       1.494793809052e-11 
 2101       1.495674419642e-11 
 2102       1.496560494332e-11 
 2103       1.497449347990e-11 
 2104       1.498338457113e-11 
 2105       1.499225976774e-11 
 2106       1.500110227246e-11 
 2107       1.500989522435e-11 
 2108       1.501862169870e-11 
 2109       1.502726470698e-11 
 2110       1.503580719676e-11 
 2111       1.504423205162e-11 
 2112       1.505252209108e-11 
 2113       1.506066007053e-11 
 2114       1.506862868118e-11 
 2115       1.507641054992e-11 
 2116       1.508398823930e-11 
 2117       1.509134424744e-11 
 2118       1.509846100794e-11 
 2119       1.510532088983e-11 
 2120       1.511190619746e-11 
 2121       1.511819917047e-11 
 2122       1.512418198366e-11 
 2123       1.512983674696e-11 
 2124       1.513514550534e-11 
 2125       1.514009023873e-11 
 2126       1.514465286195e-11 
 2127       1.514881522461e-11 
 2128       1.515255911109e-11 
 2129       1.515586624040e-11 
 2130       1.515871826616e-11 
 2131       1.516109677647e-11 
 2132       1.516298329390e-11 
 2133       1.516435927534e-11 
 2134       1.516520611200e-11 
 2135       1.516550512927e-11 
 2136       1.516523758668e-11 
 2137       1.516438467781e-11 
 2138       1.516292753025e-11 
 2139       1.516084720545e-11 
 2140       1.515812469872e-11 
 2141       1.515474093913e-11 
 2142       1.515067678939e-11 
 2143       1.514591603971e-11 
 2144       1.514045441153e-11 
 2145       1.513429061514e-11 
 2146       1.512742336132e-11 
 2147       1.511985136145e-11 
 2148       1.511157332742e-11 
 2149       1.510258797169e-11 
 2150       1.509289400728e-11 
 2151       1.508249014774e-11 
 2152       1.507137510721e-11 
 2153       1.505954760038e-11 
 2154       1.504700634251e-11 
 2155       1.503375004941e-11 
 2156       1.501977743748e-11 
 2157       1.500508722370e-11 
 2158       1.498967812559e-11 
 2159       1.497354886129e-11 
 2160       1.495669814949e-11 
 2161       1.493912470949e-11 
 2162       1.492082726115e-11 
 2163       1.490180452495e-11 
 2164       1.488205522193e-11 
 2165       1.486157807374e-11 
 2166       1.484037180263e-11 
 2167       1.481843513145e-11 
 2168       1.479576678364e-11 
 2169       1.477236548327e-11 
 2170       1.474822995499e-11 
 2171       1.472335892408e-11 
 2172       1.469775111642e-11 
 2173       1.467140525851e-11 
 2174       1.464432007749e-11 
 2175       1.461649430109e-11 
 2176       1.458792665767e-11 
 2177       1.455861587624e-11 
 2178       1.452856068641e-11 
 2179       1.449775981844e-11 
 2180       1.446621200322e-11 
 2181       1.443391597228e-11 
 2182       1.440087259115e-11 
 2183       1.436709127516e-11 
 2184       1.433258361668e-11 
 2185       1.429736125573e-11 
 2186       1.426143588006e-11 
 2187       1.422481922518e-11 
 2188       1.418752307441e-11 
 2189       1.414955925895e-11 
 2190       1.411093965797e-11 
 2191       1.407167619858e-11 
 2192       1.403178085598e-11 
 2193       1.399126565346e-11 
 2194       1.395014266247e-11 
 2195       1.390842400268e-11 
 2196       1.386612184203e-11 
 2197       1.382324839679e-11 
 2198       1.377981593164e-11 
 2199       1.373583675967e-11 
 2200       1.369132324249e-11 
 2201       1.364628779026e-11 
 2202       1.360074286176e-11 
 2203       1.355470096443e-11 
 2204       1.350817465444e-11 
 2205       1.346117653674e-11 
 2206       1.341371926513e-11 
 2207       1.336581554228e-11 
 2208       1.331747811984e-11 
 2209       1.326871979845e-11 
 2210       1.321955342781e-11 
 2211       1.316999190677e-11 
 2212       1.312004818332e-11 
 2213       1.306973525470e-11 
 2214       1.301906616745e-11 
 2215       1.296805401744e-11 
 2216       1.291671194996e-11 
 2217       1.286505315973e-11 
 2218       1.281309089101e-11 
 2219       1.276083843763e-11 
 2220       1.270830914305e-11 
 2221       1.265551652792e-11 
 2222       1.260247467370e-11 
 2223       1.254919784165e-11 
 2224       1.249570034570e-11 
 2225       1.244199655241e-11 
 2226       1.238810088111e-11 
 2227       1.233402780388e-11 
 2228       1.227979184570e-11 
 2229       1.222540758443e-11 
 2230       1.217088965091e-11 
 2231       1.211625272901e-11 
 2232       1.206151155570e-11 
 2233       1.200668092109e-11 
 2234       1.195177566851e-11 
 2235       1.189681069455e-11 
 2236       1.184180094912e-11 
 2237       1.178676143555e-11 
 2238       1.173170721058e-11 
 2239       1.167665338448e-11 
 2240       1.162161512109e-11 
 2241       1.156660763787e-11 
 2242       1.151164620595e-11 
 2243       1.145674615024e-11 
 2244       1.140192284941e-11 
 2245       1.134719173605e-11 
 2246       1.129256829662e-11 
 2247       1.123806807160e-11 
 2248       1.118370665550e-11 
 2249       1.112949969693e-11 
 2250       1.107546289866e-11 
 2251       1.102161201770e-11 
 2252       1.096796286533e-11 
 2253       1.091453130716e-11 
 2254       1.086133326320e-11 
 2255       1.080838470796e-11 
 2256       1.075570167041e-11 
 2257       1.070330023414e-11 
 2258       1.065119653736e-11 
 2259       1.059940677300e-11 
 2260       1.054794566768e-11 
 2261       1.049682190797e-11 
 2262       1.044604268463e-11 
 2263       1.039561521102e-11 
 2264       1.034554672311e-11 
 2265       1.029584447947e-11 
 2266       1.024651576134e-11 
 2267       1.019756787265e-11 
 2268       1.014900813999e-11 
 2269       1.010084391272e-11 
 2270       1.005308256292e-11 
 2271       1.000573148544e-11 
 2272       9.958798097947e-12 
 2273       9.912289840897e-12 
 2274       9.866214177611e-12 
 2275       9.820578594267e-12 
 2276       9.775390599938e-12 
 2277       9.730657726608e-12 
 2278       9.686387529198e-12 
 2279       9.642587585595e-12 
 2280       9.599265496667e-12 
 2281       9.556428886294e-12 
 2282       9.514085401389e-12 
 2283       9.472242711920e-12 
 2284       9.430908510937e-12 
 2285       9.390090514596e-12 
 2286       9.349796462178e-12 
 2287       9.310034116119e-12 
 2288       9.270811262029e-12 
 2289       9.232135708720e-12 
 2290       9.194015288226e-12 
 2291       9.156457855827e-12 
 2292       9.119471290077e-12 
 2293       9.083063492824e-12 
 2294       9.047242389233e-12 
 2295       9.012015927814e-12 
 2296       8.977392080442e-12 
 2297       8.943378842382e-12 
 2298       8.909984232314e-12 
 2299       8.877214424987e-12 
 2300       8.845068136146e-12 
 2301       8.813542201893e-12 
 2302       8.782633442793e-12 
 2303       8.752338663855e-12 
 2304       8.722654654511e-12 
 2305       8.693578188601e-12 
 2306       8.665106024350e-12 
 2307       8.637234904354e-12 
 2308       8.609961555558e-12 
 2309       8.583282689239e-12 
 2310       8.557195000987e-12 
 2311       8.531695170688e-12 
 2312       8.506779862502e-12 
 2313       8.482445724847e-12 
 2314       8.458689390381e-12 
 2315       8.435507475980e-12 
 2316       8.412896582724e-12 
 2317       8.390853295875e-12 
 2318       8.369374184860e-12 
 2319       8.348455803250e-12 
 2320       8.328094688747e-12 
 2321       8.308287363159e-12 
 2322       8.289030332384e-12 
 2323       8.270320086394e-12 
 2324       8.252153099213e-12 
 2325       8.234525828898e-12 
 2326       8.217434717525e-12 
 2327       8.200876191163e-12 
 2328       8.184846659865e-12 
 2329       8.169342517640e-12 
 2330       8.154360142440e-12 
 2331       8.139895896142e-12 
 2332       8.125946124524e-12 
 2333       8.112507157252e-12 
 2334       8.099575307859e-12 
 2335       8.087146873727e-12 
 2336       8.075218136067e-12 
 2337       8.063785359904e-12 
 2338       8.052843846463e-12 
 2339       8.042385083901e-12 
 2340       8.032399578697e-12 
 2341       8.022877801583e-12 
 2342       8.013810187508e-12 
 2343       8.005187135594e-12 
 2344       7.996999009099e-12 
 2345       7.989236135378e-12 
 2346       7.981888805843e-12 
 2347       7.974947275922e-12 
 2348       7.968401765024e-12 
 2349       7.962242456494e-12 
 2350       7.956459497579e-12 
 2351       7.951042999383e-12 
 2352       7.945983036835e-12 
 2353       7.941269648642e-12 
 2354       7.936892837254e-12 
 2355       7.932842568824e-12 
 2356       7.929108773168e-12 
 2357       7.925681343725e-12 
 2358       7.922550137522e-12 
 2359       7.919704975126e-12 
 2360       7.917135640614e-12 
 2361       7.914831881527e-12 
 2362       7.912783408835e-12 
 2363       7.910979896894e-12 
 2364       7.909410983410e-12 
 2365       7.908066269395e-12 
 2366       7.906935319134e-12 
 2367       7.906007660141e-12 
 2368       7.905272783120e-12 
 2369       7.904720141927e-12 
 2370       7.904339153531e-12 
 2371       7.904119197972e-12 
 2372       7.904049618325e-12 
 2373       7.904119720659e-12 
 2374       7.904318773996e-12 
 2375       7.904636010275e-12 
 2376       7.905060624310e-12 
 2377       7.905582154559e-12 
 2378       7.906191628072e-12 
 2379       7.906880422516e-12 
 2380       7.907639885977e-12 
 2381       7.908461336932e-12 
 2382       7.909336064213e-12 
 2383       7.910255326977e-12 
 2384       7.911210354677e-12 
 2385       7.912192347030e-12 
 2386       7.913192473981e-12 
 2387       7.914201875680e-12 
 2388       7.915211662444e-12 
 2389       7.916212914729e-12 
 2390       7.917196683096e-12 
 2391       7.918153988184e-12 
 2392       7.919075820674e-12 
 2393       7.919953141262e-12 
 2394       7.920776880623e-12 
 2395       7.921537939384e-12 
 2396       7.922227188091e-12 
 2397       7.922835467179e-12 
 2398       7.923353586935e-12 
 2399       7.923772327477e-12 
 2400       7.924082438712e-12 
 2401       7.924274640313e-12 
 2402       7.924339621683e-12 
 2403       7.924268041924e-12 
 2404       7.924050529809e-12 
 2405       7.923677683747e-12 
 2406       7.923140071753e-12 
 2407       7.922428231418e-12 
 2408       7.921532669876e-12 
 2409       7.920443863773e-12 
 2410       7.919152259237e-12 
 2411       7.917648271844e-12 
 2412       7.915922286592e-12 
 2413       7.913964657862e-12 
 2414       7.911765709393e-12 
 2415       7.909315734249e-12 
 2416       7.906606190152e-12 
 2417       7.903633293458e-12 
 2418       7.900394446903e-12 
 2419       7.896887046203e-12 
 2420       7.893108480052e-12 
 2421       7.889056130112e-12 
 2422       7.884727371008e-12 
 2423       7.880119570321e-12 
 2424       7.875230088583e-12 
 2425       7.870056279265e-12 
 2426       7.864595488777e-12 
 2427       7.858845056457e-12 
 2428       7.852802314565e-12 
 2429       7.846464588277e-12 
 2430       7.839829195678e-12 
 2431       7.832893447754e-12 
 2432       7.825654648389e-12 
 2433       7.818110094353e-12 
 2434       7.810257075301e-12 
 2435       7.802092873760e-12 
 2436       7.793614765128e-12 
 2437       7.784820017665e-12 
 2438       7.775705892484e-12 
 2439       7.766269643548e-12 
 2440       7.756508517662e-12 
 2441       7.746419754466e-12 
 2442       7.736000586427e-12 
 2443       7.725248238835e-12 
 2444       7.714159929794e-12 
 2445       7.702732870216e-12 
 2446       7.690964263816e-12 
 2447       7.678851307101e-12 
 2448       7.666391189368e-12 
 2449       7.653581092695e-12 
 2450       7.640418191933e-12 
 2451       7.626899654704e-12 
 2452       7.613022641388e-12 
 2453       7.598784305121e-12 
 2454       7.584181791786e-12 
 2455       7.569213415118e-12 
 2456       7.553882189696e-12 
 2457       7.538192319008e-12 
 2458       7.522148022271e-12 
 2459       7.505753534450e-12 
 2460       7.489013106271e-12 
 2461       7.471931004238e-12 
 2462       7.454511510654e-12 
 2463       7.436758923632e-12 
 2464       7.418677557116e-12 
 2465       7.400271740894e-12 
 2466       7.381545820619e-12 
 2467       7.362504157820e-12 
 2468       7.343151129925e-12 
 2469       7.323491130274e-12 
 2470       7.303528568134e-12 
 2471       7.283267868719e-12 
 2472       7.262713473208e-12 
 2473       7.241869838757e-12 
 2474       7.220741438516e-12 
 2475       7.199332761652e-12 
 2476       7.177648313358e-12 
 2477       7.155692614874e-12 
 2478       7.133470203502e-12 
 2479       7.110985632624e-12 
 2480       7.088243471718e-12 
 2481       7.065248306374e-12 
 2482       7.042004738310e-12 
 2483       7.018517385393e-12 
 2484       6.994790881651e-12 
 2485       6.970829877289e-12 
 2486       6.946639038713e-12 
 2487       6.922223048536e-12 
 2488       6.897586605603e-12 
 2489       6.872734425007e-12 
 2490       6.847671238099e-12 
 2491       6.822401792513e-12 
 2492       6.796930852176e-12 
 2493       6.771263197331e-12 
 2494       6.745400550934e-12 
 2495       6.719332338121e-12 
 2496       6.693044872523e-12 
 2497       6.666524424914e-12 
 2498       6.639757223166e-12 
 2499       6.612729452205e-12 
 2500       6.585427253972e-12 
