# dimensionless total [l(l+1)/2pi] C_l's
# for l=2 to 2500, i.e. number of multipoles equal to 2499
#
# -> if you prefer output in CAMB/HealPix/LensPix units/order, set 'format' to 'camb' in input file
# -> if you don't want to see such a header, set 'headers' to 'no' in input file
#
# 1:l     2:TT                 
    2       2.977774519371e-10 
    3       2.733391720225e-10 
    4       2.541092523326e-10 
    5       2.399354771910e-10 
    6       2.294476009095e-10 
    7       2.215112842726e-10 
    8       2.154701902646e-10 
    9       2.108243745731e-10 
   10       2.071578228745e-10 
   11       2.041733762911e-10 
   12       2.016766148633e-10 
   13       1.996541726133e-10 
   14       1.979566245325e-10 
   15       1.965752112154e-10 
   16       1.953636490844e-10 
   17       1.943430085273e-10 
   18       1.935580466241e-10 
   19       1.929957575626e-10 
   20       1.925152440196e-10 
   21       1.921613483057e-10 
   22       1.919704326196e-10 
   23       1.919322138538e-10 
   24       1.919786783595e-10 
   25       1.921154020731e-10 
   26       1.923406452300e-10 
   27       1.926634561429e-10 
   28       1.930757572739e-10 
   29       1.935901463058e-10 
   30       1.941992782462e-10 
   31       1.948739393146e-10 
   32       1.956208252536e-10 
   33       1.964411536750e-10 
   34       1.973226495594e-10 
   35       1.982729332198e-10 
   36       1.992945103902e-10 
   37       2.003809035955e-10 
   38       2.015393642641e-10 
   39       2.027734227446e-10 
   40       2.040753699027e-10 
   41       2.054317429034e-10 
   42       2.068446334421e-10 
   43       2.083154234233e-10 
   44       2.098381155943e-10 
   45       2.114039854885e-10 
   46       2.130187754358e-10 
   47       2.146895005540e-10 
   48       2.164192182836e-10 
   49       2.182066645337e-10 
   50       2.200483964630e-10 
   51       2.219467506580e-10 
   52       2.239034161670e-10 
   53       2.259168766021e-10 
   54       2.279821642431e-10 
   55       2.300934900155e-10 
   56       2.322534618302e-10 
   57       2.344657255722e-10 
   58       2.367321589315e-10 
   59       2.390527375549e-10 
   60       2.414254011972e-10 
   61       2.438475076733e-10 
   62       2.463208788817e-10 
   63       2.488476550533e-10 
   64       2.514287250821e-10 
   65       2.540636430558e-10 
   66       2.567505447880e-10 
   67       2.594860643488e-10 
   68       2.622667870558e-10 
   69       2.650941369021e-10 
   70       2.679703340529e-10 
   71       2.708969026292e-10 
   72       2.738746265340e-10 
   73       2.769035052798e-10 
   74       2.799827098155e-10 
   75       2.831105383531e-10 
   76       2.862851863474e-10 
   77       2.895073161812e-10 
   78       2.927778779982e-10 
   79       2.960973100876e-10 
   80       2.994655114060e-10 
   81       3.028818140992e-10 
   82       3.063449560239e-10 
   83       3.098530532699e-10 
   84       3.134042281298e-10 
   85       3.169986728144e-10 
   86       3.206368790686e-10 
   87       3.243189969216e-10 
   88       3.280448182251e-10 
   89       3.318137601906e-10 
   90       3.356248489273e-10 
   91       3.394767029802e-10 
   92       3.433675168671e-10 
   93       3.472955352995e-10 
   94       3.512605931849e-10 
   95       3.552627778811e-10 
   96       3.593019495556e-10 
   97       3.633777314583e-10 
   98       3.674895001952e-10 
   99       3.716363760016e-10 
  100       3.758172130151e-10 
  101       3.800305895492e-10 
  102       3.842747983665e-10 
  103       3.885478369519e-10 
  104       3.928477720108e-10 
  105       3.971739099904e-10 
  106       4.015257672813e-10 
  107       4.059027045663e-10 
  108       4.103039212055e-10 
  109       4.147284496225e-10 
  110       4.191751496897e-10 
  111       4.236427031139e-10 
  112       4.281296078223e-10 
  113       4.326341723478e-10 
  114       4.371545102147e-10 
  115       4.416885343243e-10 
  116       4.462342214478e-10 
  117       4.507904541882e-10 
  118       4.553562713188e-10 
  119       4.599306036442e-10 
  120       4.645122707745e-10 
  121       4.690999778987e-10 
  122       4.736923125594e-10 
  123       4.782877414258e-10 
  124       4.828846070679e-10 
  125       4.874811247305e-10 
  126       4.920753791068e-10 
  127       4.966653211123e-10 
  128       5.012487646588e-10 
  129       5.058235987164e-10 
  130       5.103884566544e-10 
  131       5.149421145729e-10 
  132       5.194832809278e-10 
  133       5.240105948447e-10 
  134       5.285226244338e-10 
  135       5.330178651040e-10 
  136       5.374947378772e-10 
  137       5.419515877028e-10 
  138       5.463866817722e-10 
  139       5.507982078330e-10 
  140       5.551842725033e-10 
  141       5.595428995864e-10 
  142       5.638720283848e-10 
  143       5.681695120149e-10 
  144       5.724332861858e-10 
  145       5.766618978491e-10 
  146       5.808540257049e-10 
  147       5.850083137181e-10 
  148       5.891233704120e-10 
  149       5.931977681622e-10 
  150       5.972300424913e-10 
  151       6.012186913621e-10 
  152       6.051621744725e-10 
  153       6.090589125490e-10 
  154       6.129072866409e-10 
  155       6.167056374145e-10 
  156       6.204522644470e-10 
  157       6.241454255207e-10 
  158       6.277833359168e-10 
  159       6.313641677098e-10 
  160       6.348860490613e-10 
  161       6.383471989869e-10 
  162       6.417463465303e-10 
  163       6.450823474815e-10 
  164       6.483540521556e-10 
  165       6.515603053107e-10 
  166       6.546999460648e-10 
  167       6.577718078133e-10 
  168       6.607747181465e-10 
  169       6.637074987667e-10 
  170       6.665689654057e-10 
  171       6.693579277424e-10 
  172       6.720731893195e-10 
  173       6.747135474615e-10 
  174       6.772777931917e-10 
  175       6.797647111497e-10 
  176       6.821730795087e-10 
  177       6.845016698927e-10 
  178       6.867492472943e-10 
  179       6.889145699914e-10 
  180       6.909964810166e-10 
  181       6.929941908668e-10 
  182       6.949070171587e-10 
  183       6.967342953501e-10 
  184       6.984753789943e-10 
  185       7.001296399945e-10 
  186       7.016964688585e-10 
  187       7.031752749531e-10 
  188       7.045654867590e-10 
  189       7.058665521248e-10 
  190       7.070779385223e-10 
  191       7.081991333003e-10 
  192       7.092296439396e-10 
  193       7.101689983076e-10 
  194       7.110167449127e-10 
  195       7.117724531586e-10 
  196       7.124357135996e-10 
  197       7.130061381942e-10 
  198       7.134833605606e-10 
  199       7.138670362306e-10 
  200       7.141568429043e-10 
  201       7.143525225467e-10 
  202       7.144540104977e-10 
  203       7.144613160860e-10 
  204       7.143744819922e-10 
  205       7.141935846269e-10 
  206       7.139187345088e-10 
  207       7.135500766433e-10 
  208       7.130877909002e-10 
  209       7.125320923925e-10 
  210       7.118832318541e-10 
  211       7.111414960183e-10 
  212       7.103072079961e-10 
  213       7.093807276541e-10 
  214       7.083624519931e-10 
  215       7.072528155260e-10 
  216       7.060522906563e-10 
  217       7.047613880560e-10 
  218       7.033806570442e-10 
  219       7.019106859650e-10 
  220       7.003521025660e-10 
  221       6.987055743762e-10 
  222       6.969718090845e-10 
  223       6.951515549178e-10 
  224       6.932455821933e-10 
  225       6.912546258745e-10 
  226       6.891794400533e-10 
  227       6.870208167758e-10 
  228       6.847795863755e-10 
  229       6.824566178069e-10 
  230       6.800528189785e-10 
  231       6.775691370864e-10 
  232       6.750065589480e-10 
  233       6.723661113350e-10 
  234       6.696488613067e-10 
  235       6.668559165440e-10 
  236       6.639884256822e-10 
  237       6.610475786447e-10 
  238       6.580346069763e-10 
  239       6.549507841766e-10 
  240       6.517974260335e-10 
  241       6.485758909564e-10 
  242       6.452875803099e-10 
  243       6.419339387469e-10 
  244       6.385164545420e-10 
  245       6.350366599253e-10 
  246       6.314961314153e-10 
  247       6.278964901526e-10 
  248       6.242394022332e-10 
  249       6.205265790418e-10 
  250       6.167596915530e-10 
  251       6.129401070600e-10 
  252       6.090691378971e-10 
  253       6.051481262720e-10 
  254       6.011784444353e-10 
  255       5.971614948492e-10 
  256       5.930987103561e-10 
  257       5.889915543480e-10 
  258       5.848415209348e-10 
  259       5.806501351137e-10 
  260       5.764189529377e-10 
  261       5.721495616847e-10 
  262       5.678435800261e-10 
  263       5.635026581961e-10 
  264       5.591284781601e-10 
  265       5.547227537840e-10 
  266       5.502872310027e-10 
  267       5.458236879893e-10 
  268       5.413339353238e-10 
  269       5.368198161619e-10 
  270       5.322832064042e-10 
  271       5.277260148645e-10 
  272       5.231501834393e-10 
  273       5.185576872764e-10 
  274       5.139505349436e-10 
  275       5.093307685979e-10 
  276       5.047004641542e-10 
  277       5.000617314541e-10 
  278       4.954167144350e-10 
  279       4.907674516510e-10 
  280       4.861154494904e-10 
  281       4.814620871759e-10 
  282       4.768087543761e-10 
  283       4.721568511589e-10 
  284       4.675077879467e-10 
  285       4.628629854704e-10 
  286       4.582238747235e-10 
  287       4.535918969172e-10 
  288       4.489685034338e-10 
  289       4.443551557820e-10 
  290       4.397533255506e-10 
  291       4.351644943631e-10 
  292       4.305901538322e-10 
  293       4.260318055138e-10 
  294       4.214909608617e-10 
  295       4.169691411819e-10 
  296       4.124678775867e-10 
  297       4.079887109496e-10 
  298       4.035331918589e-10 
  299       3.991028805728e-10 
  300       3.946993469734e-10 
  301       3.903241705210e-10 
  302       3.859789402085e-10 
  303       3.816652545162e-10 
  304       3.773847213654e-10 
  305       3.731389580734e-10 
  306       3.689295913074e-10 
  307       3.647582570393e-10 
  308       3.606266004998e-10 
  309       3.565362761327e-10 
  310       3.524889475494e-10 
  311       3.484862874832e-10 
  312       3.445298375184e-10 
  313       3.406205801767e-10 
  314       3.367593468864e-10 
  315       3.329469562008e-10 
  316       3.291842135804e-10 
  317       3.254719111746e-10 
  318       3.218108276040e-10 
  319       3.182017277424e-10 
  320       3.146453624989e-10 
  321       3.111424685998e-10 
  322       3.076937683710e-10 
  323       3.042999695194e-10 
  324       3.009617649156e-10 
  325       2.976798323758e-10 
  326       2.944548344436e-10 
  327       2.912874181723e-10 
  328       2.881782149067e-10 
  329       2.851278400656e-10 
  330       2.821368929234e-10 
  331       2.792059563922e-10 
  332       2.763355968044e-10 
  333       2.735263636938e-10 
  334       2.707787895785e-10 
  335       2.680933897426e-10 
  336       2.654706620183e-10 
  337       2.629110865677e-10 
  338       2.604151256655e-10 
  339       2.579832234803e-10 
  340       2.556158058571e-10 
  341       2.533132800993e-10 
  342       2.510760347507e-10 
  343       2.489044393774e-10 
  344       2.467988443502e-10 
  345       2.447595806263e-10 
  346       2.427869595316e-10 
  347       2.408812725427e-10 
  348       2.390427910687e-10 
  349       2.372717216872e-10 
  350       2.355680702442e-10 
  351       2.339317716821e-10 
  352       2.323627338162e-10 
  353       2.308608370731e-10 
  354       2.294259342290e-10 
  355       2.280578501475e-10 
  356       2.267563815186e-10 
  357       2.255212965966e-10 
  358       2.243523349384e-10 
  359       2.232492071419e-10 
  360       2.222115945841e-10 
  361       2.212391491596e-10 
  362       2.203314930189e-10 
  363       2.194882183065e-10 
  364       2.187088868992e-10 
  365       2.179930301447e-10 
  366       2.173401485995e-10 
  367       2.167497117674e-10 
  368       2.162211578378e-10 
  369       2.157538934238e-10 
  370       2.153472933008e-10 
  371       2.150007001446e-10 
  372       2.147134242696e-10 
  373       2.144847433671e-10 
  374       2.143139022441e-10 
  375       2.142001125607e-10 
  376       2.141425525691e-10 
  377       2.141403668518e-10 
  378       2.141926660594e-10 
  379       2.142985266495e-10 
  380       2.144569906246e-10 
  381       2.146670652706e-10 
  382       2.149277228949e-10 
  383       2.152379005650e-10 
  384       2.155964998463e-10 
  385       2.160023865408e-10 
  386       2.164543904255e-10 
  387       2.169513049900e-10 
  388       2.174919899715e-10 
  389       2.180756837194e-10 
  390       2.187017020011e-10 
  391       2.193693360815e-10 
  392       2.200778525433e-10 
  393       2.208264931069e-10 
  394       2.216144744503e-10 
  395       2.224409880293e-10 
  396       2.233051998975e-10 
  397       2.242062505261e-10 
  398       2.251432546242e-10 
  399       2.261153009589e-10 
  400       2.271214521747e-10 
  401       2.281607446143e-10 
  402       2.292321881380e-10 
  403       2.303347659443e-10 
  404       2.314674343893e-10 
  405       2.326291228071e-10 
  406       2.338187333298e-10 
  407       2.350351407074e-10 
  408       2.362771921280e-10 
  409       2.375437070375e-10 
  410       2.388334769599e-10 
  411       2.401452653172e-10 
  412       2.414778072495e-10 
  413       2.428298094350e-10 
  414       2.441999499099e-10 
  415       2.455868778886e-10 
  416       2.469892135834e-10 
  417       2.484055480250e-10 
  418       2.498344428822e-10 
  419       2.512744302819e-10 
  420       2.527240126293e-10 
  421       2.541816624277e-10 
  422       2.556458220987e-10 
  423       2.571149038022e-10 
  424       2.585872892562e-10 
  425       2.600613295573e-10 
  426       2.615353450002e-10 
  427       2.630078142314e-10 
  428       2.644779491643e-10 
  429       2.659451392699e-10 
  430       2.674087639551e-10 
  431       2.688681925068e-10 
  432       2.703227840366e-10 
  433       2.717718874247e-10 
  434       2.732148412647e-10 
  435       2.746509738075e-10 
  436       2.760796029061e-10 
  437       2.775000359595e-10 
  438       2.789115698573e-10 
  439       2.803134909239e-10 
  440       2.817050748629e-10 
  441       2.830855867015e-10 
  442       2.844542807348e-10 
  443       2.858104004701e-10 
  444       2.871531785711e-10 
  445       2.884818368026e-10 
  446       2.897955859746e-10 
  447       2.910936258864e-10 
  448       2.923751452715e-10 
  449       2.936393217416e-10 
  450       2.948853217308e-10 
  451       2.961123004403e-10 
  452       2.973194017825e-10 
  453       2.985057583253e-10 
  454       2.996704912367e-10 
  455       3.008127102287e-10 
  456       3.019315135022e-10 
  457       3.030259876909e-10 
  458       3.040952078058e-10 
  459       3.051382371794e-10 
  460       3.061541274102e-10 
  461       3.071419183073e-10 
  462       3.081006378339e-10 
  463       3.090293020526e-10 
  464       3.099269150690e-10 
  465       3.107924689767e-10 
  466       3.116251090121e-10 
  467       3.124246348062e-10 
  468       3.131910146621e-10 
  469       3.139242217929e-10 
  470       3.146242343572e-10 
  471       3.152910354944e-10 
  472       3.159246133604e-10 
  473       3.165249611627e-10 
  474       3.170920771959e-10 
  475       3.176259648776e-10 
  476       3.181266327830e-10 
  477       3.185940946813e-10 
  478       3.190283695701e-10 
  479       3.194294817119e-10 
  480       3.197974606688e-10 
  481       3.201323413380e-10 
  482       3.204341639876e-10 
  483       3.207029742918e-10 
  484       3.209388233664e-10 
  485       3.211417678041e-10 
  486       3.213118697101e-10 
  487       3.214491967375e-10 
  488       3.215538221228e-10 
  489       3.216258247210e-10 
  490       3.216652890416e-10 
  491       3.216723052836e-10 
  492       3.216469693709e-10 
  493       3.215893829883e-10 
  494       3.214996536163e-10 
  495       3.213778945667e-10 
  496       3.212242250183e-10 
  497       3.210387700520e-10 
  498       3.208216606866e-10 
  499       3.205730339140e-10 
  500       3.202930327344e-10 
  501       3.199818061923e-10 
  502       3.196395094116e-10 
  503       3.192663036309e-10 
  504       3.188623562394e-10 
  505       3.184278926059e-10 
  506       3.179633531368e-10 
  507       3.174692408132e-10 
  508       3.169460698649e-10 
  509       3.163943658309e-10 
  510       3.158146656186e-10 
  511       3.152075175639e-10 
  512       3.145734814908e-10 
  513       3.139131287714e-10 
  514       3.132270423852e-10 
  515       3.125158169793e-10 
  516       3.117800589279e-10 
  517       3.110203863923e-10 
  518       3.102374293804e-10 
  519       3.094318298066e-10 
  520       3.086042415516e-10 
  521       3.077553305221e-10 
  522       3.068857747104e-10 
  523       3.059962642545e-10 
  524       3.050875014976e-10 
  525       3.041602010480e-10 
  526       3.032150898387e-10 
  527       3.022529071874e-10 
  528       3.012744048561e-10 
  529       3.002803471107e-10 
  530       2.992715107812e-10 
  531       2.982486853211e-10 
  532       2.972126728672e-10 
  533       2.961642882995e-10 
  534       2.951043593009e-10 
  535       2.940337264169e-10 
  536       2.929532431155e-10 
  537       2.918637758468e-10 
  538       2.907662041027e-10 
  539       2.896614204771e-10 
  540       2.885503307252e-10 
  541       2.874338538233e-10 
  542       2.863129220287e-10 
  543       2.851884809397e-10 
  544       2.840614212961e-10 
  545       2.829323722552e-10 
  546       2.818019027025e-10 
  547       2.806705890416e-10 
  548       2.795390152266e-10 
  549       2.784077727938e-10 
  550       2.772774608947e-10 
  551       2.761486863272e-10 
  552       2.750220635683e-10 
  553       2.738982148060e-10 
  554       2.727777699714e-10 
  555       2.716613667712e-10 
  556       2.705496507194e-10 
  557       2.694432751695e-10 
  558       2.683429013469e-10 
  559       2.672491983808e-10 
  560       2.661628433364e-10 
  561       2.650845212470e-10 
  562       2.640149251462e-10 
  563       2.629547561000e-10 
  564       2.619047232388e-10 
  565       2.608655437899e-10 
  566       2.598379431091e-10 
  567       2.588226547135e-10 
  568       2.578204203129e-10 
  569       2.568319898424e-10 
  570       2.558581214946e-10 
  571       2.548995817513e-10 
  572       2.539571454161e-10 
  573       2.530315956462e-10 
  574       2.521237239846e-10 
  575       2.512343303925e-10 
  576       2.503642232811e-10 
  577       2.495142195439e-10 
  578       2.486851445886e-10 
  579       2.478778323697e-10 
  580       2.470931254202e-10 
  581       2.463318748839e-10 
  582       2.455949405475e-10 
  583       2.448830713303e-10 
  584       2.441965434075e-10 
  585       2.435355131100e-10 
  586       2.429001356391e-10 
  587       2.422905650560e-10 
  588       2.417069542722e-10 
  589       2.411494550396e-10 
  590       2.406182179399e-10 
  591       2.401133923755e-10 
  592       2.396351265584e-10 
  593       2.391835675013e-10 
  594       2.387588610069e-10 
  595       2.383611516580e-10 
  596       2.379905828078e-10 
  597       2.376472965695e-10 
  598       2.373314338066e-10 
  599       2.370431341229e-10 
  600       2.367825358520e-10 
  601       2.365497760482e-10 
  602       2.363449904757e-10 
  603       2.361683135988e-10 
  604       2.360198785724e-10 
  605       2.358998172312e-10 
  606       2.358082600802e-10 
  607       2.357453362847e-10 
  608       2.357111736602e-10 
  609       2.357058986621e-10 
  610       2.357296363764e-10 
  611       2.357825105090e-10 
  612       2.358646433762e-10 
  613       2.359761558943e-10 
  614       2.361171675699e-10 
  615       2.362877964898e-10 
  616       2.364881593111e-10 
  617       2.367183712507e-10 
  618       2.369785460762e-10 
  619       2.372687960951e-10 
  620       2.375892321451e-10 
  621       2.379399635841e-10 
  622       2.383210207629e-10 
  623       2.387321204682e-10 
  624       2.391728949652e-10 
  625       2.396429689836e-10 
  626       2.401419596837e-10 
  627       2.406694766221e-10 
  628       2.412251217181e-10 
  629       2.418084892195e-10 
  630       2.424191656686e-10 
  631       2.430567298680e-10 
  632       2.437207528471e-10 
  633       2.444107978276e-10 
  634       2.451264201898e-10 
  635       2.458671674382e-10 
  636       2.466325791682e-10 
  637       2.474221870314e-10 
  638       2.482355147018e-10 
  639       2.490720778421e-10 
  640       2.499313840692e-10 
  641       2.508129329207e-10 
  642       2.517162158203e-10 
  643       2.526407160446e-10 
  644       2.535859086882e-10 
  645       2.545512606304e-10 
  646       2.555362305008e-10 
  647       2.565402686455e-10 
  648       2.575628170928e-10 
  649       2.586033095197e-10 
  650       2.596611712174e-10 
  651       2.607358190576e-10 
  652       2.618266614584e-10 
  653       2.629330983502e-10 
  654       2.640545211417e-10 
  655       2.651903126863e-10 
  656       2.663398472475e-10 
  657       2.675024904652e-10 
  658       2.686775993217e-10 
  659       2.698645221076e-10 
  660       2.710625983881e-10 
  661       2.722711745097e-10 
  662       2.734896505675e-10 
  663       2.747174344065e-10 
  664       2.759539261446e-10 
  665       2.771985181429e-10 
  666       2.784505949758e-10 
  667       2.797095334014e-10 
  668       2.809747023318e-10 
  669       2.822454628031e-10 
  670       2.835211679458e-10 
  671       2.848011629552e-10 
  672       2.860847850614e-10 
  673       2.873713634997e-10 
  674       2.886602194811e-10 
  675       2.899506661618e-10 
  676       2.912420086144e-10 
  677       2.925335437975e-10 
  678       2.938245605263e-10 
  679       2.951143394424e-10 
  680       2.964021529849e-10 
  681       2.976872653597e-10 
  682       2.989689325103e-10 
  683       3.002464020881e-10 
  684       3.015189134224e-10 
  685       3.027856974908e-10 
  686       3.040459768893e-10 
  687       3.052989658029e-10 
  688       3.065438699755e-10 
  689       3.077798866802e-10 
  690       3.090062046899e-10 
  691       3.102220042472e-10 
  692       3.114264570345e-10 
  693       3.126187261450e-10 
  694       3.137979660521e-10 
  695       3.149633225803e-10 
  696       3.161139328749e-10 
  697       3.172489253728e-10 
  698       3.183674197724e-10 
  699       3.194685270040e-10 
  700       3.205514391354e-10 
  701       3.216157012044e-10 
  702       3.226609449898e-10 
  703       3.236867995810e-10 
  704       3.246928913705e-10 
  705       3.256788440458e-10 
  706       3.266442785821e-10 
  707       3.275888132340e-10 
  708       3.285120635283e-10 
  709       3.294136422556e-10 
  710       3.302931594634e-10 
  711       3.311502224477e-10 
  712       3.319844357452e-10 
  713       3.327954011262e-10 
  714       3.335827175862e-10 
  715       3.343459813383e-10 
  716       3.350847858059e-10 
  717       3.357987216142e-10 
  718       3.364873765830e-10 
  719       3.371503357189e-10 
  720       3.377871812073e-10 
  721       3.383974924048e-10 
  722       3.389808458315e-10 
  723       3.395368151632e-10 
  724       3.400649712236e-10 
  725       3.405648819766e-10 
  726       3.410361125185e-10 
  727       3.414782250704e-10 
  728       3.418907789704e-10 
  729       3.422733306655e-10 
  730       3.426254337045e-10 
  731       3.429466387297e-10 
  732       3.432364934693e-10 
  733       3.434945427299e-10 
  734       3.437203283885e-10 
  735       3.439133893845e-10 
  736       3.440732617128e-10 
  737       3.441994784149e-10 
  738       3.442915695722e-10 
  739       3.443491588792e-10 
  740       3.443722554720e-10 
  741       3.443609678446e-10 
  742       3.443154078022e-10 
  743       3.442356904749e-10 
  744       3.441219343309e-10 
  745       3.439742611904e-10 
  746       3.437927962384e-10 
  747       3.435776680386e-10 
  748       3.433290085467e-10 
  749       3.430469531241e-10 
  750       3.427316405506e-10 
  751       3.423832130388e-10 
  752       3.420018162469e-10 
  753       3.415875992924e-10 
  754       3.411407147655e-10 
  755       3.406613187424e-10 
  756       3.401495707990e-10 
  757       3.396056340241e-10 
  758       3.390296750330e-10 
  759       3.384218639811e-10 
  760       3.377823745768e-10 
  761       3.371113840954e-10 
  762       3.364090733927e-10 
  763       3.356756269178e-10 
  764       3.349112327272e-10 
  765       3.341160824977e-10 
  766       3.332903715404e-10 
  767       3.324342988136e-10 
  768       3.315480669367e-10 
  769       3.306318822032e-10 
  770       3.296859545946e-10 
  771       3.287104977936e-10 
  772       3.277057291974e-10 
  773       3.266718699316e-10 
  774       3.256091448630e-10 
  775       3.245177826138e-10 
  776       3.233980155743e-10 
  777       3.222500799168e-10 
  778       3.210742537375e-10 
  779       3.198709722391e-10 
  780       3.186407147345e-10 
  781       3.173839667355e-10 
  782       3.161012199734e-10 
  783       3.147929724202e-10 
  784       3.134597283093e-10 
  785       3.121019981570e-10 
  786       3.107202987831e-10 
  787       3.093151533317e-10 
  788       3.078870912929e-10 
  789       3.064366485232e-10 
  790       3.049643672666e-10 
  791       3.034707961758e-10 
  792       3.019564903329e-10 
  793       3.004220112708e-10 
  794       2.988679269936e-10 
  795       2.972948119981e-10 
  796       2.957032472949e-10 
  797       2.940938204286e-10 
  798       2.924671254997e-10 
  799       2.908237631851e-10 
  800       2.891643407592e-10 
  801       2.874894721148e-10 
  802       2.857997777844e-10 
  803       2.840958849607e-10 
  804       2.823784275183e-10 
  805       2.806480460337e-10 
  806       2.789053878074e-10 
  807       2.771511068841e-10 
  808       2.753858640738e-10 
  809       2.736103269732e-10 
  810       2.718251699865e-10 
  811       2.700310743459e-10 
  812       2.682287281335e-10 
  813       2.664188263016e-10 
  814       2.646020706938e-10 
  815       2.627791700663e-10 
  816       2.609508401086e-10 
  817       2.591177646233e-10 
  818       2.572804782626e-10 
  819       2.554394817387e-10 
  820       2.535952804895e-10 
  821       2.517483846927e-10 
  822       2.498993092793e-10 
  823       2.480485739483e-10 
  824       2.461967031802e-10 
  825       2.443442262513e-10 
  826       2.424916772475e-10 
  827       2.406395950788e-10 
  828       2.387885234925e-10 
  829       2.369390110880e-10 
  830       2.350916113304e-10 
  831       2.332468825646e-10 
  832       2.314053880296e-10 
  833       2.295676958718e-10 
  834       2.277343791599e-10 
  835       2.259060158984e-10 
  836       2.240831890415e-10 
  837       2.222664865076e-10 
  838       2.204565011929e-10 
  839       2.186538309858e-10 
  840       2.168590787804e-10 
  841       2.150728524910e-10 
  842       2.132957650659e-10 
  843       2.115284345014e-10 
  844       2.097714838561e-10 
  845       2.080255412643e-10 
  846       2.062912399507e-10 
  847       2.045692182440e-10 
  848       2.028601195913e-10 
  849       2.011645925715e-10 
  850       1.994832909099e-10 
  851       1.978168734919e-10 
  852       1.961660043773e-10 
  853       1.945313528140e-10 
  854       1.929135932522e-10 
  855       1.913134053584e-10 
  856       1.897313921226e-10 
  857       1.881678326213e-10 
  858       1.866229250666e-10 
  859       1.850968683311e-10 
  860       1.835898619488e-10 
  861       1.821021061155e-10 
  862       1.806338016899e-10 
  863       1.791851501935e-10 
  864       1.777563538119e-10 
  865       1.763476153949e-10 
  866       1.749591384575e-10 
  867       1.735911271803e-10 
  868       1.722437864102e-10 
  869       1.709173216610e-10 
  870       1.696119391141e-10 
  871       1.683278456189e-10 
  872       1.670652486937e-10 
  873       1.658243565261e-10 
  874       1.646053779738e-10 
  875       1.634085225652e-10 
  876       1.622340004996e-10 
  877       1.610820226486e-10 
  878       1.599528005561e-10 
  879       1.588465464391e-10 
  880       1.577634731883e-10 
  881       1.567037943689e-10 
  882       1.556677242210e-10 
  883       1.546554776603e-10 
  884       1.536672702787e-10 
  885       1.527033183449e-10 
  886       1.517638388053e-10 
  887       1.508490492840e-10 
  888       1.499591680841e-10 
  889       1.490944141880e-10 
  890       1.482550072578e-10 
  891       1.474411676365e-10 
  892       1.466531163480e-10 
  893       1.458910750982e-10 
  894       1.451552662754e-10 
  895       1.444458457806e-10 
  896       1.437627003173e-10 
  897       1.431056467961e-10 
  898       1.424744991961e-10 
  899       1.418690685554e-10 
  900       1.412891629618e-10 
  901       1.407345875429e-10 
  902       1.402051444574e-10 
  903       1.397006328849e-10 
  904       1.392208490169e-10 
  905       1.387655860476e-10 
  906       1.383346341638e-10 
  907       1.379277805360e-10 
  908       1.375448093088e-10 
  909       1.371855015915e-10 
  910       1.368496354486e-10 
  911       1.365369858905e-10 
  912       1.362473248639e-10 
  913       1.359804212425e-10 
  914       1.357360408175e-10 
  915       1.355139462882e-10 
  916       1.353138972526e-10 
  917       1.351356501978e-10 
  918       1.349789584910e-10 
  919       1.348435723695e-10 
  920       1.347292389317e-10 
  921       1.346357021273e-10 
  922       1.345627027482e-10 
  923       1.345099784192e-10 
  924       1.344772635879e-10 
  925       1.344642895159e-10 
  926       1.344707842691e-10 
  927       1.344964727086e-10 
  928       1.345410764805e-10 
  929       1.346043140073e-10 
  930       1.346859004782e-10 
  931       1.347855478393e-10 
  932       1.349029647847e-10 
  933       1.350378567469e-10 
  934       1.351899135162e-10 
  935       1.353587719077e-10 
  936       1.355440524917e-10 
  937       1.357453719015e-10 
  938       1.359623428213e-10 
  939       1.361945739758e-10 
  940       1.364416701188e-10 
  941       1.367032320219e-10 
  942       1.369788564635e-10 
  943       1.372681362180e-10 
  944       1.375706600441e-10 
  945       1.378860126739e-10 
  946       1.382137748022e-10 
  947       1.385535230744e-10 
  948       1.389048300764e-10 
  949       1.392672643229e-10 
  950       1.396403902463e-10 
  951       1.400237681857e-10 
  952       1.404169543758e-10 
  953       1.408195009355e-10 
  954       1.412309558572e-10 
  955       1.416508629954e-10 
  956       1.420787620553e-10 
  957       1.425141885825e-10 
  958       1.429566739508e-10 
  959       1.434057453520e-10 
  960       1.438609257841e-10 
  961       1.443217340408e-10 
  962       1.447876846997e-10 
  963       1.452582881116e-10 
  964       1.457330503892e-10 
  965       1.462114733963e-10 
  966       1.466930547359e-10 
  967       1.471772877401e-10 
  968       1.476636614581e-10 
  969       1.481516606456e-10 
  970       1.486407657532e-10 
  971       1.491304529158e-10 
  972       1.496201939412e-10 
  973       1.501094976084e-10 
  974       1.505980342652e-10 
  975       1.510855130786e-10 
  976       1.515716408893e-10 
  977       1.520561222059e-10 
  978       1.525386591984e-10 
  979       1.530189516932e-10 
  980       1.534966971663e-10 
  981       1.539715907380e-10 
  982       1.544433251668e-10 
  983       1.549115908433e-10 
  984       1.553760757848e-10 
  985       1.558364656289e-10 
  986       1.562924436279e-10 
  987       1.567436906427e-10 
  988       1.571898851371e-10 
  989       1.576307031717e-10 
  990       1.580658183983e-10 
  991       1.584949020537e-10 
  992       1.589176229537e-10 
  993       1.593336474878e-10 
  994       1.597426396125e-10 
  995       1.601442608461e-10 
  996       1.605381702624e-10 
  997       1.609240244849e-10 
  998       1.613014776809e-10 
  999       1.616701815556e-10 
 1000       1.620297853463e-10 
 1001       1.623799358163e-10 
 1002       1.627202772490e-10 
 1003       1.630504514424e-10 
 1004       1.633700977027e-10 
 1005       1.636788528387e-10 
 1006       1.639763511556e-10 
 1007       1.642622244497e-10 
 1008       1.645361020017e-10 
 1009       1.647976105715e-10 
 1010       1.650463743917e-10 
 1011       1.652820151624e-10 
 1012       1.655042118242e-10 
 1013       1.657128808361e-10 
 1014       1.659079984883e-10 
 1015       1.660895413599e-10 
 1016       1.662574863194e-10 
 1017       1.664118105267e-10 
 1018       1.665524914332e-10 
 1019       1.666795067837e-10 
 1020       1.667928346171e-10 
 1021       1.668924532676e-10 
 1022       1.669783413657e-10 
 1023       1.670504778394e-10 
 1024       1.671088419154e-10 
 1025       1.671534131199e-10 
 1026       1.671841712800e-10 
 1027       1.672010965247e-10 
 1028       1.672041692857e-10 
 1029       1.671933702991e-10 
 1030       1.671686806060e-10 
 1031       1.671300815538e-10 
 1032       1.670775547971e-10 
 1033       1.670110822992e-10 
 1034       1.669306463329e-10 
 1035       1.668362294815e-10 
 1036       1.667278146401e-10 
 1037       1.666053850168e-10 
 1038       1.664689241335e-10 
 1039       1.663184158272e-10 
 1040       1.661538442510e-10 
 1041       1.659751938752e-10 
 1042       1.657824494885e-10 
 1043       1.655755961990e-10 
 1044       1.653546194355e-10 
 1045       1.651195049481e-10 
 1046       1.648702388099e-10 
 1047       1.646068074176e-10 
 1048       1.643291974932e-10 
 1049       1.640373960842e-10 
 1050       1.637313905657e-10 
 1051       1.634112054749e-10 
 1052       1.630770135769e-10 
 1053       1.627290263449e-10 
 1054       1.623674572719e-10 
 1055       1.619925218750e-10 
 1056       1.616044377011e-10 
 1057       1.612034243316e-10 
 1058       1.607897033878e-10 
 1059       1.603634985355e-10 
 1060       1.599250354909e-10 
 1061       1.594745420248e-10 
 1062       1.590122479683e-10 
 1063       1.585383852179e-10 
 1064       1.580531877400e-10 
 1065       1.575568915768e-10 
 1066       1.570497348507e-10 
 1067       1.565319577699e-10 
 1068       1.560038026333e-10 
 1069       1.554655138354e-10 
 1070       1.549173378718e-10 
 1071       1.543595233439e-10 
 1072       1.537923209643e-10 
 1073       1.532159835618e-10 
 1074       1.526307660862e-10 
 1075       1.520369256141e-10 
 1076       1.514347213531e-10 
 1077       1.508244146477e-10 
 1078       1.502062689839e-10 
 1079       1.495805499944e-10 
 1080       1.489475254639e-10 
 1081       1.483074653338e-10 
 1082       1.476606417078e-10 
 1083       1.470073288565e-10 
 1084       1.463478032229e-10 
 1085       1.456823434271e-10 
 1086       1.450112302718e-10 
 1087       1.443347467472e-10 
 1088       1.436531780360e-10 
 1089       1.429668115186e-10 
 1090       1.422759313037e-10 
 1091       1.415808017281e-10 
 1092       1.408816836461e-10 
 1093       1.401788398880e-10 
 1094       1.394725352647e-10 
 1095       1.387630365727e-10 
 1096       1.380506125982e-10 
 1097       1.373355341218e-10 
 1098       1.366180739230e-10 
 1099       1.358985067848e-10 
 1100       1.351771094983e-10 
 1101       1.344541608671e-10 
 1102       1.337299417118e-10 
 1103       1.330047348749e-10 
 1104       1.322788252247e-10 
 1105       1.315524996607e-10 
 1106       1.308260471173e-10 
 1107       1.300997585689e-10 
 1108       1.293739270343e-10 
 1109       1.286488475810e-10 
 1110       1.279248173302e-10 
 1111       1.272021354609e-10 
 1112       1.264811032147e-10 
 1113       1.257620239003e-10 
 1114       1.250452028981e-10 
 1115       1.243309476644e-10 
 1116       1.236195677366e-10 
 1117       1.229113747369e-10 
 1118       1.222066823776e-10 
 1119       1.215058064652e-10 
 1120       1.208090649053e-10 
 1121       1.201167777066e-10 
 1122       1.194292669860e-10 
 1123       1.187468569728e-10 
 1124       1.180698740133e-10 
 1125       1.173986465756e-10 
 1126       1.167335052537e-10 
 1127       1.160747827724e-10 
 1128       1.154228139918e-10 
 1129       1.147778994766e-10 
 1130       1.141401956789e-10 
 1131       1.135098233432e-10 
 1132       1.128869038138e-10 
 1133       1.122715590351e-10 
 1134       1.116639115538e-10 
 1135       1.110640845191e-10 
 1136       1.104722016845e-10 
 1137       1.098883874084e-10 
 1138       1.093127666555e-10 
 1139       1.087454649980e-10 
 1140       1.081866086163e-10 
 1141       1.076363243006e-10 
 1142       1.070947394518e-10 
 1143       1.065619820824e-10 
 1144       1.060381808180e-10 
 1145       1.055234648982e-10 
 1146       1.050179641779e-10 
 1147       1.045218091281e-10 
 1148       1.040351308372e-10 
 1149       1.035580610122e-10 
 1150       1.030907319797e-10 
 1151       1.026332766870e-10 
 1152       1.021858287034e-10 
 1153       1.017485222209e-10 
 1154       1.013214920559e-10 
 1155       1.009048736498e-10 
 1156       1.004988030704e-10 
 1157       1.001034170130e-10 
 1158       9.971885280121e-11 
 1159       9.934524838859e-11 
 1160       9.898274235934e-11 
 1161       9.863147392961e-11 
 1162       9.829158294854e-11 
 1163       9.796320989941e-11 
 1164       9.764649590076e-11 
 1165       9.734158270748e-11 
 1166       9.704861271195e-11 
 1167       9.676772894516e-11 
 1168       9.649903733943e-11 
 1169       9.624249299756e-11 
 1170       9.599801250279e-11 
 1171       9.576551152591e-11 
 1172       9.554490482299e-11 
 1173       9.533610623328e-11 
 1174       9.513902867690e-11 
 1175       9.495358415273e-11 
 1176       9.477968373615e-11 
 1177       9.461723757688e-11 
 1178       9.446615489673e-11 
 1179       9.432634398747e-11 
 1180       9.419771220856e-11 
 1181       9.408016598498e-11 
 1182       9.397361080503e-11 
 1183       9.387795121813e-11 
 1184       9.379309083262e-11 
 1185       9.371893231354e-11 
 1186       9.365537738044e-11 
 1187       9.360232680521e-11 
 1188       9.355968040983e-11 
 1189       9.352733706419e-11 
 1190       9.350519468391e-11 
 1191       9.349315022809e-11 
 1192       9.349109969716e-11 
 1193       9.349893813065e-11 
 1194       9.351655960501e-11 
 1195       9.354385723138e-11 
 1196       9.358072315341e-11 
 1197       9.362704854505e-11 
 1198       9.368272360837e-11 
 1199       9.374763757133e-11 
 1200       9.382167868559e-11 
 1201       9.390473422432e-11 
 1202       9.399669047998e-11 
 1203       9.409743276215e-11 
 1204       9.420684539528e-11 
 1205       9.432481171655e-11 
 1206       9.445121407360e-11 
 1207       9.458592020424e-11 
 1208       9.472874219917e-11 
 1209       9.487947703788e-11 
 1210       9.503792015843e-11 
 1211       9.520386545411e-11 
 1212       9.537710527011e-11 
 1213       9.555743040023e-11 
 1214       9.574463008354e-11 
 1215       9.593849200105e-11 
 1216       9.613880227242e-11 
 1217       9.634534545257e-11 
 1218       9.655790452846e-11 
 1219       9.677626091567e-11 
 1220       9.700019445515e-11 
 1221       9.722948340986e-11 
 1222       9.746390446144e-11 
 1223       9.770323270694e-11 
 1224       9.794724165545e-11 
 1225       9.819570322477e-11 
 1226       9.844838773816e-11 
 1227       9.870506392092e-11 
 1228       9.896549889716e-11 
 1229       9.922945818641e-11 
 1230       9.949670570034e-11 
 1231       9.976700373941e-11 
 1232       1.000401129896e-10 
 1233       1.003157925190e-10 
 1234       1.005937997745e-10 
 1235       1.008738905786e-10 
 1236       1.011558191261e-10 
 1237       1.014393379803e-10 
 1238       1.017241980705e-10 
 1239       1.020101486879e-10 
 1240       1.022969374828e-10 
 1241       1.025843104609e-10 
 1242       1.028720119804e-10 
 1243       1.031597847483e-10 
 1244       1.034473698172e-10 
 1245       1.037345065822e-10 
 1246       1.040209485942e-10 
 1247       1.043065112117e-10 
 1248       1.045910245019e-10 
 1249       1.048743174719e-10 
 1250       1.051562180667e-10 
 1251       1.054365531673e-10 
 1252       1.057151485883e-10 
 1253       1.059918290762e-10 
 1254       1.062664183067e-10 
 1255       1.065387388833e-10 
 1256       1.068086123346e-10 
 1257       1.070758591127e-10 
 1258       1.073402985906e-10 
 1259       1.076017490604e-10 
 1260       1.078600277313e-10 
 1261       1.081149507273e-10 
 1262       1.083663330851e-10 
 1263       1.086139887521e-10 
 1264       1.088577305842e-10 
 1265       1.090973703437e-10 
 1266       1.093327186975e-10 
 1267       1.095635852144e-10 
 1268       1.097897783638e-10 
 1269       1.100111055126e-10 
 1270       1.102273729242e-10 
 1271       1.104383857555e-10 
 1272       1.106439480552e-10 
 1273       1.108438627618e-10 
 1274       1.110379317013e-10 
 1275       1.112259555850e-10 
 1276       1.114077340077e-10 
 1277       1.115830654455e-10 
 1278       1.117517472535e-10 
 1279       1.119135756639e-10 
 1280       1.120683457840e-10 
 1281       1.122158515938e-10 
 1282       1.123558859440e-10 
 1283       1.124882405541e-10 
 1284       1.126127060102e-10 
 1285       1.127291022327e-10 
 1286       1.128373702645e-10 
 1287       1.129374815233e-10 
 1288       1.130294074261e-10 
 1289       1.131131193893e-10 
 1290       1.131885888293e-10 
 1291       1.132557871620e-10 
 1292       1.133146858033e-10 
 1293       1.133652561691e-10 
 1294       1.134074696754e-10 
 1295       1.134412977384e-10 
 1296       1.134667117747e-10 
 1297       1.134836832012e-10 
 1298       1.134921834354e-10 
 1299       1.134921838958e-10 
 1300       1.134836560011e-10 
 1301       1.134665711715e-10 
 1302       1.134409008277e-10 
 1303       1.134066163919e-10 
 1304       1.133636892874e-10 
 1305       1.133120909387e-10 
 1306       1.132517927720e-10 
 1307       1.131827662149e-10 
 1308       1.131049826969e-10 
 1309       1.130184136491e-10 
 1310       1.129230305045e-10 
 1311       1.128188046982e-10 
 1312       1.127057076676e-10 
 1313       1.125837108520e-10 
 1314       1.124527856934e-10 
 1315       1.123129036360e-10 
 1316       1.121640361268e-10 
 1317       1.120061546154e-10 
 1318       1.118392305542e-10 
 1319       1.116632353986e-10 
 1320       1.114781406070e-10 
 1321       1.112839176408e-10 
 1322       1.110805379650e-10 
 1323       1.108679730477e-10 
 1324       1.106462174396e-10 
 1325       1.104153582900e-10 
 1326       1.101755065985e-10 
 1327       1.099267742076e-10 
 1328       1.096692738042e-10 
 1329       1.094031189211e-10 
 1330       1.091284239393e-10 
 1331       1.088453040889e-10 
 1332       1.085538754516e-10 
 1333       1.082542549615e-10 
 1334       1.079465604078e-10 
 1335       1.076309104356e-10 
 1336       1.073074245482e-10 
 1337       1.069762231082e-10 
 1338       1.066374273400e-10 
 1339       1.062911593308e-10 
 1340       1.059375420324e-10 
 1341       1.055766992632e-10 
 1342       1.052087557098e-10 
 1343       1.048338369283e-10 
 1344       1.044520693465e-10 
 1345       1.040635802653e-10 
 1346       1.036684978607e-10 
 1347       1.032669511848e-10 
 1348       1.028590701685e-10 
 1349       1.024449856221e-10 
 1350       1.020248292381e-10 
 1351       1.015987335919e-10 
 1352       1.011668321440e-10 
 1353       1.007292592418e-10 
 1354       1.002861501210e-10 
 1355       9.983764090733e-11 
 1356       9.938386861836e-11 
 1357       9.892497116516e-11 
 1358       9.846108735393e-11 
 1359       9.799235688775e-11 
 1360       9.751892036826e-11 
 1361       9.704091929733e-11 
 1362       9.655849607876e-11 
 1363       9.607179622253e-11 
 1364       9.558097497992e-11 
 1365       9.508619078290e-11 
 1366       9.458760304994e-11 
 1367       9.408537218779e-11 
 1368       9.357965959332e-11 
 1369       9.307062765538e-11 
 1370       9.255843975663e-11 
 1371       9.204326027532e-11 
 1372       9.152525458721e-11 
 1373       9.100458906733e-11 
 1374       9.048143109185e-11 
 1375       8.995594903992e-11 
 1376       8.942831229547e-11 
 1377       8.889869124907e-11 
 1378       8.836725729976e-11 
 1379       8.783418285686e-11 
 1380       8.729964134185e-11 
 1381       8.676380719016e-11 
 1382       8.622685585302e-11 
 1383       8.568896379931e-11 
 1384       8.515030851735e-11 
 1385       8.461106851678e-11 
 1386       8.407142333037e-11 
 1387       8.353155351586e-11 
 1388       8.299164065777e-11 
 1389       8.245186736929e-11 
 1390       8.191241729404e-11 
 1391       8.137347510798e-11 
 1392       8.083522652116e-11 
 1393       8.029785827964e-11 
 1394       7.976155816726e-11 
 1395       7.922651500750e-11 
 1396       7.869291866530e-11 
 1397       7.816096004891e-11 
 1398       7.763083111172e-11 
 1399       7.710272485409e-11 
 1400       7.657683532516e-11 
 1401       7.605335762473e-11 
 1402       7.553247133450e-11 
 1403       7.501429061908e-11 
 1404       7.449891360816e-11 
 1405       7.398643892066e-11 
 1406       7.347696566555e-11 
 1407       7.297059344269e-11 
 1408       7.246742234361e-11 
 1409       7.196755295238e-11 
 1410       7.147108634643e-11 
 1411       7.097812409732e-11 
 1412       7.048876827164e-11 
 1413       7.000312143175e-11 
 1414       6.952128663667e-11 
 1415       6.904336744288e-11 
 1416       6.856946790513e-11 
 1417       6.809969257727e-11 
 1418       6.763414651307e-11 
 1419       6.717293526707e-11 
 1420       6.671616489535e-11 
 1421       6.626394195641e-11 
 1422       6.581637351195e-11 
 1423       6.537356712769e-11 
 1424       6.493563087426e-11 
 1425       6.450267332791e-11 
 1426       6.407480357145e-11 
 1427       6.365213119499e-11 
 1428       6.323476629678e-11 
 1429       6.282281948408e-11 
 1430       6.241640187390e-11 
 1431       6.201562509391e-11 
 1432       6.162060128318e-11 
 1433       6.123144309308e-11 
 1434       6.084826368805e-11 
 1435       6.047117674643e-11 
 1436       6.010029646130e-11 
 1437       5.973573754129e-11 
 1438       5.937761521141e-11 
 1439       5.902604521386e-11 
 1440       5.868114380888e-11 
 1441       5.834300619409e-11 
 1442       5.801164152145e-11 
 1443       5.768703722241e-11 
 1444       5.736918052911e-11 
 1445       5.705805847397e-11 
 1446       5.675365788922e-11 
 1447       5.645596540653e-11 
 1448       5.616496745653e-11 
 1449       5.588065026845e-11 
 1450       5.560299986963e-11 
 1451       5.533200208514e-11 
 1452       5.506764253736e-11 
 1453       5.480990664551e-11 
 1454       5.455877962528e-11 
 1455       5.431424648838e-11 
 1456       5.407629204211e-11 
 1457       5.384490088895e-11 
 1458       5.362005742613e-11 
 1459       5.340174584522e-11 
 1460       5.318995013168e-11 
 1461       5.298465406446e-11 
 1462       5.278584121555e-11 
 1463       5.259349494960e-11 
 1464       5.240759842344e-11 
 1465       5.222813458571e-11 
 1466       5.205508617639e-11 
 1467       5.188843572642e-11 
 1468       5.172816555724e-11 
 1469       5.157425778038e-11 
 1470       5.142669429705e-11 
 1471       5.128545679767e-11 
 1472       5.115052676152e-11 
 1473       5.102188545626e-11 
 1474       5.089951393751e-11 
 1475       5.078339304844e-11 
 1476       5.067350341937e-11 
 1477       5.056982546728e-11 
 1478       5.047233939546e-11 
 1479       5.038102519303e-11 
 1480       5.029585045486e-11 
 1481       5.021673371039e-11 
 1482       5.014358073153e-11 
 1483       5.007629667842e-11 
 1484       5.001478609830e-11 
 1485       4.995895292444e-11 
 1486       4.990870047506e-11 
 1487       4.986393145219e-11 
 1488       4.982454794066e-11 
 1489       4.979045140692e-11 
 1490       4.976154269803e-11 
 1491       4.973772204050e-11 
 1492       4.971888903926e-11 
 1493       4.970494267652e-11 
 1494       4.969578131072e-11 
 1495       4.969130267539e-11 
 1496       4.969140387813e-11 
 1497       4.969598139945e-11 
 1498       4.970493109171e-11 
 1499       4.971814817804e-11 
 1500       4.973552725124e-11 
 1501       4.975696227267e-11 
 1502       4.978234657118e-11 
 1503       4.981157284203e-11 
 1504       4.984453314577e-11 
 1505       4.988111890717e-11 
 1506       4.992122091413e-11 
 1507       4.996472931657e-11 
 1508       5.001153362536e-11 
 1509       5.006152271123e-11 
 1510       5.011458480365e-11 
 1511       5.017060748979e-11 
 1512       5.022947771337e-11 
 1513       5.029108177363e-11 
 1514       5.035530532418e-11 
 1515       5.042203337196e-11 
 1516       5.049115027612e-11 
 1517       5.056253974694e-11 
 1518       5.063608484473e-11 
 1519       5.071167112038e-11 
 1520       5.078919607217e-11 
 1521       5.086855977788e-11 
 1522       5.094966176042e-11 
 1523       5.103240098699e-11 
 1524       5.111667586809e-11 
 1525       5.120238425662e-11 
 1526       5.128942344695e-11 
 1527       5.137769017400e-11 
 1528       5.146708061228e-11 
 1529       5.155749037502e-11 
 1530       5.164881451318e-11 
 1531       5.174094751456e-11 
 1532       5.183378330288e-11 
 1533       5.192721523682e-11 
 1534       5.202113610912e-11 
 1535       5.211543814563e-11 
 1536       5.221001300440e-11 
 1537       5.230475177476e-11 
 1538       5.239954497637e-11 
 1539       5.249428255832e-11 
 1540       5.258885389815e-11 
 1541       5.268314780099e-11 
 1542       5.277705249860e-11 
 1543       5.287045564843e-11 
 1544       5.296324433272e-11 
 1545       5.305530505756e-11 
 1546       5.314652375194e-11 
 1547       5.323678576688e-11 
 1548       5.332597587445e-11 
 1549       5.341397826685e-11 
 1550       5.350067655551e-11 
 1551       5.358595377015e-11 
 1552       5.366969235783e-11 
 1553       5.375177418205e-11 
 1554       5.383208052181e-11 
 1555       5.391049207071e-11 
 1556       5.398688893598e-11 
 1557       5.406115063756e-11 
 1558       5.413316954751e-11 
 1559       5.420289134796e-11 
 1560       5.427027495117e-11 
 1561       5.433527909341e-11 
 1562       5.439786233470e-11 
 1563       5.445798305857e-11 
 1564       5.451559947177e-11 
 1565       5.457066960403e-11 
 1566       5.462315130778e-11 
 1567       5.467300225788e-11 
 1568       5.472017995138e-11 
 1569       5.476464170725e-11 
 1570       5.480634466611e-11 
 1571       5.484524578995e-11 
 1572       5.488130186190e-11 
 1573       5.491446948596e-11 
 1574       5.494470508672e-11 
 1575       5.497196490910e-11 
 1576       5.499620501809e-11 
 1577       5.501738129851e-11 
 1578       5.503544945471e-11 
 1579       5.505036501031e-11 
 1580       5.506208330798e-11 
 1581       5.507055950912e-11 
 1582       5.507574859363e-11 
 1583       5.507760535965e-11 
 1584       5.507608442326e-11 
 1585       5.507114021827e-11 
 1586       5.506272699592e-11 
 1587       5.505079882462e-11 
 1588       5.503530958970e-11 
 1589       5.501621299313e-11 
 1590       5.499346255327e-11 
 1591       5.496701160462e-11 
 1592       5.493681329752e-11 
 1593       5.490282059791e-11 
 1594       5.486498628706e-11 
 1595       5.482326296132e-11 
 1596       5.477760303184e-11 
 1597       5.472797204493e-11 
 1598       5.467438877711e-11 
 1599       5.461688550683e-11 
 1600       5.455549472753e-11 
 1601       5.449024914800e-11 
 1602       5.442118169278e-11 
 1603       5.434832550250e-11 
 1604       5.427171393420e-11 
 1605       5.419138056179e-11 
 1606       5.410735917633e-11 
 1607       5.401968378642e-11 
 1608       5.392838861857e-11 
 1609       5.383350811755e-11 
 1610       5.373507694677e-11 
 1611       5.363312998864e-11 
 1612       5.352770234490e-11 
 1613       5.341882933704e-11 
 1614       5.330654650660e-11 
 1615       5.319088961560e-11 
 1616       5.307189464685e-11 
 1617       5.294959780434e-11 
 1618       5.282403551358e-11 
 1619       5.269524442198e-11 
 1620       5.256326139924e-11 
 1621       5.242812353766e-11 
 1622       5.228986815251e-11 
 1623       5.214853278246e-11 
 1624       5.200415518984e-11 
 1625       5.185677336109e-11 
 1626       5.170642550709e-11 
 1627       5.155315006350e-11 
 1628       5.139698569117e-11 
 1629       5.123797127646e-11 
 1630       5.107614593164e-11 
 1631       5.091154899521e-11 
 1632       5.074422003231e-11 
 1633       5.057419883506e-11 
 1634       5.040152542292e-11 
 1635       5.022624004304e-11 
 1636       5.004838788837e-11 
 1637       4.986803329717e-11 
 1638       4.968524568118e-11 
 1639       4.950009482001e-11 
 1640       4.931265086172e-11 
 1641       4.912298432338e-11 
 1642       4.893116609168e-11 
 1643       4.873726742344e-11 
 1644       4.854135994627e-11 
 1645       4.834351565906e-11 
 1646       4.814380693262e-11 
 1647       4.794230651021e-11 
 1648       4.773908750815e-11 
 1649       4.753422341636e-11 
 1650       4.732778809895e-11 
 1651       4.711985579482e-11 
 1652       4.691050111818e-11 
 1653       4.669979905917e-11 
 1654       4.648782498442e-11 
 1655       4.627465463761e-11 
 1656       4.606036414009e-11 
 1657       4.584502999139e-11 
 1658       4.562872906983e-11 
 1659       4.541153863311e-11 
 1660       4.519353631885e-11 
 1661       4.497480014518e-11 
 1662       4.475540851133e-11 
 1663       4.453544019818e-11 
 1664       4.431497436884e-11 
 1665       4.409409056922e-11 
 1666       4.387286872864e-11 
 1667       4.365138916036e-11 
 1668       4.342973256216e-11 
 1669       4.320798001695e-11 
 1670       4.298621299330e-11 
 1671       4.276451334605e-11 
 1672       4.254296331687e-11 
 1673       4.232164553482e-11 
 1674       4.210064301695e-11 
 1675       4.188003410518e-11 
 1676       4.165987722752e-11 
 1677       4.144022600492e-11 
 1678       4.122113430315e-11 
 1679       4.100265623323e-11 
 1680       4.078484615176e-11 
 1681       4.056775866129e-11 
 1682       4.035144861063e-11 
 1683       4.013597109529e-11 
 1684       3.992138145777e-11 
 1685       3.970773528793e-11 
 1686       3.949508842338e-11 
 1687       3.928349694981e-11 
 1688       3.907301720136e-11 
 1689       3.886370576097e-11 
 1690       3.865561946073e-11 
 1691       3.844881538226e-11 
 1692       3.824335085707e-11 
 1693       3.803928346688e-11 
 1694       3.783667104401e-11 
 1695       3.763557167175e-11 
 1696       3.743604368468e-11 
 1697       3.723814566906e-11 
 1698       3.704193646316e-11 
 1699       3.684747515765e-11 
 1700       3.665482109592e-11 
 1701       3.646403387449e-11 
 1702       3.627517334331e-11 
 1703       3.608829960616e-11 
 1704       3.590347302100e-11 
 1705       3.572075420029e-11 
 1706       3.554020401142e-11 
 1707       3.536188357700e-11 
 1708       3.518585427525e-11 
 1709       3.501217774037e-11 
 1710       3.484091586286e-11 
 1711       3.467213078991e-11 
 1712       3.450588492576e-11 
 1713       3.434224093201e-11 
 1714       3.418125204715e-11 
 1715       3.402293295374e-11 
 1716       3.386728866323e-11 
 1717       3.371432417422e-11 
 1718       3.356404447245e-11 
 1719       3.341645453074e-11 
 1720       3.327155930896e-11 
 1721       3.312936375400e-11 
 1722       3.298987279973e-11 
 1723       3.285309136696e-11 
 1724       3.271902436340e-11 
 1725       3.258767668363e-11 
 1726       3.245905320905e-11 
 1727       3.233315880787e-11 
 1728       3.220999833503e-11 
 1729       3.208957663221e-11 
 1730       3.197189852776e-11 
 1731       3.185696883668e-11 
 1732       3.174479236057e-11 
 1733       3.163537388759e-11 
 1734       3.152871819245e-11 
 1735       3.142483003635e-11 
 1736       3.132371416694e-11 
 1737       3.122537531829e-11 
 1738       3.112981821086e-11 
 1739       3.103704755145e-11 
 1740       3.094706803317e-11 
 1741       3.085988433541e-11 
 1742       3.077550112378e-11 
 1743       3.069392305010e-11 
 1744       3.061515475233e-11 
 1745       3.053920085457e-11 
 1746       3.046606596701e-11 
 1747       3.039575468588e-11 
 1748       3.032827159341e-11 
 1749       3.026362125782e-11 
 1750       3.020180823325e-11 
 1751       3.014283705977e-11 
 1752       3.008671226328e-11 
 1753       3.003343125117e-11 
 1754       2.998296293433e-11 
 1755       2.993526892662e-11 
 1756       2.989031063269e-11 
 1757       2.984804924766e-11 
 1758       2.980844575684e-11 
 1759       2.977146093538e-11 
 1760       2.973705534797e-11 
 1761       2.970518934851e-11 
 1762       2.967582307985e-11 
 1763       2.964891647338e-11 
 1764       2.962442924883e-11 
 1765       2.960232091385e-11 
 1766       2.958255076376e-11 
 1767       2.956507788122e-11 
 1768       2.954986113590e-11 
 1769       2.953685918421e-11 
 1770       2.952603046891e-11 
 1771       2.951733321887e-11 
 1772       2.951072544872e-11 
 1773       2.950616495854e-11 
 1774       2.950360933353e-11 
 1775       2.950301594374e-11 
 1776       2.950434194372e-11 
 1777       2.950754427219e-11 
 1778       2.951257965177e-11 
 1779       2.951940458865e-11 
 1780       2.952797537225e-11 
 1781       2.953824807493e-11 
 1782       2.955017855168e-11 
 1783       2.956372243980e-11 
 1784       2.957883515856e-11 
 1785       2.959547190893e-11 
 1786       2.961358767323e-11 
 1787       2.963313721483e-11 
 1788       2.965407507783e-11 
 1789       2.967635558678e-11 
 1790       2.969993284628e-11 
 1791       2.972476074077e-11 
 1792       2.975079250678e-11 
 1793       2.977797944673e-11 
 1794       2.980627220401e-11 
 1795       2.983562118910e-11 
 1796       2.986597657918e-11 
 1797       2.989728831786e-11 
 1798       2.992950611482e-11 
 1799       2.996257944545e-11 
 1800       2.999645755059e-11 
 1801       3.003108943613e-11 
 1802       3.006642387275e-11 
 1803       3.010240939550e-11 
 1804       3.013899430356e-11 
 1805       3.017612665984e-11 
 1806       3.021375429071e-11 
 1807       3.025182478561e-11 
 1808       3.029028549675e-11 
 1809       3.032908353880e-11 
 1810       3.036816578853e-11 
 1811       3.040747888445e-11 
 1812       3.044696922658e-11 
 1813       3.048658297599e-11 
 1814       3.052626605459e-11 
 1815       3.056596414472e-11 
 1816       3.060562268883e-11 
 1817       3.064518688920e-11 
 1818       3.068460170754e-11 
 1819       3.072381186471e-11 
 1820       3.076276184038e-11 
 1821       3.080139587268e-11 
 1822       3.083965795788e-11 
 1823       3.087749185007e-11 
 1824       3.091484106082e-11 
 1825       3.095164885884e-11 
 1826       3.098785826968e-11 
 1827       3.102341207537e-11 
 1828       3.105825281409e-11 
 1829       3.109232277987e-11 
 1830       3.112556402221e-11 
 1831       3.115792366581e-11 
 1832       3.118936991667e-11 
 1833       3.121987618325e-11 
 1834       3.124941576790e-11 
 1835       3.127796186675e-11 
 1836       3.130548756954e-11 
 1837       3.133196585951e-11 
 1838       3.135736961326e-11 
 1839       3.138167160057e-11 
 1840       3.140484448432e-11 
 1841       3.142686082030e-11 
 1842       3.144769305707e-11 
 1843       3.146731353588e-11 
 1844       3.148569449045e-11 
 1845       3.150280804688e-11 
 1846       3.151862622351e-11 
 1847       3.153312093074e-11 
 1848       3.154626397094e-11 
 1849       3.155802703829e-11 
 1850       3.156838171861e-11 
 1851       3.157729948926e-11 
 1852       3.158475171901e-11 
 1853       3.159070966783e-11 
 1854       3.159514448684e-11 
 1855       3.159802721811e-11 
 1856       3.159932879453e-11 
 1857       3.159902003967e-11 
 1858       3.159707166767e-11 
 1859       3.159345428307e-11 
 1860       3.158813838065e-11 
 1861       3.158109434534e-11 
 1862       3.157229245206e-11 
 1863       3.156170286556e-11 
 1864       3.154929564030e-11 
 1865       3.153504072031e-11 
 1866       3.151890793904e-11 
 1867       3.150086701922e-11 
 1868       3.148088757274e-11 
 1869       3.145893910049e-11 
 1870       3.143499760709e-11 
 1871       3.140906550193e-11 
 1872       3.138115185362e-11 
 1873       3.135126578931e-11 
 1874       3.131941649480e-11 
 1875       3.128561321463e-11 
 1876       3.124986525213e-11 
 1877       3.121218196954e-11 
 1878       3.117257278811e-11 
 1879       3.113104718815e-11 
 1880       3.108761470913e-11 
 1881       3.104228494977e-11 
 1882       3.099506756814e-11 
 1883       3.094597228172e-11 
 1884       3.089500886750e-11 
 1885       3.084218716208e-11 
 1886       3.078751706173e-11 
 1887       3.073100852250e-11 
 1888       3.067267156029e-11 
 1889       3.061251625095e-11 
 1890       3.055055273036e-11 
 1891       3.048679119451e-11 
 1892       3.042124189960e-11 
 1893       3.035391516212e-11 
 1894       3.028482135894e-11 
 1895       3.021397092740e-11 
 1896       3.014137436538e-11 
 1897       3.006704223141e-11 
 1898       2.999098514472e-11 
 1899       2.991321378539e-11 
 1900       2.983373889438e-11 
 1901       2.975257127362e-11 
 1902       2.966972178613e-11 
 1903       2.958520135610e-11 
 1904       2.949902096893e-11 
 1905       2.941119167139e-11 
 1906       2.932172457165e-11 
 1907       2.923063083939e-11 
 1908       2.913792170587e-11 
 1909       2.904361197391e-11 
 1910       2.894773057687e-11 
 1911       2.885031010076e-11 
 1912       2.875138328198e-11 
 1913       2.865098300744e-11 
 1914       2.854914231484e-11 
 1915       2.844589439282e-11 
 1916       2.834127258120e-11 
 1917       2.823531037116e-11 
 1918       2.812804140543e-11 
 1919       2.801949947853e-11 
 1920       2.790971853696e-11 
 1921       2.779873267935e-11 
 1922       2.768657615677e-11 
 1923       2.757328337280e-11 
 1924       2.745888888387e-11 
 1925       2.734342739933e-11 
 1926       2.722693378176e-11 
 1927       2.710944304710e-11 
 1928       2.699099036491e-11 
 1929       2.687161105852e-11 
 1930       2.675134060525e-11 
 1931       2.663021463663e-11 
 1932       2.650826893859e-11 
 1933       2.638553945165e-11 
 1934       2.626206227116e-11 
 1935       2.613787364744e-11 
 1936       2.601300998604e-11 
 1937       2.588750784792e-11 
 1938       2.576140394964e-11 
 1939       2.563473516361e-11 
 1940       2.550753851821e-11 
 1941       2.537985119807e-11 
 1942       2.525171054424e-11 
 1943       2.512315405438e-11 
 1944       2.499421938300e-11 
 1945       2.486494434162e-11 
 1946       2.473536689899e-11 
 1947       2.460552518131e-11 
 1948       2.447545627134e-11 
 1949       2.434519259558e-11 
 1950       2.421476551034e-11 
 1951       2.408420650054e-11 
 1952       2.395354717987e-11 
 1953       2.382281929091e-11 
 1954       2.369205470535e-11 
 1955       2.356128542414e-11 
 1956       2.343054357764e-11 
 1957       2.329986142577e-11 
 1958       2.316927135822e-11 
 1959       2.303880589459e-11 
 1960       2.290849768453e-11 
 1961       2.277837950795e-11 
 1962       2.264848427516e-11 
 1963       2.251884502703e-11 
 1964       2.238949493516e-11 
 1965       2.226046730204e-11 
 1966       2.213179556125e-11 
 1967       2.200351327756e-11 
 1968       2.187565414715e-11 
 1969       2.174825199773e-11 
 1970       2.162134078875e-11 
 1971       2.149495461152e-11 
 1972       2.136912768943e-11 
 1973       2.124389437804e-11 
 1974       2.111928916531e-11 
 1975       2.099534667173e-11 
 1976       2.087210165049e-11 
 1977       2.074958898766e-11 
 1978       2.062784370233e-11 
 1979       2.050690094678e-11 
 1980       2.038679600667e-11 
 1981       2.026756430117e-11 
 1982       2.014924138314e-11 
 1983       2.003186293931e-11 
 1984       1.991546479040e-11 
 1985       1.980008289134e-11 
 1986       1.968575333138e-11 
 1987       1.957250808658e-11 
 1988       1.946036224261e-11 
 1989       1.934932667813e-11 
 1990       1.923941230404e-11 
 1991       1.913063006345e-11 
 1992       1.902299093177e-11 
 1993       1.891650591673e-11 
 1994       1.881118605841e-11 
 1995       1.870704242927e-11 
 1996       1.860408613420e-11 
 1997       1.850232831053e-11 
 1998       1.840178012812e-11 
 1999       1.830245278932e-11 
 2000       1.820435752907e-11 
 2001       1.810750561490e-11 
 2002       1.801190834697e-11 
 2003       1.791757705811e-11 
 2004       1.782452311386e-11 
 2005       1.773275791250e-11 
 2006       1.764229288508e-11 
 2007       1.755313949548e-11 
 2008       1.746530924039e-11 
 2009       1.737881364942e-11 
 2010       1.729366428506e-11 
 2011       1.720987274279e-11 
 2012       1.712745065105e-11 
 2013       1.704640967131e-11 
 2014       1.696676149810e-11 
 2015       1.688851785904e-11 
 2016       1.681169051488e-11 
 2017       1.673629125954e-11 
 2018       1.666233192012e-11 
 2019       1.658982435698e-11 
 2020       1.651878046373e-11 
 2021       1.644921216730e-11 
 2022       1.638113142794e-11 
 2023       1.631455023929e-11 
 2024       1.624948062841e-11 
 2025       1.618593465578e-11 
 2026       1.612392037540e-11 
 2027       1.606342968300e-11 
 2028       1.600445038008e-11 
 2029       1.594697020585e-11 
 2030       1.589097683714e-11 
 2031       1.583645788833e-11 
 2032       1.578340091126e-11 
 2033       1.573179339514e-11 
 2034       1.568162276647e-11 
 2035       1.563287638897e-11 
 2036       1.558554156347e-11 
 2037       1.553960552787e-11 
 2038       1.549505545701e-11 
 2039       1.545187846262e-11 
 2040       1.541006159322e-11 
 2041       1.536959183407e-11 
 2042       1.533045610701e-11 
 2043       1.529264127047e-11 
 2044       1.525613411934e-11 
 2045       1.522092138488e-11 
 2046       1.518698973465e-11 
 2047       1.515432577244e-11 
 2048       1.512291603816e-11 
 2049       1.509274700779e-11 
 2050       1.506380509326e-11 
 2051       1.503607664240e-11 
 2052       1.500954793883e-11 
 2053       1.498420520190e-11 
 2054       1.496003458659e-11 
 2055       1.493702218346e-11 
 2056       1.491515401850e-11 
 2057       1.489441605313e-11 
 2058       1.487479418406e-11 
 2059       1.485627424321e-11 
 2060       1.483884199767e-11 
 2061       1.482248314957e-11 
 2062       1.480718333601e-11 
 2063       1.479292812901e-11 
 2064       1.477970303536e-11 
 2065       1.476749212211e-11 
 2066       1.475627388223e-11 
 2067       1.474602533944e-11 
 2068       1.473672341993e-11 
 2069       1.472834495225e-11 
 2070       1.472086666719e-11 
 2071       1.471426519764e-11 
 2072       1.470851707848e-11 
 2073       1.470359874646e-11 
 2074       1.469948654008e-11 
 2075       1.469615669947e-11 
 2076       1.469358536624e-11 
 2077       1.469174858341e-11 
 2078       1.469062229525e-11 
 2079       1.469018234717e-11 
 2080       1.469040448559e-11 
 2081       1.469126435784e-11 
 2082       1.469273751202e-11 
 2083       1.469479939688e-11 
 2084       1.469742536171e-11 
 2085       1.470059065621e-11 
 2086       1.470427043036e-11 
 2087       1.470843973432e-11 
 2088       1.471307351829e-11 
 2089       1.471814663240e-11 
 2090       1.472363382658e-11 
 2091       1.472950975044e-11 
 2092       1.473574895316e-11 
 2093       1.474232588335e-11 
 2094       1.474921488894e-11 
 2095       1.475639021708e-11 
 2096       1.476382601395e-11 
 2097       1.477149632472e-11 
 2098       1.477937509338e-11 
 2099       1.478743616263e-11 
 2100       1.479565327378e-11 
 2101       1.480400006657e-11 
 2102       1.481245007912e-11 
 2103       1.482097674775e-11 
 2104       1.482955500432e-11 
 2105       1.483816608037e-11 
 2106       1.484679273617e-11 
 2107       1.485541766621e-11 
 2108       1.486402349914e-11 
 2109       1.487259279771e-11 
 2110       1.488110805868e-11 
 2111       1.488955171272e-11 
 2112       1.489790612439e-11 
 2113       1.490615359197e-11 
 2114       1.491427634750e-11 
 2115       1.492225655658e-11 
 2116       1.493007631838e-11 
 2117       1.493771766553e-11 
 2118       1.494516256404e-11 
 2119       1.495239291322e-11 
 2120       1.495939054562e-11 
 2121       1.496613722692e-11 
 2122       1.497261465589e-11 
 2123       1.497880446428e-11 
 2124       1.498468821677e-11 
 2125       1.499024741085e-11 
 2126       1.499546347679e-11 
 2127       1.500031777753e-11 
 2128       1.500479160863e-11 
 2129       1.500886619815e-11 
 2130       1.501252270660e-11 
 2131       1.501574222688e-11 
 2132       1.501850578415e-11 
 2133       1.502079433579e-11 
 2134       1.502258877133e-11 
 2135       1.502386991234e-11 
 2136       1.502461851237e-11 
 2137       1.502481525686e-11 
 2138       1.502444076308e-11 
 2139       1.502347558006e-11 
 2140       1.502190018845e-11 
 2141       1.501969500053e-11 
 2142       1.501684036006e-11 
 2143       1.501331949953e-11 
 2144       1.500912743398e-11 
 2145       1.500426212776e-11 
 2146       1.499872154278e-11 
 2147       1.499250363847e-11 
 2148       1.498560637181e-11 
 2149       1.497802769732e-11 
 2150       1.496976556705e-11 
 2151       1.496081793060e-11 
 2152       1.495118273510e-11 
 2153       1.494085792523e-11 
 2154       1.492984144318e-11 
 2155       1.491813122869e-11 
 2156       1.490572521904e-11 
 2157       1.489262134902e-11 
 2158       1.487881755097e-11 
 2159       1.486431175476e-11 
 2160       1.484910188778e-11 
 2161       1.483318587495e-11 
 2162       1.481656163874e-11 
 2163       1.479922709911e-11 
 2164       1.478118017357e-11 
 2165       1.476241877716e-11 
 2166       1.474294082243e-11 
 2167       1.472274421945e-11 
 2168       1.470182687583e-11 
 2169       1.468018669669e-11 
 2170       1.465782158467e-11 
 2171       1.463472943994e-11 
 2172       1.461090816018e-11 
 2173       1.458635564058e-11 
 2174       1.456106977387e-11 
 2175       1.453504845028e-11 
 2176       1.450828955755e-11 
 2177       1.448079098095e-11 
 2178       1.445255060326e-11 
 2179       1.442356630476e-11 
 2180       1.439383596326e-11 
 2181       1.436335745407e-11 
 2182       1.433213083256e-11 
 2183       1.430016489788e-11 
 2184       1.426747067326e-11 
 2185       1.423405922754e-11 
 2186       1.419994167520e-11 
 2187       1.416512917644e-11 
 2188       1.412963293720e-11 
 2189       1.409346420925e-11 
 2190       1.405663429022e-11 
 2191       1.401915452365e-11 
 2192       1.398103629907e-11 
 2193       1.394229105204e-11 
 2194       1.390293026419e-11 
 2195       1.386296546330e-11 
 2196       1.382240822333e-11 
 2197       1.378127016450e-11 
 2198       1.373956295332e-11 
 2199       1.369729830265e-11 
 2200       1.365448797176e-11 
 2201       1.361114376639e-11 
 2202       1.356727753879e-11 
 2203       1.352290118779e-11 
 2204       1.347802665881e-11 
 2205       1.343266594399e-11 
 2206       1.338683108219e-11 
 2207       1.334053415903e-11 
 2208       1.329378730701e-11 
 2209       1.324660270550e-11 
 2210       1.319899258082e-11 
 2211       1.315096920631e-11 
 2212       1.310254490233e-11 
 2213       1.305373203640e-11 
 2214       1.300454302316e-11 
 2215       1.295499032449e-11 
 2216       1.290508644956e-11 
 2217       1.285484395483e-11 
 2218       1.280427544416e-11 
 2219       1.275339356885e-11 
 2220       1.270221102769e-11 
 2221       1.265074079266e-11 
 2222       1.259899678764e-11 
 2223       1.254699321429e-11 
 2224       1.249474432687e-11 
 2225       1.244226443227e-11 
 2226       1.238956789011e-11 
 2227       1.233666911277e-11 
 2228       1.228358256546e-11 
 2229       1.223032276628e-11 
 2230       1.217690428627e-11 
 2231       1.212334174950e-11 
 2232       1.206964983307e-11 
 2233       1.201584326723e-11 
 2234       1.196193683542e-11 
 2235       1.190794537432e-11 
 2236       1.185388377392e-11 
 2237       1.179976697755e-11 
 2238       1.174560998199e-11 
 2239       1.169142783751e-11 
 2240       1.163723564789e-11 
 2241       1.158304857055e-11 
 2242       1.152888181655e-11 
 2243       1.147475065067e-11 
 2244       1.142067039150e-11 
 2245       1.136665641144e-11 
 2246       1.131272413680e-11 
 2247       1.125888904785e-11 
 2248       1.120516667890e-11 
 2249       1.115157261830e-11 
 2250       1.109812250858e-11 
 2251       1.104483204645e-11 
 2252       1.099171698286e-11 
 2253       1.093879312312e-11 
 2254       1.088607632688e-11 
 2255       1.083358250825e-11 
 2256       1.078132763582e-11 
 2257       1.072932773275e-11 
 2258       1.067759887681e-11 
 2259       1.062615720044e-11 
 2260       1.057501743741e-11 
 2261       1.052418855230e-11 
 2262       1.047367808283e-11 
 2263       1.042349359071e-11 
 2264       1.037364266166e-11 
 2265       1.032413290547e-11 
 2266       1.027497195600e-11 
 2267       1.022616747118e-11 
 2268       1.017772713310e-11 
 2269       1.012965864798e-11 
 2270       1.008196974622e-11 
 2271       1.003466818242e-11 
 2272       9.987761735405e-12 
 2273       9.941258208248e-12 
 2274       9.895165428303e-12 
 2275       9.849491247224e-12 
 2276       9.804243540994e-12 
 2277       9.759430209948e-12 
 2278       9.715059178798e-12 
 2279       9.671138396662e-12 
 2280       9.627675837085e-12 
 2281       9.584679498067e-12 
 2282       9.542157402091e-12 
 2283       9.500117596141e-12 
 2284       9.458568151734e-12 
 2285       9.417517164945e-12 
 2286       9.376972756428e-12 
 2287       9.336943071445e-12 
 2288       9.297436279892e-12 
 2289       9.258460576322e-12 
 2290       9.220024179971e-12 
 2291       9.182135334785e-12 
 2292       9.144802309444e-12 
 2293       9.108033397388e-12 
 2294       9.071836916843e-12 
 2295       9.036221210843e-12 
 2296       9.001194647262e-12 
 2297       8.966765618833e-12 
 2298       8.932942543176e-12 
 2299       8.899732001338e-12 
 2300       8.867133140396e-12 
 2301       8.835143235260e-12 
 2302       8.803759546902e-12 
 2303       8.772979322344e-12 
 2304       8.742799794637e-12 
 2305       8.713218182845e-12 
 2306       8.684231692032e-12 
 2307       8.655837513239e-12 
 2308       8.628032823472e-12 
 2309       8.600814785685e-12 
 2310       8.574180548760e-12 
 2311       8.548127247492e-12 
 2312       8.522652002573e-12 
 2313       8.497751920574e-12 
 2314       8.473424093929e-12 
 2315       8.449665600917e-12 
 2316       8.426473505648e-12 
 2317       8.403844858041e-12 
 2318       8.381776693814e-12 
 2319       8.360266034460e-12 
 2320       8.339309887237e-12 
 2321       8.318905245145e-12 
 2322       8.299049086914e-12 
 2323       8.279738376986e-12 
 2324       8.260970065495e-12 
 2325       8.242741088255e-12 
 2326       8.225048366740e-12 
 2327       8.207888808067e-12 
 2328       8.191259304984e-12 
 2329       8.175156735845e-12 
 2330       8.159577964601e-12 
 2331       8.144519840778e-12 
 2332       8.129979199462e-12 
 2333       8.115952861283e-12 
 2334       8.102437632399e-12 
 2335       8.089430304474e-12 
 2336       8.076927654668e-12 
 2337       8.064926445615e-12 
 2338       8.053422432090e-12 
 2339       8.042407374227e-12 
 2340       8.031872005565e-12 
 2341       8.021807024625e-12 
 2342       8.012203094876e-12 
 2343       8.003050844695e-12 
 2344       7.994340867328e-12 
 2345       7.986063720851e-12 
 2346       7.978209928133e-12 
 2347       7.970769976795e-12 
 2348       7.963734319174e-12 
 2349       7.957093372283e-12 
 2350       7.950837517773e-12 
 2351       7.944957101893e-12 
 2352       7.939442435453e-12 
 2353       7.934283793785e-12 
 2354       7.929471416703e-12 
 2355       7.924995508467e-12 
 2356       7.920846237743e-12 
 2357       7.917013737563e-12 
 2358       7.913488105289e-12 
 2359       7.910259402573e-12 
 2360       7.907317655317e-12 
 2361       7.904652853639e-12 
 2362       7.902254951828e-12 
 2363       7.900113868312e-12 
 2364       7.898219485612e-12 
 2365       7.896561650313e-12 
 2366       7.895130173015e-12 
 2367       7.893914828301e-12 
 2368       7.892905354698e-12 
 2369       7.892091454636e-12 
 2370       7.891462794409e-12 
 2371       7.891009004142e-12 
 2372       7.890719677744e-12 
 2373       7.890584372876e-12 
 2374       7.890592610910e-12 
 2375       7.890733876889e-12 
 2376       7.890997619492e-12 
 2377       7.891373573413e-12 
 2378       7.891852728759e-12 
 2379       7.892426367551e-12 
 2380       7.893085741806e-12 
 2381       7.893822073511e-12 
 2382       7.894626554589e-12 
 2383       7.895490346869e-12 
 2384       7.896404582049e-12 
 2385       7.897360361672e-12 
 2386       7.898348757089e-12 
 2387       7.899360809429e-12 
 2388       7.900387529564e-12 
 2389       7.901419898084e-12 
 2390       7.902448865259e-12 
 2391       7.903465351010e-12 
 2392       7.904460244877e-12 
 2393       7.905424405987e-12 
 2394       7.906348663021e-12 
 2395       7.907223814185e-12 
 2396       7.908040627176e-12 
 2397       7.908789839152e-12 
 2398       7.909462156697e-12 
 2399       7.910048255793e-12 
 2400       7.910538781787e-12 
 2401       7.910924349357e-12 
 2402       7.911195542485e-12 
 2403       7.911342914421e-12 
 2404       7.911356987650e-12 
 2405       7.911228253868e-12 
 2406       7.910947173941e-12 
 2407       7.910504177880e-12 
 2408       7.909889664803e-12 
 2409       7.909094002912e-12 
 2410       7.908107529452e-12 
 2411       7.906920550684e-12 
 2412       7.905523341854e-12 
 2413       7.903906147159e-12 
 2414       7.902059179716e-12 
 2415       7.899972621529e-12 
 2416       7.897637788063e-12 
 2417       7.895050629728e-12 
 2418       7.892208251550e-12 
 2419       7.889107750486e-12 
 2420       7.885746215421e-12 
 2421       7.882120727153e-12 
 2422       7.878228358392e-12 
 2423       7.874066173747e-12 
 2424       7.869631229722e-12 
 2425       7.864920574707e-12 
 2426       7.859931248967e-12 
 2427       7.854660284640e-12 
 2428       7.849104705724e-12 
 2429       7.843261528072e-12 
 2430       7.837127759385e-12 
 2431       7.830700399199e-12 
 2432       7.823976438883e-12 
 2433       7.816952861630e-12 
 2434       7.809626642446e-12 
 2435       7.801994748145e-12 
 2436       7.794054137341e-12 
 2437       7.785801760439e-12 
 2438       7.777234559629e-12 
 2439       7.768349468874e-12 
 2440       7.759143413908e-12 
 2441       7.749613312226e-12 
 2442       7.739756073072e-12 
 2443       7.729568597437e-12 
 2444       7.719047778049e-12 
 2445       7.708190499364e-12 
 2446       7.696993637559e-12 
 2447       7.685454060527e-12 
 2448       7.673568627863e-12 
 2449       7.661334190862e-12 
 2450       7.648747592507e-12 
 2451       7.635805667465e-12 
 2452       7.622505242077e-12 
 2453       7.608843134348e-12 
 2454       7.594816153945e-12 
 2455       7.580422289403e-12 
 2456       7.565664277519e-12 
 2457       7.550546055235e-12 
 2458       7.535071574364e-12 
 2459       7.519244801609e-12 
 2460       7.503069718575e-12 
 2461       7.486550321791e-12 
 2462       7.469690622719e-12 
 2463       7.452494647774e-12 
 2464       7.434966438337e-12 
 2465       7.417110050775e-12 
 2466       7.398929556452e-12 
 2467       7.380429041748e-12 
 2468       7.361612608074e-12 
 2469       7.342484371887e-12 
 2470       7.323048464707e-12 
 2471       7.303309033130e-12 
 2472       7.283270238850e-12 
 2473       7.262936258667e-12 
 2474       7.242311284509e-12 
 2475       7.221399523444e-12 
 2476       7.200205197697e-12 
 2477       7.178732544669e-12 
 2478       7.156985816945e-12 
 2479       7.134969282318e-12 
 2480       7.112687223802e-12 
 2481       7.090143939643e-12 
 2482       7.067343743344e-12 
 2483       7.044290963672e-12 
 2484       7.020989944680e-12 
 2485       6.997445045719e-12 
 2486       6.973660641455e-12 
 2487       6.949641121887e-12 
 2488       6.925390892359e-12 
 2489       6.900914373579e-12 
 2490       6.876216001630e-12 
 2491       6.851300227994e-12 
 2492       6.826171519560e-12 
 2493       6.800834358643e-12 
 2494       6.775290329194e-12 
 2495       6.749529356703e-12 
 2496       6.723538416892e-12 
 2497       6.697304444816e-12 
 2498       6.670814334822e-12 
 2499       6.644054940502e-12 
 2500       6.617013074662e-12 
