# dimensionless total [l(l+1)/2pi] C_l's
# for l=2 to 2500, i.e. number of multipoles equal to 2499
#
# -> if you prefer output in CAMB/HealPix/LensPix units/order, set 'format' to 'camb' in input file
# -> if you don't want to see such a header, set 'headers' to 'no' in input file
#
# 1:l     2:TT                 
    2       3.199290286164e-10 
    3       2.944128197573e-10 
    4       2.727384085879e-10 
    5       2.554904205887e-10 
    6       2.417565390584e-10 
    7       2.305897499747e-10 
    8       2.213474980032e-10 
    9       2.136712770141e-10 
   10       2.071167740789e-10 
   11       2.014487318949e-10 
   12       1.965374699073e-10 
   13       1.923139839013e-10 
   14       1.886966569740e-10 
   15       1.856447967264e-10 
   16       1.829390952024e-10 
   17       1.806355532040e-10 
   18       1.787574923019e-10 
   19       1.772920188308e-10 
   20       1.760970012241e-10 
   21       1.751804668247e-10 
   22       1.745310973525e-10 
   23       1.741618789315e-10 
   24       1.740409297751e-10 
   25       1.741386969090e-10 
   26       1.743992207338e-10 
   27       1.748394379775e-10 
   28       1.754671983629e-10 
   29       1.762604332641e-10 
   30       1.772233454441e-10 
   31       1.783451087228e-10 
   32       1.795957244887e-10 
   33       1.809753361391e-10 
   34       1.824785478724e-10 
   35       1.840885511259e-10 
   36       1.858089571205e-10 
   37       1.876401601465e-10 
   38       1.895691564969e-10 
   39       1.915771930551e-10 
   40       1.936691846697e-10 
   41       1.958520327741e-10 
   42       1.981257968548e-10 
   43       2.004862397334e-10 
   44       2.029350434334e-10 
   45       2.054716176960e-10 
   46       2.080896735554e-10 
   47       2.107767400399e-10 
   48       2.135189515806e-10 
   49       2.163181337401e-10 
   50       2.191787033793e-10 
   51       2.221026093434e-10 
   52       2.250891180762e-10 
   53       2.281362848342e-10 
   54       2.312463049600e-10 
   55       2.344211650074e-10 
   56       2.376609371121e-10 
   57       2.409636352815e-10 
   58       2.443250716839e-10 
   59       2.477405810646e-10 
   60       2.512109880233e-10 
   61       2.547377739909e-10 
   62       2.583212522055e-10 
   63       2.619604873279e-10 
   64       2.656532150577e-10 
   65       2.693969507045e-10 
   66       2.731927683383e-10 
   67       2.770421806686e-10 
   68       2.809459744651e-10 
   69       2.849041634313e-10 
   70       2.889159410775e-10 
   71       2.929796335945e-10 
   72       2.970934310128e-10 
   73       3.012578478880e-10 
   74       3.054736519781e-10 
   75       3.097410989485e-10 
   76       3.140599030148e-10 
   77       3.184292075848e-10 
   78       3.228475559013e-10 
   79       3.273128616839e-10 
   80       3.318230701837e-10 
   81       3.363783381430e-10 
   82       3.409791806002e-10 
   83       3.456257977867e-10 
   84       3.503180585549e-10 
   85       3.550554838061e-10 
   86       3.598372299179e-10 
   87       3.646620721723e-10 
   88       3.695283881833e-10 
   89       3.744345631203e-10 
   90       3.793803143504e-10 
   91       3.843655450236e-10 
   92       3.893899306644e-10 
   93       3.944529089193e-10 
   94       3.995536693034e-10 
   95       4.046911429471e-10 
   96       4.098639923431e-10 
   97       4.150706010928e-10 
   98       4.203090636538e-10 
   99       4.255775098966e-10 
  100       4.308751533955e-10 
  101       4.362013732628e-10 
  102       4.415553864679e-10 
  103       4.469362416424e-10 
  104       4.523428128852e-10 
  105       4.577737935679e-10 
  106       4.632276901396e-10 
  107       4.687028159320e-10 
  108       4.741972849647e-10 
  109       4.797090057502e-10 
  110       4.852359373400e-10 
  111       4.907769079954e-10 
  112       4.963308901831e-10 
  113       5.018967441238e-10 
  114       5.074732141744e-10 
  115       5.130589252106e-10 
  116       5.186523790092e-10 
  117       5.242519506309e-10 
  118       5.298558848022e-10 
  119       5.354622922981e-10 
  120       5.410691463245e-10 
  121       5.466742789005e-10 
  122       5.522753772411e-10 
  123       5.578701891177e-10 
  124       5.634571733605e-10 
  125       5.690349176176e-10 
  126       5.746019341169e-10 
  127       5.801566576927e-10 
  128       5.856974438125e-10 
  129       5.912225666036e-10 
  130       5.967302168794e-10 
  131       6.022185001665e-10 
  132       6.076854347310e-10 
  133       6.131289496053e-10 
  134       6.185468826144e-10 
  135       6.239369784030e-10 
  136       6.292968864619e-10 
  137       6.346243270291e-10 
  138       6.399176123462e-10 
  139       6.451751758506e-10 
  140       6.503954082417e-10 
  141       6.555766565725e-10 
  142       6.607172233423e-10 
  143       6.658153655882e-10 
  144       6.708692939780e-10 
  145       6.758771719018e-10 
  146       6.808371145644e-10 
  147       6.857471880774e-10 
  148       6.906054085512e-10 
  149       6.954097411876e-10 
  150       7.001580993715e-10 
  151       7.048483437632e-10 
  152       7.094782813907e-10 
  153       7.140458065285e-10 
  154       7.185493399779e-10 
  155       7.229874290714e-10 
  156       7.273586093708e-10 
  157       7.316614044814e-10 
  158       7.358943258667e-10 
  159       7.400558726618e-10 
  160       7.441445314886e-10 
  161       7.481587762696e-10 
  162       7.520970680421e-10 
  163       7.559578547726e-10 
  164       7.597395711713e-10 
  165       7.634406385060e-10 
  166       7.670594644163e-10 
  167       7.705944427285e-10 
  168       7.740439532692e-10 
  169       7.774063616798e-10 
  170       7.806800192308e-10 
  171       7.838633661619e-10 
  172       7.869552517596e-10 
  173       7.899546407362e-10 
  174       7.928605123414e-10 
  175       7.956718605990e-10 
  176       7.983876945433e-10 
  177       8.010070384559e-10 
  178       8.035289321023e-10 
  179       8.059524309688e-10 
  180       8.082766064987e-10 
  181       8.105005463293e-10 
  182       8.126233545284e-10 
  183       8.146441518311e-10 
  184       8.165620758762e-10 
  185       8.183762814431e-10 
  186       8.200859406882e-10 
  187       8.216902433818e-10 
  188       8.231883971448e-10 
  189       8.245796276848e-10 
  190       8.258631790336e-10 
  191       8.270383754575e-10 
  192       8.281048118847e-10 
  193       8.290621782500e-10 
  194       8.299101995406e-10 
  195       8.306486362342e-10 
  196       8.312772847378e-10 
  197       8.317959778261e-10 
  198       8.322045850798e-10 
  199       8.325030133242e-10 
  200       8.326912070675e-10 
  201       8.327691489397e-10 
  202       8.327368601306e-10 
  203       8.325944008283e-10 
  204       8.323418706580e-10 
  205       8.319794091202e-10 
  206       8.315071960291e-10 
  207       8.309254519513e-10 
  208       8.302344386443e-10 
  209       8.294344594945e-10 
  210       8.285258599562e-10 
  211       8.275090279898e-10 
  212       8.263843945003e-10 
  213       8.251524323094e-10 
  214       8.238136520845e-10 
  215       8.223686069820e-10 
  216       8.208178945208e-10 
  217       8.191621570172e-10 
  218       8.174020820191e-10 
  219       8.155384027411e-10 
  220       8.135718984984e-10 
  221       8.115033951423e-10 
  222       8.093337654941e-10 
  223       8.070639297799e-10 
  224       8.046948560654e-10 
  225       8.022275606903e-10 
  226       7.996631087028e-10 
  227       7.970026142946e-10 
  228       7.942472412352e-10 
  229       7.913982033063e-10 
  230       7.884567647371e-10 
  231       7.854242406382e-10 
  232       7.823019974366e-10 
  233       7.790914533101e-10 
  234       7.757940786220e-10 
  235       7.724113963559e-10 
  236       7.689449825497e-10 
  237       7.653964667310e-10 
  238       7.617674586299e-10 
  239       7.580593224945e-10 
  240       7.542733899456e-10 
  241       7.504110327460e-10 
  242       7.464736630793e-10 
  243       7.424627338292e-10 
  244       7.383797388585e-10 
  245       7.342262132882e-10 
  246       7.300037337764e-10 
  247       7.257139187977e-10 
  248       7.213584289220e-10 
  249       7.169389670939e-10 
  250       7.124572789114e-10 
  251       7.079151529052e-10 
  252       7.033144208176e-10 
  253       6.986569578820e-10 
  254       6.939446831015e-10 
  255       6.891795595282e-10 
  256       6.843635945423e-10 
  257       6.794988401312e-10 
  258       6.745873931683e-10 
  259       6.696313956925e-10 
  260       6.646330351870e-10 
  261       6.595945448585e-10 
  262       6.545182039163e-10 
  263       6.494063378510e-10 
  264       6.442613187143e-10 
  265       6.390855653975e-10 
  266       6.338813999264e-10 
  267       6.286506071272e-10 
  268       6.233948515922e-10 
  269       6.181158195471e-10 
  270       6.128152188869e-10 
  271       6.074947792116e-10 
  272       6.021562518619e-10 
  273       5.968014099551e-10 
  274       5.914320484210e-10 
  275       5.860499840374e-10 
  276       5.806570554664e-10 
  277       5.752551232895e-10 
  278       5.698460700441e-10 
  279       5.644318002590e-10 
  280       5.590142404900e-10 
  281       5.535953393562e-10 
  282       5.481770675752e-10 
  283       5.427614179994e-10 
  284       5.373504056515e-10 
  285       5.319460677606e-10 
  286       5.265504637977e-10 
  287       5.211656755115e-10 
  288       5.157938069646e-10 
  289       5.104369845686e-10 
  290       5.050973571208e-10 
  291       4.997770958393e-10 
  292       4.944783943989e-10 
  293       4.892034689673e-10 
  294       4.839545582404e-10 
  295       4.787339234784e-10 
  296       4.735438485417e-10 
  297       4.683864700016e-10 
  298       4.632632582487e-10 
  299       4.581755111787e-10 
  300       4.531245216453e-10 
  301       4.481115772657e-10 
  302       4.431379602264e-10 
  303       4.382049470878e-10 
  304       4.333138085905e-10 
  305       4.284658094599e-10 
  306       4.236622082124e-10 
  307       4.189042569601e-10 
  308       4.141932012166e-10 
  309       4.095302797023e-10 
  310       4.049167241501e-10 
  311       4.003537591101e-10 
  312       3.958426017559e-10 
  313       3.913844616893e-10 
  314       3.869805407461e-10 
  315       3.826320328015e-10 
  316       3.783401235750e-10 
  317       3.741059904368e-10 
  318       3.699308022122e-10 
  319       3.658157189876e-10 
  320       3.617618919158e-10 
  321       3.577704630212e-10 
  322       3.538425650056e-10 
  323       3.499793210532e-10 
  324       3.461818446362e-10 
  325       3.424512393204e-10 
  326       3.387885985703e-10 
  327       3.351950055546e-10 
  328       3.316715329516e-10 
  329       3.282192427549e-10 
  330       3.248391860782e-10 
  331       3.215324029614e-10 
  332       3.182998159930e-10 
  333       3.151419064504e-10 
  334       3.120590236465e-10 
  335       3.090514895285e-10 
  336       3.061195983681e-10 
  337       3.032636164522e-10 
  338       3.004837817722e-10 
  339       2.977803037149e-10 
  340       2.951533627521e-10 
  341       2.926031101313e-10 
  342       2.901296675654e-10 
  343       2.877331269230e-10 
  344       2.854135499187e-10 
  345       2.831709678031e-10 
  346       2.810053810530e-10 
  347       2.789167590615e-10 
  348       2.769050398284e-10 
  349       2.749701296499e-10 
  350       2.731119028095e-10 
  351       2.713302012671e-10 
  352       2.696248343502e-10 
  353       2.679955784435e-10 
  354       2.664421766791e-10 
  355       2.649643386268e-10 
  356       2.635617399842e-10 
  357       2.622340222667e-10 
  358       2.609807924979e-10 
  359       2.598016228998e-10 
  360       2.586960505826e-10 
  361       2.576635772352e-10 
  362       2.567036688151e-10 
  363       2.558157552390e-10 
  364       2.549992300724e-10 
  365       2.542534502199e-10 
  366       2.535777356158e-10 
  367       2.529713689137e-10 
  368       2.524335951770e-10 
  369       2.519636215688e-10 
  370       2.515606170423e-10 
  371       2.512237696249e-10 
  372       2.509524613743e-10 
  373       2.507460996557e-10 
  374       2.506040599065e-10 
  375       2.505256853769e-10 
  376       2.505102868694e-10 
  377       2.505571424799e-10 
  378       2.506654973372e-10 
  379       2.508345633437e-10 
  380       2.510635189154e-10 
  381       2.513515087221e-10 
  382       2.516976434280e-10 
  383       2.521009994316e-10 
  384       2.525606186058e-10 
  385       2.530755080386e-10 
  386       2.536446397730e-10 
  387       2.542669505473e-10 
  388       2.549413415355e-10 
  389       2.556666780872e-10 
  390       2.564417894680e-10 
  391       2.572654686001e-10 
  392       2.581364718018e-10 
  393       2.590535185284e-10 
  394       2.600152911121e-10 
  395       2.610204345022e-10 
  396       2.620675560056e-10 
  397       2.631552250268e-10 
  398       2.642819728083e-10 
  399       2.654462921705e-10 
  400       2.666466372526e-10 
  401       2.678814232519e-10 
  402       2.691490261651e-10 
  403       2.704477825276e-10 
  404       2.717759891543e-10 
  405       2.731319028796e-10 
  406       2.745137402978e-10 
  407       2.759196775030e-10 
  408       2.773478498298e-10 
  409       2.787963515933e-10 
  410       2.802632358292e-10 
  411       2.817467182530e-10 
  412       2.832457976064e-10 
  413       2.847596567191e-10 
  414       2.862874601557e-10 
  415       2.878283541002e-10 
  416       2.893814662413e-10 
  417       2.909459056571e-10 
  418       2.925207627004e-10 
  419       2.941051088833e-10 
  420       2.956979967622e-10 
  421       2.972984598232e-10 
  422       2.989055123664e-10 
  423       3.005181493914e-10 
  424       3.021353464820e-10 
  425       3.037560596909e-10 
  426       3.053792254255e-10 
  427       3.070037603320e-10 
  428       3.086285611806e-10 
  429       3.102525047507e-10 
  430       3.118744477156e-10 
  431       3.134932265278e-10 
  432       3.151076573033e-10 
  433       3.167165357072e-10 
  434       3.183186368385e-10 
  435       3.199127151149e-10 
  436       3.214975041579e-10 
  437       3.230717166775e-10 
  438       3.246340443576e-10 
  439       3.261831577406e-10 
  440       3.277177061126e-10 
  441       3.292363173881e-10 
  442       3.307375979952e-10 
  443       3.322201327604e-10 
  444       3.336824847936e-10 
  445       3.351231953731e-10 
  446       3.365407838306e-10 
  447       3.379337474360e-10 
  448       3.393005612825e-10 
  449       3.406396781715e-10 
  450       3.419495284975e-10 
  451       3.432287417622e-10 
  452       3.444768192095e-10 
  453       3.456934826411e-10 
  454       3.468784547626e-10 
  455       3.480314591987e-10 
  456       3.491522205085e-10 
  457       3.502404642011e-10 
  458       3.512959167510e-10 
  459       3.523183056134e-10 
  460       3.533073592397e-10 
  461       3.542628070930e-10 
  462       3.551843796634e-10 
  463       3.560718084835e-10 
  464       3.569248261439e-10 
  465       3.577431663084e-10 
  466       3.585265637295e-10 
  467       3.592747542640e-10 
  468       3.599874748882e-10 
  469       3.606644637135e-10 
  470       3.613054600016e-10 
  471       3.619102041803e-10 
  472       3.624784378585e-10 
  473       3.630099038418e-10 
  474       3.635043461481e-10 
  475       3.639615100226e-10 
  476       3.643811419538e-10 
  477       3.647629896882e-10 
  478       3.651068022466e-10 
  479       3.654123299386e-10 
  480       3.656793243789e-10 
  481       3.659075385019e-10 
  482       3.660967265777e-10 
  483       3.662466442274e-10 
  484       3.663570484385e-10 
  485       3.664276975800e-10 
  486       3.664583514185e-10 
  487       3.664487711329e-10 
  488       3.663987193304e-10 
  489       3.663079600616e-10 
  490       3.661762588359e-10 
  491       3.660034916086e-10 
  492       3.657899752619e-10 
  493       3.655361469439e-10 
  494       3.652424560525e-10 
  495       3.649093643043e-10 
  496       3.645373458044e-10 
  497       3.641268871161e-10 
  498       3.636784873303e-10 
  499       3.631926581351e-10 
  500       3.626699238850e-10 
  501       3.621108216713e-10 
  502       3.615159013907e-10 
  503       3.608857258156e-10 
  504       3.602208706632e-10 
  505       3.595219246652e-10 
  506       3.587894896373e-10 
  507       3.580241805489e-10 
  508       3.572266255926e-10 
  509       3.563974662537e-10 
  510       3.555373573796e-10 
  511       3.546469672498e-10 
  512       3.537269776449e-10 
  513       3.527780839166e-10 
  514       3.518009950572e-10 
  515       3.507964337688e-10 
  516       3.497651365332e-10 
  517       3.487078536814e-10 
  518       3.476253494631e-10 
  519       3.465184021162e-10 
  520       3.453878039365e-10 
  521       3.442343613471e-10 
  522       3.430588949680e-10 
  523       3.418622396857e-10 
  524       3.406452447229e-10 
  525       3.394087737077e-10 
  526       3.381537047434e-10 
  527       3.368809304780e-10 
  528       3.355913581737e-10 
  529       3.342859097767e-10 
  530       3.329655219862e-10 
  531       3.316310997402e-10 
  532       3.302833751268e-10 
  533       3.289230447426e-10 
  534       3.275508159772e-10 
  535       3.261674070625e-10 
  536       3.247735471231e-10 
  537       3.233699762256e-10 
  538       3.219574454284e-10 
  539       3.205367168317e-10 
  540       3.191085636271e-10 
  541       3.176737701475e-10 
  542       3.162331319165e-10 
  543       3.147874556986e-10 
  544       3.133375595490e-10 
  545       3.118842728628e-10 
  546       3.104284364253e-10 
  547       3.089709024616e-10 
  548       3.075125346864e-10 
  549       3.060542083536e-10 
  550       3.045968103063e-10 
  551       3.031412390265e-10 
  552       3.016884046846e-10 
  553       3.002392291897e-10 
  554       2.987946462387e-10 
  555       2.973556013668e-10 
  556       2.959230519967e-10 
  557       2.944979674884e-10 
  558       2.930813291894e-10 
  559       2.916741304841e-10 
  560       2.902773768436e-10 
  561       2.888920858754e-10 
  562       2.875192873736e-10 
  563       2.861600233680e-10 
  564       2.848153481745e-10 
  565       2.834863284443e-10 
  566       2.821740432143e-10 
  567       2.808795839562e-10 
  568       2.796040546267e-10 
  569       2.783485717172e-10 
  570       2.771142643033e-10 
  571       2.759021374996e-10 
  572       2.747126588950e-10 
  573       2.735461616684e-10 
  574       2.724029802293e-10 
  575       2.712834502173e-10 
  576       2.701879085018e-10 
  577       2.691166931815e-10 
  578       2.680701435839e-10 
  579       2.670486002653e-10 
  580       2.660524050095e-10 
  581       2.650819008285e-10 
  582       2.641374319612e-10 
  583       2.632193438734e-10 
  584       2.623279832571e-10 
  585       2.614636980306e-10 
  586       2.606268373374e-10 
  587       2.598177515464e-10 
  588       2.590367922508e-10 
  589       2.582843122685e-10 
  590       2.575606656409e-10 
  591       2.568662076332e-10 
  592       2.562012947332e-10 
  593       2.555662846517e-10 
  594       2.549615363212e-10 
  595       2.543874098964e-10 
  596       2.538442667531e-10 
  597       2.533324694881e-10 
  598       2.528523819185e-10 
  599       2.524043690816e-10 
  600       2.519887972345e-10 
  601       2.516060338533e-10 
  602       2.512564476329e-10 
  603       2.509404084867e-10 
  604       2.506582875461e-10 
  605       2.504104571599e-10 
  606       2.501972908941e-10 
  607       2.500191635314e-10 
  608       2.498764510707e-10 
  609       2.497695307269e-10 
  610       2.496987809304e-10 
  611       2.496644709990e-10 
  612       2.496664272674e-10 
  613       2.497043589959e-10 
  614       2.497779679421e-10 
  615       2.498869483243e-10 
  616       2.500309867864e-10 
  617       2.502097623614e-10 
  618       2.504229464362e-10 
  619       2.506702027153e-10 
  620       2.509511871853e-10 
  621       2.512655480787e-10 
  622       2.516129258385e-10 
  623       2.519929530821e-10 
  624       2.524052545656e-10 
  625       2.528494471478e-10 
  626       2.533251397547e-10 
  627       2.538319333433e-10 
  628       2.543694208660e-10 
  629       2.549371872346e-10 
  630       2.555348092849e-10 
  631       2.561618557403e-10 
  632       2.568178871763e-10 
  633       2.575024559847e-10 
  634       2.582151063375e-10 
  635       2.589553741515e-10 
  636       2.597227870520e-10 
  637       2.605168643374e-10 
  638       2.613371169431e-10 
  639       2.621830474058e-10 
  640       2.630541498275e-10 
  641       2.639499098401e-10 
  642       2.648698045689e-10 
  643       2.658133025974e-10 
  644       2.667798639312e-10 
  645       2.677689399621e-10 
  646       2.687799734325e-10 
  647       2.698123983994e-10 
  648       2.708656401987e-10 
  649       2.719391154090e-10 
  650       2.730322318164e-10 
  651       2.741443840768e-10 
  652       2.752749406699e-10 
  653       2.764232565824e-10 
  654       2.775886775461e-10 
  655       2.787705400005e-10 
  656       2.799681710564e-10 
  657       2.811808884581e-10 
  658       2.824080005470e-10 
  659       2.836488062241e-10 
  660       2.849025949134e-10 
  661       2.861686465243e-10 
  662       2.874462314152e-10 
  663       2.887346103558e-10 
  664       2.900330344906e-10 
  665       2.913407453015e-10 
  666       2.926569745711e-10 
  667       2.939809443453e-10 
  668       2.953118668963e-10 
  669       2.966489446861e-10 
  670       2.979913703284e-10 
  671       2.993383265528e-10 
  672       3.006889861668e-10 
  673       3.020425120191e-10 
  674       3.033980569627e-10 
  675       3.047547638177e-10 
  676       3.061117653342e-10 
  677       3.074681841553e-10 
  678       3.088231327803e-10 
  679       3.101757135272e-10 
  680       3.115250184961e-10 
  681       3.128701295318e-10 
  682       3.142101181871e-10 
  683       3.155440456854e-10 
  684       3.168709628840e-10 
  685       3.181899102368e-10 
  686       3.194999177573e-10 
  687       3.208000049819e-10 
  688       3.220891809321e-10 
  689       3.233664440784e-10 
  690       3.246307823025e-10 
  691       3.258812675696e-10 
  692       3.271173422118e-10 
  693       3.283385386117e-10 
  694       3.295443850278e-10 
  695       3.307344055803e-10 
  696       3.319081202390e-10 
  697       3.330650448088e-10 
  698       3.342046909174e-10 
  699       3.353265660015e-10 
  700       3.364301732937e-10 
  701       3.375150118091e-10 
  702       3.385805763324e-10 
  703       3.396263574040e-10 
  704       3.406518413072e-10 
  705       3.416565100549e-10 
  706       3.426398413762e-10 
  707       3.436013087028e-10 
  708       3.445403811567e-10 
  709       3.454565235357e-10 
  710       3.463491963011e-10 
  711       3.472178555639e-10 
  712       3.480619530716e-10 
  713       3.488809361953e-10 
  714       3.496742479158e-10 
  715       3.504413268108e-10 
  716       3.511816070415e-10 
  717       3.518945183391e-10 
  718       3.525794859921e-10 
  719       3.532359308323e-10 
  720       3.538632692221e-10 
  721       3.544609130409e-10 
  722       3.550282696719e-10 
  723       3.555647419890e-10 
  724       3.560697283432e-10 
  725       3.565426225497e-10 
  726       3.569828138743e-10 
  727       3.573896870203e-10 
  728       3.577626221152e-10 
  729       3.581009946973e-10 
  730       3.584041757027e-10 
  731       3.586716467370e-10 
  732       3.589033484410e-10 
  733       3.590993390492e-10 
  734       3.592596797471e-10 
  735       3.593844346835e-10 
  736       3.594736709830e-10 
  737       3.595274587587e-10 
  738       3.595458711249e-10 
  739       3.595289842094e-10 
  740       3.594768771664e-10 
  741       3.593896321889e-10 
  742       3.592673345211e-10 
  743       3.591100724714e-10 
  744       3.589179374246e-10 
  745       3.586910238548e-10 
  746       3.584294293377e-10 
  747       3.581332545632e-10 
  748       3.578026033483e-10 
  749       3.574375826493e-10 
  750       3.570383025746e-10 
  751       3.566048763971e-10 
  752       3.561374205670e-10 
  753       3.556360547242e-10 
  754       3.551009017111e-10 
  755       3.545320875849e-10 
  756       3.539297416303e-10 
  757       3.532939963721e-10 
  758       3.526249875878e-10 
  759       3.519228543201e-10 
  760       3.511877388897e-10 
  761       3.504197869074e-10 
  762       3.496191472872e-10 
  763       3.487859722587e-10 
  764       3.479204173795e-10 
  765       3.470226415480e-10 
  766       3.460928070158e-10 
  767       3.451310794007e-10 
  768       3.441376276985e-10 
  769       3.431126242965e-10 
  770       3.420562449852e-10 
  771       3.409687211185e-10 
  772       3.398504971484e-10 
  773       3.387020760957e-10 
  774       3.375239676966e-10 
  775       3.363166884252e-10 
  776       3.350807615174e-10 
  777       3.338167169931e-10 
  778       3.325250916800e-10 
  779       3.312064292363e-10 
  780       3.298612801739e-10 
  781       3.284902018815e-10 
  782       3.270937586478e-10 
  783       3.256725216845e-10 
  784       3.242270691491e-10 
  785       3.227579861686e-10 
  786       3.212658648622e-10 
  787       3.197513043643e-10 
  788       3.182149108479e-10 
  789       3.166572975475e-10 
  790       3.150790847823e-10 
  791       3.134808999790e-10 
  792       3.118633776955e-10 
  793       3.102271596434e-10 
  794       3.085728947112e-10 
  795       3.069012389877e-10 
  796       3.052128557848e-10 
  797       3.035084156608e-10 
  798       3.017885964431e-10 
  799       3.000540832520e-10 
  800       2.983055685230e-10 
  801       2.965437520304e-10 
  802       2.947693409102e-10 
  803       2.929830496834e-10 
  804       2.911856002787e-10 
  805       2.893777220561e-10 
  806       2.875601518294e-10 
  807       2.857336338900e-10 
  808       2.838989200292e-10 
  809       2.820567695621e-10 
  810       2.802079493499e-10 
  811       2.783531938920e-10 
  812       2.764930847656e-10 
  813       2.746281690625e-10 
  814       2.727589991394e-10 
  815       2.708861326344e-10 
  816       2.690101324824e-10 
  817       2.671315669310e-10 
  818       2.652510095563e-10 
  819       2.633690392789e-10 
  820       2.614862403793e-10 
  821       2.596032025144e-10 
  822       2.577205207324e-10 
  823       2.558387954896e-10 
  824       2.539586326654e-10 
  825       2.520806435787e-10 
  826       2.502054450031e-10 
  827       2.483336591835e-10 
  828       2.464659138513e-10 
  829       2.446028422403e-10 
  830       2.427450831029e-10 
  831       2.408932807255e-10 
  832       2.390480849445e-10 
  833       2.372101511620e-10 
  834       2.353801403617e-10 
  835       2.335587191249e-10 
  836       2.317465596460e-10 
  837       2.299443397483e-10 
  838       2.281527429002e-10 
  839       2.263724582308e-10 
  840       2.246041805454e-10 
  841       2.228486103419e-10 
  842       2.211064538262e-10 
  843       2.193784229281e-10 
  844       2.176652353174e-10 
  845       2.159676144191e-10 
  846       2.142862894299e-10 
  847       2.126219953337e-10 
  848       2.109754729171e-10 
  849       2.093474687860e-10 
  850       2.077387353806e-10 
  851       2.061499379289e-10 
  852       2.045813735242e-10 
  853       2.030332472604e-10 
  854       2.015057648587e-10 
  855       1.999991326679e-10 
  856       1.985135576647e-10 
  857       1.970492474546e-10 
  858       1.956064102716e-10 
  859       1.941852549793e-10 
  860       1.927859910708e-10 
  861       1.914088286694e-10 
  862       1.900539785290e-10 
  863       1.887216520343e-10 
  864       1.874120612014e-10 
  865       1.861254186784e-10 
  866       1.848619377453e-10 
  867       1.836218323147e-10 
  868       1.824053169325e-10 
  869       1.812126067778e-10 
  870       1.800439176635e-10 
  871       1.788994660370e-10 
  872       1.777794689802e-10 
  873       1.766841442101e-10 
  874       1.756137100792e-10 
  875       1.745683855760e-10 
  876       1.735483903251e-10 
  877       1.725539445882e-10 
  878       1.715852692639e-10 
  879       1.706425858884e-10 
  880       1.697261166359e-10 
  881       1.688360843190e-10 
  882       1.679727123891e-10 
  883       1.671362249370e-10 
  884       1.663268466929e-10 
  885       1.655448030270e-10 
  886       1.647903199503e-10 
  887       1.640636241145e-10 
  888       1.633649428124e-10 
  889       1.626945039788e-10 
  890       1.620525361905e-10 
  891       1.614391930073e-10 
  892       1.608543246351e-10 
  893       1.602977025222e-10 
  894       1.597690946687e-10 
  895       1.592682656157e-10 
  896       1.587949764340e-10 
  897       1.583489847131e-10 
  898       1.579300445506e-10 
  899       1.575379065406e-10 
  900       1.571723177633e-10 
  901       1.568330217735e-10 
  902       1.565197585897e-10 
  903       1.562322646834e-10 
  904       1.559702729675e-10 
  905       1.557335127861e-10 
  906       1.555217099026e-10 
  907       1.553345864893e-10 
  908       1.551718611164e-10 
  909       1.550332487405e-10 
  910       1.549184606940e-10 
  911       1.548272046741e-10 
  912       1.547591847315e-10 
  913       1.547141012596e-10 
  914       1.546916509836e-10 
  915       1.546915269493e-10 
  916       1.547134185119e-10 
  917       1.547570113255e-10 
  918       1.548219873318e-10 
  919       1.549080247489e-10 
  920       1.550147980607e-10 
  921       1.551419780055e-10 
  922       1.552892315655e-10 
  923       1.554562219551e-10 
  924       1.556426086105e-10 
  925       1.558480471783e-10 
  926       1.560721895047e-10 
  927       1.563146836245e-10 
  928       1.565751737500e-10 
  929       1.568533002598e-10 
  930       1.571486996883e-10 
  931       1.574609951475e-10 
  932       1.577897674518e-10 
  933       1.581345835188e-10 
  934       1.584950058823e-10 
  935       1.588705926803e-10 
  936       1.592608976422e-10 
  937       1.596654700773e-10 
  938       1.600838548614e-10 
  939       1.605155924253e-10 
  940       1.609602187422e-10 
  941       1.614172653152e-10 
  942       1.618862591652e-10 
  943       1.623667228186e-10 
  944       1.628581742945e-10 
  945       1.633601270931e-10 
  946       1.638720901828e-10 
  947       1.643935679879e-10 
  948       1.649240603768e-10 
  949       1.654630626489e-10 
  950       1.660100655229e-10 
  951       1.665645551241e-10 
  952       1.671260129723e-10 
  953       1.676939159691e-10 
  954       1.682677363861e-10 
  955       1.688469418521e-10 
  956       1.694309953412e-10 
  957       1.700193551599e-10 
  958       1.706114749352e-10 
  959       1.712068036024e-10 
  960       1.718047853921e-10 
  961       1.724048598186e-10 
  962       1.730064616673e-10 
  963       1.736090209820e-10 
  964       1.742119630531e-10 
  965       1.748147084052e-10 
  966       1.754166727843e-10 
  967       1.760172671461e-10 
  968       1.766158976432e-10 
  969       1.772119656128e-10 
  970       1.778048675649e-10 
  971       1.783940475378e-10 
  972       1.789791550557e-10 
  973       1.795598895228e-10 
  974       1.801359480644e-10 
  975       1.807070255214e-10 
  976       1.812728144444e-10 
  977       1.818330050883e-10 
  978       1.823872854062e-10 
  979       1.829353410442e-10 
  980       1.834768553356e-10 
  981       1.840115092948e-10 
  982       1.845389816122e-10 
  983       1.850589486483e-10 
  984       1.855710844280e-10 
  985       1.860750606348e-10 
  986       1.865705466054e-10 
  987       1.870572093240e-10 
  988       1.875347134161e-10 
  989       1.880027211438e-10 
  990       1.884608923991e-10 
  991       1.889088846990e-10 
  992       1.893463531794e-10 
  993       1.897729505895e-10 
  994       1.901883272862e-10 
  995       1.905921312285e-10 
  996       1.909840079716e-10 
  997       1.913636006614e-10 
  998       1.917305500288e-10 
  999       1.920844943839e-10 
 1000       1.924250696104e-10 
 1001       1.927519091603e-10 
 1002       1.930646440474e-10 
 1003       1.933629028424e-10 
 1004       1.936463116668e-10 
 1005       1.939144941875e-10 
 1006       1.941670716107e-10 
 1007       1.944036626768e-10 
 1008       1.946238836543e-10 
 1009       1.948273483343e-10 
 1010       1.950136680247e-10 
 1011       1.951825207215e-10 
 1012       1.953338597288e-10 
 1013       1.954677080417e-10 
 1014       1.955840894454e-10 
 1015       1.956830285171e-10 
 1016       1.957645506290e-10 
 1017       1.958286819505e-10 
 1018       1.958754494506e-10 
 1019       1.959048809006e-10 
 1020       1.959170048761e-10 
 1021       1.959118507598e-10 
 1022       1.958894487438e-10 
 1023       1.958498298321e-10 
 1024       1.957930258428e-10 
 1025       1.957190694110e-10 
 1026       1.956279939908e-10 
 1027       1.955198338581e-10 
 1028       1.953946241126e-10 
 1029       1.952524006808e-10 
 1030       1.950932003177e-10 
 1031       1.949170606102e-10 
 1032       1.947240199786e-10 
 1033       1.945141176796e-10 
 1034       1.942873938086e-10 
 1035       1.940438893021e-10 
 1036       1.937836459402e-10 
 1037       1.935067063489e-10 
 1038       1.932131140029e-10 
 1039       1.929029132275e-10 
 1040       1.925761492014e-10 
 1041       1.922328679592e-10 
 1042       1.918731163936e-10 
 1043       1.914969422579e-10 
 1044       1.911043941685e-10 
 1045       1.906955216074e-10 
 1046       1.902703749245e-10 
 1047       1.898290053402e-10 
 1048       1.893714649474e-10 
 1049       1.888978067147e-10 
 1050       1.884080844882e-10 
 1051       1.879023891660e-10 
 1052       1.873809577663e-10 
 1053       1.868440658806e-10 
 1054       1.862919916450e-10 
 1055       1.857250157471e-10 
 1056       1.851434214321e-10 
 1057       1.845474945094e-10 
 1058       1.839375233586e-10 
 1059       1.833137989363e-10 
 1060       1.826766147822e-10 
 1061       1.820262670254e-10 
 1062       1.813630543910e-10 
 1063       1.806872782062e-10 
 1064       1.799992424071e-10 
 1065       1.792992535446e-10 
 1066       1.785876207908e-10 
 1067       1.778646559457e-10 
 1068       1.771306734433e-10 
 1069       1.763859903581e-10 
 1070       1.756309264113e-10 
 1071       1.748658039774e-10 
 1072       1.740909480902e-10 
 1073       1.733066864498e-10 
 1074       1.725133494281e-10 
 1075       1.717112700759e-10 
 1076       1.709007841289e-10 
 1077       1.700822300142e-10 
 1078       1.692559488567e-10 
 1079       1.684222844851e-10 
 1080       1.675815834389e-10 
 1081       1.667341949743e-10 
 1082       1.658804710705e-10 
 1083       1.650207664364e-10 
 1084       1.641554385168e-10 
 1085       1.632848474989e-10 
 1086       1.624093563183e-10 
 1087       1.615293306658e-10 
 1088       1.606451389934e-10 
 1089       1.597571525209e-10 
 1090       1.588657452424e-10 
 1091       1.579712788544e-10 
 1092       1.570740573082e-10 
 1093       1.561743716616e-10 
 1094       1.552725151065e-10 
 1095       1.543687829739e-10 
 1096       1.534634727384e-10 
 1097       1.525568840232e-10 
 1098       1.516493186050e-10 
 1099       1.507410804187e-10 
 1100       1.498324755625e-10 
 1101       1.489238123025e-10 
 1102       1.480154010777e-10 
 1103       1.471075545046e-10 
 1104       1.462005873826e-10 
 1105       1.452948166982e-10 
 1106       1.443905616300e-10 
 1107       1.434881435540e-10 
 1108       1.425878860479e-10 
 1109       1.416901148963e-10 
 1110       1.407951580953e-10 
 1111       1.399033458574e-10 
 1112       1.390150106166e-10 
 1113       1.381304870329e-10 
 1114       1.372501119974e-10 
 1115       1.363742246368e-10 
 1116       1.355031663188e-10 
 1117       1.346372806565e-10 
 1118       1.337769135133e-10 
 1119       1.329224130079e-10 
 1120       1.320741295192e-10 
 1121       1.312324156907e-10 
 1122       1.303976264359e-10 
 1123       1.295701189430e-10 
 1124       1.287502526794e-10 
 1125       1.279383893969e-10 
 1126       1.271348931365e-10 
 1127       1.263401302332e-10 
 1128       1.255544693208e-10 
 1129       1.247782813367e-10 
 1130       1.240119395271e-10 
 1131       1.232557725354e-10 
 1132       1.225099229961e-10 
 1133       1.217744871236e-10 
 1134       1.210495614629e-10 
 1135       1.203352428902e-10 
 1136       1.196316286132e-10 
 1137       1.189388161716e-10 
 1138       1.182569034374e-10 
 1139       1.175859886157e-10 
 1140       1.169261702447e-10 
 1141       1.162775471966e-10 
 1142       1.156402186777e-10 
 1143       1.150142842290e-10 
 1144       1.143998437266e-10 
 1145       1.137969973822e-10 
 1146       1.132058457436e-10 
 1147       1.126264896950e-10 
 1148       1.120590304575e-10 
 1149       1.115035695896e-10 
 1150       1.109602089876e-10 
 1151       1.104290508862e-10 
 1152       1.099101978586e-10 
 1153       1.094037528173e-10 
 1154       1.089098190145e-10 
 1155       1.084285000422e-10 
 1156       1.079598998332e-10 
 1157       1.075041226610e-10 
 1158       1.070612731408e-10 
 1159       1.066314562295e-10 
 1160       1.062147772262e-10 
 1161       1.058113417730e-10 
 1162       1.054212558550e-10 
 1163       1.050446258012e-10 
 1164       1.046815582843e-10 
 1165       1.043321603221e-10 
 1166       1.039965392769e-10 
 1167       1.036748028567e-10 
 1168       1.033670591154e-10 
 1169       1.030734164532e-10 
 1170       1.027939836171e-10 
 1171       1.025288290826e-10 
 1172       1.022778586425e-10 
 1173       1.020409362912e-10 
 1174       1.018179247018e-10 
 1175       1.016086852226e-10 
 1176       1.014130778748e-10 
 1177       1.012309613486e-10 
 1178       1.010621930004e-10 
 1179       1.009066288499e-10 
 1180       1.007641235768e-10 
 1181       1.006345305176e-10 
 1182       1.005177016626e-10 
 1183       1.004134876530e-10 
 1184       1.003217377774e-10 
 1185       1.002422999691e-10 
 1186       1.001750208025e-10 
 1187       1.001197454906e-10 
 1188       1.000763178815e-10 
 1189       1.000445804553e-10 
 1190       1.000243743212e-10 
 1191       1.000155392143e-10 
 1192       1.000179134924e-10 
 1193       1.000313341329e-10 
 1194       1.000556367301e-10 
 1195       1.000906554915e-10 
 1196       1.001362232349e-10 
 1197       1.001921713858e-10 
 1198       1.002583299733e-10 
 1199       1.003345276281e-10 
 1200       1.004205915785e-10 
 1201       1.005163476478e-10 
 1202       1.006216202510e-10 
 1203       1.007362323918e-10 
 1204       1.008600056595e-10 
 1205       1.009927602258e-10 
 1206       1.011343148417e-10 
 1207       1.012844868345e-10 
 1208       1.014430921046e-10 
 1209       1.016099451225e-10 
 1210       1.017848589257e-10 
 1211       1.019676377404e-10 
 1212       1.021580547570e-10 
 1213       1.023558740801e-10 
 1214       1.025608580758e-10 
 1215       1.027727673679e-10 
 1216       1.029913608342e-10 
 1217       1.032163956026e-10 
 1218       1.034476270476e-10 
 1219       1.036848087867e-10 
 1220       1.039276926762e-10 
 1221       1.041760288081e-10 
 1222       1.044295655060e-10 
 1223       1.046880493217e-10 
 1224       1.049512250310e-10 
 1225       1.052188356306e-10 
 1226       1.054906223339e-10 
 1227       1.057663245675e-10 
 1228       1.060456799677e-10 
 1229       1.063284243764e-10 
 1230       1.066142918375e-10 
 1231       1.069030145935e-10 
 1232       1.071943230815e-10 
 1233       1.074879459293e-10 
 1234       1.077836099524e-10 
 1235       1.080810401495e-10 
 1236       1.083799596992e-10 
 1237       1.086800899565e-10 
 1238       1.089811504484e-10 
 1239       1.092828588709e-10 
 1240       1.095849310851e-10 
 1241       1.098870811131e-10 
 1242       1.101890211350e-10 
 1243       1.104904614845e-10 
 1244       1.107911106456e-10 
 1245       1.110906752487e-10 
 1246       1.113888600673e-10 
 1247       1.116853680136e-10 
 1248       1.119799001353e-10 
 1249       1.122721556120e-10 
 1250       1.125618317508e-10 
 1251       1.128486493352e-10 
 1252       1.131324289991e-10 
 1253       1.134130157378e-10 
 1254       1.136902536350e-10 
 1255       1.139639858613e-10 
 1256       1.142340546721e-10 
 1257       1.145003014065e-10 
 1258       1.147625664848e-10 
 1259       1.150206894072e-10 
 1260       1.152745087519e-10 
 1261       1.155238621734e-10 
 1262       1.157685864005e-10 
 1263       1.160085172348e-10 
 1264       1.162434895489e-10 
 1265       1.164733372847e-10 
 1266       1.166978934511e-10 
 1267       1.169169901231e-10 
 1268       1.171304584395e-10 
 1269       1.173381286010e-10 
 1270       1.175398298689e-10 
 1271       1.177353905631e-10 
 1272       1.179246380602e-10 
 1273       1.181073987920e-10 
 1274       1.182834982436e-10 
 1275       1.184527609516e-10 
 1276       1.186150105024e-10 
 1277       1.187700695305e-10 
 1278       1.189177597167e-10 
 1279       1.190579017860e-10 
 1280       1.191903155066e-10 
 1281       1.193148196873e-10 
 1282       1.194312321762e-10 
 1283       1.195393698589e-10 
 1284       1.196390486567e-10 
 1285       1.197300835249e-10 
 1286       1.198122884506e-10 
 1287       1.198854764518e-10 
 1288       1.199494595747e-10 
 1289       1.200040488925e-10 
 1290       1.200490545037e-10 
 1291       1.200843208516e-10 
 1292       1.201098331254e-10 
 1293       1.201256120608e-10 
 1294       1.201316787284e-10 
 1295       1.201280545345e-10 
 1296       1.201147612217e-10 
 1297       1.200918208700e-10 
 1298       1.200592558973e-10 
 1299       1.200170890602e-10 
 1300       1.199653434550e-10 
 1301       1.199040425182e-10 
 1302       1.198332100275e-10 
 1303       1.197528701025e-10 
 1304       1.196630472053e-10 
 1305       1.195637661417e-10 
 1306       1.194550520614e-10 
 1307       1.193369304594e-10 
 1308       1.192094271764e-10 
 1309       1.190725683994e-10 
 1310       1.189263806631e-10 
 1311       1.187708908501e-10 
 1312       1.186061261919e-10 
 1313       1.184321142697e-10 
 1314       1.182488830151e-10 
 1315       1.180564607110e-10 
 1316       1.178548759922e-10 
 1317       1.176441578463e-10 
 1318       1.174243356146e-10 
 1319       1.171954389925e-10 
 1320       1.169574980307e-10 
 1321       1.167105431356e-10 
 1322       1.164546050704e-10 
 1323       1.161897149558e-10 
 1324       1.159159042705e-10 
 1325       1.156332048524e-10 
 1326       1.153416488991e-10 
 1327       1.150412689688e-10 
 1328       1.147320979810e-10 
 1329       1.144141692172e-10 
 1330       1.140875163220e-10 
 1331       1.137521928552e-10 
 1332       1.134083311836e-10 
 1333       1.130560842375e-10 
 1334       1.126956060206e-10 
 1335       1.123270516113e-10 
 1336       1.119505771652e-10 
 1337       1.115663399174e-10 
 1338       1.111744981842e-10 
 1339       1.107752113652e-10 
 1340       1.103686399458e-10 
 1341       1.099549454990e-10 
 1342       1.095342906874e-10 
 1343       1.091068392658e-10 
 1344       1.086727560825e-10 
 1345       1.082322070823e-10 
 1346       1.077853593079e-10 
 1347       1.073323809024e-10 
 1348       1.068734411112e-10 
 1349       1.064087102841e-10 
 1350       1.059383598777e-10 
 1351       1.054625624570e-10 
 1352       1.049814916980e-10 
 1353       1.044953223895e-10 
 1354       1.040042304351e-10 
 1355       1.035083928558e-10 
 1356       1.030079877915e-10 
 1357       1.025031945035e-10 
 1358       1.019941933765e-10 
 1359       1.014811659207e-10 
 1360       1.009642947737e-10 
 1361       1.004437637030e-10 
 1362       9.991975760775e-11 
 1363       9.939246252112e-11 
 1364       9.886206561214e-11 
 1365       9.832875518799e-11 
 1366       9.779272069603e-11 
 1367       9.725415272590e-11 
 1368       9.671324301166e-11 
 1369       9.617018443383e-11 
 1370       9.562517102155e-11 
 1371       9.507839156024e-11 
 1372       9.453001033577e-11 
 1373       9.398018618909e-11 
 1374       9.342907889371e-11 
 1375       9.287684915739e-11 
 1376       9.232365862383e-11 
 1377       9.176966987436e-11 
 1378       9.121504642963e-11 
 1379       9.065995275134e-11 
 1380       9.010455424388e-11 
 1381       8.954901725606e-11 
 1382       8.899350908278e-11 
 1383       8.843819796674e-11 
 1384       8.788325310014e-11 
 1385       8.732884462634e-11 
 1386       8.677514364160e-11 
 1387       8.622232219672e-11 
 1388       8.567055329878e-11 
 1389       8.512001091282e-11 
 1390       8.457086996351e-11 
 1391       8.402330633686e-11 
 1392       8.347749688195e-11 
 1393       8.293361941254e-11 
 1394       8.239185270885e-11 
 1395       8.185237651918e-11 
 1396       8.131537156168e-11 
 1397       8.078101952596e-11 
 1398       8.024950307485e-11 
 1399       7.972100584606e-11 
 1400       7.919571245388e-11 
 1401       7.867380849087e-11 
 1402       7.815548052958e-11 
 1403       7.764091612420e-11 
 1404       7.713030381228e-11 
 1405       7.662383311642e-11 
 1406       7.612169454595e-11 
 1407       7.562407959866e-11 
 1408       7.513118076244e-11 
 1409       7.464319151701e-11 
 1410       7.416030633562e-11 
 1411       7.368269723887e-11 
 1412       7.321044318702e-11 
 1413       7.274359995926e-11 
 1414       7.228222353543e-11 
 1415       7.182637009632e-11 
 1416       7.137609602391e-11 
 1417       7.093145790168e-11 
 1418       7.049251251491e-11 
 1419       7.005931685090e-11 
 1420       6.963192809932e-11 
 1421       6.921040365245e-11 
 1422       6.879480110545e-11 
 1423       6.838517825669e-11 
 1424       6.798159310799e-11 
 1425       6.758410386491e-11 
 1426       6.719276893704e-11 
 1427       6.680764693828e-11 
 1428       6.642879668710e-11 
 1429       6.605627720685e-11 
 1430       6.569014772603e-11 
 1431       6.533046767857e-11 
 1432       6.497729670410e-11 
 1433       6.463069464825e-11 
 1434       6.429072156293e-11 
 1435       6.395743770658e-11 
 1436       6.363090354450e-11 
 1437       6.331117974910e-11 
 1438       6.299832720017e-11 
 1439       6.269240698520e-11 
 1440       6.239348039962e-11 
 1441       6.210160894713e-11 
 1442       6.181685433991e-11 
 1443       6.153927849897e-11 
 1444       6.126894355439e-11 
 1445       6.100591184564e-11 
 1446       6.075024592179e-11 
 1447       6.050200854188e-11 
 1448       6.026126267513e-11 
 1449       6.002807150127e-11 
 1450       5.980249841076e-11 
 1451       5.958458553123e-11 
 1452       5.937428906910e-11 
 1453       5.917154331673e-11 
 1454       5.897628206631e-11 
 1455       5.878843860891e-11 
 1456       5.860794573350e-11 
 1457       5.843473572605e-11 
 1458       5.826874036855e-11 
 1459       5.810989093813e-11 
 1460       5.795811820603e-11 
 1461       5.781335243675e-11 
 1462       5.767552338703e-11 
 1463       5.754456030495e-11 
 1464       5.742039192900e-11 
 1465       5.730294648708e-11 
 1466       5.719215169563e-11 
 1467       5.708793475863e-11 
 1468       5.699022236670e-11 
 1469       5.689894069612e-11 
 1470       5.681401540792e-11 
 1471       5.673537164693e-11 
 1472       5.666293404080e-11 
 1473       5.659662669915e-11 
 1474       5.653637321250e-11 
 1475       5.648209665145e-11 
 1476       5.643371956567e-11 
 1477       5.639116398295e-11 
 1478       5.635435140831e-11 
 1479       5.632320282302e-11 
 1480       5.629763868366e-11 
 1481       5.627757892119e-11 
 1482       5.626294294000e-11 
 1483       5.625364961697e-11 
 1484       5.624961730054e-11 
 1485       5.625076380973e-11 
 1486       5.625700643324e-11 
 1487       5.626826192851e-11 
 1488       5.628444652073e-11 
 1489       5.630547590194e-11 
 1490       5.633126523007e-11 
 1491       5.636172356109e-11 
 1492       5.639673708740e-11 
 1493       5.643618573314e-11 
 1494       5.647994870494e-11 
 1495       5.652790449067e-11 
 1496       5.657993085820e-11 
 1497       5.663590485417e-11 
 1498       5.669570280274e-11 
 1499       5.675920030434e-11 
 1500       5.682627223444e-11 
 1501       5.689679274232e-11 
 1502       5.697063524978e-11 
 1503       5.704767244996e-11 
 1504       5.712777630604e-11 
 1505       5.721081805003e-11 
 1506       5.729666818155e-11 
 1507       5.738519646651e-11 
 1508       5.747627193595e-11 
 1509       5.756976288477e-11 
 1510       5.766553687046e-11 
 1511       5.776346071188e-11 
 1512       5.786340048804e-11 
 1513       5.796522153681e-11 
 1514       5.806878845373e-11 
 1515       5.817396509071e-11 
 1516       5.828061455484e-11 
 1517       5.838859920711e-11 
 1518       5.849778066121e-11 
 1519       5.860801978222e-11 
 1520       5.871917668545e-11 
 1521       5.883111073513e-11 
 1522       5.894368054320e-11 
 1523       5.905674396807e-11 
 1524       5.917015811335e-11 
 1525       5.928377932666e-11 
 1526       5.939746319831e-11 
 1527       5.951106456014e-11 
 1528       5.962443748423e-11 
 1529       5.973743528165e-11 
 1530       5.984991050126e-11 
 1531       5.996172599763e-11 
 1532       6.007278825312e-11 
 1533       6.018301437170e-11 
 1534       6.029232103798e-11 
 1535       6.040062451652e-11 
 1536       6.050784065116e-11 
 1537       6.061388486434e-11 
 1538       6.071867215643e-11 
 1539       6.082211710506e-11 
 1540       6.092413386441e-11 
 1541       6.102463616458e-11 
 1542       6.112353731090e-11 
 1543       6.122075018321e-11 
 1544       6.131618723526e-11 
 1545       6.140976049397e-11 
 1546       6.150138155879e-11 
 1547       6.159096160101e-11 
 1548       6.167841136308e-11 
 1549       6.176364115796e-11 
 1550       6.184656086840e-11 
 1551       6.192707994630e-11 
 1552       6.200510741203e-11 
 1553       6.208055185374e-11 
 1554       6.215332142667e-11 
 1555       6.222332385253e-11 
 1556       6.229046641876e-11 
 1557       6.235465597791e-11 
 1558       6.241579894690e-11 
 1559       6.247380130642e-11 
 1560       6.252856860017e-11 
 1561       6.258000593428e-11 
 1562       6.262801797653e-11 
 1563       6.267250895577e-11 
 1564       6.271338266116e-11 
 1565       6.275054244158e-11 
 1566       6.278389120486e-11 
 1567       6.281333141719e-11 
 1568       6.283876510238e-11 
 1569       6.286009384123e-11 
 1570       6.287721877082e-11 
 1571       6.289005768523e-11 
 1572       6.289859651321e-11 
 1573       6.290283831848e-11 
 1574       6.290278624204e-11 
 1575       6.289844350231e-11 
 1576       6.288981339526e-11 
 1577       6.287689929464e-11 
 1578       6.285970465203e-11 
 1579       6.283823299708e-11 
 1580       6.281248793764e-11 
 1581       6.278247315990e-11 
 1582       6.274819242854e-11 
 1583       6.270964958693e-11 
 1584       6.266684855723e-11 
 1585       6.261979334058e-11 
 1586       6.256848801724e-11 
 1587       6.251293674676e-11 
 1588       6.245314376811e-11 
 1589       6.238911339986e-11 
 1590       6.232085004032e-11 
 1591       6.224835816769e-11 
 1592       6.217164234024e-11 
 1593       6.209070719645e-11 
 1594       6.200555745515e-11 
 1595       6.191619791569e-11 
 1596       6.182263345810e-11 
 1597       6.172486904324e-11 
 1598       6.162290971296e-11 
 1599       6.151676059023e-11 
 1600       6.140642687933e-11 
 1601       6.129191386598e-11 
 1602       6.117322691750e-11 
 1603       6.105037148299e-11 
 1604       6.092335309343e-11 
 1605       6.079217736189e-11 
 1606       6.065684998367e-11 
 1607       6.051737673643e-11 
 1608       6.037376348037e-11 
 1609       6.022601615838e-11 
 1610       6.007414079619e-11 
 1611       5.991815406740e-11 
 1612       5.975811509317e-11 
 1613       5.959409393159e-11 
 1614       5.942616103971e-11 
 1615       5.925438727412e-11 
 1616       5.907884389165e-11 
 1617       5.889960254996e-11 
 1618       5.871673530823e-11 
 1619       5.853031462777e-11 
 1620       5.834041337271e-11 
 1621       5.814710481057e-11 
 1622       5.795046261296e-11 
 1623       5.775056085620e-11 
 1624       5.754747402199e-11 
 1625       5.734127699801e-11 
 1626       5.713204507859e-11 
 1627       5.691985396535e-11 
 1628       5.670477976785e-11 
 1629       5.648689900422e-11 
 1630       5.626628860180e-11 
 1631       5.604302589780e-11 
 1632       5.581718863994e-11 
 1633       5.558885498707e-11 
 1634       5.535810350984e-11 
 1635       5.512501319135e-11 
 1636       5.488966342775e-11 
 1637       5.465213402892e-11 
 1638       5.441250521910e-11 
 1639       5.417085763756e-11 
 1640       5.392727233918e-11 
 1641       5.368183079516e-11 
 1642       5.343461489363e-11 
 1643       5.318570694030e-11 
 1644       5.293518965909e-11 
 1645       5.268314619281e-11 
 1646       5.242966010374e-11 
 1647       5.217481537435e-11 
 1648       5.191869640789e-11 
 1649       5.166138802903e-11 
 1650       5.140297548454e-11 
 1651       5.114354270354e-11 
 1652       5.088316706005e-11 
 1653       5.062192456533e-11 
 1654       5.035989160458e-11 
 1655       5.009714493751e-11 
 1656       4.983376169891e-11 
 1657       4.956981939921e-11 
 1658       4.930539592508e-11 
 1659       4.904056953993e-11 
 1660       4.877541888455e-11 
 1661       4.851002297762e-11 
 1662       4.824446121633e-11 
 1663       4.797881337687e-11 
 1664       4.771315961509e-11 
 1665       4.744758046698e-11 
 1666       4.718215684930e-11 
 1667       4.691697006012e-11 
 1668       4.665210177938e-11 
 1669       4.638763406948e-11 
 1670       4.612364937580e-11 
 1671       4.586023052734e-11 
 1672       4.559746073722e-11 
 1673       4.533542360327e-11 
 1674       4.507420310862e-11 
 1675       4.481388362221e-11 
 1676       4.455454989942e-11 
 1677       4.429628708260e-11 
 1678       4.403918070164e-11 
 1679       4.378331667455e-11 
 1680       4.352878130801e-11 
 1681       4.327566129794e-11 
 1682       4.302404373008e-11 
 1683       4.277401608054e-11 
 1684       4.252566621638e-11 
 1685       4.227908239616e-11 
 1686       4.203435327053e-11 
 1687       4.179156788278e-11 
 1688       4.155081566940e-11 
 1689       4.131218646067e-11 
 1690       4.107577048120e-11 
 1691       4.084164803120e-11 
 1692       4.060985843151e-11 
 1693       4.038043081097e-11 
 1694       4.015339440152e-11 
 1695       3.992877853831e-11 
 1696       3.970661265984e-11 
 1697       3.948692630811e-11 
 1698       3.926974912872e-11 
 1699       3.905511087103e-11 
 1700       3.884304138829e-11 
 1701       3.863357063776e-11 
 1702       3.842672868087e-11 
 1703       3.822254568333e-11 
 1704       3.802105191526e-11 
 1705       3.782227775135e-11 
 1706       3.762625367097e-11 
 1707       3.743301025832e-11 
 1708       3.724257820255e-11 
 1709       3.705498829791e-11 
 1710       3.687027144386e-11 
 1711       3.668845864521e-11 
 1712       3.650958101230e-11 
 1713       3.633366976106e-11 
 1714       3.616075621319e-11 
 1715       3.599087179627e-11 
 1716       3.582404804394e-11 
 1717       3.566031659596e-11 
 1718       3.549970919841e-11 
 1719       3.534225770379e-11 
 1720       3.518799407115e-11 
 1721       3.503695036626e-11 
 1722       3.488915876171e-11 
 1723       3.474465153702e-11 
 1724       3.460346107886e-11 
 1725       3.446561988110e-11 
 1726       3.433116054496e-11 
 1727       3.420011577920e-11 
 1728       3.407251840017e-11 
 1729       3.394840133200e-11 
 1730       3.382779760673e-11 
 1731       3.371073004732e-11 
 1732       3.359718022112e-11 
 1733       3.348711922425e-11 
 1734       3.338051797457e-11 
 1735       3.327734721147e-11 
 1736       3.317757749552e-11 
 1737       3.308117920823e-11 
 1738       3.298812255173e-11 
 1739       3.289837754857e-11 
 1740       3.281191404136e-11 
 1741       3.272870169252e-11 
 1742       3.264870998401e-11 
 1743       3.257190821705e-11 
 1744       3.249826551182e-11 
 1745       3.242775080720e-11 
 1746       3.236033286050e-11 
 1747       3.229598024715e-11 
 1748       3.223466136044e-11 
 1749       3.217634441124e-11 
 1750       3.212099742773e-11 
 1751       3.206858825508e-11 
 1752       3.201908455524e-11 
 1753       3.197245380660e-11 
 1754       3.192866330372e-11 
 1755       3.188768015709e-11 
 1756       3.184947129281e-11 
 1757       3.181400345232e-11 
 1758       3.178124319214e-11 
 1759       3.175115688356e-11 
 1760       3.172371071239e-11 
 1761       3.169887067866e-11 
 1762       3.167660259636e-11 
 1763       3.165687209314e-11 
 1764       3.163964461003e-11 
 1765       3.162488540119e-11 
 1766       3.161255953361e-11 
 1767       3.160263188682e-11 
 1768       3.159506715263e-11 
 1769       3.158982983486e-11 
 1770       3.158688424902e-11 
 1771       3.158619121713e-11 
 1772       3.158769812279e-11 
 1773       3.159134877337e-11 
 1774       3.159708669708e-11 
 1775       3.160485514258e-11 
 1776       3.161459707857e-11 
 1777       3.162625519336e-11 
 1778       3.163977189451e-11 
 1779       3.165508930838e-11 
 1780       3.167214927976e-11 
 1781       3.169089337143e-11 
 1782       3.171126286377e-11 
 1783       3.173319875439e-11 
 1784       3.175664175765e-11 
 1785       3.178153230432e-11 
 1786       3.180781054114e-11 
 1787       3.183541633044e-11 
 1788       3.186428924969e-11 
 1789       3.189436859115e-11 
 1790       3.192559336142e-11 
 1791       3.195790228107e-11 
 1792       3.199123378420e-11 
 1793       3.202552601806e-11 
 1794       3.206071684263e-11 
 1795       3.209674383023e-11 
 1796       3.213354426508e-11 
 1797       3.217105514296e-11 
 1798       3.220921317071e-11 
 1799       3.224795476592e-11 
 1800       3.228721605648e-11 
 1801       3.232693288014e-11 
 1802       3.236704078419e-11 
 1803       3.240747502496e-11 
 1804       3.244817056749e-11 
 1805       3.248906208508e-11 
 1806       3.253008395890e-11 
 1807       3.257117027760e-11 
 1808       3.261225483686e-11 
 1809       3.265327113904e-11 
 1810       3.269415239271e-11 
 1811       3.273483600801e-11 
 1812       3.277527712299e-11 
 1813       3.281543518575e-11 
 1814       3.285526946838e-11 
 1815       3.289473906675e-11 
 1816       3.293380290025e-11 
 1817       3.297241971156e-11 
 1818       3.301054806643e-11 
 1819       3.304814635337e-11 
 1820       3.308517278349e-11 
 1821       3.312158539021e-11 
 1822       3.315734202904e-11 
 1823       3.319240037732e-11 
 1824       3.322671793400e-11 
 1825       3.326025201937e-11 
 1826       3.329295977485e-11 
 1827       3.332479816275e-11 
 1828       3.335572396600e-11 
 1829       3.338569378790e-11 
 1830       3.341466405195e-11 
 1831       3.344259100153e-11 
 1832       3.346943069969e-11 
 1833       3.349513902893e-11 
 1834       3.351967169091e-11 
 1835       3.354298420627e-11 
 1836       3.356503191431e-11 
 1837       3.358576997284e-11 
 1838       3.360515335787e-11 
 1839       3.362313686339e-11 
 1840       3.363967510113e-11 
 1841       3.365472250035e-11 
 1842       3.366823330752e-11 
 1843       3.368016158616e-11 
 1844       3.369046121655e-11 
 1845       3.369908589553e-11 
 1846       3.370598913619e-11 
 1847       3.371112426772e-11 
 1848       3.371444443510e-11 
 1849       3.371590259886e-11 
 1850       3.371545153489e-11 
 1851       3.371305162722e-11 
 1852       3.370869431431e-11 
 1853       3.370237882767e-11 
 1854       3.369410441564e-11 
 1855       3.368387034341e-11 
 1856       3.367167589309e-11 
 1857       3.365752036372e-11 
 1858       3.364140307130e-11 
 1859       3.362332334880e-11 
 1860       3.360328054625e-11 
 1861       3.358127403072e-11 
 1862       3.355730318636e-11 
 1863       3.353136741445e-11 
 1864       3.350346613342e-11 
 1865       3.347359877890e-11 
 1866       3.344176480370e-11 
 1867       3.340796367790e-11 
 1868       3.337219488885e-11 
 1869       3.333445794123e-11 
 1870       3.329475235702e-11 
 1871       3.325307767561e-11 
 1872       3.320943345377e-11 
 1873       3.316381926574e-11 
 1874       3.311623470318e-11 
 1875       3.306667937530e-11 
 1876       3.301515290879e-11 
 1877       3.296165494795e-11 
 1878       3.290618515464e-11 
 1879       3.284874320837e-11 
 1880       3.278932880629e-11 
 1881       3.272794166324e-11 
 1882       3.266458151180e-11 
 1883       3.259924810228e-11 
 1884       3.253194120279e-11 
 1885       3.246266059925e-11 
 1886       3.239140609541e-11 
 1887       3.231817751293e-11 
 1888       3.224297469137e-11 
 1889       3.216579748822e-11 
 1890       3.208664577895e-11 
 1891       3.200552471909e-11 
 1892       3.192246057491e-11 
 1893       3.183748501532e-11 
 1894       3.175062986113e-11 
 1895       3.166192708529e-11 
 1896       3.157140881308e-11 
 1897       3.147910732231e-11 
 1898       3.138505504355e-11 
 1899       3.128928456033e-11 
 1900       3.119182860932e-11 
 1901       3.109272008059e-11 
 1902       3.099199201779e-11 
 1903       3.088967761834e-11 
 1904       3.078581023367e-11 
 1905       3.068042336941e-11 
 1906       3.057355068561e-11 
 1907       3.046522599694e-11 
 1908       3.035548327290e-11 
 1909       3.024435663802e-11 
 1910       3.013188037208e-11 
 1911       3.001808891033e-11 
 1912       2.990301684365e-11 
 1913       2.978669891883e-11 
 1914       2.966917003869e-11 
 1915       2.955046526239e-11 
 1916       2.943061980555e-11 
 1917       2.930966904049e-11 
 1918       2.918764849646e-11 
 1919       2.906459385983e-11 
 1920       2.894054097428e-11 
 1921       2.881552584103e-11 
 1922       2.868958461905e-11 
 1923       2.856275362526e-11 
 1924       2.843506933475e-11 
 1925       2.830656838094e-11 
 1926       2.817728755588e-11 
 1927       2.804726381036e-11 
 1928       2.791653425418e-11 
 1929       2.778513615634e-11 
 1930       2.765310694524e-11 
 1931       2.752048396398e-11 
 1932       2.738730373370e-11 
 1933       2.725360268503e-11 
 1934       2.711941740277e-11 
 1935       2.698478462605e-11 
 1936       2.684974124855e-11 
 1937       2.671432431868e-11 
 1938       2.657857103980e-11 
 1939       2.644251877041e-11 
 1940       2.630620502435e-11 
 1941       2.616966747101e-11 
 1942       2.603294393551e-11 
 1943       2.589607239894e-11 
 1944       2.575909099850e-11 
 1945       2.562203802776e-11 
 1946       2.548495193682e-11 
 1947       2.534787133254e-11 
 1948       2.521083497869e-11 
 1949       2.507388179623e-11 
 1950       2.493705086343e-11 
 1951       2.480038141613e-11 
 1952       2.466391284790e-11 
 1953       2.452768471026e-11 
 1954       2.439173671287e-11 
 1955       2.425610872376e-11 
 1956       2.412084076947e-11 
 1957       2.398597303532e-11 
 1958       2.385154586556e-11 
 1959       2.371759976359e-11 
 1960       2.358417539216e-11 
 1961       2.345131357356e-11 
 1962       2.331905528984e-11 
 1963       2.318744168299e-11 
 1964       2.305651405516e-11 
 1965       2.292631386882e-11 
 1966       2.279688274702e-11 
 1967       2.266826247356e-11 
 1968       2.254049499316e-11 
 1969       2.241362241171e-11 
 1970       2.228768699645e-11 
 1971       2.216272674308e-11 
 1972       2.203876204077e-11 
 1973       2.191580890849e-11 
 1974       2.179388341925e-11 
 1975       2.167300170010e-11 
 1976       2.155317993224e-11 
 1977       2.143443435103e-11 
 1978       2.131678124610e-11 
 1979       2.120023696141e-11 
 1980       2.108481789527e-11 
 1981       2.097054050045e-11 
 1982       2.085742128424e-11 
 1983       2.074547680848e-11 
 1984       2.063472368965e-11 
 1985       2.052517859893e-11 
 1986       2.041685826225e-11 
 1987       2.030977946038e-11 
 1988       2.020395902897e-11 
 1989       2.009941385861e-11 
 1990       1.999616089492e-11 
 1991       1.989421713860e-11 
 1992       1.979359964547e-11 
 1993       1.969432552656e-11 
 1994       1.959641194820e-11 
 1995       1.949987613199e-11 
 1996       1.940473535499e-11 
 1997       1.931100694966e-11 
 1998       1.921870830402e-11 
 1999       1.912785686167e-11 
 2000       1.903847012183e-11 
 2001       1.895056563946e-11 
 2002       1.886416102528e-11 
 2003       1.877927394586e-11 
 2004       1.869592212367e-11 
 2005       1.861412333712e-11 
 2006       1.853389542067e-11 
 2007       1.845525626488e-11 
 2008       1.837822381644e-11 
 2009       1.830281607827e-11 
 2010       1.822905110959e-11 
 2011       1.815694218688e-11 
 2012       1.808648324839e-11 
 2013       1.801766334383e-11 
 2014       1.795047146376e-11 
 2015       1.788489653949e-11 
 2016       1.782092744299e-11 
 2017       1.775855298683e-11 
 2018       1.769776192409e-11 
 2019       1.763854294829e-11 
 2020       1.758088469329e-11 
 2021       1.752477573322e-11 
 2022       1.747020458241e-11 
 2023       1.741715969530e-11 
 2024       1.736562946635e-11 
 2025       1.731560222999e-11 
 2026       1.726706626051e-11 
 2027       1.722000977197e-11 
 2028       1.717442091819e-11 
 2029       1.713028779256e-11 
 2030       1.708759842808e-11 
 2031       1.704634079716e-11 
 2032       1.700650281166e-11 
 2033       1.696807232269e-11 
 2034       1.693103712064e-11 
 2035       1.689538493502e-11 
 2036       1.686110343443e-11 
 2037       1.682818022642e-11 
 2038       1.679660285750e-11 
 2039       1.676635881297e-11 
 2040       1.673743551690e-11 
 2041       1.670982033202e-11 
 2042       1.668350055964e-11 
 2043       1.665846343960e-11 
 2044       1.663469615015e-11 
 2045       1.661218580789e-11 
 2046       1.659091946770e-11 
 2047       1.657088412264e-11 
 2048       1.655206670386e-11 
 2049       1.653445408057e-11 
 2050       1.651803305990e-11 
 2051       1.650278842845e-11 
 2052       1.648869706168e-11 
 2053       1.647573377228e-11 
 2054       1.646387326469e-11 
 2055       1.645309013489e-11 
 2056       1.644335887035e-11 
 2057       1.643465384980e-11 
 2058       1.642694934319e-11 
 2059       1.642021951145e-11 
 2060       1.641443840646e-11 
 2061       1.640957997083e-11 
 2062       1.640561803781e-11 
 2063       1.640252633115e-11 
 2064       1.640027846494e-11 
 2065       1.639884794349e-11 
 2066       1.639820816122e-11 
 2067       1.639833240245e-11 
 2068       1.639919384135e-11 
 2069       1.640076554177e-11 
 2070       1.640302045705e-11 
 2071       1.640593143000e-11 
 2072       1.640947119265e-11 
 2073       1.641361236617e-11 
 2074       1.641832746074e-11 
 2075       1.642358887540e-11 
 2076       1.642936889789e-11 
 2077       1.643563970456e-11 
 2078       1.644237336020e-11 
 2079       1.644954181793e-11 
 2080       1.645711691904e-11 
 2081       1.646507039286e-11 
 2082       1.647337385663e-11 
 2083       1.648199881537e-11 
 2084       1.649091666172e-11 
 2085       1.650009867585e-11 
 2086       1.650951602525e-11 
 2087       1.651913976467e-11 
 2088       1.652894083595e-11 
 2089       1.653889006788e-11 
 2090       1.654895817605e-11 
 2091       1.655911737935e-11 
 2092       1.656934626182e-11 
 2093       1.657962494455e-11 
 2094       1.658993347206e-11 
 2095       1.660025181224e-11 
 2096       1.661055985622e-11 
 2097       1.662083741833e-11 
 2098       1.663106423597e-11 
 2099       1.664121996952e-11 
 2100       1.665128420227e-11 
 2101       1.666123644030e-11 
 2102       1.667105611244e-11 
 2103       1.668072257010e-11 
 2104       1.669021508725e-11 
 2105       1.669951286028e-11 
 2106       1.670859500793e-11 
 2107       1.671744057122e-11 
 2108       1.672602851331e-11 
 2109       1.673433771944e-11 
 2110       1.674234699683e-11 
 2111       1.675003507459e-11 
 2112       1.675738060363e-11 
 2113       1.676436215656e-11 
 2114       1.677095822762e-11 
 2115       1.677714723256e-11 
 2116       1.678290750855e-11 
 2117       1.678821731413e-11 
 2118       1.679305482907e-11 
 2119       1.679739815429e-11 
 2120       1.680122531179e-11 
 2121       1.680451424454e-11 
 2122       1.680724281638e-11 
 2123       1.680938881195e-11 
 2124       1.681092993658e-11 
 2125       1.681184381623e-11 
 2126       1.681210799735e-11 
 2127       1.681169994682e-11 
 2128       1.681059705185e-11 
 2129       1.680877661989e-11 
 2130       1.680621587856e-11 
 2131       1.680289535327e-11 
 2132       1.679880902582e-11 
 2133       1.679395424542e-11 
 2134       1.678832835729e-11 
 2135       1.678192870261e-11 
 2136       1.677475261858e-11 
 2137       1.676679743834e-11 
 2138       1.675806049104e-11 
 2139       1.674853910181e-11 
 2140       1.673823059173e-11 
 2141       1.672713227787e-11 
 2142       1.671524147328e-11 
 2143       1.670255548695e-11 
 2144       1.668907162386e-11 
 2145       1.667478718495e-11 
 2146       1.665969946711e-11 
 2147       1.664380576319e-11 
 2148       1.662710336200e-11 
 2149       1.660958954831e-11 
 2150       1.659126160284e-11 
 2151       1.657211680224e-11 
 2152       1.655215241912e-11 
 2153       1.653136572203e-11 
 2154       1.650975397548e-11 
 2155       1.648731443990e-11 
 2156       1.646404437165e-11 
 2157       1.643994102303e-11 
 2158       1.641500164230e-11 
 2159       1.638922347360e-11 
 2160       1.636260375703e-11 
 2161       1.633513972861e-11 
 2162       1.630682862028e-11 
 2163       1.627766765990e-11 
 2164       1.624765407123e-11 
 2165       1.621678507398e-11 
 2166       1.618505788374e-11 
 2167       1.615246971202e-11 
 2168       1.611901776625e-11 
 2169       1.608469924975e-11 
 2170       1.604951136175e-11 
 2171       1.601345385722e-11 
 2172       1.597653674531e-11 
 2173       1.593877264281e-11 
 2174       1.590017421909e-11 
 2175       1.586075419617e-11 
 2176       1.582052534878e-11 
 2177       1.577950050441e-11 
 2178       1.573769254340e-11 
 2179       1.569511439896e-11 
 2180       1.565177905728e-11 
 2181       1.560769955756e-11 
 2182       1.556288899208e-11 
 2183       1.551736050627e-11 
 2184       1.547112729879e-11 
 2185       1.542420262153e-11 
 2186       1.537659977974e-11 
 2187       1.532833213207e-11 
 2188       1.527941309062e-11 
 2189       1.522985612101e-11 
 2190       1.517967474246e-11 
 2191       1.512888252782e-11 
 2192       1.507749310366e-11 
 2193       1.502552015032e-11 
 2194       1.497297740198e-11 
 2195       1.491987864672e-11 
 2196       1.486623772658e-11 
 2197       1.481206853762e-11 
 2198       1.475738502998e-11 
 2199       1.470220120797e-11 
 2200       1.464653113010e-11 
 2201       1.459038890915e-11 
 2202       1.453378871226e-11 
 2203       1.447674476093e-11 
 2204       1.441927133117e-11 
 2205       1.436138275349e-11 
 2206       1.430309341299e-11 
 2207       1.424441774943e-11 
 2208       1.418537025727e-11 
 2209       1.412596548576e-11 
 2210       1.406621803898e-11 
 2211       1.400614281024e-11 
 2212       1.394575568675e-11 
 2213       1.388507284972e-11 
 2214       1.382411054056e-11 
 2215       1.376288506092e-11 
 2216       1.370141277278e-11 
 2217       1.363971009850e-11 
 2218       1.357779352093e-11 
 2219       1.351567958341e-11 
 2220       1.345338488990e-11 
 2221       1.339092610502e-11 
 2222       1.332831995411e-11 
 2223       1.326558322333e-11 
 2224       1.320273275970e-11 
 2225       1.313978547118e-11 
 2226       1.307675832675e-11 
 2227       1.301366835644e-11 
 2228       1.295053265145e-11 
 2229       1.288736836416e-11 
 2230       1.282419270828e-11 
 2231       1.276102295883e-11 
 2232       1.269787645225e-11 
 2233       1.263477058648e-11 
 2234       1.257172282102e-11 
 2235       1.250875067698e-11 
 2236       1.244587173716e-11 
 2237       1.238310364614e-11 
 2238       1.232046411030e-11 
 2239       1.225797089794e-11 
 2240       1.219564183931e-11 
 2241       1.213349482672e-11 
 2242       1.207154781455e-11 
 2243       1.200981881938e-11 
 2244       1.194832592000e-11 
 2245       1.188708725754e-11 
 2246       1.182612103548e-11 
 2247       1.176544551976e-11 
 2248       1.170507903883e-11 
 2249       1.164503998373e-11 
 2250       1.158534680813e-11 
 2251       1.152601629323e-11 
 2252       1.146705832988e-11 
 2253       1.140848110263e-11 
 2254       1.135029282191e-11 
 2255       1.129250172403e-11 
 2256       1.123511607122e-11 
 2257       1.117814415168e-11 
 2258       1.112159427957e-11 
 2259       1.106547479504e-11 
 2260       1.100979406429e-11 
 2261       1.095456047957e-11 
 2262       1.089978245921e-11 
 2263       1.084546844767e-11 
 2264       1.079162691553e-11 
 2265       1.073826635955e-11 
 2266       1.068539530266e-11 
 2267       1.063302229406e-11 
 2268       1.058115590915e-11 
 2269       1.052980474963e-11 
 2270       1.047897744350e-11 
 2271       1.042868264510e-11 
 2272       1.037892903512e-11 
 2273       1.032972532063e-11 
 2274       1.028108023513e-11 
 2275       1.023300253855e-11 
 2276       1.018550101728e-11 
 2277       1.013858448423e-11 
 2278       1.009226177882e-11 
 2279       1.004654176702e-11 
 2280       1.000143334137e-11 
 2281       9.956945421035e-12 
 2282       9.913086951796e-12 
 2283       9.869866906102e-12 
 2284       9.827294283089e-12 
 2285       9.785378108608e-12 
 2286       9.744127435250e-12 
 2287       9.703551342378e-12 
 2288       9.663658936153e-12 
 2289       9.624459349559e-12 
 2290       9.585961742433e-12 
 2291       9.548173166524e-12 
 2292       9.511092145718e-12 
 2293       9.474715054841e-12 
 2294       9.439038250882e-12 
 2295       9.404058072972e-12 
 2296       9.369770842362e-12 
 2297       9.336172862400e-12 
 2298       9.303260418513e-12 
 2299       9.271029778181e-12 
 2300       9.239477190920e-12 
 2301       9.208598888258e-12 
 2302       9.178391083715e-12 
 2303       9.148849972781e-12 
 2304       9.119971732893e-12 
 2305       9.091752523418e-12 
 2306       9.064188485626e-12 
 2307       9.037275742673e-12 
 2308       9.011010399578e-12 
 2309       8.985388543202e-12 
 2310       8.960406242225e-12 
 2311       8.936059547126e-12 
 2312       8.912344490163e-12 
 2313       8.889257085349e-12 
 2314       8.866793328431e-12 
 2315       8.844949196871e-12 
 2316       8.823720649822e-12 
 2317       8.803103628107e-12 
 2318       8.783094054199e-12 
 2319       8.763687832197e-12 
 2320       8.744880847810e-12 
 2321       8.726668968329e-12 
 2322       8.709048042608e-12 
 2323       8.692013901046e-12 
 2324       8.675562355561e-12 
 2325       8.659689199569e-12 
 2326       8.644390207968e-12 
 2327       8.629661137108e-12 
 2328       8.615497724777e-12 
 2329       8.601895690177e-12 
 2330       8.588850733902e-12 
 2331       8.576357493899e-12 
 2332       8.564406406235e-12 
 2333       8.552986824573e-12 
 2334       8.542088062351e-12 
 2335       8.531699392737e-12 
 2336       8.521810048589e-12 
 2337       8.512409222407e-12 
 2338       8.503486066289e-12 
 2339       8.495029691888e-12 
 2340       8.487029170365e-12 
 2341       8.479473532347e-12 
 2342       8.472351767882e-12 
 2343       8.465652826394e-12 
 2344       8.459365616639e-12 
 2345       8.453479006660e-12 
 2346       8.447981823743e-12 
 2347       8.442862854372e-12 
 2348       8.438110844186e-12 
 2349       8.433714497934e-12 
 2350       8.429662479428e-12 
 2351       8.425943411504e-12 
 2352       8.422545875970e-12 
 2353       8.419458413570e-12 
 2354       8.416669523934e-12 
 2355       8.414167665534e-12 
 2356       8.411941255641e-12 
 2357       8.409978670281e-12 
 2358       8.408268244188e-12 
 2359       8.406798270764e-12 
 2360       8.405557002029e-12 
 2361       8.404532648580e-12 
 2362       8.403713379548e-12 
 2363       8.403087322548e-12 
 2364       8.402642563641e-12 
 2365       8.402367147285e-12 
 2366       8.402249076293e-12 
 2367       8.402276311787e-12 
 2368       8.402436773155e-12 
 2369       8.402718338005e-12 
 2370       8.403108842123e-12 
 2371       8.403596594546e-12 
 2372       8.404171926370e-12 
 2373       8.404825651415e-12 
 2374       8.405548551948e-12 
 2375       8.406331378642e-12 
 2376       8.407164850549e-12 
 2377       8.408039655059e-12 
 2378       8.408946447874e-12 
 2379       8.409875852970e-12 
 2380       8.410818462564e-12 
 2381       8.411764837084e-12 
 2382       8.412705505130e-12 
 2383       8.413630963444e-12 
 2384       8.414531676879e-12 
 2385       8.415398078358e-12 
 2386       8.416220568848e-12 
 2387       8.416989517324e-12 
 2388       8.417695260734e-12 
 2389       8.418328103966e-12 
 2390       8.418878319818e-12 
 2391       8.419336148960e-12 
 2392       8.419691799903e-12 
 2393       8.419935448964e-12 
 2394       8.420057240234e-12 
 2395       8.420047285546e-12 
 2396       8.419895664438e-12 
 2397       8.419592424121e-12 
 2398       8.419127579445e-12 
 2399       8.418491112869e-12 
 2400       8.417672974423e-12 
 2401       8.416663081677e-12 
 2402       8.415451319706e-12 
 2403       8.414027541058e-12 
 2404       8.412381565721e-12 
 2405       8.410503181088e-12 
 2406       8.408382141924e-12 
 2407       8.406008170334e-12 
 2408       8.403370955725e-12 
 2409       8.400460154779e-12 
 2410       8.397265391416e-12 
 2411       8.393777627713e-12 
 2412       8.389993285824e-12 
 2413       8.385910151029e-12 
 2414       8.381526003042e-12 
 2415       8.376838616015e-12 
 2416       8.371845758523e-12 
 2417       8.366545193567e-12 
 2418       8.360934678565e-12 
 2419       8.355011965345e-12 
 2420       8.348774800145e-12 
 2421       8.342220923604e-12 
 2422       8.335348070758e-12 
 2423       8.328153971034e-12 
 2424       8.320636348248e-12 
 2425       8.312792920594e-12 
 2426       8.304621400644e-12 
 2427       8.296119495343e-12 
 2428       8.287284905998e-12 
 2429       8.278115328279e-12 
 2430       8.268608452213e-12 
 2431       8.258761962175e-12 
 2432       8.248573536887e-12 
 2433       8.238040849409e-12 
 2434       8.227161567139e-12 
 2435       8.215933351802e-12 
 2436       8.204353859450e-12 
 2437       8.192420740454e-12 
 2438       8.180131639498e-12 
 2439       8.167484195577e-12 
 2440       8.154476041989e-12 
 2441       8.141104806330e-12 
 2442       8.127368110493e-12 
 2443       8.113263570656e-12 
 2444       8.098788797282e-12 
 2445       8.083941395113e-12 
 2446       8.068718963163e-12 
 2447       8.053119094715e-12 
 2448       8.037139377313e-12 
 2449       8.020777392760e-12 
 2450       8.004030717111e-12 
 2451       7.986898212460e-12 
 2452       7.969383910730e-12 
 2453       7.951493153077e-12 
 2454       7.933231300221e-12 
 2455       7.914603732468e-12 
 2456       7.895615849733e-12 
 2457       7.876273071558e-12 
 2458       7.856580837134e-12 
 2459       7.836544605323e-12 
 2460       7.816169854674e-12 
 2461       7.795462083449e-12 
 2462       7.774426809640e-12 
 2463       7.753069570991e-12 
 2464       7.731395925020e-12 
 2465       7.709411449037e-12 
 2466       7.687121740164e-12 
 2467       7.664532415362e-12 
 2468       7.641649111442e-12 
 2469       7.618477485094e-12 
 2470       7.595023212904e-12 
 2471       7.571291991374e-12 
 2472       7.547289536944e-12 
 2473       7.523021586012e-12 
 2474       7.498493894956e-12 
 2475       7.473712240151e-12 
 2476       7.448682417996e-12 
 2477       7.423410244928e-12 
 2478       7.397901557446e-12 
 2479       7.372162212131e-12 
 2480       7.346198085667e-12 
 2481       7.320015074862e-12 
 2482       7.293619096666e-12 
 2483       7.267016088195e-12 
 2484       7.240212006752e-12 
 2485       7.213212829842e-12 
 2486       7.186024555199e-12 
 2487       7.158653200803e-12 
 2488       7.131104804905e-12 
 2489       7.103385426039e-12 
 2490       7.075501143053e-12 
 2491       7.047455089877e-12 
 2492       7.019238540765e-12 
 2493       6.990839772698e-12 
 2494       6.962247025825e-12 
 2495       6.933448503434e-12 
 2496       6.904432371914e-12 
 2497       6.875186760713e-12 
 2498       6.845699762309e-12 
 2499       6.815959432166e-12 
 2500       6.785953788705e-12 
