# dimensionless total [l(l+1)/2pi] C_l's
# for l=2 to 2500, i.e. number of multipoles equal to 2499
#
# -> if you prefer output in CAMB/HealPix/LensPix units/order, set 'format' to 'camb' in input file
# -> if you don't want to see such a header, set 'headers' to 'no' in input file
#
# 1:l     2:TT                 
    2       3.137924336465e-10 
    3       2.867225840945e-10 
    4       2.638747977791e-10 
    5       2.457309961226e-10 
    6       2.313214254065e-10 
    7       2.196665884054e-10 
    8       2.101005210820e-10 
    9       2.022426448497e-10 
   10       1.956305603446e-10 
   11       1.900150513202e-10 
   12       1.852525707783e-10 
   13       1.812531944712e-10 
   14       1.779185533277e-10 
   15       1.752014335509e-10 
   16       1.728785985905e-10 
   17       1.709913851373e-10 
   18       1.695557080946e-10 
   19       1.685539317315e-10 
   20       1.678448574026e-10 
   21       1.674293263847e-10 
   22       1.672900101857e-10 
   23       1.674361017901e-10 
   24       1.678354824930e-10 
   25       1.684561440839e-10 
   26       1.692410059952e-10 
   27       1.702045280086e-10 
   28       1.713542060042e-10 
   29       1.726696405965e-10 
   30       1.741525919429e-10 
   31       1.757898943677e-10 
   32       1.775507859644e-10 
   33       1.794350279293e-10 
   34       1.814383472516e-10 
   35       1.835459568720e-10 
   36       1.857605001990e-10 
   37       1.880811875828e-10 
   38       1.904947725682e-10 
   39       1.929828951582e-10 
   40       1.955502150208e-10 
   41       1.982037436198e-10 
   42       2.009444512592e-10 
   43       2.037693128242e-10 
   44       2.066796741615e-10 
   45       2.096744506138e-10 
   46       2.127472520111e-10 
   47       2.158859328291e-10 
   48       2.190771532082e-10 
   49       2.223226319819e-10 
   50       2.256267022992e-10 
   51       2.289915113654e-10 
   52       2.324168262561e-10 
   53       2.359012987310e-10 
   54       2.394470884970e-10 
   55       2.430560903456e-10 
   56       2.467284491958e-10 
   57       2.504624270823e-10 
   58       2.542542701430e-10 
   59       2.580997747306e-10 
   60       2.619997125482e-10 
   61       2.659554325510e-10 
   62       2.699671987229e-10 
   63       2.740341146623e-10 
   64       2.781540481668e-10 
   65       2.823246730945e-10 
   66       2.865470207961e-10 
   67       2.908225482262e-10 
   68       2.951520436983e-10 
   69       2.995355827229e-10 
   70       3.039724838452e-10 
   71       3.084612644826e-10 
   72       3.130003019092e-10 
   73       3.175900612318e-10 
   74       3.222312172569e-10 
   75       3.269239596510e-10 
   76       3.316679648775e-10 
   77       3.364623681339e-10 
   78       3.413057352888e-10 
   79       3.461960348188e-10 
   80       3.511312630983e-10 
   81       3.561115070651e-10 
   82       3.611371902178e-10 
   83       3.662084353610e-10 
   84       3.713250486422e-10 
   85       3.764865035875e-10 
   86       3.816919251381e-10 
   87       3.869400736860e-10 
   88       3.922293291105e-10 
   89       3.975580744916e-10 
   90       4.029259510324e-10 
   91       4.083327714970e-10 
   92       4.137781282205e-10 
   93       4.192613831328e-10 
   94       4.247816577823e-10 
   95       4.303378233601e-10 
   96       4.359284907231e-10 
   97       4.415520004184e-10 
   98       4.472064127072e-10 
   99       4.528898162749e-10 
  100       4.586013258220e-10 
  101       4.643402078979e-10 
  102       4.701055687843e-10 
  103       4.758963483815e-10 
  104       4.817113140953e-10 
  105       4.875490547235e-10 
  106       4.934079743428e-10 
  107       4.992862861953e-10 
  108       5.051820065753e-10 
  109       5.110929487158e-10 
  110       5.170169768202e-10 
  111       5.229528182215e-10 
  112       5.288993442047e-10 
  113       5.348553156375e-10 
  114       5.408193794135e-10 
  115       5.467900648956e-10 
  116       5.527657803597e-10 
  117       5.587448094377e-10 
  118       5.647253075612e-10 
  119       5.707052984047e-10 
  120       5.766826703290e-10 
  121       5.826551728248e-10 
  122       5.886204129556e-10 
  123       5.945760539263e-10 
  124       6.005204441917e-10 
  125       6.064520542548e-10 
  126       6.123692790696e-10 
  127       6.182704360744e-10 
  128       6.241537632260e-10 
  129       6.300174170330e-10 
  130       6.358594705897e-10 
  131       6.416779116093e-10 
  132       6.474706404584e-10 
  133       6.532354681898e-10 
  134       6.589701145768e-10 
  135       6.646722061464e-10 
  136       6.703392742134e-10 
  137       6.759689245687e-10 
  138       6.815593705252e-10 
  139       6.871089515599e-10 
  140       6.926159657391e-10 
  141       6.980786688418e-10 
  142       7.034952734830e-10 
  143       7.088639482367e-10 
  144       7.141828167590e-10 
  145       7.194499569118e-10 
  146       7.246633998853e-10 
  147       7.298211293218e-10 
  148       7.349210804386e-10 
  149       7.399611391512e-10 
  150       7.449391411964e-10 
  151       7.498528712560e-10 
  152       7.547000620792e-10 
  153       7.594785355652e-10 
  154       7.641866426074e-10 
  155       7.688228626452e-10 
  156       7.733856652271e-10 
  157       7.778735098562e-10 
  158       7.822848458373e-10 
  159       7.866181121224e-10 
  160       7.908717371569e-10 
  161       7.950441387263e-10 
  162       7.991337238017e-10 
  163       8.031388883866e-10 
  164       8.070580173626e-10 
  165       8.108894843361e-10 
  166       8.146316514838e-10 
  167       8.182828693995e-10 
  168       8.218414769399e-10 
  169       8.253058010712e-10 
  170       8.286741567147e-10 
  171       8.319449511666e-10 
  172       8.351170074489e-10 
  173       8.381892677503e-10 
  174       8.411606915509e-10 
  175       8.440302558951e-10 
  176       8.467969556643e-10 
  177       8.494598038498e-10 
  178       8.520178318255e-10 
  179       8.544700896210e-10 
  180       8.568156461943e-10 
  181       8.590535897045e-10 
  182       8.611830277849e-10 
  183       8.632030878156e-10 
  184       8.651129171966e-10 
  185       8.669116836203e-10 
  186       8.685985753447e-10 
  187       8.701728014660e-10 
  188       8.716335921915e-10 
  189       8.729801991125e-10 
  190       8.742118954770e-10 
  191       8.753280369180e-10 
  192       8.763282481574e-10 
  193       8.772122508636e-10 
  194       8.779798049232e-10 
  195       8.786307089114e-10 
  196       8.791648005629e-10 
  197       8.795819572426e-10 
  198       8.798820964160e-10 
  199       8.800651761200e-10 
  200       8.801311954337e-10 
  201       8.800801949488e-10 
  202       8.799122572406e-10 
  203       8.796275073381e-10 
  204       8.792261131955e-10 
  205       8.787082861620e-10 
  206       8.780742814531e-10 
  207       8.773243986210e-10 
  208       8.764589820251e-10 
  209       8.754784213031e-10 
  210       8.743831518412e-10 
  211       8.731736552453e-10 
  212       8.718504598109e-10 
  213       8.704141354273e-10 
  214       8.688652769285e-10 
  215       8.672045205264e-10 
  216       8.654325497308e-10 
  217       8.635500958048e-10 
  218       8.615579382216e-10 
  219       8.594569051195e-10 
  220       8.572478737589e-10 
  221       8.549317709775e-10 
  222       8.525095736470e-10 
  223       8.499823091284e-10 
  224       8.473510557288e-10 
  225       8.446169431565e-10 
  226       8.417811529778e-10 
  227       8.388449190727e-10 
  228       8.358095280908e-10 
  229       8.326763199075e-10 
  230       8.294466880798e-10 
  231       8.261220803027e-10 
  232       8.227039988645e-10 
  233       8.191940011037e-10 
  234       8.155936998643e-10 
  235       8.119047639520e-10 
  236       8.081289185906e-10 
  237       8.042679458774e-10 
  238       8.003236039802e-10 
  239       7.962973783532e-10 
  240       7.921907163330e-10 
  241       7.880051073259e-10 
  242       7.837420830918e-10 
  243       7.794032180294e-10 
  244       7.749901294607e-10 
  245       7.705044779150e-10 
  246       7.659479674143e-10 
  247       7.613223457572e-10 
  248       7.566294048039e-10 
  249       7.518709807608e-10 
  250       7.470489544646e-10 
  251       7.421652516673e-10 
  252       7.372218433210e-10 
  253       7.322207458617e-10 
  254       7.271640214948e-10 
  255       7.220537784788e-10 
  256       7.168921714106e-10 
  257       7.116814015098e-10 
  258       7.064237169031e-10 
  259       7.011214129092e-10 
  260       6.957768323233e-10 
  261       6.903923657013e-10 
  262       6.849704516451e-10 
  263       6.795135770865e-10 
  264       6.740242775722e-10 
  265       6.685051375482e-10 
  266       6.629586364214e-10 
  267       6.573866768983e-10 
  268       6.517910315877e-10 
  269       6.461734949415e-10 
  270       6.405358832787e-10 
  271       6.348800348095e-10 
  272       6.292078096593e-10 
  273       6.235210898925e-10 
  274       6.178217795367e-10 
  275       6.121118046067e-10 
  276       6.063931131284e-10 
  277       6.006676751629e-10 
  278       5.949374828305e-10 
  279       5.892045503345e-10 
  280       5.834709139855e-10 
  281       5.777386322253e-10 
  282       5.720097856508e-10 
  283       5.662864770381e-10 
  284       5.605708313666e-10 
  285       5.548649958426e-10 
  286       5.491711399238e-10 
  287       5.434914553431e-10 
  288       5.378281561325e-10 
  289       5.321834786472e-10 
  290       5.265596815897e-10 
  291       5.209590460337e-10 
  292       5.153838754479e-10 
  293       5.098364957204e-10 
  294       5.043192551825e-10 
  295       4.988345246326e-10 
  296       4.933846973605e-10 
  297       4.879720109491e-10 
  298       4.825980030320e-10 
  299       4.772640290718e-10 
  300       4.719714379768e-10 
  301       4.667215718828e-10 
  302       4.615157659360e-10 
  303       4.563553480747e-10 
  304       4.512416388125e-10 
  305       4.461759510198e-10 
  306       4.411595897068e-10 
  307       4.361938518056e-10 
  308       4.312800259526e-10 
  309       4.264193922707e-10 
  310       4.216132221521e-10 
  311       4.168627780401e-10 
  312       4.121693132120e-10 
  313       4.075340715611e-10 
  314       4.029582873790e-10 
  315       3.984431851384e-10 
  316       3.939899792751e-10 
  317       3.895998739704e-10 
  318       3.852740629336e-10 
  319       3.810137291842e-10 
  320       3.768200448345e-10 
  321       3.726941708716e-10 
  322       3.686372569402e-10 
  323       3.646504411245e-10 
  324       3.607348497310e-10 
  325       3.568915970705e-10 
  326       3.531217852408e-10 
  327       3.494265039087e-10 
  328       3.458068300927e-10 
  329       3.422638279451e-10 
  330       3.387985485345e-10 
  331       3.354120296282e-10 
  332       3.321051885961e-10 
  333       3.288784964070e-10 
  334       3.257322889806e-10 
  335       3.226668724497e-10 
  336       3.196825228269e-10 
  337       3.167794856709e-10 
  338       3.139579757528e-10 
  339       3.112181767226e-10 
  340       3.085602407753e-10 
  341       3.059842883176e-10 
  342       3.034904076339e-10 
  343       3.010786545529e-10 
  344       2.987490521138e-10 
  345       2.965015902328e-10 
  346       2.943362253694e-10 
  347       2.922528801926e-10 
  348       2.902514432474e-10 
  349       2.883317686214e-10 
  350       2.864936756106e-10 
  351       2.847369483862e-10 
  352       2.830613356606e-10 
  353       2.814665503544e-10 
  354       2.799522692618e-10 
  355       2.785181327178e-10 
  356       2.771637442642e-10 
  357       2.758886703157e-10 
  358       2.746924398270e-10 
  359       2.735745439583e-10 
  360       2.725344357421e-10 
  361       2.715715297496e-10 
  362       2.706852017570e-10 
  363       2.698747884117e-10 
  364       2.691395868987e-10 
  365       2.684788546071e-10 
  366       2.678918087964e-10 
  367       2.673776262627e-10 
  368       2.669354430054e-10 
  369       2.665643538931e-10 
  370       2.662634123303e-10 
  371       2.660316962354e-10 
  372       2.658685095025e-10 
  373       2.657731877629e-10 
  374       2.657450325090e-10 
  375       2.657833108188e-10 
  376       2.658872550796e-10 
  377       2.660560627121e-10 
  378       2.662888958943e-10 
  379       2.665848812857e-10 
  380       2.669431097513e-10 
  381       2.673626360854e-10 
  382       2.678424787359e-10 
  383       2.683816195279e-10 
  384       2.689790033882e-10 
  385       2.696335380690e-10 
  386       2.703440938721e-10 
  387       2.711095033726e-10 
  388       2.719285611433e-10 
  389       2.728000234784e-10 
  390       2.737226081178e-10 
  391       2.746949939709e-10 
  392       2.757158208405e-10 
  393       2.767836891472e-10 
  394       2.778971596531e-10 
  395       2.790547531859e-10 
  396       2.802549503629e-10 
  397       2.814961913150e-10 
  398       2.827768754109e-10 
  399       2.840953609807e-10 
  400       2.854499650404e-10 
  401       2.868389630156e-10 
  402       2.882605884654e-10 
  403       2.897130328069e-10 
  404       2.911944450387e-10 
  405       2.927029314652e-10 
  406       2.942365554205e-10 
  407       2.957933369925e-10 
  408       2.973712527467e-10 
  409       2.989682354507e-10 
  410       3.005823867920e-10 
  411       3.022126243986e-10 
  412       3.038580571928e-10 
  413       3.055177743431e-10 
  414       3.071908451397e-10 
  415       3.088763188706e-10 
  416       3.105732246966e-10 
  417       3.122805715277e-10 
  418       3.139973478983e-10 
  419       3.157225218431e-10 
  420       3.174550407727e-10 
  421       3.191938313494e-10 
  422       3.209377993628e-10 
  423       3.226858296055e-10 
  424       3.244367857489e-10 
  425       3.261895102188e-10 
  426       3.279428240710e-10 
  427       3.296955268670e-10 
  428       3.314463965500e-10 
  429       3.331941893203e-10 
  430       3.349376395108e-10 
  431       3.366754594634e-10 
  432       3.384063394039e-10 
  433       3.401289473180e-10 
  434       3.418419288273e-10 
  435       3.435439070644e-10 
  436       3.452334825491e-10 
  437       3.469092330638e-10 
  438       3.485697135292e-10 
  439       3.502134558803e-10 
  440       3.518389689416e-10 
  441       3.534447383033e-10 
  442       3.550292261964e-10 
  443       3.565908713692e-10 
  444       3.581280889620e-10 
  445       3.596392703836e-10 
  446       3.611227831868e-10 
  447       3.625769709437e-10 
  448       3.640001531220e-10 
  449       3.653908569365e-10 
  450       3.667485214212e-10 
  451       3.680728159037e-10 
  452       3.693634101014e-10 
  453       3.706199741358e-10 
  454       3.718421785452e-10 
  455       3.730296942986e-10 
  456       3.741821928090e-10 
  457       3.752993459471e-10 
  458       3.763808260544e-10 
  459       3.774263059569e-10 
  460       3.784354589783e-10 
  461       3.794079589541e-10 
  462       3.803434802443e-10 
  463       3.812416977472e-10 
  464       3.821022869131e-10 
  465       3.829249237572e-10 
  466       3.837092848738e-10 
  467       3.844550474489e-10 
  468       3.851618892745e-10 
  469       3.858294887614e-10 
  470       3.864575249531e-10 
  471       3.870456775392e-10 
  472       3.875936268685e-10 
  473       3.881010539630e-10 
  474       3.885676405310e-10 
  475       3.889930689806e-10 
  476       3.893770224333e-10 
  477       3.897191847374e-10 
  478       3.900192404816e-10 
  479       3.902768750080e-10 
  480       3.904917744261e-10 
  481       3.906636256260e-10 
  482       3.907921162921e-10 
  483       3.908769349160e-10 
  484       3.909177708108e-10 
  485       3.909143141236e-10 
  486       3.908662558499e-10 
  487       3.907732878465e-10 
  488       3.906352234418e-10 
  489       3.904523631933e-10 
  490       3.902251400581e-10 
  491       3.899539998552e-10 
  492       3.896394013401e-10 
  493       3.892818162786e-10 
  494       3.888817295208e-10 
  495       3.884396390757e-10 
  496       3.879560561848e-10 
  497       3.874315053966e-10 
  498       3.868665246403e-10 
  499       3.862616653003e-10 
  500       3.856174922901e-10 
  501       3.849345841265e-10 
  502       3.842135330034e-10 
  503       3.834549448666e-10 
  504       3.826594394872e-10 
  505       3.818276505359e-10 
  506       3.809602256573e-10 
  507       3.800578265441e-10 
  508       3.791211290106e-10 
  509       3.781508230676e-10 
  510       3.771476129958e-10 
  511       3.761122174205e-10 
  512       3.750453693853e-10 
  513       3.739478164263e-10 
  514       3.728203206465e-10 
  515       3.716636587892e-10 
  516       3.704786223132e-10 
  517       3.692660174656e-10 
  518       3.680266653572e-10 
  519       3.667614020356e-10 
  520       3.654710785598e-10 
  521       3.641565610744e-10 
  522       3.628187308831e-10 
  523       3.614584845237e-10 
  524       3.600767338415e-10 
  525       3.586744060636e-10 
  526       3.572524438732e-10 
  527       3.558117675758e-10 
  528       3.543531602999e-10 
  529       3.528773797721e-10 
  530       3.513851959961e-10 
  531       3.498773913099e-10 
  532       3.483547604440e-10 
  533       3.468181105791e-10 
  534       3.452682614034e-10 
  535       3.437060451710e-10 
  536       3.421323067594e-10 
  537       3.405479037270e-10 
  538       3.389537063713e-10 
  539       3.373505977863e-10 
  540       3.357394739206e-10 
  541       3.341212436348e-10 
  542       3.324968287596e-10 
  543       3.308671641532e-10 
  544       3.292331977594e-10 
  545       3.275958906652e-10 
  546       3.259562171585e-10 
  547       3.243151647860e-10 
  548       3.226737344109e-10 
  549       3.210329402707e-10 
  550       3.193938100348e-10 
  551       3.177573848624e-10 
  552       3.161247194604e-10 
  553       3.144968821407e-10 
  554       3.128749548786e-10 
  555       3.112600333700e-10 
  556       3.096532270893e-10 
  557       3.080556593475e-10 
  558       3.064684673496e-10 
  559       3.048928022524e-10 
  560       3.033298292222e-10 
  561       3.017807274930e-10 
  562       3.002466904237e-10 
  563       2.987289255561e-10 
  564       2.972286546728e-10 
  565       2.957471138548e-10 
  566       2.942854153308e-10 
  567       2.928441290032e-10 
  568       2.914236902705e-10 
  569       2.900245372674e-10 
  570       2.886471108710e-10 
  571       2.872918547066e-10 
  572       2.859592151542e-10 
  573       2.846496413545e-10 
  574       2.833635852146e-10 
  575       2.821015014145e-10 
  576       2.808638474130e-10 
  577       2.796510834538e-10 
  578       2.784636725716e-10 
  579       2.773020805981e-10 
  580       2.761667761684e-10 
  581       2.750582307265e-10 
  582       2.739769185319e-10 
  583       2.729233166655e-10 
  584       2.718979050356e-10 
  585       2.709011663842e-10 
  586       2.699335862928e-10 
  587       2.689956531886e-10 
  588       2.680878583507e-10 
  589       2.672106959161e-10 
  590       2.663646628856e-10 
  591       2.655502591302e-10 
  592       2.647679873971e-10 
  593       2.640183533154e-10 
  594       2.633018654027e-10 
  595       2.626190350710e-10 
  596       2.619703766327e-10 
  597       2.613564073066e-10 
  598       2.607776472244e-10 
  599       2.602346194361e-10 
  600       2.597278499169e-10 
  601       2.592578675725e-10 
  602       2.588252042458e-10 
  603       2.584303947225e-10 
  604       2.580739767375e-10 
  605       2.577563665577e-10 
  606       2.574774824278e-10 
  607       2.572371120693e-10 
  608       2.570350362485e-10 
  609       2.568710287420e-10 
  610       2.567448563019e-10 
  611       2.566562786210e-10 
  612       2.566050482985e-10 
  613       2.565909108052e-10 
  614       2.566136044487e-10 
  615       2.566728603392e-10 
  616       2.567684023542e-10 
  617       2.568999471046e-10 
  618       2.570672038993e-10 
  619       2.572698747112e-10 
  620       2.575076541423e-10 
  621       2.577802293888e-10 
  622       2.580872802069e-10 
  623       2.584284788780e-10 
  624       2.588034901739e-10 
  625       2.592119713223e-10 
  626       2.596535719721e-10 
  627       2.601279341590e-10 
  628       2.606346922703e-10 
  629       2.611734730109e-10 
  630       2.617438953682e-10 
  631       2.623455705776e-10 
  632       2.629781020880e-10 
  633       2.636410855269e-10 
  634       2.643341086660e-10 
  635       2.650567513863e-10 
  636       2.658085856436e-10 
  637       2.665891754341e-10 
  638       2.673980767592e-10 
  639       2.682348375914e-10 
  640       2.690989978392e-10 
  641       2.699900893129e-10 
  642       2.709076356896e-10 
  643       2.718511524787e-10 
  644       2.728201231810e-10 
  645       2.738139272435e-10 
  646       2.748319104054e-10 
  647       2.758734083158e-10 
  648       2.769377464920e-10 
  649       2.780242402778e-10 
  650       2.791321948024e-10 
  651       2.802609049383e-10 
  652       2.814096552603e-10 
  653       2.825777200038e-10 
  654       2.837643630233e-10 
  655       2.849688377505e-10 
  656       2.861903871536e-10 
  657       2.874282436949e-10 
  658       2.886816292899e-10 
  659       2.899497552655e-10 
  660       2.912318223185e-10 
  661       2.925270204741e-10 
  662       2.938345290445e-10 
  663       2.951535165872e-10 
  664       2.964831408635e-10 
  665       2.978225487972e-10 
  666       2.991708764326e-10 
  667       3.005272488936e-10 
  668       3.018907803418e-10 
  669       3.032605739349e-10 
  670       3.046357217854e-10 
  671       3.060153049190e-10 
  672       3.073983932333e-10 
  673       3.087840454557e-10 
  674       3.101713091024e-10 
  675       3.115592204368e-10 
  676       3.129468044278e-10 
  677       3.143330747085e-10 
  678       3.157170335343e-10 
  679       3.170976717419e-10 
  680       3.184739687075e-10 
  681       3.198448923051e-10 
  682       3.212093988653e-10 
  683       3.225665165719e-10 
  684       3.239155976888e-10 
  685       3.252560716351e-10 
  686       3.265873620141e-10 
  687       3.279088865931e-10 
  688       3.292200572839e-10 
  689       3.305202801218e-10 
  690       3.318089552465e-10 
  691       3.330854768811e-10 
  692       3.343492333128e-10 
  693       3.355996068723e-10 
  694       3.368359739138e-10 
  695       3.380577047951e-10 
  696       3.392641638573e-10 
  697       3.404547094049e-10 
  698       3.416286936856e-10 
  699       3.427854628701e-10 
  700       3.439243570322e-10 
  701       3.450447101287e-10 
  702       3.461458499792e-10 
  703       3.472270982462e-10 
  704       3.482877704145e-10 
  705       3.493271757720e-10 
  706       3.503446173888e-10 
  707       3.513393920975e-10 
  708       3.523107904729e-10 
  709       3.532580968123e-10 
  710       3.541805891148e-10 
  711       3.550775390620e-10 
  712       3.559482119970e-10 
  713       3.567918669051e-10 
  714       3.576077563933e-10 
  715       3.583951266703e-10 
  716       3.591532175264e-10 
  717       3.598812623135e-10 
  718       3.605784879249e-10 
  719       3.612441147753e-10 
  720       3.618773567805e-10 
  721       3.624774213376e-10 
  722       3.630436311320e-10 
  723       3.635757922980e-10 
  724       3.640738336552e-10 
  725       3.645376855623e-10 
  726       3.649672799254e-10 
  727       3.653625502056e-10 
  728       3.657234314273e-10 
  729       3.660498601858e-10 
  730       3.663417746553e-10 
  731       3.665991145970e-10 
  732       3.668218213666e-10 
  733       3.670098379226e-10 
  734       3.671631088342e-10 
  735       3.672815802890e-10 
  736       3.673652001010e-10 
  737       3.674139177186e-10 
  738       3.674276842325e-10 
  739       3.674064523836e-10 
  740       3.673501765706e-10 
  741       3.672588128587e-10 
  742       3.671323189867e-10 
  743       3.669706543753e-10 
  744       3.667737801350e-10 
  745       3.665416590741e-10 
  746       3.662742557062e-10 
  747       3.659715362587e-10 
  748       3.656334686804e-10 
  749       3.652600226494e-10 
  750       3.648511695809e-10 
  751       3.644068826356e-10 
  752       3.639271367272e-10 
  753       3.634119085302e-10 
  754       3.628611764885e-10 
  755       3.622749208223e-10 
  756       3.616531235371e-10 
  757       3.609957684307e-10 
  758       3.603028411017e-10 
  759       3.595743289573e-10 
  760       3.588102212209e-10 
  761       3.580105823663e-10 
  762       3.571757739474e-10 
  763       3.563062370361e-10 
  764       3.554024192051e-10 
  765       3.544647745511e-10 
  766       3.534937637177e-10 
  767       3.524898539184e-10 
  768       3.514535189600e-10 
  769       3.503852392655e-10 
  770       3.492855018975e-10 
  771       3.481548005808e-10 
  772       3.469936357260e-10 
  773       3.458025144524e-10 
  774       3.445819506112e-10 
  775       3.433324648084e-10 
  776       3.420545844282e-10 
  777       3.407488436560e-10 
  778       3.394157835012e-10 
  779       3.380559518211e-10 
  780       3.366699033430e-10 
  781       3.352581996883e-10 
  782       3.338214093946e-10 
  783       3.323601079399e-10 
  784       3.308748777648e-10 
  785       3.293663082961e-10 
  786       3.278349959697e-10 
  787       3.262815442540e-10 
  788       3.247065636726e-10 
  789       3.231106718276e-10 
  790       3.214944934229e-10 
  791       3.198586602871e-10 
  792       3.182038113966e-10 
  793       3.165305928989e-10 
  794       3.148396581352e-10 
  795       3.131316676645e-10 
  796       3.114072892855e-10 
  797       3.096671980608e-10 
  798       3.079120763392e-10 
  799       3.061426137793e-10 
  800       3.043594894239e-10 
  801       3.025633175181e-10 
  802       3.007547007490e-10 
  803       2.989342481241e-10 
  804       2.971025749911e-10 
  805       2.952603030575e-10 
  806       2.934080604107e-10 
  807       2.915464815377e-10 
  808       2.896762073444e-10 
  809       2.877978851758e-10 
  810       2.859121688359e-10 
  811       2.840197186066e-10 
  812       2.821212012687e-10 
  813       2.802172901204e-10 
  814       2.783086649979e-10 
  815       2.763960122949e-10 
  816       2.744800249823e-10 
  817       2.725614026279e-10 
  818       2.706408514163e-10 
  819       2.687190841685e-10 
  820       2.667968203620e-10 
  821       2.648747861498e-10 
  822       2.629537143811e-10 
  823       2.610343446204e-10 
  824       2.591174231674e-10 
  825       2.572037030768e-10 
  826       2.552939441781e-10 
  827       2.533889130952e-10 
  828       2.514893832664e-10 
  829       2.495961349638e-10 
  830       2.477099553134e-10 
  831       2.458316383145e-10 
  832       2.439619848598e-10 
  833       2.421018027550e-10 
  834       2.402519067385e-10 
  835       2.384131185011e-10 
  836       2.365862667060e-10 
  837       2.347721870084e-10 
  838       2.329717220751e-10 
  839       2.311856353022e-10 
  840       2.294143502820e-10 
  841       2.276582068429e-10 
  842       2.259175469461e-10 
  843       2.241927146905e-10 
  844       2.224840563179e-10 
  845       2.207919202181e-10 
  846       2.191166569336e-10 
  847       2.174586191653e-10 
  848       2.158181617768e-10 
  849       2.141956418001e-10 
  850       2.125914184403e-10 
  851       2.110058530807e-10 
  852       2.094393092879e-10 
  853       2.078921528170e-10 
  854       2.063647516164e-10 
  855       2.048574758329e-10 
  856       2.033706978170e-10 
  857       2.019047921276e-10 
  858       2.004601355374e-10 
  859       1.990371070377e-10 
  860       1.976360878437e-10 
  861       1.962574613990e-10 
  862       1.949016133816e-10 
  863       1.935689317081e-10 
  864       1.922598065391e-10 
  865       1.909746302843e-10 
  866       1.897137976074e-10 
  867       1.884777054313e-10 
  868       1.872667529432e-10 
  869       1.860813415993e-10 
  870       1.849218751305e-10 
  871       1.837887595465e-10 
  872       1.826824031421e-10 
  873       1.816032165010e-10 
  874       1.805516125017e-10 
  875       1.795280063224e-10 
  876       1.785328154457e-10 
  877       1.775664596640e-10 
  878       1.766292721694e-10 
  879       1.757212311933e-10 
  880       1.748422239146e-10 
  881       1.739921349620e-10 
  882       1.731708464048e-10 
  883       1.723782377447e-10 
  884       1.716141859065e-10 
  885       1.708785652295e-10 
  886       1.701712474588e-10 
  887       1.694921017367e-10 
  888       1.688409945934e-10 
  889       1.682177899388e-10 
  890       1.676223490534e-10 
  891       1.670545305796e-10 
  892       1.665141905130e-10 
  893       1.660011821936e-10 
  894       1.655153562970e-10 
  895       1.650565608254e-10 
  896       1.646246410996e-10 
  897       1.642194397492e-10 
  898       1.638407967046e-10 
  899       1.634885491879e-10 
  900       1.631625317043e-10 
  901       1.628625760329e-10 
  902       1.625885112187e-10 
  903       1.623401635631e-10 
  904       1.621173566155e-10 
  905       1.619199111645e-10 
  906       1.617476452290e-10 
  907       1.616003740495e-10 
  908       1.614779100796e-10 
  909       1.613800629765e-10 
  910       1.613066395932e-10 
  911       1.612574439688e-10 
  912       1.612322773206e-10 
  913       1.612309380346e-10 
  914       1.612532216571e-10 
  915       1.612989208859e-10 
  916       1.613678255614e-10 
  917       1.614596892258e-10 
  918       1.615741282341e-10 
  919       1.617107210189e-10 
  920       1.618690413639e-10 
  921       1.620486583904e-10 
  922       1.622491365432e-10 
  923       1.624700355777e-10 
  924       1.627109105461e-10 
  925       1.629713117836e-10 
  926       1.632507848955e-10 
  927       1.635488707431e-10 
  928       1.638651054304e-10 
  929       1.641990202905e-10 
  930       1.645501418721e-10 
  931       1.649179919261e-10 
  932       1.653020873916e-10 
  933       1.657019403831e-10 
  934       1.661170581763e-10 
  935       1.665469431948e-10 
  936       1.669910929968e-10 
  937       1.674490002610e-10 
  938       1.679201527738e-10 
  939       1.684040334152e-10 
  940       1.689001201454e-10 
  941       1.694078859913e-10 
  942       1.699267990332e-10 
  943       1.704563223907e-10 
  944       1.709959142098e-10 
  945       1.715450276489e-10 
  946       1.721031108655e-10 
  947       1.726696070026e-10 
  948       1.732439541752e-10 
  949       1.738255854566e-10 
  950       1.744139288651e-10 
  951       1.750084073505e-10 
  952       1.756084387800e-10 
  953       1.762134359256e-10 
  954       1.768228064496e-10 
  955       1.774359528920e-10 
  956       1.780523081210e-10 
  957       1.786714423089e-10 
  958       1.792929575638e-10 
  959       1.799164526042e-10 
  960       1.805415227500e-10 
  961       1.811677599133e-10 
  962       1.817947525903e-10 
  963       1.824220858514e-10 
  964       1.830493413333e-10 
  965       1.836760972294e-10 
  966       1.843019282812e-10 
  967       1.849264057696e-10 
  968       1.855490975055e-10 
  969       1.861695678215e-10 
  970       1.867873775627e-10 
  971       1.874020840777e-10 
  972       1.880132412100e-10 
  973       1.886203992890e-10 
  974       1.892231051211e-10 
  975       1.898209019809e-10 
  976       1.904133296022e-10 
  977       1.909999241690e-10 
  978       1.915802183070e-10 
  979       1.921537410745e-10 
  980       1.927200179534e-10 
  981       1.932785708404e-10 
  982       1.938289180384e-10 
  983       1.943705742470e-10 
  984       1.949030505542e-10 
  985       1.954258544274e-10 
  986       1.959384897042e-10 
  987       1.964404565838e-10 
  988       1.969312516182e-10 
  989       1.974103677028e-10 
  990       1.978772940683e-10 
  991       1.983315162712e-10 
  992       1.987725161850e-10 
  993       1.991997719917e-10 
  994       1.996127581725e-10 
  995       2.000110159683e-10 
  996       2.003943659123e-10 
  997       2.007626983997e-10 
  998       2.011159035008e-10 
  999       2.014538709610e-10 
 1000       2.017764902004e-10 
 1001       2.020836503132e-10 
 1002       2.023752400674e-10 
 1003       2.026511479047e-10 
 1004       2.029112619400e-10 
 1005       2.031554699609e-10 
 1006       2.033836594275e-10 
 1007       2.035957174721e-10 
 1008       2.037915308988e-10 
 1009       2.039709861831e-10 
 1010       2.041339694716e-10 
 1011       2.042803665816e-10 
 1012       2.044100630008e-10 
 1013       2.045229438869e-10 
 1014       2.046188940674e-10 
 1015       2.046977980390e-10 
 1016       2.047595399675e-10 
 1017       2.048040036871e-10 
 1018       2.048310727006e-10 
 1019       2.048406301786e-10 
 1020       2.048325589592e-10 
 1021       2.048067415477e-10 
 1022       2.047630601165e-10 
 1023       2.047013965044e-10 
 1024       2.046216322163e-10 
 1025       2.045236484231e-10 
 1026       2.044073259610e-10 
 1027       2.042725453315e-10 
 1028       2.041191867008e-10 
 1029       2.039471298994e-10 
 1030       2.037562544221e-10 
 1031       2.035464394274e-10 
 1032       2.033175637370e-10 
 1033       2.030695058357e-10 
 1034       2.028021981560e-10 
 1035       2.025157907720e-10 
 1036       2.022104900172e-10 
 1037       2.018865044156e-10 
 1038       2.015440446868e-10 
 1039       2.011833237521e-10 
 1040       2.008045567402e-10 
 1041       2.004079609927e-10 
 1042       1.999937560704e-10 
 1043       1.995621637583e-10 
 1044       1.991134080717e-10 
 1045       1.986477152623e-10 
 1046       1.981653138232e-10 
 1047       1.976664344951e-10 
 1048       1.971513102720e-10 
 1049       1.966201764069e-10 
 1050       1.960732704174e-10 
 1051       1.955108320917e-10 
 1052       1.949331034941e-10 
 1053       1.943403289709e-10 
 1054       1.937327551558e-10 
 1055       1.931106309764e-10 
 1056       1.924742076589e-10 
 1057       1.918237387347e-10 
 1058       1.911594800457e-10 
 1059       1.904816897503e-10 
 1060       1.897906283287e-10 
 1061       1.890865585891e-10 
 1062       1.883697456734e-10 
 1063       1.876404570624e-10 
 1064       1.868989625822e-10 
 1065       1.861455344098e-10 
 1066       1.853804470783e-10 
 1067       1.846039774834e-10 
 1068       1.838164048886e-10 
 1069       1.830180109311e-10 
 1070       1.822090796277e-10 
 1071       1.813898973803e-10 
 1072       1.805607529815e-10 
 1073       1.797219435499e-10 
 1074       1.788737924097e-10 
 1075       1.780166314659e-10 
 1076       1.771507953032e-10 
 1077       1.762766211927e-10 
 1078       1.753944490982e-10 
 1079       1.745046216825e-10 
 1080       1.736074843137e-10 
 1081       1.727033850716e-10 
 1082       1.717926747543e-10 
 1083       1.708757068841e-10 
 1084       1.699528377142e-10 
 1085       1.690244262349e-10 
 1086       1.680908341801e-10 
 1087       1.671524260334e-10 
 1088       1.662095690346e-10 
 1089       1.652626331863e-10 
 1090       1.643119912597e-10 
 1091       1.633580188015e-10 
 1092       1.624010941399e-10 
 1093       1.614415983910e-10 
 1094       1.604799154655e-10 
 1095       1.595164320745e-10 
 1096       1.585515377364e-10 
 1097       1.575856247826e-10 
 1098       1.566190883647e-10 
 1099       1.556523264600e-10 
 1100       1.546857398786e-10 
 1101       1.537197322692e-10 
 1102       1.527547101257e-10 
 1103       1.517910827934e-10 
 1104       1.508292624757e-10 
 1105       1.498696642401e-10 
 1106       1.489127060247e-10 
 1107       1.479588086445e-10 
 1108       1.470083957977e-10 
 1109       1.460618940724e-10 
 1110       1.451197329524e-10 
 1111       1.441823448241e-10 
 1112       1.432501271673e-10 
 1113       1.423233285727e-10 
 1114       1.414021612395e-10 
 1115       1.404868386571e-10 
 1116       1.395775756080e-10 
 1117       1.386745881704e-10 
 1118       1.377780937208e-10 
 1119       1.368883109367e-10 
 1120       1.360054597998e-10 
 1121       1.351297615976e-10 
 1122       1.342614389273e-10 
 1123       1.334007156977e-10 
 1124       1.325478171320e-10 
 1125       1.317029697708e-10 
 1126       1.308664014745e-10 
 1127       1.300383414260e-10 
 1128       1.292190201336e-10 
 1129       1.284086694336e-10 
 1130       1.276075224927e-10 
 1131       1.268158138110e-10 
 1132       1.260337792249e-10 
 1133       1.252616559091e-10 
 1134       1.244996823799e-10 
 1135       1.237480984976e-10 
 1136       1.230071454693e-10 
 1137       1.222770658517e-10 
 1138       1.215581035534e-10 
 1139       1.208505038378e-10 
 1140       1.201545133261e-10 
 1141       1.194703799994e-10 
 1142       1.187983532020e-10 
 1143       1.181386836434e-10 
 1144       1.174916234017e-10 
 1145       1.168574259257e-10 
 1146       1.162363460381e-10 
 1147       1.156286399376e-10 
 1148       1.150345652022e-10 
 1149       1.144543807915e-10 
 1150       1.138883470495e-10 
 1151       1.133366766944e-10 
 1152       1.127993871017e-10 
 1153       1.122764461510e-10 
 1154       1.117678210668e-10 
 1155       1.112734784166e-10 
 1156       1.107933841098e-10 
 1157       1.103275033951e-10 
 1158       1.098758008594e-10 
 1159       1.094382404256e-10 
 1160       1.090147853514e-10 
 1161       1.086053982268e-10 
 1162       1.082100409732e-10 
 1163       1.078286748409e-10 
 1164       1.074612604078e-10 
 1165       1.071077575775e-10 
 1166       1.067681255776e-10 
 1167       1.064423229579e-10 
 1168       1.061303075888e-10 
 1169       1.058320366591e-10 
 1170       1.055474666751e-10 
 1171       1.052765534578e-10 
 1172       1.050192521421e-10 
 1173       1.047755171745e-10 
 1174       1.045453023113e-10 
 1175       1.043285606174e-10 
 1176       1.041252444639e-10 
 1177       1.039353055268e-10 
 1178       1.037586947851e-10 
 1179       1.035953625189e-10 
 1180       1.034452583079e-10 
 1181       1.033083310298e-10 
 1182       1.031845288578e-10 
 1183       1.030737992598e-10 
 1184       1.029760889960e-10 
 1185       1.028913441174e-10 
 1186       1.028195099640e-10 
 1187       1.027605311631e-10 
 1188       1.027143516276e-10 
 1189       1.026809145539e-10 
 1190       1.026601364006e-10 
 1191       1.026518284763e-10 
 1192       1.026557743850e-10 
 1193       1.026717559547e-10 
 1194       1.026995532339e-10 
 1195       1.027389444870e-10 
 1196       1.027897061908e-10 
 1197       1.028516130306e-10 
 1198       1.029244378958e-10 
 1199       1.030079518766e-10 
 1200       1.031019242593e-10 
 1201       1.032061225230e-10 
 1202       1.033203123353e-10 
 1203       1.034442575483e-10 
 1204       1.035777201951e-10 
 1205       1.037204604852e-10 
 1206       1.038722368010e-10 
 1207       1.040328056938e-10 
 1208       1.042019218797e-10 
 1209       1.043793382357e-10 
 1210       1.045648057958e-10 
 1211       1.047580737471e-10 
 1212       1.049588894256e-10 
 1213       1.051669983126e-10 
 1214       1.053821440303e-10 
 1215       1.056040683386e-10 
 1216       1.058325111300e-10 
 1217       1.060672104270e-10 
 1218       1.063079023769e-10 
 1219       1.065543212488e-10 
 1220       1.068061994290e-10 
 1221       1.070632674174e-10 
 1222       1.073252538236e-10 
 1223       1.075918853626e-10 
 1224       1.078628868511e-10 
 1225       1.081379812035e-10 
 1226       1.084168894282e-10 
 1227       1.086993306229e-10 
 1228       1.089850219716e-10 
 1229       1.092736889601e-10 
 1230       1.095650961654e-10 
 1231       1.098590168250e-10 
 1232       1.101552226465e-10 
 1233       1.104534838050e-10 
 1234       1.107535689394e-10 
 1235       1.110552451497e-10 
 1236       1.113582779934e-10 
 1237       1.116624314830e-10 
 1238       1.119674680822e-10 
 1239       1.122731487033e-10 
 1240       1.125792327036e-10 
 1241       1.128854778826e-10 
 1242       1.131916404787e-10 
 1243       1.134974751662e-10 
 1244       1.138027350518e-10 
 1245       1.141071716720e-10 
 1246       1.144105349895e-10 
 1247       1.147125733903e-10 
 1248       1.150130336806e-10 
 1249       1.153116610833e-10 
 1250       1.156081992354e-10 
 1251       1.159023901843e-10 
 1252       1.161939743853e-10 
 1253       1.164826906976e-10 
 1254       1.167682763822e-10 
 1255       1.170504670978e-10 
 1256       1.173289968983e-10 
 1257       1.176035982294e-10 
 1258       1.178740019254e-10 
 1259       1.181399372063e-10 
 1260       1.184011316744e-10 
 1261       1.186573113114e-10 
 1262       1.189082004750e-10 
 1263       1.191535218959e-10 
 1264       1.193929966748e-10 
 1265       1.196263442791e-10 
 1266       1.198532825397e-10 
 1267       1.200735276478e-10 
 1268       1.202868278913e-10 
 1269       1.204930652939e-10 
 1270       1.206921551412e-10 
 1271       1.208840123476e-10 
 1272       1.210685514554e-10 
 1273       1.212456866341e-10 
 1274       1.214153316800e-10 
 1275       1.215774000157e-10 
 1276       1.217318046889e-10 
 1277       1.218784583724e-10 
 1278       1.220172733632e-10 
 1279       1.221481615818e-10 
 1280       1.222710345717e-10 
 1281       1.223858034988e-10 
 1282       1.224923791507e-10 
 1283       1.225906719361e-10 
 1284       1.226805918842e-10 
 1285       1.227620486441e-10 
 1286       1.228349514840e-10 
 1287       1.228992092908e-10 
 1288       1.229547305694e-10 
 1289       1.230014234419e-10 
 1290       1.230391956475e-10 
 1291       1.230679545410e-10 
 1292       1.230876070931e-10 
 1293       1.230980598893e-10 
 1294       1.230992191291e-10 
 1295       1.230909906260e-10 
 1296       1.230732798061e-10 
 1297       1.230459917081e-10 
 1298       1.230090309824e-10 
 1299       1.229623018905e-10 
 1300       1.229057083045e-10 
 1301       1.228391537062e-10 
 1302       1.227625411868e-10 
 1303       1.226757734460e-10 
 1304       1.225787527917e-10 
 1305       1.224713811388e-10 
 1306       1.223535600095e-10 
 1307       1.222252219693e-10 
 1308       1.220864253249e-10 
 1309       1.219372604849e-10 
 1310       1.217778186195e-10 
 1311       1.216081916627e-10 
 1312       1.214284723135e-10 
 1313       1.212387540376e-10 
 1314       1.210391310687e-10 
 1315       1.208296984107e-10 
 1316       1.206105518385e-10 
 1317       1.203817879003e-10 
 1318       1.201435039188e-10 
 1319       1.198957979927e-10 
 1320       1.196387689985e-10 
 1321       1.193725165923e-10 
 1322       1.190971412106e-10 
 1323       1.188127440729e-10 
 1324       1.185194271823e-10 
 1325       1.182172933279e-10 
 1326       1.179064460859e-10 
 1327       1.175869898212e-10 
 1328       1.172590296894e-10 
 1329       1.169226716378e-10 
 1330       1.165780224074e-10 
 1331       1.162251895343e-10 
 1332       1.158642813513e-10 
 1333       1.154954069897e-10 
 1334       1.151186763804e-10 
 1335       1.147342002560e-10 
 1336       1.143420901522e-10 
 1337       1.139424584091e-10 
 1338       1.135354181732e-10 
 1339       1.131210833989e-10 
 1340       1.126995688497e-10 
 1341       1.122709901005e-10 
 1342       1.118354635383e-10 
 1343       1.113931063645e-10 
 1344       1.109440365963e-10 
 1345       1.104883730680e-10 
 1346       1.100262446167e-10 
 1347       1.095578177447e-10 
 1348       1.090832692605e-10 
 1349       1.086027771245e-10 
 1350       1.081165204517e-10 
 1351       1.076246795131e-10 
 1352       1.071274357383e-10 
 1353       1.066249717179e-10 
 1354       1.061174712052e-10 
 1355       1.056051191188e-10 
 1356       1.050881015446e-10 
 1357       1.045666057380e-10 
 1358       1.040408201261e-10 
 1359       1.035109343100e-10 
 1360       1.029771390667e-10 
 1361       1.024396263518e-10 
 1362       1.018985893010e-10 
 1363       1.013542222329e-10 
 1364       1.008067206510e-10 
 1365       1.002562812457e-10 
 1366       9.970310189681e-11 
 1367       9.914738167538e-11 
 1368       9.858932084621e-11 
 1369       9.802912086988e-11 
 1370       9.746698440497e-11 
 1371       9.690311531028e-11 
 1372       9.633771864695e-11 
 1373       9.577100068074e-11 
 1374       9.520316888416e-11 
 1375       9.463443193868e-11 
 1376       9.406499973690e-11 
 1377       9.349508338480e-11 
 1378       9.292489520384e-11 
 1379       9.235464873325e-11 
 1380       9.178455873215e-11 
 1381       9.121484118174e-11 
 1382       9.064571328756e-11 
 1383       9.007739348159e-11 
 1384       8.951010142452e-11 
 1385       8.894404318785e-11 
 1386       8.837936662484e-11 
 1387       8.781620553272e-11 
 1388       8.725469443126e-11 
 1389       8.669496856401e-11 
 1390       8.613716389956e-11 
 1391       8.558141713283e-11 
 1392       8.502786568632e-11 
 1393       8.447664771135e-11 
 1394       8.392790208939e-11 
 1395       8.338176843324e-11 
 1396       8.283838708837e-11 
 1397       8.229789913413e-11 
 1398       8.176044638504e-11 
 1399       8.122617139206e-11 
 1400       8.069521744383e-11 
 1401       8.016772856796e-11 
 1402       7.964384953228e-11 
 1403       7.912372584610e-11 
 1404       7.860750376148e-11 
 1405       7.809533027451e-11 
 1406       7.758735312656e-11 
 1407       7.708372080552e-11 
 1408       7.658458254711e-11 
 1409       7.609008833613e-11 
 1410       7.560038890768e-11 
 1411       7.511563574851e-11 
 1412       7.463598109821e-11 
 1413       7.416157795048e-11 
 1414       7.369258005447e-11 
 1415       7.322914191592e-11 
 1416       7.277141879856e-11 
 1417       7.231956672526e-11 
 1418       7.187374247936e-11 
 1419       7.143410360591e-11 
 1420       7.100080841295e-11 
 1421       7.057401597276e-11 
 1422       7.015388612312e-11 
 1423       6.974057946860e-11 
 1424       6.933423226877e-11 
 1425       6.893488081824e-11 
 1426       6.854253629256e-11 
 1427       6.815720979049e-11 
 1428       6.777891233385e-11 
 1429       6.740765486722e-11 
 1430       6.704344825779e-11 
 1431       6.668630329512e-11 
 1432       6.633623069090e-11 
 1433       6.599324107872e-11 
 1434       6.565734501390e-11 
 1435       6.532855297323e-11 
 1436       6.500687535475e-11 
 1437       6.469232247754e-11 
 1438       6.438490458151e-11 
 1439       6.408463182713e-11 
 1440       6.379151429529e-11 
 1441       6.350556198700e-11 
 1442       6.322678482322e-11 
 1443       6.295519264461e-11 
 1444       6.269079521134e-11 
 1445       6.243360220283e-11 
 1446       6.218362321757e-11 
 1447       6.194086777285e-11 
 1448       6.170534530460e-11 
 1449       6.147706516713e-11 
 1450       6.125603663290e-11 
 1451       6.104226889232e-11 
 1452       6.083577105355e-11 
 1453       6.063655214223e-11 
 1454       6.044462110129e-11 
 1455       6.025998679071e-11 
 1456       6.008265798735e-11 
 1457       5.991264338464e-11 
 1458       5.974995159245e-11 
 1459       5.959459113682e-11 
 1460       5.944657045974e-11 
 1461       5.930589791894e-11 
 1462       5.917258178767e-11 
 1463       5.904661304078e-11 
 1464       5.892791352519e-11 
 1465       5.881638727080e-11 
 1466       5.871193765608e-11 
 1467       5.861446740677e-11 
 1468       5.852387859480e-11 
 1469       5.844007263704e-11 
 1470       5.836295029414e-11 
 1471       5.829241166933e-11 
 1472       5.822835620725e-11 
 1473       5.817068269276e-11 
 1474       5.811928924974e-11 
 1475       5.807407333994e-11 
 1476       5.803493176176e-11 
 1477       5.800176064907e-11 
 1478       5.797445547004e-11 
 1479       5.795291102596e-11 
 1480       5.793702145001e-11 
 1481       5.792668020614e-11 
 1482       5.792178008782e-11 
 1483       5.792221321692e-11 
 1484       5.792787104246e-11 
 1485       5.793864433947e-11 
 1486       5.795442320780e-11 
 1487       5.797509707090e-11 
 1488       5.800055467469e-11 
 1489       5.803068408631e-11 
 1490       5.806537269299e-11 
 1491       5.810450720086e-11 
 1492       5.814797363371e-11 
 1493       5.819565733188e-11 
 1494       5.824744295102e-11 
 1495       5.830321446093e-11 
 1496       5.836285514435e-11 
 1497       5.842624759583e-11 
 1498       5.849327372047e-11 
 1499       5.856381473280e-11 
 1500       5.863775115555e-11 
 1501       5.871496281848e-11 
 1502       5.879532897959e-11 
 1503       5.887872869225e-11 
 1504       5.896504043931e-11 
 1505       5.905414200979e-11 
 1506       5.914591049777e-11 
 1507       5.924022230116e-11 
 1508       5.933695312056e-11 
 1509       5.943597795807e-11 
 1510       5.953717111609e-11 
 1511       5.964040619618e-11 
 1512       5.974555609783e-11 
 1513       5.985249301733e-11 
 1514       5.996108844658e-11 
 1515       6.007121317189e-11 
 1516       6.018273727283e-11 
 1517       6.029553012100e-11 
 1518       6.040946037893e-11 
 1519       6.052439599884e-11 
 1520       6.064020422149e-11 
 1521       6.075675157496e-11 
 1522       6.087390387354e-11 
 1523       6.099152621649e-11 
 1524       6.110948298691e-11 
 1525       6.122763785051e-11 
 1526       6.134585375446e-11 
 1527       6.146399292623e-11 
 1528       6.158191687238e-11 
 1529       6.169948637737e-11 
 1530       6.181656150245e-11 
 1531       6.193300158438e-11 
 1532       6.204866523434e-11 
 1533       6.216341033672e-11 
 1534       6.227709404791e-11 
 1535       6.238957279517e-11 
 1536       6.250070227543e-11 
 1537       6.261033745411e-11 
 1538       6.271833256393e-11 
 1539       6.282454110376e-11 
 1540       6.292881583743e-11 
 1541       6.303102299805e-11 
 1542       6.313108505088e-11 
 1543       6.322893833408e-11 
 1544       6.332451888950e-11 
 1545       6.341776246228e-11 
 1546       6.350860450036e-11 
 1547       6.359698015402e-11 
 1548       6.368282427542e-11 
 1549       6.376607141814e-11 
 1550       6.384665583673e-11 
 1551       6.392451148622e-11 
 1552       6.399957202170e-11 
 1553       6.407177079781e-11 
 1554       6.414104086832e-11 
 1555       6.420731498565e-11 
 1556       6.427052560040e-11 
 1557       6.433060486093e-11 
 1558       6.438748461283e-11 
 1559       6.444109639852e-11 
 1560       6.449137145677e-11 
 1561       6.453824072221e-11 
 1562       6.458163482491e-11 
 1563       6.462148408992e-11 
 1564       6.465771853675e-11 
 1565       6.469026787898e-11 
 1566       6.471906152376e-11 
 1567       6.474402857136e-11 
 1568       6.476509781468e-11 
 1569       6.478219773885e-11 
 1570       6.479525652072e-11 
 1571       6.480420202840e-11 
 1572       6.480896182082e-11 
 1573       6.480946314725e-11 
 1574       6.480563294687e-11 
 1575       6.479739784825e-11 
 1576       6.478468416896e-11 
 1577       6.476741791505e-11 
 1578       6.474552478062e-11 
 1579       6.471893014736e-11 
 1580       6.468757562367e-11 
 1581       6.465146883064e-11 
 1582       6.461063407610e-11 
 1583       6.456509585722e-11 
 1584       6.451487886079e-11 
 1585       6.446000796362e-11 
 1586       6.440050823281e-11 
 1587       6.433640492613e-11 
 1588       6.426772349232e-11 
 1589       6.419448957143e-11 
 1590       6.411672899518e-11 
 1591       6.403446778726e-11 
 1592       6.394773216368e-11 
 1593       6.385654853309e-11 
 1594       6.376094349714e-11 
 1595       6.366094385079e-11 
 1596       6.355657658263e-11 
 1597       6.344786887525e-11 
 1598       6.333484810557e-11 
 1599       6.321754184512e-11 
 1600       6.309597786045e-11 
 1601       6.297018411339e-11 
 1602       6.284018876146e-11 
 1603       6.270602015812e-11 
 1604       6.256770685317e-11 
 1605       6.242527759304e-11 
 1606       6.227876132117e-11 
 1607       6.212818717828e-11 
 1608       6.197358450276e-11 
 1609       6.181498283097e-11 
 1610       6.165241189760e-11 
 1611       6.148590163596e-11 
 1612       6.131548217837e-11 
 1613       6.114118385643e-11 
 1614       6.096303720143e-11 
 1615       6.078107294460e-11 
 1616       6.059532201750e-11 
 1617       6.040581555234e-11 
 1618       6.021258488231e-11 
 1619       6.001566943844e-11 
 1620       5.981514051765e-11 
 1621       5.961107773014e-11 
 1622       5.940356112305e-11 
 1623       5.919267118114e-11 
 1624       5.897848882751e-11 
 1625       5.876109542426e-11 
 1626       5.854057277321e-11 
 1627       5.831700311660e-11 
 1628       5.809046913774e-11 
 1629       5.786105396177e-11 
 1630       5.762884115630e-11 
 1631       5.739391473214e-11 
 1632       5.715635914395e-11 
 1633       5.691625929101e-11 
 1634       5.667370051783e-11 
 1635       5.642876861489e-11 
 1636       5.618154981934e-11 
 1637       5.593213081568e-11 
 1638       5.568059873645e-11 
 1639       5.542704116293e-11 
 1640       5.517154612585e-11 
 1641       5.491420210604e-11 
 1642       5.465509803519e-11 
 1643       5.439432329649e-11 
 1644       5.413196772534e-11 
 1645       5.386812161006e-11 
 1646       5.360287569256e-11 
 1647       5.333632116907e-11 
 1648       5.306854969078e-11 
 1649       5.279965336459e-11 
 1650       5.252972475377e-11 
 1651       5.225885687867e-11 
 1652       5.198714321740e-11 
 1653       5.171467770655e-11 
 1654       5.144155474186e-11 
 1655       5.116786917892e-11 
 1656       5.089371633386e-11 
 1657       5.061919198409e-11 
 1658       5.034438827820e-11 
 1659       5.006938142517e-11 
 1660       4.979424389794e-11 
 1661       4.951904851479e-11 
 1662       4.924386843988e-11 
 1663       4.896877718373e-11 
 1664       4.869384860374e-11 
 1665       4.841915690474e-11 
 1666       4.814477663947e-11 
 1667       4.787078270909e-11 
 1668       4.759725036376e-11 
 1669       4.732425520307e-11 
 1670       4.705187317661e-11 
 1671       4.678018058447e-11 
 1672       4.650925407777e-11 
 1673       4.623917065915e-11 
 1674       4.597000768331e-11 
 1675       4.570184285752e-11 
 1676       4.543475424211e-11 
 1677       4.516882025105e-11 
 1678       4.490411965238e-11 
 1679       4.464073156879e-11 
 1680       4.437873547814e-11 
 1681       4.411821121391e-11 
 1682       4.385923896579e-11 
 1683       4.360189928016e-11 
 1684       4.334627306060e-11 
 1685       4.309244156842e-11 
 1686       4.284048642319e-11 
 1687       4.259048960322e-11 
 1688       4.234253344610e-11 
 1689       4.209670064922e-11 
 1690       4.185307427026e-11 
 1691       4.161173772774e-11 
 1692       4.137277480151e-11 
 1693       4.113626963329e-11 
 1694       4.090230672715e-11 
 1695       4.067097095007e-11 
 1696       4.044234753240e-11 
 1697       4.021651100123e-11 
 1698       3.999349187479e-11 
 1699       3.977330968190e-11 
 1700       3.955598400317e-11 
 1701       3.934153447103e-11 
 1702       3.912998076980e-11 
 1703       3.892134263578e-11 
 1704       3.871563985725e-11 
 1705       3.851289227454e-11 
 1706       3.831311978013e-11 
 1707       3.811634231864e-11 
 1708       3.792257988692e-11 
 1709       3.773185253410e-11 
 1710       3.754418036167e-11 
 1711       3.735958352346e-11 
 1712       3.717808222580e-11 
 1713       3.699969672749e-11 
 1714       3.682444733988e-11 
 1715       3.665235442695e-11 
 1716       3.648343840534e-11 
 1717       3.631771974441e-11 
 1718       3.615521896629e-11 
 1719       3.599595664595e-11 
 1720       3.583995341124e-11 
 1721       3.568722994297e-11 
 1722       3.553780697492e-11 
 1723       3.539170529394e-11 
 1724       3.524894573997e-11 
 1725       3.510954920615e-11 
 1726       3.497353663878e-11 
 1727       3.484092903750e-11 
 1728       3.471174745521e-11 
 1729       3.458601299824e-11 
 1730       3.446374682635e-11 
 1731       3.434497015278e-11 
 1732       3.422970424433e-11 
 1733       3.411797042138e-11 
 1734       3.400979005802e-11 
 1735       3.390518458199e-11 
 1736       3.380416590145e-11 
 1737       3.370670759650e-11 
 1738       3.361277348492e-11 
 1739       3.352232717318e-11 
 1740       3.343533205614e-11 
 1741       3.335175131668e-11 
 1742       3.327154792543e-11 
 1743       3.319468464038e-11 
 1744       3.312112400662e-11 
 1745       3.305082835598e-11 
 1746       3.298375980669e-11 
 1747       3.291988026309e-11 
 1748       3.285915141527e-11 
 1749       3.280153473879e-11 
 1750       3.274699149429e-11 
 1751       3.269548272721e-11 
 1752       3.264696926747e-11 
 1753       3.260141172910e-11 
 1754       3.255877050996e-11 
 1755       3.251900579139e-11 
 1756       3.248207753789e-11 
 1757       3.244794549679e-11 
 1758       3.241656919793e-11 
 1759       3.238790795335e-11 
 1760       3.236192085690e-11 
 1761       3.233856678402e-11 
 1762       3.231780439130e-11 
 1763       3.229959211625e-11 
 1764       3.228388817690e-11 
 1765       3.227065057154e-11 
 1766       3.225983707834e-11 
 1767       3.225140525504e-11 
 1768       3.224531243865e-11 
 1769       3.224151574509e-11 
 1770       3.223997206888e-11 
 1771       3.224063808282e-11 
 1772       3.224347023764e-11 
 1773       3.224842476170e-11 
 1774       3.225545766067e-11 
 1775       3.226452248603e-11 
 1776       3.227556362135e-11 
 1777       3.228852294004e-11 
 1778       3.230334203103e-11 
 1779       3.231996219840e-11 
 1780       3.233832446093e-11 
 1781       3.235836955172e-11 
 1782       3.238003791775e-11 
 1783       3.240326971950e-11 
 1784       3.242800483051e-11 
 1785       3.245418283699e-11 
 1786       3.248174303740e-11 
 1787       3.251062444204e-11 
 1788       3.254076577264e-11 
 1789       3.257210546195e-11 
 1790       3.260458165333e-11 
 1791       3.263813220033e-11 
 1792       3.267269466631e-11 
 1793       3.270820632398e-11 
 1794       3.274460415502e-11 
 1795       3.278182484969e-11 
 1796       3.281980480636e-11 
 1797       3.285848013116e-11 
 1798       3.289778663752e-11 
 1799       3.293765984581e-11 
 1800       3.297803498287e-11 
 1801       3.301884698165e-11 
 1802       3.306003048077e-11 
 1803       3.310151982414e-11 
 1804       3.314324906050e-11 
 1805       3.318515194304e-11 
 1806       3.322716192902e-11 
 1807       3.326921217928e-11 
 1808       3.331123555791e-11 
 1809       3.335316463179e-11 
 1810       3.339493167019e-11 
 1811       3.343646864437e-11 
 1812       3.347770722715e-11 
 1813       3.351857879254e-11 
 1814       3.355901955448e-11 
 1815       3.359898602945e-11 
 1816       3.363843969780e-11 
 1817       3.367734187567e-11 
 1818       3.371565371472e-11 
 1819       3.375333620195e-11 
 1820       3.379035015944e-11 
 1821       3.382665624417e-11 
 1822       3.386221494774e-11 
 1823       3.389698659621e-11 
 1824       3.393093134981e-11 
 1825       3.396400920279e-11 
 1826       3.399617998313e-11 
 1827       3.402740335234e-11 
 1828       3.405763880526e-11 
 1829       3.408684566981e-11 
 1830       3.411498310677e-11 
 1831       3.414201010957e-11 
 1832       3.416788550403e-11 
 1833       3.419256794820e-11 
 1834       3.421601593207e-11 
 1835       3.423818777740e-11 
 1836       3.425904163745e-11 
 1837       3.427853549680e-11 
 1838       3.429662717110e-11 
 1839       3.431327430683e-11 
 1840       3.432843438114e-11 
 1841       3.434206470156e-11 
 1842       3.435412240579e-11 
 1843       3.436456446153e-11 
 1844       3.437334766617e-11 
 1845       3.438042864665e-11 
 1846       3.438576385917e-11 
 1847       3.438930958900e-11 
 1848       3.439102195028e-11 
 1849       3.439085688572e-11 
 1850       3.438877016647e-11 
 1851       3.438471739183e-11 
 1852       3.437865398903e-11 
 1853       3.437054298707e-11 
 1854       3.436037840554e-11 
 1855       3.434816205006e-11 
 1856       3.433389575503e-11 
 1857       3.431758138375e-11 
 1858       3.429922082838e-11 
 1859       3.427881601008e-11 
 1860       3.425636887898e-11 
 1861       3.423188141428e-11 
 1862       3.420535562428e-11 
 1863       3.417679354642e-11 
 1864       3.414619724734e-11 
 1865       3.411356882292e-11 
 1866       3.407891039834e-11 
 1867       3.404222412811e-11 
 1868       3.400351219615e-11 
 1869       3.396277681579e-11 
 1870       3.392002022987e-11 
 1871       3.387524471073e-11 
 1872       3.382845256032e-11 
 1873       3.377964611021e-11 
 1874       3.372882772165e-11 
 1875       3.367599978560e-11 
 1876       3.362116472282e-11 
 1877       3.356432498387e-11 
 1878       3.350548304918e-11 
 1879       3.344464142910e-11 
 1880       3.338180266397e-11 
 1881       3.331696932410e-11 
 1882       3.325014400990e-11 
 1883       3.318132935187e-11 
 1884       3.311052801067e-11 
 1885       3.303774267717e-11 
 1886       3.296297607250e-11 
 1887       3.288623094807e-11 
 1888       3.280751008567e-11 
 1889       3.272681629748e-11 
 1890       3.264415242610e-11 
 1891       3.255952134465e-11 
 1892       3.247293096475e-11 
 1893       3.238440930274e-11 
 1894       3.229398953007e-11 
 1895       3.220170497620e-11 
 1896       3.210758912875e-11 
 1897       3.201167563376e-11 
 1898       3.191399829588e-11 
 1899       3.181459107860e-11 
 1900       3.171348810448e-11 
 1901       3.161072365533e-11 
 1902       3.150633217245e-11 
 1903       3.140034825684e-11 
 1904       3.129280666942e-11 
 1905       3.118374233123e-11 
 1906       3.107319032368e-11 
 1907       3.096118588873e-11 
 1908       3.084776442913e-11 
 1909       3.073296150860e-11 
 1910       3.061681285209e-11 
 1911       3.049935434600e-11 
 1912       3.038062203834e-11 
 1913       3.026065213898e-11 
 1914       3.013948101989e-11 
 1915       3.001714521532e-11 
 1916       2.989368142202e-11 
 1917       2.976912649946e-11 
 1918       2.964351747006e-11 
 1919       2.951689151941e-11 
 1920       2.938928599643e-11 
 1921       2.926073841366e-11 
 1922       2.913128644742e-11 
 1923       2.900096793808e-11 
 1924       2.886982089021e-11 
 1925       2.873788347285e-11 
 1926       2.860519401969e-11 
 1927       2.847179102933e-11 
 1928       2.833771316543e-11 
 1929       2.820299925700e-11 
 1930       2.806768829856e-11 
 1931       2.793181905516e-11 
 1932       2.779542887377e-11 
 1933       2.765855486329e-11 
 1934       2.752123428916e-11 
 1935       2.738350457362e-11 
 1936       2.724540329583e-11 
 1937       2.710696819213e-11 
 1938       2.696823715620e-11 
 1939       2.682924823933e-11 
 1940       2.669003965053e-11 
 1941       2.655064975683e-11 
 1942       2.641111708341e-11 
 1943       2.627148031384e-11 
 1944       2.613177829025e-11 
 1945       2.599205001360e-11 
 1946       2.585233464381e-11 
 1947       2.571267149999e-11 
 1948       2.557310006066e-11 
 1949       2.543365996393e-11 
 1950       2.529439100773e-11 
 1951       2.515533314996e-11 
 1952       2.501652650877e-11 
 1953       2.487801136269e-11 
 1954       2.473982815088e-11 
 1955       2.460201747332e-11 
 1956       2.446462009100e-11 
 1957       2.432767692615e-11 
 1958       2.419122906241e-11 
 1959       2.405531774507e-11 
 1960       2.391998438123e-11 
 1961       2.378527054006e-11 
 1962       2.365121795293e-11 
 1963       2.351786851370e-11 
 1964       2.338526427883e-11 
 1965       2.325344746766e-11 
 1966       2.312246046259e-11 
 1967       2.299234580924e-11 
 1968       2.286314621672e-11 
 1969       2.273490455780e-11 
 1970       2.260765943234e-11 
 1971       2.248143182121e-11 
 1972       2.235623833363e-11 
 1973       2.223209563499e-11 
 1974       2.210902044694e-11 
 1975       2.198702954744e-11 
 1976       2.186613977081e-11 
 1977       2.174636800785e-11 
 1978       2.162773120583e-11 
 1979       2.151024636861e-11 
 1980       2.139393055672e-11 
 1981       2.127880088735e-11 
 1982       2.116487453449e-11 
 1983       2.105216872898e-11 
 1984       2.094070075854e-11 
 1985       2.083048796789e-11 
 1986       2.072154775877e-11 
 1987       2.061389759002e-11 
 1988       2.050755497767e-11 
 1989       2.040253749497e-11 
 1990       2.029886277249e-11 
 1991       2.019654849814e-11 
 1992       2.009561241729e-11 
 1993       1.999607233280e-11 
 1994       1.989794610511e-11 
 1995       1.980125165227e-11 
 1996       1.970600695004e-11 
 1997       1.961223003196e-11 
 1998       1.951993898937e-11 
 1999       1.942915197154e-11 
 2000       1.933988718568e-11 
 2001       1.925216289703e-11 
 2002       1.916599742894e-11 
 2003       1.908140916291e-11 
 2004       1.899841653867e-11 
 2005       1.891703805425e-11 
 2006       1.883729226603e-11 
 2007       1.875919778881e-11 
 2008       1.868277329590e-11 
 2009       1.860803266804e-11 
 2010       1.853497040146e-11 
 2011       1.846357609365e-11 
 2012       1.839383928476e-11 
 2013       1.832574945750e-11 
 2014       1.825929603707e-11 
 2015       1.819446839111e-11 
 2016       1.813125582955e-11 
 2017       1.806964760462e-11 
 2018       1.800963291072e-11 
 2019       1.795120088433e-11 
 2020       1.789434060398e-11 
 2021       1.783904109013e-11 
 2022       1.778529130511e-11 
 2023       1.773308015306e-11 
 2024       1.768239647980e-11 
 2025       1.763322907279e-11 
 2026       1.758556666108e-11 
 2027       1.753939791514e-11 
 2028       1.749471144688e-11 
 2029       1.745149580953e-11 
 2030       1.740973949754e-11 
 2031       1.736943094654e-11 
 2032       1.733055853324e-11 
 2033       1.729311057536e-11 
 2034       1.725707533156e-11 
 2035       1.722244100135e-11 
 2036       1.718919572499e-11 
 2037       1.715732758347e-11 
 2038       1.712682459838e-11 
 2039       1.709767473185e-11 
 2040       1.706986588647e-11 
 2041       1.704338590522e-11 
 2042       1.701822257138e-11 
 2043       1.699436360848e-11 
 2044       1.697179668015e-11 
 2045       1.695050939014e-11 
 2046       1.693048928218e-11 
 2047       1.691172383989e-11 
 2048       1.689419836742e-11 
 2049       1.687788961475e-11 
 2050       1.686277210664e-11 
 2051       1.684882025771e-11 
 2052       1.683600837227e-11 
 2053       1.682431064421e-11 
 2054       1.681370115684e-11 
 2055       1.680415388278e-11 
 2056       1.679564268377e-11 
 2057       1.678814131059e-11 
 2058       1.678162340290e-11 
 2059       1.677606248906e-11 
 2060       1.677143198606e-11 
 2061       1.676770519934e-11 
 2062       1.676485532266e-11 
 2063       1.676285543796e-11 
 2064       1.676167851521e-11 
 2065       1.676129741232e-11 
 2066       1.676168487492e-11 
 2067       1.676281353629e-11 
 2068       1.676465591720e-11 
 2069       1.676718442577e-11 
 2070       1.677037135732e-11 
 2071       1.677418889424e-11 
 2072       1.677860910587e-11 
 2073       1.678360394832e-11 
 2074       1.678914526438e-11 
 2075       1.679520478333e-11 
 2076       1.680175412086e-11 
 2077       1.680876477887e-11 
 2078       1.681620814538e-11 
 2079       1.682405549436e-11 
 2080       1.683227798561e-11 
 2081       1.684084666462e-11 
 2082       1.684973246240e-11 
 2083       1.685890619540e-11 
 2084       1.686833856531e-11 
 2085       1.687800015898e-11 
 2086       1.688786144822e-11 
 2087       1.689789418718e-11 
 2088       1.690807561529e-11 
 2089       1.691838428351e-11 
 2090       1.692879865943e-11 
 2091       1.693929712717e-11 
 2092       1.694985798727e-11 
 2093       1.696045945663e-11 
 2094       1.697107966834e-11 
 2095       1.698169667164e-11 
 2096       1.699228843182e-11 
 2097       1.700283283006e-11 
 2098       1.701330766339e-11 
 2099       1.702369064457e-11 
 2100       1.703395940199e-11 
 2101       1.704409147956e-11 
 2102       1.705406433662e-11 
 2103       1.706385534785e-11 
 2104       1.707344180314e-11 
 2105       1.708280090751e-11 
 2106       1.709190978103e-11 
 2107       1.710074545867e-11 
 2108       1.710928489024e-11 
 2109       1.711750494027e-11 
 2110       1.712538238792e-11 
 2111       1.713289392688e-11 
 2112       1.714001616527e-11 
 2113       1.714672562552e-11 
 2114       1.715299874430e-11 
 2115       1.715881187239e-11 
 2116       1.716414127461e-11 
 2117       1.716896312970e-11 
 2118       1.717325353022e-11 
 2119       1.717698848246e-11 
 2120       1.718014390634e-11 
 2121       1.718269563529e-11 
 2122       1.718461941618e-11 
 2123       1.718589090917e-11 
 2124       1.718648568770e-11 
 2125       1.718637923827e-11 
 2126       1.718555027862e-11 
 2127       1.718399073705e-11 
 2128       1.718169584158e-11 
 2129       1.717866080798e-11 
 2130       1.717488083977e-11 
 2131       1.717035112820e-11 
 2132       1.716506685228e-11 
 2133       1.715902317869e-11 
 2134       1.715221526184e-11 
 2135       1.714463824381e-11 
 2136       1.713628725438e-11 
 2137       1.712715741096e-11 
 2138       1.711724381865e-11 
 2139       1.710654157016e-11 
 2140       1.709504574584e-11 
 2141       1.708275141366e-11 
 2142       1.706965362920e-11 
 2143       1.705574743560e-11 
 2144       1.704102786362e-11 
 2145       1.702548993155e-11 
 2146       1.700912864527e-11 
 2147       1.699193899816e-11 
 2148       1.697391597118e-11 
 2149       1.695505453277e-11 
 2150       1.693534963890e-11 
 2151       1.691479623301e-11 
 2152       1.689338924604e-11 
 2153       1.687112359641e-11 
 2154       1.684799418996e-11 
 2155       1.682399592002e-11 
 2156       1.679912366731e-11 
 2157       1.677337230001e-11 
 2158       1.674673667368e-11 
 2159       1.671921163130e-11 
 2160       1.669079200321e-11 
 2161       1.666147260714e-11 
 2162       1.663124824818e-11 
 2163       1.660011371875e-11 
 2164       1.656806379863e-11 
 2165       1.653509601941e-11 
 2166       1.650121897846e-11 
 2167       1.646644408116e-11 
 2168       1.643078278158e-11 
 2169       1.639424658250e-11 
 2170       1.635684703553e-11 
 2171       1.631859574111e-11 
 2172       1.627950434860e-11 
 2173       1.623958455633e-11 
 2174       1.619884811166e-11 
 2175       1.615730681102e-11 
 2176       1.611497250002e-11 
 2177       1.607185707345e-11 
 2178       1.602797247538e-11 
 2179       1.598333069917e-11 
 2180       1.593794378761e-11 
 2181       1.589182383288e-11 
 2182       1.584498297669e-11 
 2183       1.579743341030e-11 
 2184       1.574918737457e-11 
 2185       1.570025716005e-11 
 2186       1.565065510702e-11 
 2187       1.560039360555e-11 
 2188       1.554948509554e-11 
 2189       1.549794206683e-11 
 2190       1.544577705920e-11 
 2191       1.539300266247e-11 
 2192       1.533963151654e-11 
 2193       1.528567631144e-11 
 2194       1.523114978742e-11 
 2195       1.517606473498e-11 
 2196       1.512043399494e-11 
 2197       1.506427045849e-11 
 2198       1.500758706726e-11 
 2199       1.495039681336e-11 
 2200       1.489271273949e-11 
 2201       1.483454793891e-11 
 2202       1.477591555558e-11 
 2203       1.471682878420e-11 
 2204       1.465730146080e-11 
 2205       1.459734983897e-11 
 2206       1.453699082555e-11 
 2207       1.447624139124e-11 
 2208       1.441511857066e-11 
 2209       1.435363946241e-11 
 2210       1.429182122918e-11 
 2211       1.422968109776e-11 
 2212       1.416723635919e-11 
 2213       1.410450436875e-11 
 2214       1.404150254612e-11 
 2215       1.397824837538e-11 
 2216       1.391475940513e-11 
 2217       1.385105324853e-11 
 2218       1.378714758340e-11 
 2219       1.372306015229e-11 
 2220       1.365880876254e-11 
 2221       1.359441128634e-11 
 2222       1.352988566084e-11 
 2223       1.346524988822e-11 
 2224       1.340052203571e-11 
 2225       1.333572023573e-11 
 2226       1.327086268594e-11 
 2227       1.320596764928e-11 
 2228       1.314105345408e-11 
 2229       1.307613849415e-11 
 2230       1.301124122879e-11 
 2231       1.294638018292e-11 
 2232       1.288157394714e-11 
 2233       1.281684117777e-11 
 2234       1.275220059699e-11 
 2235       1.268767099283e-11 
 2236       1.262327121932e-11 
 2237       1.255902019651e-11 
 2238       1.249493691057e-11 
 2239       1.243104041384e-11 
 2240       1.236734982495e-11 
 2241       1.230388432884e-11 
 2242       1.224066317686e-11 
 2243       1.217770420191e-11 
 2244       1.211501935325e-11 
 2245       1.205261913265e-11 
 2246       1.199051407680e-11 
 2247       1.192871475726e-11 
 2248       1.186723178058e-11 
 2249       1.180607578825e-11 
 2250       1.174525745681e-11 
 2251       1.168478749786e-11 
 2252       1.162467665807e-11 
 2253       1.156493571928e-11 
 2254       1.150557549849e-11 
 2255       1.144660684790e-11 
 2256       1.138804065497e-11 
 2257       1.132988784244e-11 
 2258       1.127215936839e-11 
 2259       1.121486622624e-11 
 2260       1.115801944483e-11 
 2261       1.110163008841e-11 
 2262       1.104570925674e-11 
 2263       1.099026808506e-11 
 2264       1.093531774419e-11 
 2265       1.088086944052e-11 
 2266       1.082693441606e-11 
 2267       1.077352394851e-11 
 2268       1.072064935124e-11 
 2269       1.066832197339e-11 
 2270       1.061655319985e-11 
 2271       1.056535445135e-11 
 2272       1.051473718445e-11 
 2273       1.046471289161e-11 
 2274       1.041529310123e-11 
 2275       1.036648937765e-11 
 2276       1.031831332124e-11 
 2277       1.027077656839e-11 
 2278       1.022389079158e-11 
 2279       1.017766769942e-11 
 2280       1.013211903664e-11 
 2281       1.008725658419e-11 
 2282       1.004308996960e-11 
 2283       9.999620082709e-12 
 2284       9.956845617773e-12 
 2285       9.914765259265e-12 
 2286       9.873377681862e-12 
 2287       9.832681550427e-12 
 2288       9.792675520005e-12 
 2289       9.753358235802e-12 
 2290       9.714728333177e-12 
 2291       9.676784437630e-12 
 2292       9.639525164784e-12 
 2293       9.602949120378e-12 
 2294       9.567054900254e-12 
 2295       9.531841090338e-12 
 2296       9.497306266636e-12 
 2297       9.463448995216e-12 
 2298       9.430267832194e-12 
 2299       9.397761323727e-12 
 2300       9.365928005996e-12 
 2301       9.334766405193e-12 
 2302       9.304275037512e-12 
 2303       9.274452409133e-12 
 2304       9.245297016210e-12 
 2305       9.216807344858e-12 
 2306       9.188981871144e-12 
 2307       9.161819061067e-12 
 2308       9.135317370554e-12 
 2309       9.109475245440e-12 
 2310       9.084291121458e-12 
 2311       9.059763424229e-12 
 2312       9.035890569245e-12 
 2313       9.012670961859e-12 
 2314       8.990102997270e-12 
 2315       8.968185060515e-12 
 2316       8.946915526449e-12 
 2317       8.926292759740e-12 
 2318       8.906315114852e-12 
 2319       8.886980936031e-12 
 2320       8.868288557296e-12 
 2321       8.850234932929e-12 
 2322       8.832811519526e-12 
 2323       8.816008367946e-12 
 2324       8.799815490403e-12 
 2325       8.784222860422e-12 
 2326       8.769220412801e-12 
 2327       8.754798043560e-12 
 2328       8.740945609905e-12 
 2329       8.727652930180e-12 
 2330       8.714909783829e-12 
 2331       8.702705911345e-12 
 2332       8.691031014235e-12 
 2333       8.679874754970e-12 
 2334       8.669226756949e-12 
 2335       8.659076604449e-12 
 2336       8.649413842584e-12 
 2337       8.640227977264e-12 
 2338       8.631508475151e-12 
 2339       8.623244763614e-12 
 2340       8.615426230686e-12 
 2341       8.608042225024e-12 
 2342       8.601082055861e-12 
 2343       8.594534992968e-12 
 2344       8.588390266606e-12 
 2345       8.582637067487e-12 
 2346       8.577264546727e-12 
 2347       8.572261815807e-12 
 2348       8.567617946524e-12 
 2349       8.563321970956e-12 
 2350       8.559362881409e-12 
 2351       8.555729630384e-12 
 2352       8.552411130525e-12 
 2353       8.549396254582e-12 
 2354       8.546673835363e-12 
 2355       8.544232665696e-12 
 2356       8.542061498383e-12 
 2357       8.540149046153e-12 
 2358       8.538483981628e-12 
 2359       8.537054937271e-12 
 2360       8.535850675739e-12 
 2361       8.534860602167e-12 
 2362       8.534074254976e-12 
 2363       8.533481135728e-12 
 2364       8.533070709088e-12 
 2365       8.532832402786e-12 
 2366       8.532755607575e-12 
 2367       8.532829677192e-12 
 2368       8.533043928322e-12 
 2369       8.533387640552e-12 
 2370       8.533850056336e-12 
 2371       8.534420380957e-12 
 2372       8.535087782481e-12 
 2373       8.535841391724e-12 
 2374       8.536670302209e-12 
 2375       8.537563570130e-12 
 2376       8.538510214306e-12 
 2377       8.539499216148e-12 
 2378       8.540519519616e-12 
 2379       8.541560031182e-12 
 2380       8.542609619788e-12 
 2381       8.543657116806e-12 
 2382       8.544691316001e-12 
 2383       8.545700973493e-12 
 2384       8.546674807710e-12 
 2385       8.547601499358e-12 
 2386       8.548469691373e-12 
 2387       8.549267988890e-12 
 2388       8.549984959193e-12 
 2389       8.550609131687e-12 
 2390       8.551128997850e-12 
 2391       8.551533011197e-12 
 2392       8.551809587238e-12 
 2393       8.551947103445e-12 
 2394       8.551933899203e-12 
 2395       8.551758275777e-12 
 2396       8.551408496272e-12 
 2397       8.550872785592e-12 
 2398       8.550139330399e-12 
 2399       8.549197451155e-12 
 2400       8.548041126130e-12 
 2401       8.546665488818e-12 
 2402       8.545065657805e-12 
 2403       8.543236736745e-12 
 2404       8.541173814352e-12 
 2405       8.538871964381e-12 
 2406       8.536326245614e-12 
 2407       8.533531701844e-12 
 2408       8.530483361863e-12 
 2409       8.527176239443e-12 
 2410       8.523605333324e-12 
 2411       8.519765627196e-12 
 2412       8.515652089687e-12 
 2413       8.511259674345e-12 
 2414       8.506583319625e-12 
 2415       8.501617948875e-12 
 2416       8.496358470316e-12 
 2417       8.490799777033e-12 
 2418       8.484936746956e-12 
 2419       8.478764242844e-12 
 2420       8.472277112275e-12 
 2421       8.465470187627e-12 
 2422       8.458338286063e-12 
 2423       8.450876209516e-12 
 2424       8.443078744676e-12 
 2425       8.434940662973e-12 
 2426       8.426456720562e-12 
 2427       8.417621658310e-12 
 2428       8.408430201777e-12 
 2429       8.398877061204e-12 
 2430       8.388956931497e-12 
 2431       8.378664492214e-12 
 2432       8.367994407544e-12 
 2433       8.356941326300e-12 
 2434       8.345499881896e-12 
 2435       8.333664692339e-12 
 2436       8.321430360209e-12 
 2437       8.308791472645e-12 
 2438       8.295744257568e-12 
 2439       8.282291563237e-12 
 2440       8.268437908569e-12 
 2441       8.254187829634e-12 
 2442       8.239545879677e-12 
 2443       8.224516629131e-12 
 2444       8.209104665640e-12 
 2445       8.193314594077e-12 
 2446       8.177151036559e-12 
 2447       8.160618632469e-12 
 2448       8.143722038472e-12 
 2449       8.126465928535e-12 
 2450       8.108854993944e-12 
 2451       8.090893943323e-12 
 2452       8.072587502651e-12 
 2453       8.053940415285e-12 
 2454       8.034957441971e-12 
 2455       8.015643360869e-12 
 2456       7.996002967566e-12 
 2457       7.976041075100e-12 
 2458       7.955762513974e-12 
 2459       7.935172132174e-12 
 2460       7.914274795191e-12 
 2461       7.893075386037e-12 
 2462       7.871578805264e-12 
 2463       7.849789970980e-12 
 2464       7.827713818873e-12 
 2465       7.805355302221e-12 
 2466       7.782719391919e-12 
 2467       7.759811076492e-12 
 2468       7.736635362115e-12 
 2469       7.713197272630e-12 
 2470       7.689501849566e-12 
 2471       7.665554152158e-12 
 2472       7.641359257364e-12 
 2473       7.616922259880e-12 
 2474       7.592248272167e-12 
 2475       7.567342424460e-12 
 2476       7.542209864793e-12 
 2477       7.516854237656e-12 
 2478       7.491273110118e-12 
 2479       7.465462518704e-12 
 2480       7.439418488285e-12 
 2481       7.413137032069e-12 
 2482       7.386614151587e-12 
 2483       7.359845836683e-12 
 2484       7.332828065502e-12 
 2485       7.305556804482e-12 
 2486       7.278028008334e-12 
 2487       7.250237620042e-12 
 2488       7.222181570841e-12 
 2489       7.193855780214e-12 
 2490       7.165256155875e-12 
 2491       7.136378593759e-12 
 2492       7.107218978013e-12 
 2493       7.077773180982e-12 
 2494       7.048037063198e-12 
 2495       7.018006473370e-12 
 2496       6.987677248371e-12 
 2497       6.957045213226e-12 
 2498       6.926106181103e-12 
 2499       6.894855953302e-12 
 2500       6.863290319238e-12 
