# dimensionless total [l(l+1)/2pi] C_l's
# for l=2 to 2500, i.e. number of multipoles equal to 2499
#
# -> if you prefer output in CAMB/HealPix/LensPix units/order, set 'format' to 'camb' in input file
# -> if you don't want to see such a header, set 'headers' to 'no' in input file
#
# 1:l     2:TT                 
    2       3.404166468680e-10 
    3       3.217454537759e-10 
    4       3.060666676038e-10 
    5       2.941797773786e-10 
    6       2.853194841972e-10 
    7       2.785638977367e-10 
    8       2.732353445594e-10 
    9       2.689791829848e-10 
   10       2.654142852344e-10 
   11       2.623498122788e-10 
   12       2.596557612746e-10 
   13       2.573028216235e-10 
   14       2.552592670746e-10 
   15       2.534684072173e-10 
   16       2.517469669580e-10 
   17       2.502153624956e-10 
   18       2.488647237677e-10 
   19       2.477042150401e-10 
   20       2.466257126297e-10 
   21       2.456723920691e-10 
   22       2.448511001040e-10 
   23       2.441642861281e-10 
   24       2.435573033964e-10 
   25       2.430408532567e-10 
   26       2.426087324366e-10 
   27       2.422835632761e-10 
   28       2.420506612858e-10 
   29       2.418588050812e-10 
   30       2.417323442610e-10 
   31       2.416943114729e-10 
   32       2.417427650808e-10 
   33       2.418837605928e-10 
   34       2.421043493627e-10 
   35       2.423763144800e-10 
   36       2.427103585315e-10 
   37       2.431166658313e-10 
   38       2.435881761878e-10 
   39       2.441089260115e-10 
   40       2.446870161938e-10 
   41       2.453297725712e-10 
   42       2.460334466642e-10 
   43       2.467889694522e-10 
   44       2.476039402198e-10 
   45       2.484856555737e-10 
   46       2.494342238833e-10 
   47       2.504419089516e-10 
   48       2.514980595976e-10 
   49       2.526070730260e-10 
   50       2.537743674657e-10 
   51       2.550008761693e-10 
   52       2.562826760806e-10 
   53       2.576141450369e-10 
   54       2.589992412601e-10 
   55       2.604424771263e-10 
   56       2.619454261508e-10 
   57       2.635064996031e-10 
   58       2.651207231201e-10 
   59       2.667823559855e-10 
   60       2.684939666315e-10 
   61       2.702590736816e-10 
   62       2.720793641658e-10 
   63       2.739545664963e-10 
   64       2.758823234431e-10 
   65       2.778597970894e-10 
   66       2.798891640796e-10 
   67       2.819730605407e-10 
   68       2.841128756858e-10 
   69       2.863086732369e-10 
   70       2.885591128469e-10 
   71       2.908613715230e-10 
   72       2.932124819658e-10 
   73       2.956138196144e-10 
   74       2.980673388982e-10 
   75       3.005741871914e-10 
   76       3.031346585859e-10 
   77       3.057481476628e-10 
   78       3.084131032654e-10 
   79       3.111269822709e-10 
   80       3.138872596787e-10 
   81       3.166947625927e-10 
   82       3.195508335599e-10 
   83       3.224562994256e-10 
   84       3.254114446672e-10 
   85       3.284159847280e-10 
   86       3.314690393509e-10 
   87       3.345691059118e-10 
   88       3.377140327532e-10 
   89       3.409017156753e-10 
   90       3.441323707459e-10 
   91       3.474065705485e-10 
   92       3.507245371526e-10 
   93       3.540861262813e-10 
   94       3.574908114784e-10 
   95       3.609376682761e-10 
   96       3.644253583625e-10 
   97       3.679521137489e-10 
   98       3.715157209374e-10 
   99       3.751140497059e-10 
  100       3.787467591473e-10 
  101       3.824138049882e-10 
  102       3.861149074147e-10 
  103       3.898495418416e-10 
  104       3.936169296809e-10 
  105       3.974160291111e-10 
  106       4.012455258456e-10 
  107       4.051038239022e-10 
  108       4.089890363714e-10 
  109       4.128989761857e-10 
  110       4.168315458748e-10 
  111       4.207859833279e-10 
  112       4.247617589286e-10 
  113       4.287581855705e-10 
  114       4.327744133478e-10 
  115       4.368094242453e-10 
  116       4.408620268285e-10 
  117       4.449308509338e-10 
  118       4.490143423585e-10 
  119       4.531107575510e-10 
  120       4.572181583010e-10 
  121       4.613344064297e-10 
  122       4.654571584797e-10 
  123       4.695841704443e-10 
  124       4.737142629050e-10 
  125       4.778464572805e-10 
  126       4.819796728772e-10 
  127       4.861127240191e-10 
  128       4.902443171771e-10 
  129       4.943730480982e-10 
  130       4.984973989355e-10 
  131       5.026157353773e-10 
  132       5.067263037766e-10 
  133       5.108272282808e-10 
  134       5.149165079607e-10 
  135       5.189920139405e-10 
  136       5.230514865269e-10 
  137       5.270927601087e-10 
  138       5.311144701979e-10 
  139       5.351154144508e-10 
  140       5.390943300504e-10 
  141       5.430498922824e-10 
  142       5.469807131099e-10 
  143       5.508853397484e-10 
  144       5.547622532414e-10 
  145       5.586098670353e-10 
  146       5.624265255546e-10 
  147       5.662105027770e-10 
  148       5.699600008089e-10 
  149       5.736731484601e-10 
  150       5.773479998193e-10 
  151       5.809825328290e-10 
  152       5.845746478609e-10 
  153       5.881223490323e-10 
  154       5.916243101153e-10 
  155       5.950793587495e-10 
  156       5.984862979379e-10 
  157       6.018439055529e-10 
  158       6.051509338418e-10 
  159       6.084061089327e-10 
  160       6.116081303407e-10 
  161       6.147556704733e-10 
  162       6.178473741367e-10 
  163       6.208818580412e-10 
  164       6.238577103074e-10 
  165       6.267734899721e-10 
  166       6.296277264937e-10 
  167       6.324189192585e-10 
  168       6.351455370866e-10 
  169       6.378060177373e-10 
  170       6.403987674154e-10 
  171       6.429222883444e-10 
  172       6.453755744580e-10 
  173       6.477577479090e-10 
  174       6.500679339988e-10 
  175       6.523052612064e-10 
  176       6.544688612168e-10 
  177       6.565578689490e-10 
  178       6.585714225844e-10 
  179       6.605086635957e-10 
  180       6.623687367745e-10 
  181       6.641507902603e-10 
  182       6.658539755685e-10 
  183       6.674774476189e-10 
  184       6.690203647640e-10 
  185       6.704818888176e-10 
  186       6.718611850829e-10 
  187       6.731574223809e-10 
  188       6.743697730788e-10 
  189       6.754974131185e-10 
  190       6.765395220449e-10 
  191       6.774953638367e-10 
  192       6.783645361107e-10 
  193       6.791467397078e-10 
  194       6.798416998616e-10 
  195       6.804491664918e-10 
  196       6.809689144962e-10 
  197       6.814007440442e-10 
  198       6.817444808692e-10 
  199       6.819999765616e-10 
  200       6.821671088611e-10 
  201       6.822457819502e-10 
  202       6.822359267462e-10 
  203       6.821375011948e-10 
  204       6.819504905619e-10 
  205       6.816749077274e-10 
  206       6.813107934772e-10 
  207       6.808582167963e-10 
  208       6.803172751615e-10 
  209       6.796880948344e-10 
  210       6.789708311537e-10 
  211       6.781656688284e-10 
  212       6.772728222304e-10 
  213       6.762925528550e-10 
  214       6.752252224065e-10 
  215       6.740712438648e-10 
  216       6.728310649759e-10 
  217       6.715051685899e-10 
  218       6.700940729988e-10 
  219       6.685983322746e-10 
  220       6.670185366075e-10 
  221       6.653553126434e-10 
  222       6.636093238220e-10 
  223       6.617812707152e-10 
  224       6.598718913645e-10 
  225       6.578819616192e-10 
  226       6.558122954746e-10 
  227       6.536637454095e-10 
  228       6.514372027245e-10 
  229       6.491335978801e-10 
  230       6.467539008340e-10 
  231       6.442991213801e-10 
  232       6.417703094855e-10 
  233       6.391685556289e-10 
  234       6.364949911388e-10 
  235       6.337507885310e-10 
  236       6.309371618468e-10 
  237       6.280553669910e-10 
  238       6.251066526854e-10 
  239       6.220921093333e-10 
  240       6.190128116540e-10 
  241       6.158698674765e-10 
  242       6.126644179732e-10 
  243       6.093976378936e-10 
  244       6.060707357982e-10 
  245       6.026849542920e-10 
  246       5.992415702590e-10 
  247       5.957418950950e-10 
  248       5.921872749423e-10 
  249       5.885790909228e-10 
  250       5.849187593722e-10 
  251       5.812077320737e-10 
  252       5.774474964918e-10 
  253       5.736395760057e-10 
  254       5.697855301438e-10 
  255       5.658869548170e-10 
  256       5.619454825525e-10 
  257       5.579627827277e-10 
  258       5.539405618042e-10 
  259       5.498805635610e-10 
  260       5.457845693289e-10 
  261       5.416543982240e-10 
  262       5.374919073815e-10 
  263       5.332989921894e-10 
  264       5.290775865226e-10 
  265       5.248296629762e-10 
  266       5.205571183084e-10 
  267       5.162614223941e-10 
  268       5.119439506630e-10 
  269       5.076060972150e-10 
  270       5.032492748594e-10 
  271       4.988749151551e-10 
  272       4.944844684502e-10 
  273       4.900794039220e-10 
  274       4.856612096170e-10 
  275       4.812313924904e-10 
  276       4.767914784458e-10 
  277       4.723430123758e-10 
  278       4.678875582008e-10 
  279       4.634266989099e-10 
  280       4.589620365998e-10 
  281       4.544951925151e-10 
  282       4.500278070883e-10 
  283       4.455615399790e-10 
  284       4.410980701145e-10 
  285       4.366390957291e-10 
  286       4.321863344041e-10 
  287       4.277415231077e-10 
  288       4.233064182346e-10 
  289       4.188827956462e-10 
  290       4.144724507102e-10 
  291       4.100771983403e-10 
  292       4.056988730364e-10 
  293       4.013393289241e-10 
  294       3.970004397947e-10 
  295       3.926840991451e-10 
  296       3.883922202174e-10 
  297       3.841265936244e-10 
  298       3.798884524733e-10 
  299       3.756788861364e-10 
  300       3.714989806038e-10 
  301       3.673498183302e-10 
  302       3.632324780816e-10 
  303       3.591480347819e-10 
  304       3.550975593602e-10 
  305       3.510821185968e-10 
  306       3.471027749705e-10 
  307       3.431605865050e-10 
  308       3.392566066160e-10 
  309       3.353918839575e-10 
  310       3.315674622687e-10 
  311       3.277843802212e-10 
  312       3.240436712650e-10 
  313       3.203463634756e-10 
  314       3.166934794010e-10 
  315       3.130860359079e-10 
  316       3.095250440289e-10 
  317       3.060115088090e-10 
  318       3.025464291522e-10 
  319       2.991307976689e-10 
  320       2.957656005217e-10 
  321       2.924518172730e-10 
  322       2.891904207312e-10 
  323       2.859823767976e-10 
  324       2.828286443132e-10 
  325       2.797301749054e-10 
  326       2.766879128348e-10 
  327       2.737027948417e-10 
  328       2.707757499933e-10 
  329       2.679076995298e-10 
  330       2.650995567119e-10 
  331       2.623522266668e-10 
  332       2.596665138632e-10 
  333       2.570428403884e-10 
  334       2.544815150772e-10 
  335       2.519828245229e-10 
  336       2.495470328236e-10 
  337       2.471743813287e-10 
  338       2.448650883854e-10 
  339       2.426193490855e-10 
  340       2.404373350112e-10 
  341       2.383191939823e-10 
  342       2.362650498021e-10 
  343       2.342750020044e-10 
  344       2.323491255995e-10 
  345       2.304874708210e-10 
  346       2.286900628720e-10 
  347       2.269569016720e-10 
  348       2.252879616029e-10 
  349       2.236831912559e-10 
  350       2.221425131776e-10 
  351       2.206658236168e-10 
  352       2.192529922708e-10 
  353       2.179038620319e-10 
  354       2.166182487340e-10 
  355       2.153959408987e-10 
  356       2.142366994824e-10 
  357       2.131402576223e-10 
  358       2.121063203830e-10 
  359       2.111345645029e-10 
  360       2.102246381410e-10 
  361       2.093761606230e-10 
  362       2.085887221880e-10 
  363       2.078618837348e-10 
  364       2.071951765686e-10 
  365       2.065881021474e-10 
  366       2.060401318283e-10 
  367       2.055507066142e-10 
  368       2.051192369003e-10 
  369       2.047451022203e-10 
  370       2.044276509933e-10 
  371       2.041662416056e-10 
  372       2.039603679470e-10 
  373       2.038095382864e-10 
  374       2.037132341620e-10 
  375       2.036709101637e-10 
  376       2.036819937158e-10 
  377       2.037458848593e-10 
  378       2.038619560342e-10 
  379       2.040295518621e-10 
  380       2.042479889283e-10 
  381       2.045165555649e-10 
  382       2.048345116323e-10 
  383       2.052010883023e-10 
  384       2.056154878405e-10 
  385       2.060768833882e-10 
  386       2.065844187453e-10 
  387       2.071372081527e-10 
  388       2.077343360743e-10 
  389       2.083748569800e-10 
  390       2.090577951276e-10 
  391       2.097821443457e-10 
  392       2.105468678157e-10 
  393       2.113508978543e-10 
  394       2.121931356963e-10 
  395       2.130724512765e-10 
  396       2.139876830125e-10 
  397       2.149376375869e-10 
  398       2.159210897297e-10 
  399       2.169367820009e-10 
  400       2.179834245730e-10 
  401       2.190596950129e-10 
  402       2.201642380650e-10 
  403       2.212956654331e-10 
  404       2.224525555631e-10 
  405       2.236334534253e-10 
  406       2.248368702968e-10 
  407       2.260612835441e-10 
  408       2.273051364053e-10 
  409       2.285668377726e-10 
  410       2.298449239066e-10 
  411       2.311385503332e-10 
  412       2.324470169417e-10 
  413       2.337696075242e-10 
  414       2.351055896739e-10 
  415       2.364542146823e-10 
  416       2.378147174374e-10 
  417       2.391863163211e-10 
  418       2.405682131074e-10 
  419       2.419595928594e-10 
  420       2.433596238277e-10 
  421       2.447674573479e-10 
  422       2.461822277381e-10 
  423       2.476030521971e-10 
  424       2.490290307018e-10 
  425       2.504592459051e-10 
  426       2.518927630334e-10 
  427       2.533286297845e-10 
  428       2.547658762257e-10 
  429       2.562035146907e-10 
  430       2.576405396780e-10 
  431       2.590759277485e-10 
  432       2.605086374232e-10 
  433       2.619376090807e-10 
  434       2.633617648554e-10 
  435       2.647800085348e-10 
  436       2.661912254575e-10 
  437       2.675942824108e-10 
  438       2.689880275287e-10 
  439       2.703712901890e-10 
  440       2.717428809119e-10 
  441       2.731015912571e-10 
  442       2.744461937217e-10 
  443       2.757754416380e-10 
  444       2.770880690712e-10 
  445       2.783827907172e-10 
  446       2.796583018003e-10 
  447       2.809132779707e-10 
  448       2.821463752026e-10 
  449       2.833564127845e-10 
  450       2.845429290198e-10 
  451       2.857056433129e-10 
  452       2.868442747083e-10 
  453       2.879585418980e-10 
  454       2.890481632267e-10 
  455       2.901128566994e-10 
  456       2.911523399873e-10 
  457       2.921663304343e-10 
  458       2.931545450637e-10 
  459       2.941167005845e-10 
  460       2.950525133979e-10 
  461       2.959616996039e-10 
  462       2.968439750075e-10 
  463       2.976990551255e-10 
  464       2.985266551929e-10 
  465       2.993264901690e-10 
  466       3.000982747446e-10 
  467       3.008417233477e-10 
  468       3.015565501505e-10 
  469       3.022424690759e-10 
  470       3.028991938033e-10 
  471       3.035264377761e-10 
  472       3.041239142074e-10 
  473       3.046913360866e-10 
  474       3.052284161862e-10 
  475       3.057348670680e-10 
  476       3.062104010897e-10 
  477       3.066547304112e-10 
  478       3.070675670013e-10 
  479       3.074486226442e-10 
  480       3.077976089455e-10 
  481       3.081142373395e-10 
  482       3.083982190948e-10 
  483       3.086492653213e-10 
  484       3.088670869768e-10 
  485       3.090513948730e-10 
  486       3.092018996822e-10 
  487       3.093183119439e-10 
  488       3.094004419624e-10 
  489       3.094485027616e-10 
  490       3.094628161726e-10 
  491       3.094437138150e-10 
  492       3.093915371538e-10 
  493       3.093066375562e-10 
  494       3.091893763482e-10 
  495       3.090401248711e-10 
  496       3.088592645386e-10 
  497       3.086471868935e-10 
  498       3.084042936640e-10 
  499       3.081309968207e-10 
  500       3.078277186333e-10 
  501       3.074948917272e-10 
  502       3.071329591404e-10 
  503       3.067423743800e-10 
  504       3.063236014790e-10 
  505       3.058771150531e-10 
  506       3.054034003571e-10 
  507       3.049029533420e-10 
  508       3.043762807114e-10 
  509       3.038238999786e-10 
  510       3.032463395227e-10 
  511       3.026441386459e-10 
  512       3.020178476298e-10 
  513       3.013680277924e-10 
  514       3.006952515445e-10 
  515       3.000001024469e-10 
  516       2.992831752665e-10 
  517       2.985450760334e-10 
  518       2.977864220975e-10 
  519       2.970078421853e-10 
  520       2.962099764564e-10 
  521       2.953934765605e-10 
  522       2.945590056938e-10 
  523       2.937072386559e-10 
  524       2.928388619065e-10 
  525       2.919545736220e-10 
  526       2.910550837524e-10 
  527       2.901410885678e-10 
  528       2.892131934112e-10 
  529       2.882719879242e-10 
  530       2.873180714099e-10 
  531       2.863520528787e-10 
  532       2.853745510938e-10 
  533       2.843861946167e-10 
  534       2.833876218534e-10 
  535       2.823794810998e-10 
  536       2.813624305875e-10 
  537       2.803371385295e-10 
  538       2.793042831656e-10 
  539       2.782645528088e-10 
  540       2.772186458903e-10 
  541       2.761672710058e-10 
  542       2.751111469605e-10 
  543       2.740510028155e-10 
  544       2.729875779333e-10 
  545       2.719216220232e-10 
  546       2.708538951874e-10 
  547       2.697851679665e-10 
  548       2.687162213851e-10 
  549       2.676478469979e-10 
  550       2.665808469352e-10 
  551       2.655160339483e-10 
  552       2.644542314556e-10 
  553       2.633962735884e-10 
  554       2.623430052361e-10 
  555       2.612952820923e-10 
  556       2.602539707005e-10 
  557       2.592199484996e-10 
  558       2.581941038698e-10 
  559       2.571773361782e-10 
  560       2.561705558246e-10 
  561       2.551746842871e-10 
  562       2.541906541677e-10 
  563       2.532194092385e-10 
  564       2.522619044868e-10 
  565       2.513191061611e-10 
  566       2.503918839932e-10 
  567       2.494806847243e-10 
  568       2.485858502700e-10 
  569       2.477077247896e-10 
  570       2.468466546911e-10 
  571       2.460029886368e-10 
  572       2.451770775486e-10 
  573       2.443692746136e-10 
  574       2.435799352893e-10 
  575       2.428094173089e-10 
  576       2.420580806870e-10 
  577       2.413262877246e-10 
  578       2.406144030150e-10 
  579       2.399227934487e-10 
  580       2.392518282188e-10 
  581       2.386018788270e-10 
  582       2.379733190881e-10 
  583       2.373665251363e-10 
  584       2.367818754298e-10 
  585       2.362197507565e-10 
  586       2.356805342397e-10 
  587       2.351646113430e-10 
  588       2.346723698760e-10 
  589       2.342041999993e-10 
  590       2.337604942307e-10 
  591       2.333416474495e-10 
  592       2.329480569028e-10 
  593       2.325801222105e-10 
  594       2.322382453705e-10 
  595       2.319228307647e-10 
  596       2.316342851636e-10 
  597       2.313730177324e-10 
  598       2.311394400360e-10 
  599       2.309339660445e-10 
  600       2.307570121383e-10 
  601       2.306089971142e-10 
  602       2.304903421900e-10 
  603       2.304014710104e-10 
  604       2.303428096521e-10 
  605       2.303146858168e-10 
  606       2.303170237324e-10 
  607       2.303496419155e-10 
  608       2.304123532921e-10 
  609       2.305049651696e-10 
  610       2.306272792094e-10 
  611       2.307790913990e-10 
  612       2.309601920249e-10 
  613       2.311703656444e-10 
  614       2.314093910584e-10 
  615       2.316770412837e-10 
  616       2.319730835254e-10 
  617       2.322972791492e-10 
  618       2.326493836538e-10 
  619       2.330291466434e-10 
  620       2.334363118002e-10 
  621       2.338706168563e-10 
  622       2.343317935668e-10 
  623       2.348195676814e-10 
  624       2.353336589176e-10 
  625       2.358737809324e-10 
  626       2.364396412953e-10 
  627       2.370309414601e-10 
  628       2.376473767378e-10 
  629       2.382886362686e-10 
  630       2.389544029945e-10 
  631       2.396443536319e-10 
  632       2.403581586434e-10 
  633       2.410954822107e-10 
  634       2.418559822069e-10 
  635       2.426393101688e-10 
  636       2.434451112693e-10 
  637       2.442730242898e-10 
  638       2.451226815926e-10 
  639       2.459937090934e-10 
  640       2.468857262334e-10 
  641       2.477983459521e-10 
  642       2.487311746595e-10 
  643       2.496838122082e-10 
  644       2.506558309925e-10 
  645       2.516467127807e-10 
  646       2.526559103984e-10 
  647       2.536828684393e-10 
  648       2.547270232318e-10 
  649       2.557878028052e-10 
  650       2.568646268562e-10 
  651       2.579569067148e-10 
  652       2.590640453113e-10 
  653       2.601854371422e-10 
  654       2.613204682370e-10 
  655       2.624685161240e-10 
  656       2.636289497970e-10 
  657       2.648011296818e-10 
  658       2.659844076022e-10 
  659       2.671781267467e-10 
  660       2.683816216345e-10 
  661       2.695942180822e-10 
  662       2.708152331700e-10 
  663       2.720439752082e-10 
  664       2.732797437033e-10 
  665       2.745218293247e-10 
  666       2.757695138706e-10 
  667       2.770220702349e-10 
  668       2.782787623732e-10 
  669       2.795388452693e-10 
  670       2.808015649015e-10 
  671       2.820661582091e-10 
  672       2.833318530584e-10 
  673       2.845978682097e-10 
  674       2.858634132830e-10 
  675       2.871276887247e-10 
  676       2.883898857739e-10 
  677       2.896491864288e-10 
  678       2.909047634131e-10 
  679       2.921557801422e-10 
  680       2.934013906897e-10 
  681       2.946407397536e-10 
  682       2.958729626230e-10 
  683       2.970972518819e-10 
  684       2.983130591528e-10 
  685       2.995198975931e-10 
  686       3.007172755306e-10 
  687       3.019046964473e-10 
  688       3.030816589627e-10 
  689       3.042476568175e-10 
  690       3.054021788566e-10 
  691       3.065447090134e-10 
  692       3.076747262926e-10 
  693       3.087917047541e-10 
  694       3.098951134963e-10 
  695       3.109844166399e-10 
  696       3.120590733109e-10 
  697       3.131185376247e-10 
  698       3.141622586691e-10 
  699       3.151896804880e-10 
  700       3.162002420651e-10 
  701       3.171933773071e-10 
  702       3.181685150274e-10 
  703       3.191250789293e-10 
  704       3.200624875902e-10 
  705       3.209801544441e-10 
  706       3.218774877661e-10 
  707       3.227538906552e-10 
  708       3.236087610181e-10 
  709       3.244414915528e-10 
  710       3.252514697319e-10 
  711       3.260380777860e-10 
  712       3.268006926875e-10 
  713       3.275386861342e-10 
  714       3.282514245323e-10 
  715       3.289382689803e-10 
  716       3.295985752525e-10 
  717       3.302316937821e-10 
  718       3.308369696454e-10 
  719       3.314137425446e-10 
  720       3.319613467918e-10 
  721       3.324791112924e-10 
  722       3.329664605493e-10 
  723       3.334232199483e-10 
  724       3.338493166070e-10 
  725       3.342446789186e-10 
  726       3.346092365591e-10 
  727       3.349429204934e-10 
  728       3.352456629828e-10 
  729       3.355173975913e-10 
  730       3.357580591922e-10 
  731       3.359675839751e-10 
  732       3.361459094525e-10 
  733       3.362929744667e-10 
  734       3.364087191962e-10 
  735       3.364930851628e-10 
  736       3.365460152379e-10 
  737       3.365674536496e-10 
  738       3.365573459895e-10 
  739       3.365156392189e-10 
  740       3.364422816761e-10 
  741       3.363372230828e-10 
  742       3.362004145508e-10 
  743       3.360318085889e-10 
  744       3.358313591099e-10 
  745       3.355990214364e-10 
  746       3.353347523086e-10 
  747       3.350385098904e-10 
  748       3.347102537762e-10 
  749       3.343499449979e-10 
  750       3.339575460313e-10 
  751       3.335330208029e-10 
  752       3.330763346968e-10 
  753       3.325874545615e-10 
  754       3.320663487160e-10 
  755       3.315129869574e-10 
  756       3.309273405670e-10 
  757       3.303093823173e-10 
  758       3.296590864786e-10 
  759       3.289764288260e-10 
  760       3.282613866455e-10 
  761       3.275140023817e-10 
  762       3.267345759016e-10 
  763       3.259234759298e-10 
  764       3.250810767613e-10 
  765       3.242077582818e-10 
  766       3.233039059877e-10 
  767       3.223699110056e-10 
  768       3.214061701128e-10 
  769       3.204130857564e-10 
  770       3.193910660741e-10 
  771       3.183405249134e-10 
  772       3.172618818517e-10 
  773       3.161555622164e-10 
  774       3.150219971044e-10 
  775       3.138616234026e-10 
  776       3.126748838070e-10 
  777       3.114622268433e-10 
  778       3.102241068865e-10 
  779       3.089609841808e-10 
  780       3.076733248594e-10 
  781       3.063616009648e-10 
  782       3.050262904681e-10 
  783       3.036678772894e-10 
  784       3.022868513174e-10 
  785       3.008837084296e-10 
  786       2.994589505118e-10 
  787       2.980130854783e-10 
  788       2.965466272917e-10 
  789       2.950600959827e-10 
  790       2.935540176704e-10 
  791       2.920289245815e-10 
  792       2.904853550709e-10 
  793       2.889238536410e-10 
  794       2.873449709622e-10 
  795       2.857492638923e-10 
  796       2.841372954966e-10 
  797       2.825096350678e-10 
  798       2.808668581460e-10 
  799       2.792095465382e-10 
  800       2.775382764636e-10 
  801       2.758535827105e-10 
  802       2.741559938649e-10 
  803       2.724460441437e-10 
  804       2.707242734129e-10 
  805       2.689912272049e-10 
  806       2.672474567362e-10 
  807       2.654935189252e-10 
  808       2.637299764099e-10 
  809       2.619573975654e-10 
  810       2.601763565216e-10 
  811       2.583874331812e-10 
  812       2.565912132367e-10 
  813       2.547882881889e-10 
  814       2.529792553639e-10 
  815       2.511647179312e-10 
  816       2.493452849210e-10 
  817       2.475215712423e-10 
  818       2.456941977003e-10 
  819       2.438637910141e-10 
  820       2.420309838343e-10 
  821       2.401964147609e-10 
  822       2.383607283610e-10 
  823       2.365245751860e-10 
  824       2.346886117898e-10 
  825       2.328535007462e-10 
  826       2.310199106668e-10 
  827       2.291885162183e-10 
  828       2.273599981406e-10 
  829       2.255350432640e-10 
  830       2.237143445276e-10 
  831       2.218986009959e-10 
  832       2.200885178777e-10 
  833       2.182848065427e-10 
  834       2.164881845400e-10 
  835       2.146993756151e-10 
  836       2.129191097280e-10 
  837       2.111481230710e-10 
  838       2.093871580857e-10 
  839       2.076368922140e-10 
  840       2.058977227538e-10 
  841       2.041699782956e-10 
  842       2.024539896559e-10 
  843       2.007500898827e-10 
  844       1.990586142617e-10 
  845       1.973799003210e-10 
  846       1.957142878371e-10 
  847       1.940621188405e-10 
  848       1.924237376210e-10 
  849       1.907994907333e-10 
  850       1.891897270027e-10 
  851       1.875947975303e-10 
  852       1.860150556989e-10 
  853       1.844508571785e-10 
  854       1.829025599315e-10 
  855       1.813705242185e-10 
  856       1.798551126041e-10 
  857       1.783566899617e-10 
  858       1.768756234799e-10 
  859       1.754122826673e-10 
  860       1.739670393586e-10 
  861       1.725402677199e-10 
  862       1.711323442540e-10 
  863       1.697436478065e-10 
  864       1.683745595707e-10 
  865       1.670254630938e-10 
  866       1.656967442818e-10 
  867       1.643887914055e-10 
  868       1.631019951060e-10 
  869       1.618367483998e-10 
  870       1.605934466848e-10 
  871       1.593724877459e-10 
  872       1.581742717600e-10 
  873       1.569992013021e-10 
  874       1.558476813505e-10 
  875       1.547201192926e-10 
  876       1.536169249301e-10 
  877       1.525385104849e-10 
  878       1.514852128713e-10 
  879       1.504570590864e-10 
  880       1.494539969300e-10 
  881       1.484759723772e-10 
  882       1.475229295727e-10 
  883       1.465948108233e-10 
  884       1.456915565921e-10 
  885       1.448131054914e-10 
  886       1.439593942765e-10 
  887       1.431303578390e-10 
  888       1.423259292004e-10 
  889       1.415460395053e-10 
  890       1.407906180150e-10 
  891       1.400595921011e-10 
  892       1.393528872388e-10 
  893       1.386704270001e-10 
  894       1.380121330479e-10 
  895       1.373779251286e-10 
  896       1.367677210665e-10 
  897       1.361814367564e-10 
  898       1.356189861576e-10 
  899       1.350802812871e-10 
  900       1.345652322132e-10 
  901       1.340737470487e-10 
  902       1.336057319449e-10 
  903       1.331610910842e-10 
  904       1.327397266744e-10 
  905       1.323415389417e-10 
  906       1.319664261241e-10 
  907       1.316142844652e-10 
  908       1.312850082073e-10 
  909       1.309784895850e-10 
  910       1.306946188188e-10 
  911       1.304332841082e-10 
  912       1.301943716254e-10 
  913       1.299777655090e-10 
  914       1.297833478566e-10 
  915       1.296109987194e-10 
  916       1.294605960947e-10 
  917       1.293319821425e-10 
  918       1.292248612578e-10 
  919       1.291389003622e-10 
  920       1.290737625227e-10 
  921       1.290291069406e-10 
  922       1.290045889397e-10 
  923       1.289998599554e-10 
  924       1.290145675230e-10 
  925       1.290483552666e-10 
  926       1.291008628875e-10 
  927       1.291717261529e-10 
  928       1.292605768848e-10 
  929       1.293670429480e-10 
  930       1.294907482396e-10 
  931       1.296313126769e-10 
  932       1.297883521864e-10 
  933       1.299614786925e-10 
  934       1.301503001058e-10 
  935       1.303544203121e-10 
  936       1.305734391608e-10 
  937       1.308069524535e-10 
  938       1.310545519330e-10 
  939       1.313158252716e-10 
  940       1.315903560596e-10 
  941       1.318777237946e-10 
  942       1.321775038693e-10 
  943       1.324892675607e-10 
  944       1.328125820187e-10 
  945       1.331470102544e-10 
  946       1.334921111292e-10 
  947       1.338474393428e-10 
  948       1.342125454226e-10 
  949       1.345869757119e-10 
  950       1.349702723585e-10 
  951       1.353619733034e-10 
  952       1.357616122697e-10 
  953       1.361687187508e-10 
  954       1.365828179993e-10 
  955       1.370034310156e-10 
  956       1.374300988520e-10 
  957       1.378624559538e-10 
  958       1.383001579158e-10 
  959       1.387428572608e-10 
  960       1.391902034308e-10 
  961       1.396418427792e-10 
  962       1.400974185624e-10 
  963       1.405565709320e-10 
  964       1.410189369263e-10 
  965       1.414841504622e-10 
  966       1.419518423270e-10 
  967       1.424216401703e-10 
  968       1.428931684959e-10 
  969       1.433660486535e-10 
  970       1.438398988304e-10 
  971       1.443143340436e-10 
  972       1.447889661315e-10 
  973       1.452634037458e-10 
  974       1.457372523431e-10 
  975       1.462101141770e-10 
  976       1.466815882898e-10 
  977       1.471512705044e-10 
  978       1.476187534159e-10 
  979       1.480836263837e-10 
  980       1.485454755233e-10 
  981       1.490038836980e-10 
  982       1.494584305106e-10 
  983       1.499086922957e-10 
  984       1.503542421110e-10 
  985       1.507946497294e-10 
  986       1.512294816309e-10 
  987       1.516583009942e-10 
  988       1.520806676887e-10 
  989       1.524961382661e-10 
  990       1.529042659527e-10 
  991       1.533046006406e-10 
  992       1.536966888800e-10 
  993       1.540800738709e-10 
  994       1.544542954549e-10 
  995       1.548189473840e-10 
  996       1.551738500657e-10 
  997       1.555188803372e-10 
  998       1.558539144180e-10 
  999       1.561788279076e-10 
 1000       1.564934957852e-10 
 1001       1.567977924076e-10 
 1002       1.570915915088e-10 
 1003       1.573747661981e-10 
 1004       1.576471889590e-10 
 1005       1.579087316485e-10 
 1006       1.581592654949e-10 
 1007       1.583986610975e-10 
 1008       1.586267884249e-10 
 1009       1.588435168136e-10 
 1010       1.590487149671e-10 
 1011       1.592422509548e-10 
 1012       1.594239922101e-10 
 1013       1.595938055298e-10 
 1014       1.597515570726e-10 
 1015       1.598971123579e-10 
 1016       1.600303362645e-10 
 1017       1.601510930296e-10 
 1018       1.602592462471e-10 
 1019       1.603546588668e-10 
 1020       1.604371931932e-10 
 1021       1.605067108837e-10 
 1022       1.605630729479e-10 
 1023       1.606061397463e-10 
 1024       1.606357709889e-10 
 1025       1.606518257339e-10 
 1026       1.606541623866e-10 
 1027       1.606426386984e-10 
 1028       1.606171117650e-10 
 1029       1.605774380256e-10 
 1030       1.605234732615e-10 
 1031       1.604550725950e-10 
 1032       1.603720904879e-10 
 1033       1.602743807405e-10 
 1034       1.601618442183e-10 
 1035       1.600345727729e-10 
 1036       1.598927073520e-10 
 1037       1.597363904598e-10 
 1038       1.595657661614e-10 
 1039       1.593809800866e-10 
 1040       1.591821794339e-10 
 1041       1.589695129750e-10 
 1042       1.587431310589e-10 
 1043       1.585031856157e-10 
 1044       1.582498301607e-10 
 1045       1.579832197990e-10 
 1046       1.577035112291e-10 
 1047       1.574108627472e-10 
 1048       1.571054342515e-10 
 1049       1.567873872461e-10 
 1050       1.564568848449e-10 
 1051       1.561140917763e-10 
 1052       1.557591743867e-10 
 1053       1.553923006452e-10 
 1054       1.550136401472e-10 
 1055       1.546233641187e-10 
 1056       1.542216454206e-10 
 1057       1.538086585526e-10 
 1058       1.533845796572e-10 
 1059       1.529495865243e-10 
 1060       1.525038585946e-10 
 1061       1.520475769645e-10 
 1062       1.515809243896e-10 
 1063       1.511040852891e-10 
 1064       1.506172457498e-10 
 1065       1.501205935303e-10 
 1066       1.496143180651e-10 
 1067       1.490986104688e-10 
 1068       1.485736635398e-10 
 1069       1.480396717650e-10 
 1070       1.474968313236e-10 
 1071       1.469453400911e-10 
 1072       1.463853976437e-10 
 1073       1.458172145526e-10 
 1074       1.452410403971e-10 
 1075       1.446571361414e-10 
 1076       1.440657648835e-10 
 1077       1.434671918603e-10 
 1078       1.428616844532e-10 
 1079       1.422495121925e-10 
 1080       1.416309467629e-10 
 1081       1.410062620085e-10 
 1082       1.403757339378e-10 
 1083       1.397396407290e-10 
 1084       1.390982627347e-10 
 1085       1.384518824873e-10 
 1086       1.378007847040e-10 
 1087       1.371452562920e-10 
 1088       1.364855863531e-10 
 1089       1.358220661895e-10 
 1090       1.351549893082e-10 
 1091       1.344846514266e-10 
 1092       1.338113504774e-10 
 1093       1.331353866135e-10 
 1094       1.324570622133e-10 
 1095       1.317766818857e-10 
 1096       1.310945524752e-10 
 1097       1.304109830671e-10 
 1098       1.297262849924e-10 
 1099       1.290407718328e-10 
 1100       1.283547594260e-10 
 1101       1.276685658709e-10 
 1102       1.269825115322e-10 
 1103       1.262969190460e-10 
 1104       1.256121133245e-10 
 1105       1.249284215614e-10 
 1106       1.242461732365e-10 
 1107       1.235657001215e-10 
 1108       1.228873362844e-10 
 1109       1.222114180949e-10 
 1110       1.215382842295e-10 
 1111       1.208682756765e-10 
 1112       1.202017076172e-10 
 1113       1.195387846545e-10 
 1114       1.188796844801e-10 
 1115       1.182245859003e-10 
 1116       1.175736688381e-10 
 1117       1.169271143354e-10 
 1118       1.162851045558e-10 
 1119       1.156478227863e-10 
 1120       1.150154534402e-10 
 1121       1.143881820593e-10 
 1122       1.137661953163e-10 
 1123       1.131496810169e-10 
 1124       1.125388281024e-10 
 1125       1.119338266520e-10 
 1126       1.113348678853e-10 
 1127       1.107421441643e-10 
 1128       1.101558489960e-10 
 1129       1.095761770348e-10 
 1130       1.090033240847e-10 
 1131       1.084374871017e-10 
 1132       1.078788641963e-10 
 1133       1.073276546355e-10 
 1134       1.067840588456e-10 
 1135       1.062482784144e-10 
 1136       1.057205160931e-10 
 1137       1.052009757995e-10 
 1138       1.046898626198e-10 
 1139       1.041873828107e-10 
 1140       1.036937438027e-10 
 1141       1.032091542013e-10 
 1142       1.027338237904e-10 
 1143       1.022679635338e-10 
 1144       1.018117855782e-10 
 1145       1.013655032552e-10 
 1146       1.009293310837e-10 
 1147       1.005034847723e-10 
 1148       1.000881812217e-10 
 1149       9.968363852695e-11 
 1150       9.929007597994e-11 
 1151       9.890767405836e-11 
 1152       9.853645383217e-11 
 1153       9.817639603063e-11 
 1154       9.782748091548e-11 
 1155       9.748968827962e-11 
 1156       9.716299744585e-11 
 1157       9.684738726562e-11 
 1158       9.654283611778e-11 
 1159       9.624932190724e-11 
 1160       9.596682206380e-11 
 1161       9.569531354081e-11 
 1162       9.543477281393e-11 
 1163       9.518517587989e-11 
 1164       9.494649825517e-11 
 1165       9.471871497476e-11 
 1166       9.450180059091e-11 
 1167       9.429572917183e-11 
 1168       9.410047430047e-11 
 1169       9.391600907318e-11 
 1170       9.374230609852e-11 
 1171       9.357933749595e-11 
 1172       9.342707489459e-11 
 1173       9.328548943190e-11 
 1174       9.315455175249e-11 
 1175       9.303423200680e-11 
 1176       9.292449984984e-11 
 1177       9.282532443994e-11 
 1178       9.273667443748e-11 
 1179       9.265851800360e-11 
 1180       9.259082279898e-11 
 1181       9.253355598251e-11 
 1182       9.248668421009e-11 
 1183       9.245017363332e-11 
 1184       9.242398989824e-11 
 1185       9.240809814407e-11 
 1186       9.240246300195e-11 
 1187       9.240704859366e-11 
 1188       9.242181853037e-11 
 1189       9.244673591133e-11 
 1190       9.248174039517e-11 
 1191       9.252667910775e-11 
 1192       9.258137488313e-11 
 1193       9.264564911088e-11 
 1194       9.271932173291e-11 
 1195       9.280221124021e-11 
 1196       9.289413466967e-11 
 1197       9.299490760088e-11 
 1198       9.310434415292e-11 
 1199       9.322225698112e-11 
 1200       9.334845727389e-11 
 1201       9.348275474951e-11 
 1202       9.362495765288e-11 
 1203       9.377487275238e-11 
 1204       9.393230533660e-11 
 1205       9.409705921117e-11 
 1206       9.426893669553e-11 
 1207       9.444773861974e-11 
 1208       9.463326432126e-11 
 1209       9.482531164175e-11 
 1210       9.502367692386e-11 
 1211       9.522815500801e-11 
 1212       9.543853922919e-11 
 1213       9.565462141379e-11 
 1214       9.587619187631e-11 
 1215       9.610303941623e-11 
 1216       9.633495131477e-11 
 1217       9.657171333167e-11 
 1218       9.681310970199e-11 
 1219       9.705892313294e-11 
 1220       9.730893480062e-11 
 1221       9.756292434682e-11 
 1222       9.782066987585e-11 
 1223       9.808194795129e-11 
 1224       9.834653359281e-11 
 1225       9.861420027295e-11 
 1226       9.888471991389e-11 
 1227       9.915786288431e-11 
 1228       9.943339799609e-11 
 1229       9.971109944133e-11 
 1230       9.999076769988e-11 
 1231       1.002722088741e-10 
 1232       1.005552277685e-10 
 1233       1.008396278872e-10 
 1234       1.011252114315e-10 
 1235       1.014117792965e-10 
 1236       1.016991310694e-10 
 1237       1.019870650260e-10 
 1238       1.022753781286e-10 
 1239       1.025638660230e-10 
 1240       1.028523230362e-10 
 1241       1.031405421733e-10 
 1242       1.034283151152e-10 
 1243       1.037154322159e-10 
 1244       1.040016824995e-10 
 1245       1.042868536580e-10 
 1246       1.045707320485e-10 
 1247       1.048531026903e-10 
 1248       1.051337492625e-10 
 1249       1.054124541015e-10 
 1250       1.056889981976e-10 
 1251       1.059631611935e-10 
 1252       1.062347213805e-10 
 1253       1.065034556967e-10 
 1254       1.067691397236e-10 
 1255       1.070315476843e-10 
 1256       1.072904524400e-10 
 1257       1.075456254879e-10 
 1258       1.077968369583e-10 
 1259       1.080438556121e-10 
 1260       1.082864488380e-10 
 1261       1.085243826498e-10 
 1262       1.087574216840e-10 
 1263       1.089853291968e-10 
 1264       1.092078670618e-10 
 1265       1.094247957671e-10 
 1266       1.096358744126e-10 
 1267       1.098408607076e-10 
 1268       1.100395387735e-10 
 1269       1.102318029082e-10 
 1270       1.104175747824e-10 
 1271       1.105967757208e-10 
 1272       1.107693267017e-10 
 1273       1.109351483562e-10 
 1274       1.110941609678e-10 
 1275       1.112462844719e-10 
 1276       1.113914384549e-10 
 1277       1.115295421539e-10 
 1278       1.116605144560e-10 
 1279       1.117842738976e-10 
 1280       1.119007386643e-10 
 1281       1.120098265896e-10 
 1282       1.121114551549e-10 
 1283       1.122055414886e-10 
 1284       1.122920023657e-10 
 1285       1.123707542070e-10 
 1286       1.124417130789e-10 
 1287       1.125047946923e-10 
 1288       1.125599144023e-10 
 1289       1.126069872080e-10 
 1290       1.126459277509e-10 
 1291       1.126766503155e-10 
 1292       1.126990688278e-10 
 1293       1.127130968551e-10 
 1294       1.127186476056e-10 
 1295       1.127156339274e-10 
 1296       1.127039683083e-10 
 1297       1.126835628747e-10 
 1298       1.126543293918e-10 
 1299       1.126161792623e-10 
 1300       1.125690235260e-10 
 1301       1.125127728595e-10 
 1302       1.124473375754e-10 
 1303       1.123726276218e-10 
 1304       1.122885525813e-10 
 1305       1.121950216712e-10 
 1306       1.120919437422e-10 
 1307       1.119792545786e-10 
 1308       1.118569991332e-10 
 1309       1.117252502108e-10 
 1310       1.115840812530e-10 
 1311       1.114335663393e-10 
 1312       1.112737801886e-10 
 1313       1.111047981604e-10 
 1314       1.109266962563e-10 
 1315       1.107395511210e-10 
 1316       1.105434400441e-10 
 1317       1.103384409609e-10 
 1318       1.101246324544e-10 
 1319       1.099020937558e-10 
 1320       1.096709047467e-10 
 1321       1.094311459597e-10 
 1322       1.091828985802e-10 
 1323       1.089262444476e-10 
 1324       1.086612660566e-10 
 1325       1.083880465585e-10 
 1326       1.081066697626e-10 
 1327       1.078172201375e-10 
 1328       1.075197828126e-10 
 1329       1.072144435789e-10 
 1330       1.069012888912e-10 
 1331       1.065804058687e-10 
 1332       1.062518822964e-10 
 1333       1.059158066270e-10 
 1334       1.055722679816e-10 
 1335       1.052213561514e-10 
 1336       1.048631615987e-10 
 1337       1.044977754586e-10 
 1338       1.041252895403e-10 
 1339       1.037457963281e-10 
 1340       1.033593889830e-10 
 1341       1.029661613441e-10 
 1342       1.025662079297e-10 
 1343       1.021596239386e-10 
 1344       1.017465052519e-10 
 1345       1.013269484338e-10 
 1346       1.009010601736e-10 
 1347       1.004689857197e-10 
 1348       1.000308807574e-10 
 1349       9.958690199795e-11 
 1350       9.913720718079e-11 
 1351       9.868195507543e-11 
 1352       9.822130548343e-11 
 1353       9.775541924034e-11 
 1354       9.728445821768e-11 
 1355       9.680858532489e-11 
 1356       9.632796451128e-11 
 1357       9.584276076798e-11 
 1358       9.535314012994e-11 
 1359       9.485926967783e-11 
 1360       9.436131754004e-11 
 1361       9.385945289463e-11 
 1362       9.335384597126e-11 
 1363       9.284466805320e-11 
 1364       9.233209147923e-11 
 1365       9.181628964566e-11 
 1366       9.129743700821e-11 
 1367       9.077570908404e-11 
 1368       9.025128245369e-11 
 1369       8.972433476299e-11 
 1370       8.919504472508e-11 
 1371       8.866359212235e-11 
 1372       8.813015780838e-11 
 1373       8.759492370990e-11 
 1374       8.705807282877e-11 
 1375       8.651978924392e-11 
 1376       8.598025811332e-11 
 1377       8.543966567592e-11 
 1378       8.489819925361e-11 
 1379       8.435604725322e-11 
 1380       8.381339916841e-11 
 1381       8.327044558167e-11 
 1382       8.272737816629e-11 
 1383       8.218438968826e-11 
 1384       8.164167400830e-11 
 1385       8.109941436521e-11 
 1386       8.055774808679e-11 
 1387       8.001680151024e-11 
 1388       7.947670166811e-11 
 1389       7.893757628959e-11 
 1390       7.839955380164e-11 
 1391       7.786276333030e-11 
 1392       7.732733470187e-11 
 1393       7.679339844416e-11 
 1394       7.626108578768e-11 
 1395       7.573052866691e-11 
 1396       7.520185972149e-11 
 1397       7.467521229747e-11 
 1398       7.415072044851e-11 
 1399       7.362851893713e-11 
 1400       7.310874323592e-11 
 1401       7.259152952878e-11 
 1402       7.207701471211e-11 
 1403       7.156533639610e-11 
 1404       7.105663290587e-11 
 1405       7.055104328278e-11 
 1406       7.004870728559e-11 
 1407       6.954976539174e-11 
 1408       6.905435879852e-11 
 1409       6.856262942432e-11 
 1410       6.807471990990e-11 
 1411       6.759077361951e-11 
 1412       6.711093464224e-11 
 1413       6.663534779315e-11 
 1414       6.616415861452e-11 
 1415       6.569751337712e-11 
 1416       6.523555908136e-11 
 1417       6.477844345859e-11 
 1418       6.432631497227e-11 
 1419       6.387932281922e-11 
 1420       6.343761693084e-11 
 1421       6.300134797433e-11 
 1422       6.257066735395e-11 
 1423       6.214572721218e-11 
 1424       6.172665885558e-11 
 1425       6.131350778726e-11 
 1426       6.090629800963e-11 
 1427       6.050505353921e-11 
 1428       6.010979840655e-11 
 1429       5.972055665623e-11 
 1430       5.933735234680e-11 
 1431       5.896020955070e-11 
 1432       5.858915235423e-11 
 1433       5.822420485749e-11 
 1434       5.786539117436e-11 
 1435       5.751273543241e-11 
 1436       5.716626177286e-11 
 1437       5.682599435054e-11 
 1438       5.649195733385e-11 
 1439       5.616417490465e-11 
 1440       5.584267125831e-11 
 1441       5.552747060355e-11 
 1442       5.521859716248e-11 
 1443       5.491607517050e-11 
 1444       5.461992887624e-11 
 1445       5.433018254155e-11 
 1446       5.404686044143e-11 
 1447       5.376998686398e-11 
 1448       5.349958611033e-11 
 1449       5.323568249463e-11 
 1450       5.297830034396e-11 
 1451       5.272746399830e-11 
 1452       5.248319781049e-11 
 1453       5.224552614615e-11 
 1454       5.201447338365e-11 
 1455       5.179006391405e-11 
 1456       5.157232214106e-11 
 1457       5.136127248097e-11 
 1458       5.115693936264e-11 
 1459       5.095934722738e-11 
 1460       5.076852052899e-11 
 1461       5.058448373361e-11 
 1462       5.040726131977e-11 
 1463       5.023686150913e-11 
 1464       5.007322728123e-11 
 1465       4.991628486895e-11 
 1466       4.976595998229e-11 
 1467       4.962217780732e-11 
 1468       4.948486300532e-11 
 1469       4.935393971173e-11 
 1470       4.922933153524e-11 
 1471       4.911096155682e-11 
 1472       4.899875232875e-11 
 1473       4.889262587363e-11 
 1474       4.879250368348e-11 
 1475       4.869830671874e-11 
 1476       4.860995540729e-11 
 1477       4.852736964354e-11 
 1478       4.845046878741e-11 
 1479       4.837917166343e-11 
 1480       4.831339655970e-11 
 1481       4.825306122702e-11 
 1482       4.819808287784e-11 
 1483       4.814837818536e-11 
 1484       4.810386328254e-11 
 1485       4.806445376114e-11 
 1486       4.803006467077e-11 
 1487       4.800061051791e-11 
 1488       4.797600526497e-11 
 1489       4.795616232930e-11 
 1490       4.794099458225e-11 
 1491       4.793041434821e-11 
 1492       4.792433340362e-11 
 1493       4.792266297605e-11 
 1494       4.792531374319e-11 
 1495       4.793219583193e-11 
 1496       4.794321881738e-11 
 1497       4.795829172191e-11 
 1498       4.797732301416e-11 
 1499       4.800022060815e-11 
 1500       4.802689186223e-11 
 1501       4.805724357819e-11 
 1502       4.809118031389e-11 
 1503       4.812859930522e-11 
 1504       4.816939549280e-11 
 1505       4.821346320280e-11 
 1506       4.826069614586e-11 
 1507       4.831098741608e-11 
 1508       4.836422948995e-11 
 1509       4.842031422529e-11 
 1510       4.847913286019e-11 
 1511       4.854057601201e-11 
 1512       4.860453367627e-11 
 1513       4.867089522562e-11 
 1514       4.873954940880e-11 
 1515       4.881038434955e-11 
 1516       4.888328754564e-11 
 1517       4.895814586770e-11 
 1518       4.903484555827e-11 
 1519       4.911327223070e-11 
 1520       4.919331086812e-11 
 1521       4.927484582236e-11 
 1522       4.935776081293e-11 
 1523       4.944193892593e-11 
 1524       4.952726261304e-11 
 1525       4.961361369046e-11 
 1526       4.970087333783e-11 
 1527       4.978892209719e-11 
 1528       4.987763987196e-11 
 1529       4.996690592585e-11 
 1530       5.005659888181e-11 
 1531       5.014659672101e-11 
 1532       5.023677678175e-11 
 1533       5.032701575844e-11 
 1534       5.041718970053e-11 
 1535       5.050717401145e-11 
 1536       5.059684344759e-11 
 1537       5.068607211723e-11 
 1538       5.077473347946e-11 
 1539       5.086270034318e-11 
 1540       5.094984486603e-11 
 1541       5.103604963295e-11 
 1542       5.112124100917e-11 
 1543       5.120535610175e-11 
 1544       5.128833170817e-11 
 1545       5.137010431584e-11 
 1546       5.145061010161e-11 
 1547       5.152978493129e-11 
 1548       5.160756435915e-11 
 1549       5.168388362742e-11 
 1550       5.175867766579e-11 
 1551       5.183188109094e-11 
 1552       5.190342820605e-11 
 1553       5.197325300028e-11 
 1554       5.204128914829e-11 
 1555       5.210747000978e-11 
 1556       5.217172862895e-11 
 1557       5.223399773401e-11 
 1558       5.229420973674e-11 
 1559       5.235229673194e-11 
 1560       5.240819049696e-11 
 1561       5.246182249123e-11 
 1562       5.251312385573e-11 
 1563       5.256202541251e-11 
 1564       5.260845766421e-11 
 1565       5.265235079355e-11 
 1566       5.269363466287e-11 
 1567       5.273223881360e-11 
 1568       5.276809246577e-11 
 1569       5.280112451756e-11 
 1570       5.283126354475e-11 
 1571       5.285843780028e-11 
 1572       5.288257521372e-11 
 1573       5.290360339080e-11 
 1574       5.292144961290e-11 
 1575       5.293604083658e-11 
 1576       5.294730369307e-11 
 1577       5.295516448777e-11 
 1578       5.295954919981e-11 
 1579       5.296038348147e-11 
 1580       5.295760691025e-11 
 1581       5.295121589013e-11 
 1582       5.294122114651e-11 
 1583       5.292763350996e-11 
 1584       5.291046391642e-11 
 1585       5.288972340739e-11 
 1586       5.286542313012e-11 
 1587       5.283757433782e-11 
 1588       5.280618838982e-11 
 1589       5.277127675179e-11 
 1590       5.273285099592e-11 
 1591       5.269092280111e-11 
 1592       5.264550395318e-11 
 1593       5.259660634505e-11 
 1594       5.254424197691e-11 
 1595       5.248842295647e-11 
 1596       5.242916149908e-11 
 1597       5.236646992799e-11 
 1598       5.230036067451e-11 
 1599       5.223084627818e-11 
 1600       5.215793938701e-11 
 1601       5.208165275765e-11 
 1602       5.200199925557e-11 
 1603       5.191899185527e-11 
 1604       5.183264364048e-11 
 1605       5.174296780432e-11 
 1606       5.164997764953e-11 
 1607       5.155368658862e-11 
 1608       5.145410814412e-11 
 1609       5.135125594872e-11 
 1610       5.124514374548e-11 
 1611       5.113578538803e-11 
 1612       5.102319484076e-11 
 1613       5.090738617900e-11 
 1614       5.078837358924e-11 
 1615       5.066617136929e-11 
 1616       5.054079392848e-11 
 1617       5.041225578789e-11 
 1618       5.028057158047e-11 
 1619       5.014576381380e-11 
 1620       5.000788623440e-11 
 1621       4.986700067489e-11 
 1622       4.972316931121e-11 
 1623       4.957645466318e-11 
 1624       4.942691959503e-11 
 1625       4.927462731595e-11 
 1626       4.911964138063e-11 
 1627       4.896202568985e-11 
 1628       4.880184449098e-11 
 1629       4.863916237853e-11 
 1630       4.847404429472e-11 
 1631       4.830655553005e-11 
 1632       4.813676172376e-11 
 1633       4.796472886449e-11 
 1634       4.779052329074e-11 
 1635       4.761421169145e-11 
 1636       4.743586110657e-11 
 1637       4.725553892756e-11 
 1638       4.707331289798e-11 
 1639       4.688925111401e-11 
 1640       4.670342202501e-11 
 1641       4.651589443407e-11 
 1642       4.632673749855e-11 
 1643       4.613602073064e-11 
 1644       4.594381399787e-11 
 1645       4.575018752373e-11 
 1646       4.555521188814e-11 
 1647       4.535895802804e-11 
 1648       4.516149723794e-11 
 1649       4.496290117043e-11 
 1650       4.476324183679e-11 
 1651       4.456259160747e-11 
 1652       4.436102321270e-11 
 1653       4.415860974298e-11 
 1654       4.395542464966e-11 
 1655       4.375154174549e-11 
 1656       4.354703520517e-11 
 1657       4.334197956587e-11 
 1658       4.313644732921e-11 
 1659       4.293050174292e-11 
 1660       4.272420395658e-11 
 1661       4.251761541484e-11 
 1662       4.231079785791e-11 
 1663       4.210381332196e-11 
 1664       4.189672413959e-11 
 1665       4.168959294025e-11 
 1666       4.148248265072e-11 
 1667       4.127545649550e-11 
 1668       4.106857799731e-11 
 1669       4.086191097748e-11 
 1670       4.065551955644e-11 
 1671       4.044946815413e-11 
 1672       4.024382149046e-11 
 1673       4.003864458574e-11 
 1674       3.983400276112e-11 
 1675       3.962996163908e-11 
 1676       3.942658714380e-11 
 1677       3.922394550165e-11 
 1678       3.902210324164e-11 
 1679       3.882112719581e-11 
 1680       3.862108449974e-11 
 1681       3.842204259295e-11 
 1682       3.822406921934e-11 
 1683       3.802723242768e-11 
 1684       3.783160057198e-11 
 1685       3.763724231200e-11 
 1686       3.744422661366e-11 
 1687       3.725262274950e-11 
 1688       3.706250029908e-11 
 1689       3.687392914948e-11 
 1690       3.668697949573e-11 
 1691       3.650172184120e-11 
 1692       3.631822699813e-11 
 1693       3.613656608799e-11 
 1694       3.595681054198e-11 
 1695       3.577903210145e-11 
 1696       3.560330281834e-11 
 1697       3.542968615392e-11 
 1698       3.525821019022e-11 
 1699       3.508889418849e-11 
 1700       3.492175747006e-11 
 1701       3.475681941638e-11 
 1702       3.459409946912e-11 
 1703       3.443361713022e-11 
 1704       3.427539196197e-11 
 1705       3.411944358710e-11 
 1706       3.396579168881e-11 
 1707       3.381445601090e-11 
 1708       3.366545635778e-11 
 1709       3.351881259460e-11 
 1710       3.337454464726e-11 
 1711       3.323267250255e-11 
 1712       3.309321620818e-11 
 1713       3.295619587286e-11 
 1714       3.282163166637e-11 
 1715       3.268954381963e-11 
 1716       3.255995262481e-11 
 1717       3.243287843533e-11 
 1718       3.230834166601e-11 
 1719       3.218636279307e-11 
 1720       3.206696235427e-11 
 1721       3.195016094893e-11 
 1722       3.183597923803e-11 
 1723       3.172443794427e-11 
 1724       3.161555785215e-11 
 1725       3.150935980805e-11 
 1726       3.140586472027e-11 
 1727       3.130509355913e-11 
 1728       3.120706735705e-11 
 1729       3.111180720859e-11 
 1730       3.101933427055e-11 
 1731       3.092966976204e-11 
 1732       3.084283496453e-11 
 1733       3.075885122194e-11 
 1734       3.067773994072e-11 
 1735       3.059952258990e-11 
 1736       3.052421238193e-11 
 1737       3.045178923824e-11 
 1738       3.038222461283e-11 
 1739       3.031548979208e-11 
 1740       3.025155589450e-11 
 1741       3.019039387049e-11 
 1742       3.013197450204e-11 
 1743       3.007626840252e-11 
 1744       3.002324601639e-11 
 1745       2.997287761894e-11 
 1746       2.992513331605e-11 
 1747       2.987998304392e-11 
 1748       2.983739656882e-11 
 1749       2.979734348680e-11 
 1750       2.975979322349e-11 
 1751       2.972471503376e-11 
 1752       2.969207800156e-11 
 1753       2.966185103957e-11 
 1754       2.963400288900e-11 
 1755       2.960850211931e-11 
 1756       2.958531712792e-11 
 1757       2.956441614004e-11 
 1758       2.954576720831e-11 
 1759       2.952933821260e-11 
 1760       2.951509685975e-11 
 1761       2.950301068327e-11 
 1762       2.949304704314e-11 
 1763       2.948517312550e-11 
 1764       2.947935594242e-11 
 1765       2.947556233163e-11 
 1766       2.947375895626e-11 
 1767       2.947391230461e-11 
 1768       2.947598868983e-11 
 1769       2.947995424973e-11 
 1770       2.948577494647e-11 
 1771       2.949341656632e-11 
 1772       2.950284471942e-11 
 1773       2.951402483948e-11 
 1774       2.952692218357e-11 
 1775       2.954149946302e-11 
 1776       2.955770971554e-11 
 1777       2.957550337385e-11 
 1778       2.959483062878e-11 
 1779       2.961564142893e-11 
 1780       2.963788548031e-11 
 1781       2.966151224601e-11 
 1782       2.968647094583e-11 
 1783       2.971271055595e-11 
 1784       2.974017980857e-11 
 1785       2.976882719156e-11 
 1786       2.979860094811e-11 
 1787       2.982944907639e-11 
 1788       2.986131932920e-11 
 1789       2.989415921360e-11 
 1790       2.992791599060e-11 
 1791       2.996253667477e-11 
 1792       2.999796803393e-11 
 1793       3.003415658875e-11 
 1794       3.007104861248e-11 
 1795       3.010859013050e-11 
 1796       3.014672692006e-11 
 1797       3.018540450988e-11 
 1798       3.022456817983e-11 
 1799       3.026416296054e-11 
 1800       3.030413363312e-11 
 1801       3.034442472872e-11 
 1802       3.038498052828e-11 
 1803       3.042574506209e-11 
 1804       3.046666210951e-11 
 1805       3.050767519857e-11 
 1806       3.054872760567e-11 
 1807       3.058976235519e-11 
 1808       3.063072221916e-11 
 1809       3.067154971691e-11 
 1810       3.071218711472e-11 
 1811       3.075257642545e-11 
 1812       3.079265940824e-11 
 1813       3.083237756812e-11 
 1814       3.087167620981e-11 
 1815       3.091051663564e-11 
 1816       3.094886404533e-11 
 1817       3.098668349059e-11 
 1818       3.102393987492e-11 
 1819       3.106059795341e-11 
 1820       3.109662233254e-11 
 1821       3.113197746996e-11 
 1822       3.116662767431e-11 
 1823       3.120053710503e-11 
 1824       3.123366977210e-11 
 1825       3.126598953592e-11 
 1826       3.129746010705e-11 
 1827       3.132804504603e-11 
 1828       3.135770776317e-11 
 1829       3.138641151836e-11 
 1830       3.141411942088e-11 
 1831       3.144079442914e-11 
 1832       3.146639935057e-11 
 1833       3.149089684134e-11 
 1834       3.151424940620e-11 
 1835       3.153641939826e-11 
 1836       3.155736901880e-11 
 1837       3.157706031706e-11 
 1838       3.159545519006e-11 
 1839       3.161251538238e-11 
 1840       3.162820248593e-11 
 1841       3.164247793982e-11 
 1842       3.165530303011e-11 
 1843       3.166663888959e-11 
 1844       3.167644649765e-11 
 1845       3.168468668001e-11 
 1846       3.169132010854e-11 
 1847       3.169630730108e-11 
 1848       3.169960862122e-11 
 1849       3.170118427807e-11 
 1850       3.170099432614e-11 
 1851       3.169899866505e-11 
 1852       3.169515703939e-11 
 1853       3.168943577369e-11 
 1854       3.168182803607e-11 
 1855       3.167233373423e-11 
 1856       3.166095279481e-11 
 1857       3.164768516345e-11 
 1858       3.163253080476e-11 
 1859       3.161548970241e-11 
 1860       3.159656185917e-11 
 1861       3.157574729688e-11 
 1862       3.155304605654e-11 
 1863       3.152845819835e-11 
 1864       3.150198380169e-11 
 1865       3.147362296522e-11 
 1866       3.144337580684e-11 
 1867       3.141124246381e-11 
 1868       3.137722309270e-11 
 1869       3.134131786949e-11 
 1870       3.130352698957e-11 
 1871       3.126385066778e-11 
 1872       3.122228913844e-11 
 1873       3.117884265539e-11 
 1874       3.113351149204e-11 
 1875       3.108629594137e-11 
 1876       3.103719631598e-11 
 1877       3.098621294815e-11 
 1878       3.093334618982e-11 
 1879       3.087859641266e-11 
 1880       3.082196400812e-11 
 1881       3.076344938741e-11 
 1882       3.070305298160e-11 
 1883       3.064077524159e-11 
 1884       3.057661663819e-11 
 1885       3.051057766213e-11 
 1886       3.044265882412e-11 
 1887       3.037286065483e-11 
 1888       3.030118370501e-11 
 1889       3.022762854543e-11 
 1890       3.015219576698e-11 
 1891       3.007488598068e-11 
 1892       2.999570446987e-11 
 1893       2.991467518608e-11 
 1894       2.983182686147e-11 
 1895       2.974718836673e-11 
 1896       2.966078871125e-11 
 1897       2.957265704329e-11 
 1898       2.948282265022e-11 
 1899       2.939131495868e-11 
 1900       2.929816353475e-11 
 1901       2.920339808419e-11 
 1902       2.910704845257e-11 
 1903       2.900914462552e-11 
 1904       2.890971672887e-11 
 1905       2.880879502888e-11 
 1906       2.870640993240e-11 
 1907       2.860259198708e-11 
 1908       2.849737188153e-11 
 1909       2.839078044556e-11 
 1910       2.828284865033e-11 
 1911       2.817360760854e-11 
 1912       2.806308857463e-11 
 1913       2.795132294501e-11 
 1914       2.783834225815e-11 
 1915       2.772417819488e-11 
 1916       2.760886257851e-11 
 1917       2.749242737504e-11 
 1918       2.737490469336e-11 
 1919       2.725632678542e-11 
 1920       2.713672604644e-11 
 1921       2.701613501508e-11 
 1922       2.689458637364e-11 
 1923       2.677211294827e-11 
 1924       2.664874770912e-11 
 1925       2.652452377055e-11 
 1926       2.639947439133e-11 
 1927       2.627363297482e-11 
 1928       2.614703306915e-11 
 1929       2.601970836742e-11 
 1930       2.589169270792e-11 
 1931       2.576302010236e-11 
 1932       2.563372482073e-11 
 1933       2.550384130750e-11 
 1934       2.537340415376e-11 
 1935       2.524244809742e-11 
 1936       2.511100802338e-11 
 1937       2.497911896373e-11 
 1938       2.484681609796e-11 
 1939       2.471413475311e-11 
 1940       2.458111040400e-11 
 1941       2.444777867341e-11 
 1942       2.431417533225e-11 
 1943       2.418033629979e-11 
 1944       2.404629764380e-11 
 1945       2.391209558078e-11 
 1946       2.377776647616e-11 
 1947       2.364334684444e-11 
 1948       2.350887334943e-11 
 1949       2.337438280442e-11 
 1950       2.323991217237e-11 
 1951       2.310549856609e-11 
 1952       2.297117924847e-11 
 1953       2.283699163264e-11 
 1954       2.270297328215e-11 
 1955       2.256916191119e-11 
 1956       2.243559538478e-11 
 1957       2.230231171891e-11 
 1958       2.216934908081e-11 
 1959       2.203674578908e-11 
 1960       2.190454031391e-11 
 1961       2.177277127726e-11 
 1962       2.164147745305e-11 
 1963       2.151069776736e-11 
 1964       2.138047129860e-11 
 1965       2.125083727773e-11 
 1966       2.112183508843e-11 
 1967       2.099350426731e-11 
 1968       2.086588450407e-11 
 1969       2.073901564172e-11 
 1970       2.061293395199e-11 
 1971       2.048766093094e-11 
 1972       2.036321442051e-11 
 1973       2.023961232577e-11 
 1974       2.011687261502e-11 
 1975       1.999501331985e-11 
 1976       1.987405253524e-11 
 1977       1.975400841958e-11 
 1978       1.963489919482e-11 
 1979       1.951674314650e-11 
 1980       1.939955862382e-11 
 1981       1.928336403975e-11 
 1982       1.916817787109e-11 
 1983       1.905401865852e-11 
 1984       1.894090500671e-11 
 1985       1.882885558440e-11 
 1986       1.871788912442e-11 
 1987       1.860802442385e-11 
 1988       1.849928034403e-11 
 1989       1.839167581065e-11 
 1990       1.828522981383e-11 
 1991       1.817996140823e-11 
 1992       1.807588971307e-11 
 1993       1.797303391221e-11 
 1994       1.787141325429e-11 
 1995       1.777104705274e-11 
 1996       1.767195468585e-11 
 1997       1.757415559693e-11 
 1998       1.747766929427e-11 
 1999       1.738251535132e-11 
 2000       1.728871340669e-11 
 2001       1.719628316426e-11 
 2002       1.710524439327e-11 
 2003       1.701561692836e-11 
 2004       1.692742066967e-11 
 2005       1.684067558289e-11 
 2006       1.675540169938e-11 
 2007       1.667161911621e-11 
 2008       1.658934799624e-11 
 2009       1.650860414147e-11 
 2010       1.642938567763e-11 
 2011       1.635168627273e-11 
 2012       1.627549955492e-11 
 2013       1.620081911246e-11 
 2014       1.612763849362e-11 
 2015       1.605595120668e-11 
 2016       1.598575071981e-11 
 2017       1.591703046110e-11 
 2018       1.584978381840e-11 
 2019       1.578400413934e-11 
 2020       1.571968473127e-11 
 2021       1.565681886117e-11 
 2022       1.559539975559e-11 
 2023       1.553542060064e-11 
 2024       1.547687454191e-11 
 2025       1.541975468441e-11 
 2026       1.536405409249e-11 
 2027       1.530976578985e-11 
 2028       1.525688275943e-11 
 2029       1.520539794335e-11 
 2030       1.515530424291e-11 
 2031       1.510659451847e-11 
 2032       1.505926158942e-11 
 2033       1.501329823416e-11 
 2034       1.496869718997e-11 
 2035       1.492545115301e-11 
 2036       1.488355277826e-11 
 2037       1.484299467943e-11 
 2038       1.480376942895e-11 
 2039       1.476586955788e-11 
 2040       1.472928755586e-11 
 2041       1.469401587107e-11 
 2042       1.466004691016e-11 
 2043       1.462737303819e-11 
 2044       1.459598657859e-11 
 2045       1.456587981310e-11 
 2046       1.453704498170e-11 
 2047       1.450947428257e-11 
 2048       1.448315763338e-11 
 2049       1.445807593780e-11 
 2050       1.443420777075e-11 
 2051       1.441153161258e-11 
 2052       1.439002584892e-11 
 2053       1.436966877057e-11 
 2054       1.435043857338e-11 
 2055       1.433231335816e-11 
 2056       1.431527113050e-11 
 2057       1.429928980071e-11 
 2058       1.428434718366e-11 
 2059       1.427042099869e-11 
 2060       1.425748886945e-11 
 2061       1.424552832382e-11 
 2062       1.423451679378e-11 
 2063       1.422443161528e-11 
 2064       1.421525002812e-11 
 2065       1.420694917584e-11 
 2066       1.419950610559e-11 
 2067       1.419289776803e-11 
 2068       1.418710101717e-11 
 2069       1.418209261031e-11 
 2070       1.417784920786e-11 
 2071       1.417434737326e-11 
 2072       1.417156357283e-11 
 2073       1.416947417568e-11 
 2074       1.416805545359e-11 
 2075       1.416728358085e-11 
 2076       1.416713463417e-11 
 2077       1.416758459258e-11 
 2078       1.416860933727e-11 
 2079       1.417018465149e-11 
 2080       1.417228622042e-11 
 2081       1.417488963108e-11 
 2082       1.417797037217e-11 
 2083       1.418150383396e-11 
 2084       1.418546530821e-11 
 2085       1.418982998799e-11 
 2086       1.419457296759e-11 
 2087       1.419967010421e-11 
 2088       1.420510060974e-11 
 2089       1.421084447691e-11 
 2090       1.421688161904e-11 
 2091       1.422319186995e-11 
 2092       1.422975498387e-11 
 2093       1.423655063531e-11 
 2094       1.424355841901e-11 
 2095       1.425075784981e-11 
 2096       1.425812836257e-11 
 2097       1.426564931208e-11 
 2098       1.427329997293e-11 
 2099       1.428105953948e-11 
 2100       1.428890712567e-11 
 2101       1.429682176502e-11 
 2102       1.430478241046e-11 
 2103       1.431276793428e-11 
 2104       1.432075712802e-11 
 2105       1.432872870235e-11 
 2106       1.433666128701e-11 
 2107       1.434453343071e-11 
 2108       1.435232360101e-11 
 2109       1.436001018423e-11 
 2110       1.436757148538e-11 
 2111       1.437498572802e-11 
 2112       1.438223105421e-11 
 2113       1.438928552439e-11 
 2114       1.439612711728e-11 
 2115       1.440273372979e-11 
 2116       1.440908317692e-11 
 2117       1.441515319168e-11 
 2118       1.442092142498e-11 
 2119       1.442636544552e-11 
 2120       1.443146273974e-11 
 2121       1.443619071165e-11 
 2122       1.444052668282e-11 
 2123       1.444444789223e-11 
 2124       1.444793149616e-11 
 2125       1.445095456814e-11 
 2126       1.445349686352e-11 
 2127       1.445554913412e-11 
 2128       1.445710487065e-11 
 2129       1.445815754318e-11 
 2130       1.445870060112e-11 
 2131       1.445872747320e-11 
 2132       1.445823156745e-11 
 2133       1.445720627120e-11 
 2134       1.445564495098e-11 
 2135       1.445354095261e-11 
 2136       1.445088760108e-11 
 2137       1.444767820057e-11 
 2138       1.444390603443e-11 
 2139       1.443956436515e-11 
 2140       1.443464643433e-11 
 2141       1.442914546267e-11 
 2142       1.442305464993e-11 
 2143       1.441636717494e-11 
 2144       1.440907619554e-11 
 2145       1.440117484858e-11 
 2146       1.439265624987e-11 
 2147       1.438351349420e-11 
 2148       1.437373965530e-11 
 2149       1.436332778579e-11 
 2150       1.435227091720e-11 
 2151       1.434056205990e-11 
 2152       1.432819420313e-11 
 2153       1.431516031494e-11 
 2154       1.430145334218e-11 
 2155       1.428706621047e-11 
 2156       1.427199182420e-11 
 2157       1.425622306647e-11 
 2158       1.423975279908e-11 
 2159       1.422257386256e-11 
 2160       1.420467907605e-11 
 2161       1.418606123735e-11 
 2162       1.416671312289e-11 
 2163       1.414662748766e-11 
 2164       1.412579706526e-11 
 2165       1.410421710426e-11 
 2166       1.408189299624e-11 
 2167       1.405883269934e-11 
 2168       1.403504420647e-11 
 2169       1.401053554542e-11 
 2170       1.398531477884e-11 
 2171       1.395939000434e-11 
 2172       1.393276935448e-11 
 2173       1.390546099686e-11 
 2174       1.387747313411e-11 
 2175       1.384881400398e-11 
 2176       1.381949187938e-11 
 2177       1.378951506836e-11 
 2178       1.375889191425e-11 
 2179       1.372763079559e-11 
 2180       1.369574012630e-11 
 2181       1.366322835559e-11 
 2182       1.363010396811e-11 
 2183       1.359637548393e-11 
 2184       1.356205145859e-11 
 2185       1.352714048319e-11 
 2186       1.349165118435e-11 
 2187       1.345559222433e-11 
 2188       1.341897230101e-11 
 2189       1.338180014800e-11 
 2190       1.334408453460e-11 
 2191       1.330583426592e-11 
 2192       1.326705818286e-11 
 2193       1.322776516221e-11 
 2194       1.318796411664e-11 
 2195       1.314766399476e-11 
 2196       1.310687378118e-11 
 2197       1.306560249654e-11 
 2198       1.302385919755e-11 
 2199       1.298165297701e-11 
 2200       1.293899296391e-11 
 2201       1.289588832341e-11 
 2202       1.285234825692e-11 
 2203       1.280838200213e-11 
 2204       1.276399959127e-11 
 2205       1.271921413132e-11 
 2206       1.267403953899e-11 
 2207       1.262848978403e-11 
 2208       1.258257888920e-11 
 2209       1.253632093040e-11 
 2210       1.248973003668e-11 
 2211       1.244282039032e-11 
 2212       1.239560622693e-11 
 2213       1.234810183543e-11 
 2214       1.230032155817e-11 
 2215       1.225227979100e-11 
 2216       1.220399098327e-11 
 2217       1.215546963795e-11 
 2218       1.210673031166e-11 
 2219       1.205778761476e-11 
 2220       1.200865621135e-11 
 2221       1.195935081942e-11 
 2222       1.190988621082e-11 
 2223       1.186027721139e-11 
 2224       1.181053870098e-11 
 2225       1.176068561353e-11 
 2226       1.171073293714e-11 
 2227       1.166069571408e-11 
 2228       1.161058904093e-11 
 2229       1.156042806857e-11 
 2230       1.151022800228e-11 
 2231       1.146000410179e-11 
 2232       1.140977168134e-11 
 2233       1.135954610973e-11 
 2234       1.130934281043e-11 
 2235       1.125917726155e-11 
 2236       1.120906499601e-11 
 2237       1.115902160149e-11 
 2238       1.110906272060e-11 
 2239       1.105920405085e-11 
 2240       1.100946134477e-11 
 2241       1.095985040993e-11 
 2242       1.091038710903e-11 
 2243       1.086108625608e-11 
 2244       1.081195829694e-11 
 2245       1.076301260721e-11 
 2246       1.071425859424e-11 
 2247       1.066570569707e-11 
 2248       1.061736338655e-11 
 2249       1.056924116531e-11 
 2250       1.052134856783e-11 
 2251       1.047369516048e-11 
 2252       1.042629054152e-11 
 2253       1.037914434118e-11 
 2254       1.033226622164e-11 
 2255       1.028566587713e-11 
 2256       1.023935303389e-11 
 2257       1.019333745029e-11 
 2258       1.014762891677e-11 
 2259       1.010223725595e-11 
 2260       1.005717232265e-11 
 2261       1.001244400388e-11 
 2262       9.968062218937e-12 
 2263       9.924036919382e-12 
 2264       9.880378089121e-12 
 2265       9.837095744414e-12 
 2266       9.794199933916e-12 
 2267       9.751700738714e-12 
 2268       9.709608272355e-12 
 2269       9.667932680889e-12 
 2270       9.626684142897e-12 
 2271       9.585872869528e-12 
 2272       9.545509104533e-12 
 2273       9.505603124300e-12 
 2274       9.466165237891e-12 
 2275       9.427205787070e-12 
 2276       9.388735146345e-12 
 2277       9.350763722998e-12 
 2278       9.313301957120e-12 
 2279       9.276360321647e-12 
 2280       9.239949322394e-12 
 2281       9.204079498090e-12 
 2282       9.168759578267e-12 
 2283       9.133990943952e-12 
 2284       9.099773131505e-12 
 2285       9.066105671533e-12 
 2286       9.032988088877e-12 
 2287       9.000419902608e-12 
 2288       8.968400626018e-12 
 2289       8.936929766611e-12 
 2290       8.906006826096e-12 
 2291       8.875631300380e-12 
 2292       8.845802679558e-12 
 2293       8.816520447908e-12 
 2294       8.787784083880e-12 
 2295       8.759593060091e-12 
 2296       8.731946843314e-12 
 2297       8.704844894473e-12 
 2298       8.678286668635e-12 
 2299       8.652271614999e-12 
 2300       8.626799176892e-12 
 2301       8.601868791759e-12 
 2302       8.577479891155e-12 
 2303       8.553631900739e-12 
 2304       8.530324240264e-12 
 2305       8.507556323569e-12 
 2306       8.485327558574e-12 
 2307       8.463637347269e-12 
 2308       8.442485085707e-12 
 2309       8.421870163999e-12 
 2310       8.401791966301e-12 
 2311       8.382249870808e-12 
 2312       8.363243249751e-12 
 2313       8.344771469381e-12 
 2314       8.326833889968e-12 
 2315       8.309429865787e-12 
 2316       8.292558745117e-12 
 2317       8.276219870227e-12 
 2318       8.260412577373e-12 
 2319       8.245136196785e-12 
 2320       8.230390052664e-12 
 2321       8.216172200173e-12 
 2322       8.202475627732e-12 
 2323       8.189292030752e-12 
 2324       8.176613072421e-12 
 2325       8.164430383670e-12 
 2326       8.152735563139e-12 
 2327       8.141520177135e-12 
 2328       8.130775759600e-12 
 2329       8.120493812077e-12 
 2330       8.110665803668e-12 
 2331       8.101283171004e-12 
 2332       8.092337318205e-12 
 2333       8.083819616846e-12 
 2334       8.075721405920e-12 
 2335       8.068033991805e-12 
 2336       8.060748648221e-12 
 2337       8.053856616202e-12 
 2338       8.047349104055e-12 
 2339       8.041217287327e-12 
 2340       8.035452308765e-12 
 2341       8.030045278286e-12 
 2342       8.024987272934e-12 
 2343       8.020269336850e-12 
 2344       8.015882481232e-12 
 2345       8.011817684303e-12 
 2346       8.008065891270e-12 
 2347       8.004618014291e-12 
 2348       8.001464932440e-12 
 2349       7.998597491669e-12 
 2350       7.996006504772e-12 
 2351       7.993682751350e-12 
 2352       7.991616977775e-12 
 2353       7.989799897155e-12 
 2354       7.988222189292e-12 
 2355       7.986874500657e-12 
 2356       7.985747444342e-12 
 2357       7.984831600034e-12 
 2358       7.984117513972e-12 
 2359       7.983595698916e-12 
 2360       7.983256694766e-12 
 2361       7.983091250924e-12 
 2362       7.983090144993e-12 
 2363       7.983244122187e-12 
 2364       7.983543895296e-12 
 2365       7.983980144650e-12 
 2366       7.984543518087e-12 
 2367       7.985224630914e-12 
 2368       7.986014065877e-12 
 2369       7.986902373124e-12 
 2370       7.987880070170e-12 
 2371       7.988937641864e-12 
 2372       7.990065540351e-12 
 2373       7.991254185043e-12 
 2374       7.992493962577e-12 
 2375       7.993775226786e-12 
 2376       7.995088298664e-12 
 2377       7.996423466327e-12 
 2378       7.997770984983e-12 
 2379       7.999121076895e-12 
 2380       8.000463931346e-12 
 2381       8.001789704605e-12 
 2382       8.003088519895e-12 
 2383       8.004350467352e-12 
 2384       8.005565603997e-12 
 2385       8.006723953696e-12 
 2386       8.007815507129e-12 
 2387       8.008830221754e-12 
 2388       8.009758021772e-12 
 2389       8.010588798092e-12 
 2390       8.011312408299e-12 
 2391       8.011918676613e-12 
 2392       8.012397393864e-12 
 2393       8.012738317448e-12 
 2394       8.012931171297e-12 
 2395       8.012965645844e-12 
 2396       8.012831397987e-12 
 2397       8.012518051058e-12 
 2398       8.012015194780e-12 
 2399       8.011313364700e-12 
 2400       8.010406987042e-12 
 2401       8.009291451755e-12 
 2402       8.007962134671e-12 
 2403       8.006414397491e-12 
 2404       8.004643587770e-12 
 2405       8.002645038906e-12 
 2406       8.000414070121e-12 
 2407       7.997945986452e-12 
 2408       7.995236078731e-12 
 2409       7.992279623575e-12 
 2410       7.989071883372e-12 
 2411       7.985608106262e-12 
 2412       7.981883526130e-12 
 2413       7.977893362582e-12 
 2414       7.973632820942e-12 
 2415       7.969097092228e-12 
 2416       7.964281353145e-12 
 2417       7.959180766064e-12 
 2418       7.953790479014e-12 
 2419       7.948105625665e-12 
 2420       7.942121325312e-12 
 2421       7.935832682863e-12 
 2422       7.929234788825e-12 
 2423       7.922322719288e-12 
 2424       7.915091535912e-12 
 2425       7.907536285914e-12 
 2426       7.899652002049e-12 
 2427       7.891433702600e-12 
 2428       7.882876391364e-12 
 2429       7.873975057634e-12 
 2430       7.864724676190e-12 
 2431       7.855120207278e-12 
 2432       7.845156596603e-12 
 2433       7.834828775309e-12 
 2434       7.824131659968e-12 
 2435       7.813060152564e-12 
 2436       7.801609140479e-12 
 2437       7.789773496482e-12 
 2438       7.777549578153e-12 
 2439       7.764939736055e-12 
 2440       7.751947832614e-12 
 2441       7.738577745144e-12 
 2442       7.724833365867e-12 
 2443       7.710718601929e-12 
 2444       7.696237375413e-12 
 2445       7.681393623359e-12 
 2446       7.666191297777e-12 
 2447       7.650634365662e-12 
 2448       7.634726809015e-12 
 2449       7.618472624854e-12 
 2450       7.601875825232e-12 
 2451       7.584940437253e-12 
 2452       7.567670503087e-12 
 2453       7.550070079989e-12 
 2454       7.532143240311e-12 
 2455       7.513894071519e-12 
 2456       7.495326676212e-12 
 2457       7.476445172134e-12 
 2458       7.457253692193e-12 
 2459       7.437756384475e-12 
 2460       7.417957412260e-12 
 2461       7.397860954041e-12 
 2462       7.377471203536e-12 
 2463       7.356792369705e-12 
 2464       7.335828676768e-12 
 2465       7.314584364220e-12 
 2466       7.293063686845e-12 
 2467       7.271270914736e-12 
 2468       7.249210333307e-12 
 2469       7.226886243310e-12 
 2470       7.204302960853e-12 
 2471       7.181464817415e-12 
 2472       7.158376159860e-12 
 2473       7.135041350456e-12 
 2474       7.111464766889e-12 
 2475       7.087650802278e-12 
 2476       7.063603865197e-12 
 2477       7.039327053605e-12 
 2478       7.014818168074e-12 
 2479       6.990073675032e-12 
 2480       6.965090030685e-12 
 2481       6.939863681013e-12 
 2482       6.914391061755e-12 
 2483       6.888668598404e-12 
 2484       6.862692706193e-12 
 2485       6.836459790085e-12 
 2486       6.809966244766e-12 
 2487       6.783208454635e-12 
 2488       6.756182793791e-12 
 2489       6.728885626024e-12 
 2490       6.701313304807e-12 
 2491       6.673462173285e-12 
 2492       6.645328564264e-12 
 2493       6.616908800204e-12 
 2494       6.588199193204e-12 
 2495       6.559196044998e-12 
 2496       6.529895646940e-12 
 2497       6.500294279998e-12 
 2498       6.470388214741e-12 
 2499       6.440173711331e-12 
 2500       6.409647019512e-12 
