# dimensionless total [l(l+1)/2pi] C_l's
# for l=2 to 2500, i.e. number of multipoles equal to 2499
#
# -> if you prefer output in CAMB/HealPix/LensPix units/order, set 'format' to 'camb' in input file
# -> if you don't want to see such a header, set 'headers' to 'no' in input file
#
# 1:l     2:TT                 
    2       2.920381616201e-10 
    3       2.629137370684e-10 
    4       2.393173697637e-10 
    5       2.211900976588e-10 
    6       2.071701302353e-10 
    7       1.961860827171e-10 
    8       1.874834588966e-10 
    9       1.805656308058e-10 
   10       1.750497578262e-10 
   11       1.705196772244e-10 
   12       1.668623671618e-10 
   13       1.639934901582e-10 
   14       1.617630036554e-10 
   15       1.600895622737e-10 
   16       1.588347353397e-10 
   17       1.580118049684e-10 
   18       1.575790851905e-10 
   19       1.575168744342e-10 
   20       1.577167450103e-10 
   21       1.581868041942e-10 
   22       1.589155313300e-10 
   23       1.599021033154e-10 
   24       1.611059188739e-10 
   25       1.624968152915e-10 
   26       1.640266503570e-10 
   27       1.657100142272e-10 
   28       1.675563796835e-10 
   29       1.695506796680e-10 
   30       1.716917890452e-10 
   31       1.739631998466e-10 
   32       1.763339999073e-10 
   33       1.788081826248e-10 
   34       1.813899810460e-10 
   35       1.840740291962e-10 
   36       1.868614183906e-10 
   37       1.897469031055e-10 
   38       1.927131053437e-10 
   39       1.957383246623e-10 
   40       1.988261121475e-10 
   41       2.019837569970e-10 
   42       2.052136230934e-10 
   43       2.085148629372e-10 
   44       2.118904427747e-10 
   45       2.153414222777e-10 
   46       2.188645336020e-10 
   47       2.224517982971e-10 
   48       2.260938788553e-10 
   49       2.297921444174e-10 
   50       2.335493480502e-10 
   51       2.373660012534e-10 
   52       2.412401814126e-10 
   53       2.451690863472e-10 
   54       2.491546104740e-10 
   55       2.531988669321e-10 
   56       2.573024493878e-10 
   57       2.614643127407e-10 
   58       2.656816538306e-10 
   59       2.699512766874e-10 
   60       2.742743294580e-10 
   61       2.786524586558e-10 
   62       2.830863537770e-10 
   63       2.875756783304e-10 
   64       2.921190008678e-10 
   65       2.967145899251e-10 
   66       3.013631494418e-10 
   67       3.060655410776e-10 
   68       3.108219274513e-10 
   69       3.156317273363e-10 
   70       3.204935708554e-10 
   71       3.254052546767e-10 
   72       3.303645719901e-10 
   73       3.353720864449e-10 
   74       3.404288121791e-10 
   75       3.455353618058e-10 
   76       3.506919215806e-10 
   77       3.558982265686e-10 
   78       3.611535358125e-10 
   79       3.664566074996e-10 
   80       3.718061264528e-10 
   81       3.772021267342e-10 
   82       3.826447719240e-10 
   83       3.881339085378e-10 
   84       3.936690495707e-10 
   85       3.992493580409e-10 
   86       4.048736305337e-10 
   87       4.105402807448e-10 
   88       4.162473230249e-10 
   89       4.219928106388e-10 
   90       4.277762652032e-10 
   91       4.335974422059e-10 
   92       4.394558867413e-10 
   93       4.453509238668e-10 
   94       4.512816489587e-10 
   95       4.572469180685e-10 
   96       4.632453382782e-10 
   97       4.692752580574e-10 
   98       4.753347576182e-10 
   99       4.814219376088e-10 
  100       4.875358526949e-10 
  101       4.936756929113e-10 
  102       4.998404911707e-10 
  103       5.060291172359e-10 
  104       5.122402716921e-10 
  105       5.184724799190e-10 
  106       5.247240860631e-10 
  107       5.309932470099e-10 
  108       5.372779263562e-10 
  109       5.435758883821e-10 
  110       5.498849389168e-10 
  111       5.562036959021e-10 
  112       5.625309066222e-10 
  113       5.688652060659e-10 
  114       5.752051133257e-10 
  115       5.815490279957e-10 
  116       5.878952265710e-10 
  117       5.942418588462e-10 
  118       6.005869443137e-10 
  119       6.069283685631e-10 
  120       6.132638796791e-10 
  121       6.195910846411e-10 
  122       6.259074457210e-10 
  123       6.322104885917e-10 
  124       6.384984613927e-10 
  125       6.447697449447e-10 
  126       6.510226459061e-10 
  127       6.572553948378e-10 
  128       6.634661442673e-10 
  129       6.696529667530e-10 
  130       6.758138529489e-10 
  131       6.819467096687e-10 
  132       6.880493579504e-10 
  133       6.941195311204e-10 
  134       7.001548728582e-10 
  135       7.061529352608e-10 
  136       7.121111769066e-10 
  137       7.180271286402e-10 
  138       7.238989143837e-10 
  139       7.297247807995e-10 
  140       7.355029335424e-10 
  141       7.412315363892e-10 
  142       7.469087103674e-10 
  143       7.525325328839e-10 
  144       7.581010368544e-10 
  145       7.636122098320e-10 
  146       7.690639931360e-10 
  147       7.744542809814e-10 
  148       7.797809196072e-10 
  149       7.850417064059e-10 
  150       7.902343890518e-10 
  151       7.953566646306e-10 
  152       8.004061787680e-10 
  153       8.053806709630e-10 
  154       8.102784276203e-10 
  155       8.150978696570e-10 
  156       8.198374099562e-10 
  157       8.244954532411e-10 
  158       8.290703959482e-10 
  159       8.335606261010e-10 
  160       8.379645231836e-10 
  161       8.422804580140e-10 
  162       8.465067926179e-10 
  163       8.506418801022e-10 
  164       8.546840645285e-10 
  165       8.586316807865e-10 
  166       8.624830544678e-10 
  167       8.662365017393e-10 
  168       8.698903292170e-10 
  169       8.734428338390e-10 
  170       8.768923027396e-10 
  171       8.802371187335e-10 
  172       8.834760869036e-10 
  173       8.866081351292e-10 
  174       8.896322112280e-10 
  175       8.925472832607e-10 
  176       8.953523398356e-10 
  177       8.980463904127e-10 
  178       9.006284656085e-10 
  179       9.030976175001e-10 
  180       9.054529199298e-10 
  181       9.076934688098e-10 
  182       9.098183824260e-10 
  183       9.118268017431e-10 
  184       9.137178907085e-10 
  185       9.154908365571e-10 
  186       9.171448501157e-10 
  187       9.186791661071e-10 
  188       9.200930434550e-10 
  189       9.213857655882e-10 
  190       9.225566407449e-10 
  191       9.236050610014e-10 
  192       9.245306836678e-10 
  193       9.253332641154e-10 
  194       9.260125987698e-10 
  195       9.265685256073e-10 
  196       9.270009246517e-10 
  197       9.273097184706e-10 
  198       9.274948726723e-10 
  199       9.275563964022e-10 
  200       9.274943428396e-10 
  201       9.273088096939e-10 
  202       9.269999397018e-10 
  203       9.265679211232e-10 
  204       9.260129882383e-10 
  205       9.253354218441e-10 
  206       9.245355497509e-10 
  207       9.236137472788e-10 
  208       9.225704377546e-10 
  209       9.214060930082e-10 
  210       9.201212338690e-10 
  211       9.187164306631e-10 
  212       9.171923037092e-10 
  213       9.155495157063e-10 
  214       9.137887472930e-10 
  215       9.119107207964e-10 
  216       9.099162086656e-10 
  217       9.078060339471e-10 
  218       9.055810707594e-10 
  219       9.032422447692e-10 
  220       9.007905336658e-10 
  221       8.982269676367e-10 
  222       8.955526298429e-10 
  223       8.927686568942e-10 
  224       8.898762393242e-10 
  225       8.868766220656e-10 
  226       8.837711049256e-10 
  227       8.805610430611e-10 
  228       8.772478474539e-10 
  229       8.738329853859e-10 
  230       8.703179809145e-10 
  231       8.667044153477e-10 
  232       8.629939277193e-10 
  233       8.591882152644e-10 
  234       8.552890338945e-10 
  235       8.512981986726e-10 
  236       8.472175842888e-10 
  237       8.430491255350e-10 
  238       8.387947279723e-10 
  239       8.344559929417e-10 
  240       8.300344768152e-10 
  241       8.255317795897e-10 
  242       8.209495451735e-10 
  243       8.162894616712e-10 
  244       8.115532616704e-10 
  245       8.067427225266e-10 
  246       8.018596666498e-10 
  247       7.969059617898e-10 
  248       7.918835213219e-10 
  249       7.867943045330e-10 
  250       7.816403169074e-10 
  251       7.764236104122e-10 
  252       7.711462837834e-10 
  253       7.658104828118e-10 
  254       7.604184006284e-10 
  255       7.549722779903e-10 
  256       7.494744035668e-10 
  257       7.439271142247e-10 
  258       7.383327953145e-10 
  259       7.326938809559e-10 
  260       7.270128543239e-10 
  261       7.212922479341e-10 
  262       7.155346439289e-10 
  263       7.097426743632e-10 
  264       7.039190214900e-10 
  265       6.980664180465e-10 
  266       6.921874855600e-10 
  267       6.862842389530e-10 
  268       6.803585555930e-10 
  269       6.744123348620e-10 
  270       6.684474981691e-10 
  271       6.624659889619e-10 
  272       6.564697727390e-10 
  273       6.504608370622e-10 
  274       6.444411915682e-10 
  275       6.384128679811e-10 
  276       6.323779201242e-10 
  277       6.263384239324e-10 
  278       6.202964774640e-10 
  279       6.142542009129e-10 
  280       6.082137366208e-10 
  281       6.021772490894e-10 
  282       5.961469249920e-10 
  283       5.901249731862e-10 
  284       5.841136247256e-10 
  285       5.781151328721e-10 
  286       5.721317731079e-10 
  287       5.661658431478e-10 
  288       5.602196629508e-10 
  289       5.542955747329e-10 
  290       5.483959429785e-10 
  291       5.425231544533e-10 
  292       5.366796182154e-10 
  293       5.308677656284e-10 
  294       5.250900503727e-10 
  295       5.193489484582e-10 
  296       5.136469582361e-10 
  297       5.079864142821e-10 
  298       5.023689189954e-10 
  299       4.967958833361e-10 
  300       4.912687102191e-10 
  301       4.857887942741e-10 
  302       4.803575216054e-10 
  303       4.749762695514e-10 
  304       4.696464064446e-10 
  305       4.643692913712e-10 
  306       4.591462739308e-10 
  307       4.539786939964e-10 
  308       4.488678814737e-10 
  309       4.438151560613e-10 
  310       4.388218270101e-10 
  311       4.338891928831e-10 
  312       4.290185413155e-10 
  313       4.242111487737e-10 
  314       4.194682803159e-10 
  315       4.147911893511e-10 
  316       4.101811173995e-10 
  317       4.056392938516e-10 
  318       4.011669357285e-10 
  319       3.967652474410e-10 
  320       3.924354205502e-10 
  321       3.881786335265e-10 
  322       3.839960515095e-10 
  323       3.798888260682e-10 
  324       3.758580949600e-10 
  325       3.719049818910e-10 
  326       3.680305962756e-10 
  327       3.642360329962e-10 
  328       3.605223721627e-10 
  329       3.568906788729e-10 
  330       3.533420029716e-10 
  331       3.498773788103e-10 
  332       3.464977179937e-10 
  333       3.432034829386e-10 
  334       3.399949985994e-10 
  335       3.368725578417e-10 
  336       3.338364210862e-10 
  337       3.308868159521e-10 
  338       3.280239369007e-10 
  339       3.252479448791e-10 
  340       3.225589669635e-10 
  341       3.199570960033e-10 
  342       3.174423902642e-10 
  343       3.150148730719e-10 
  344       3.126745324558e-10 
  345       3.104213207926e-10 
  346       3.082551544497e-10 
  347       3.061759134291e-10 
  348       3.041834410104e-10 
  349       3.022775433952e-10 
  350       3.004579893498e-10 
  351       2.987245098497e-10 
  352       2.970767977224e-10 
  353       2.955145072914e-10 
  354       2.940372540196e-10 
  355       2.926446141532e-10 
  356       2.913361243647e-10 
  357       2.901112813971e-10 
  358       2.889695417072e-10 
  359       2.879103211091e-10 
  360       2.869329944180e-10 
  361       2.860368950936e-10 
  362       2.852213148837e-10 
  363       2.844855034681e-10 
  364       2.838286681016e-10 
  365       2.832499732582e-10 
  366       2.827485402741e-10 
  367       2.823234469918e-10 
  368       2.819737274034e-10 
  369       2.816983712943e-10 
  370       2.814963238867e-10 
  371       2.813665611747e-10 
  372       2.813083199072e-10 
  373       2.813208758987e-10 
  374       2.814034688602e-10 
  375       2.815553021082e-10 
  376       2.817755422742e-10 
  377       2.820633190145e-10 
  378       2.824177247189e-10 
  379       2.828378142207e-10 
  380       2.833226045059e-10 
  381       2.838710744224e-10 
  382       2.844821643898e-10 
  383       2.851547761084e-10 
  384       2.858877722688e-10 
  385       2.866799762612e-10 
  386       2.875301718849e-10 
  387       2.884371030578e-10 
  388       2.893994735254e-10 
  389       2.904159465707e-10 
  390       2.914851447231e-10 
  391       2.926056494682e-10 
  392       2.937760009570e-10 
  393       2.949946977154e-10 
  394       2.962601963534e-10 
  395       2.975709112747e-10 
  396       2.989252143861e-10 
  397       3.003214348068e-10 
  398       3.017578585777e-10 
  399       3.032327283710e-10 
  400       3.047442431997e-10 
  401       3.062905581265e-10 
  402       3.078697839738e-10 
  403       3.094799870325e-10 
  404       3.111191887720e-10 
  405       3.127853655491e-10 
  406       3.144764483179e-10 
  407       3.161903223385e-10 
  408       3.179248268870e-10 
  409       3.196777549648e-10 
  410       3.214470810741e-10 
  411       3.232316540269e-10 
  412       3.250305281036e-10 
  413       3.268427370750e-10 
  414       3.286672940745e-10 
  415       3.305031914697e-10 
  416       3.323494007341e-10 
  417       3.342048723193e-10 
  418       3.360685355264e-10 
  419       3.379392983780e-10 
  420       3.398160474900e-10 
  421       3.416976479433e-10 
  422       3.435829431558e-10 
  423       3.454707547541e-10 
  424       3.473598824453e-10 
  425       3.492491038888e-10 
  426       3.511371745680e-10 
  427       3.530228276625e-10 
  428       3.549047739196e-10 
  429       3.567817015259e-10 
  430       3.586522759797e-10 
  431       3.605151399623e-10 
  432       3.623689132100e-10 
  433       3.642121923859e-10 
  434       3.660435509517e-10 
  435       3.678615390395e-10 
  436       3.696646833238e-10 
  437       3.714514868927e-10 
  438       3.732204291206e-10 
  439       3.749699655393e-10 
  440       3.766985277101e-10 
  441       3.784045230955e-10 
  442       3.800863349313e-10 
  443       3.817423220980e-10 
  444       3.833708189927e-10 
  445       3.849701354012e-10 
  446       3.865385563695e-10 
  447       3.880743420757e-10 
  448       3.895757277020e-10 
  449       3.910411676788e-10 
  450       3.924700773828e-10 
  451       3.938621151958e-10 
  452       3.952169403182e-10 
  453       3.965342127861e-10 
  454       3.978135934885e-10 
  455       3.990547441839e-10 
  456       4.002573275175e-10 
  457       4.014210070380e-10 
  458       4.025454472147e-10 
  459       4.036303134541e-10 
  460       4.046752721174e-10 
  461       4.056799905368e-10 
  462       4.066441370329e-10 
  463       4.075673809318e-10 
  464       4.084493925812e-10 
  465       4.092898433685e-10 
  466       4.100884057366e-10 
  467       4.108447532018e-10 
  468       4.115585603702e-10 
  469       4.122295029548e-10 
  470       4.128572577923e-10 
  471       4.134415028604e-10 
  472       4.139819172944e-10 
  473       4.144781814042e-10 
  474       4.149299766915e-10 
  475       4.153369858663e-10 
  476       4.156988928643e-10 
  477       4.160153828636e-10 
  478       4.162861423016e-10 
  479       4.165108588922e-10 
  480       4.166892216424e-10 
  481       4.168209208695e-10 
  482       4.169056482180e-10 
  483       4.169430966765e-10 
  484       4.169329605945e-10 
  485       4.168749356998e-10 
  486       4.167687191150e-10 
  487       4.166140093744e-10 
  488       4.164106313077e-10 
  489       4.161589147494e-10 
  490       4.158593271493e-10 
  491       4.155123498073e-10 
  492       4.151184779520e-10 
  493       4.146782208214e-10 
  494       4.141921017419e-10 
  495       4.136606582084e-10 
  496       4.130844419643e-10 
  497       4.124640190805e-10 
  498       4.117999700358e-10 
  499       4.110928897962e-10 
  500       4.103433878952e-10 
  501       4.095520885127e-10 
  502       4.087196305555e-10 
  503       4.078466677367e-10 
  504       4.069338686554e-10 
  505       4.059819168765e-10 
  506       4.049915110105e-10 
  507       4.039633647932e-10 
  508       4.028982071653e-10 
  509       4.017967823524e-10 
  510       4.006598499445e-10 
  511       3.994881849757e-10 
  512       3.982825780044e-10 
  513       3.970438351924e-10 
  514       3.957727783849e-10 
  515       3.944702451905e-10 
  516       3.931370890606e-10 
  517       3.917741793692e-10 
  518       3.903824014927e-10 
  519       3.889626568895e-10 
  520       3.875158631801e-10 
  521       3.860429542263e-10 
  522       3.845448802115e-10 
  523       3.830226077198e-10 
  524       3.814771198165e-10 
  525       3.799094161270e-10 
  526       3.783205129173e-10 
  527       3.767114007536e-10 
  528       3.750829160352e-10 
  529       3.734358660713e-10 
  530       3.717710712410e-10 
  531       3.700893650549e-10 
  532       3.683915942164e-10 
  533       3.666786186830e-10 
  534       3.649513117281e-10 
  535       3.632105600022e-10 
  536       3.614572635943e-10 
  537       3.596923360936e-10 
  538       3.579167046507e-10 
  539       3.561313100389e-10 
  540       3.543371067163e-10 
  541       3.525350628865e-10 
  542       3.507261605603e-10 
  543       3.489113956174e-10 
  544       3.470917778676e-10 
  545       3.452683311120e-10 
  546       3.434420932050e-10 
  547       3.416141161154e-10 
  548       3.397854659878e-10 
  549       3.379572232043e-10 
  550       3.361304824456e-10 
  551       3.343063527526e-10 
  552       3.324859575882e-10 
  553       3.306704348980e-10 
  554       3.288609371724e-10 
  555       3.270586315076e-10 
  556       3.252646996675e-10 
  557       3.234803381447e-10 
  558       3.217067582220e-10 
  559       3.199451860342e-10 
  560       3.181968626292e-10 
  561       3.164630440295e-10 
  562       3.147450012938e-10 
  563       3.130440205782e-10 
  564       3.113614031978e-10 
  565       3.096984656881e-10 
  566       3.080563933699e-10 
  567       3.064357967794e-10 
  568       3.048371439475e-10 
  569       3.032609058713e-10 
  570       3.017075565199e-10 
  571       3.001775728416e-10 
  572       2.986714347707e-10 
  573       2.971896252335e-10 
  574       2.957326301556e-10 
  575       2.943009384683e-10 
  576       2.928950421152e-10 
  577       2.915154360589e-10 
  578       2.901626182880e-10 
  579       2.888370898233e-10 
  580       2.875393547245e-10 
  581       2.862699200973e-10 
  582       2.850292960995e-10 
  583       2.838179959482e-10 
  584       2.826365359259e-10 
  585       2.814854353878e-10 
  586       2.803652167678e-10 
  587       2.792764055857e-10 
  588       2.782195304536e-10 
  589       2.771951230826e-10 
  590       2.762037182895e-10 
  591       2.752458540033e-10 
  592       2.743220712723e-10 
  593       2.734329142702e-10 
  594       2.725789303032e-10 
  595       2.717606698165e-10 
  596       2.709786864007e-10 
  597       2.702335367991e-10 
  598       2.695257809138e-10 
  599       2.688559818125e-10 
  600       2.682247057354e-10 
  601       2.676325221014e-10 
  602       2.670800035153e-10 
  603       2.665677257741e-10 
  604       2.660962678738e-10 
  605       2.656660803322e-10 
  606       2.652770866617e-10 
  607       2.649290723135e-10 
  608       2.646218154562e-10 
  609       2.643550869400e-10 
  610       2.641286502595e-10 
  611       2.639422615179e-10 
  612       2.637956693902e-10 
  613       2.636886150867e-10 
  614       2.636208323170e-10 
  615       2.635920472531e-10 
  616       2.636019784933e-10 
  617       2.636503370253e-10 
  618       2.637368261904e-10 
  619       2.638611416466e-10 
  620       2.640229713324e-10 
  621       2.642219954299e-10 
  622       2.644578863293e-10 
  623       2.647303085914e-10 
  624       2.650389189118e-10 
  625       2.653833660844e-10 
  626       2.657632909648e-10 
  627       2.661783264339e-10 
  628       2.666280973617e-10 
  629       2.671122205702e-10 
  630       2.676303047981e-10 
  631       2.681819506630e-10 
  632       2.687667506261e-10 
  633       2.693842889552e-10 
  634       2.700341416883e-10 
  635       2.707158765974e-10 
  636       2.714290531517e-10 
  637       2.721732224814e-10 
  638       2.729479273415e-10 
  639       2.737527020746e-10 
  640       2.745870725755e-10 
  641       2.754505562538e-10 
  642       2.763426619980e-10 
  643       2.772628901390e-10 
  644       2.782107070587e-10 
  645       2.791854684581e-10 
  646       2.801864942809e-10 
  647       2.812130938674e-10 
  648       2.822645659104e-10 
  649       2.833401984118e-10 
  650       2.844392686388e-10 
  651       2.855610430801e-10 
  652       2.867047774019e-10 
  653       2.878697164045e-10 
  654       2.890550939784e-10 
  655       2.902601330606e-10 
  656       2.914840455906e-10 
  657       2.927260324669e-10 
  658       2.939852835030e-10 
  659       2.952609773840e-10 
  660       2.965522816224e-10 
  661       2.978583525148e-10 
  662       2.991783350977e-10 
  663       3.005113631039e-10 
  664       3.018565589190e-10 
  665       3.032130335370e-10 
  666       3.045798865175e-10 
  667       3.059562059408e-10 
  668       3.073410683652e-10 
  669       3.087335387824e-10 
  670       3.101326705744e-10 
  671       3.115375054692e-10 
  672       3.129470734973e-10 
  673       3.143603929480e-10 
  674       3.157764703255e-10 
  675       3.171943003053e-10 
  676       3.186128656900e-10 
  677       3.200311373663e-10 
  678       3.214480742604e-10 
  679       3.228626232949e-10 
  680       3.242737193446e-10 
  681       3.256802851931e-10 
  682       3.270812314887e-10 
  683       3.284755434574e-10 
  684       3.298625431612e-10 
  685       3.312416327513e-10 
  686       3.326122081970e-10 
  687       3.339736592641e-10 
  688       3.353253694938e-10 
  689       3.366667161806e-10 
  690       3.379970703516e-10 
  691       3.393157967442e-10 
  692       3.406222537854e-10 
  693       3.419157935697e-10 
  694       3.431957618379e-10 
  695       3.444614979557e-10 
  696       3.457123348920e-10 
  697       3.469475991978e-10 
  698       3.481666109841e-10 
  699       3.493686839011e-10 
  700       3.505531251161e-10 
  701       3.517192352928e-10 
  702       3.528663085688e-10 
  703       3.539936325352e-10 
  704       3.551004882142e-10 
  705       3.561861500382e-10 
  706       3.572498858281e-10 
  707       3.582909567720e-10 
  708       3.593086174034e-10 
  709       3.603021155801e-10 
  710       3.612706924624e-10 
  711       3.622135824917e-10 
  712       3.631300133694e-10 
  713       3.640192060347e-10 
  714       3.648803746439e-10 
  715       3.657127265483e-10 
  716       3.665154622729e-10 
  717       3.672877754954e-10 
  718       3.680288530239e-10 
  719       3.687378747761e-10 
  720       3.694140137573e-10 
  721       3.700564360396e-10 
  722       3.706644276077e-10 
  723       3.712377777537e-10 
  724       3.717764033844e-10 
  725       3.722802228625e-10 
  726       3.727491560139e-10 
  727       3.731831241359e-10 
  728       3.735820500043e-10 
  729       3.739458578816e-10 
  730       3.742744735244e-10 
  731       3.745678241914e-10 
  732       3.748258386506e-10 
  733       3.750484471872e-10 
  734       3.752355816116e-10 
  735       3.753871752667e-10 
  736       3.755031630357e-10 
  737       3.755834813499e-10 
  738       3.756280681960e-10 
  739       3.756368631243e-10 
  740       3.756098072563e-10 
  741       3.755468432919e-10 
  742       3.754479155178e-10 
  743       3.753129698145e-10 
  744       3.751419536645e-10 
  745       3.749348161597e-10 
  746       3.746915080093e-10 
  747       3.744119815473e-10 
  748       3.740961907403e-10 
  749       3.737440911950e-10 
  750       3.733556401663e-10 
  751       3.729307965645e-10 
  752       3.724695209632e-10 
  753       3.719717756073e-10 
  754       3.714375244200e-10 
  755       3.708667330110e-10 
  756       3.702593686843e-10 
  757       3.696154004453e-10 
  758       3.689347990089e-10 
  759       3.682175368074e-10 
  760       3.674635879977e-10 
  761       3.666730057897e-10 
  762       3.658461560422e-10 
  763       3.649834881602e-10 
  764       3.640854582037e-10 
  765       3.631525289113e-10 
  766       3.621851697239e-10 
  767       3.611838568084e-10 
  768       3.601490730816e-10 
  769       3.590813082334e-10 
  770       3.579810587511e-10 
  771       3.568488279424e-10 
  772       3.556851259599e-10 
  773       3.544904698239e-10 
  774       3.532653834469e-10 
  775       3.520103976567e-10 
  776       3.507260502204e-10 
  777       3.494128858679e-10 
  778       3.480714563158e-10 
  779       3.467023202909e-10 
  780       3.453060435541e-10 
  781       3.438831989238e-10 
  782       3.424343662997e-10 
  783       3.409601326867e-10 
  784       3.394610922182e-10 
  785       3.379378461803e-10 
  786       3.363910030349e-10 
  787       3.348211784438e-10 
  788       3.332289952922e-10 
  789       3.316150837126e-10 
  790       3.299800811083e-10 
  791       3.283246321770e-10 
  792       3.266493889347e-10 
  793       3.249550107393e-10 
  794       3.232421643143e-10 
  795       3.215115237725e-10 
  796       3.197637706396e-10 
  797       3.179995938781e-10 
  798       3.162196899107e-10 
  799       3.144247626442e-10 
  800       3.126155059076e-10 
  801       3.107925503669e-10 
  802       3.089565156894e-10 
  803       3.071080280612e-10 
  804       3.052477202076e-10 
  805       3.033762314142e-10 
  806       3.014942075465e-10 
  807       2.996023010707e-10 
  808       2.977011710741e-10 
  809       2.957914832852e-10 
  810       2.938739100945e-10 
  811       2.919491305747e-10 
  812       2.900178305009e-10 
  813       2.880807023713e-10 
  814       2.861384454277e-10 
  815       2.841917656753e-10 
  816       2.822413759036e-10 
  817       2.802879957069e-10 
  818       2.783323515042e-10 
  819       2.763751765598e-10 
  820       2.744172110041e-10 
  821       2.724592018532e-10 
  822       2.705019030302e-10 
  823       2.685460753848e-10 
  824       2.665924867141e-10 
  825       2.646419117831e-10 
  826       2.626951323446e-10 
  827       2.607529371602e-10 
  828       2.588161220204e-10 
  829       2.568854897648e-10 
  830       2.549618503028e-10 
  831       2.530460206340e-10 
  832       2.511388248684e-10 
  833       2.492410942468e-10 
  834       2.473536671614e-10 
  835       2.454773891761e-10 
  836       2.436131130467e-10 
  837       2.417616987417e-10 
  838       2.399240134622e-10 
  839       2.381008433063e-10 
  840       2.362926265344e-10 
  841       2.344997157041e-10 
  842       2.327224656113e-10 
  843       2.309612332959e-10 
  844       2.292163780465e-10 
  845       2.274882614066e-10 
  846       2.257772471793e-10 
  847       2.240837014328e-10 
  848       2.224079925059e-10 
  849       2.207504910133e-10 
  850       2.191115698509e-10 
  851       2.174916042011e-10 
  852       2.158909715384e-10 
  853       2.143100516342e-10 
  854       2.127492265629e-10 
  855       2.112088807067e-10 
  856       2.096894007612e-10 
  857       2.081911757404e-10 
  858       2.067145969827e-10 
  859       2.052600581556e-10 
  860       2.038279552614e-10 
  861       2.024186866425e-10 
  862       2.010326529867e-10 
  863       1.996702573325e-10 
  864       1.983319050746e-10 
  865       1.970180039693e-10 
  866       1.957289641394e-10 
  867       1.944651980800e-10 
  868       1.932271206640e-10 
  869       1.920151491467e-10 
  870       1.908297031720e-10 
  871       1.896712047771e-10 
  872       1.885400783984e-10 
  873       1.874367508763e-10 
  874       1.863616514609e-10 
  875       1.853152118175e-10 
  876       1.842978660315e-10 
  877       1.833100506138e-10 
  878       1.823521127062e-10 
  879       1.814240330107e-10 
  880       1.805256982639e-10 
  881       1.796569926107e-10 
  882       1.788177975952e-10 
  883       1.780079921523e-10 
  884       1.772274525983e-10 
  885       1.764760526225e-10 
  886       1.757536632775e-10 
  887       1.750601529712e-10 
  888       1.743953874571e-10 
  889       1.737592298258e-10 
  890       1.731515404959e-10 
  891       1.725721772052e-10 
  892       1.720209950018e-10 
  893       1.714978462348e-10 
  894       1.710025805460e-10 
  895       1.705350448605e-10 
  896       1.700950833779e-10 
  897       1.696825375634e-10 
  898       1.692972461389e-10 
  899       1.689390450741e-10 
  900       1.686077675775e-10 
  901       1.683032440874e-10 
  902       1.680253022632e-10 
  903       1.677737669763e-10 
  904       1.675484603013e-10 
  905       1.673492015069e-10 
  906       1.671758070471e-10 
  907       1.670280905524e-10 
  908       1.669058628206e-10 
  909       1.668089318081e-10 
  910       1.667371026207e-10 
  911       1.666901775052e-10 
  912       1.666679558399e-10 
  913       1.666702341259e-10 
  914       1.666968059783e-10 
  915       1.667474621172e-10 
  916       1.668219903587e-10 
  917       1.669201408137e-10 
  918       1.670415208957e-10 
  919       1.671856986234e-10 
  920       1.673522372479e-10 
  921       1.675406952385e-10 
  922       1.677506262691e-10 
  923       1.679815792040e-10 
  924       1.682330980844e-10 
  925       1.685047221142e-10 
  926       1.687959856461e-10 
  927       1.691064181682e-10 
  928       1.694355442894e-10 
  929       1.697828837260e-10 
  930       1.701479512878e-10 
  931       1.705302568639e-10 
  932       1.709293054093e-10 
  933       1.713445969304e-10 
  934       1.717756264719e-10 
  935       1.722218841020e-10 
  936       1.726828548993e-10 
  937       1.731580189386e-10 
  938       1.736468512770e-10 
  939       1.741488219398e-10 
  940       1.746633959072e-10 
  941       1.751900331000e-10 
  942       1.757281883657e-10 
  943       1.762773114646e-10 
  944       1.768368470564e-10 
  945       1.774062346856e-10 
  946       1.779849087681e-10 
  947       1.785722985772e-10 
  948       1.791678282296e-10 
  949       1.797709166717e-10 
  950       1.803809776656e-10 
  951       1.809974197752e-10 
  952       1.816196463524e-10 
  953       1.822470555233e-10 
  954       1.828790401739e-10 
  955       1.835149879369e-10 
  956       1.841543169267e-10 
  957       1.847965835741e-10 
  958       1.854413764116e-10 
  959       1.860882804639e-10 
  960       1.867368772392e-10 
  961       1.873867447191e-10 
  962       1.880374573503e-10 
  963       1.886885860349e-10 
  964       1.893396981215e-10 
  965       1.899903573956e-10 
  966       1.906401240707e-10 
  967       1.912885547792e-10 
  968       1.919352025630e-10 
  969       1.925796168643e-10 
  970       1.932213435166e-10 
  971       1.938599247352e-10 
  972       1.944948991084e-10 
  973       1.951258015878e-10 
  974       1.957521634798e-10 
  975       1.963735124355e-10 
  976       1.969893724426e-10 
  977       1.975992638150e-10 
  978       1.982027031847e-10 
  979       1.987992034919e-10 
  980       1.993882739761e-10 
  981       1.999694201667e-10 
  982       2.005421438742e-10 
  983       2.011059431805e-10 
  984       2.016603124301e-10 
  985       2.022047422207e-10 
  986       2.027387193940e-10 
  987       2.032617270268e-10 
  988       2.037732444213e-10 
  989       2.042727470964e-10 
  990       2.047597067781e-10 
  991       2.052335913907e-10 
  992       2.056938650472e-10 
  993       2.061399880405e-10 
  994       2.065714168338e-10 
  995       2.069876764430e-10 
  996       2.073885787649e-10 
  997       2.077740074353e-10 
  998       2.081438457286e-10 
  999       2.084979765569e-10 
 1000       2.088362824697e-10 
 1001       2.091586456533e-10 
 1002       2.094649479307e-10 
 1003       2.097550707610e-10 
 1004       2.100288952389e-10 
 1005       2.102863020944e-10 
 1006       2.105271716922e-10 
 1007       2.107513840316e-10 
 1008       2.109588187457e-10 
 1009       2.111493551011e-10 
 1010       2.113228719976e-10 
 1011       2.114792479677e-10 
 1012       2.116183611761e-10 
 1013       2.117400894191e-10 
 1014       2.118443101248e-10 
 1015       2.119309003519e-10 
 1016       2.119997367899e-10 
 1017       2.120506957582e-10 
 1018       2.120836532059e-10 
 1019       2.120984847115e-10 
 1020       2.120950654822e-10 
 1021       2.120732703535e-10 
 1022       2.120329737890e-10 
 1023       2.119740498799e-10 
 1024       2.118963723441e-10 
 1025       2.117998145268e-10 
 1026       2.116842493988e-10 
 1027       2.115495495572e-10 
 1028       2.113955872242e-10 
 1029       2.112222342472e-10 
 1030       2.110293620978e-10 
 1031       2.108168418720e-10 
 1032       2.105845442894e-10 
 1033       2.103323396927e-10 
 1034       2.100601542106e-10 
 1035       2.097681391155e-10 
 1036       2.094565038572e-10 
 1037       2.091254601235e-10 
 1038       2.087752218452e-10 
 1039       2.084060052026e-10 
 1040       2.080180286310e-10 
 1041       2.076115128268e-10 
 1042       2.071866807533e-10 
 1043       2.067437576463e-10 
 1044       2.062829710206e-10 
 1045       2.058045506750e-10 
 1046       2.053087286992e-10 
 1047       2.047957394787e-10 
 1048       2.042658197011e-10 
 1049       2.037192083623e-10 
 1050       2.031561467717e-10 
 1051       2.025768785584e-10 
 1052       2.019816496773e-10 
 1053       2.013707084144e-10 
 1054       2.007443053934e-10 
 1055       2.001026935808e-10 
 1056       1.994461282924e-10 
 1057       1.987748671987e-10 
 1058       1.980891703311e-10 
 1059       1.973893000877e-10 
 1060       1.966755212389e-10 
 1061       1.959481009336e-10 
 1062       1.952073087051e-10 
 1063       1.944534164767e-10 
 1064       1.936866985675e-10 
 1065       1.929074316988e-10 
 1066       1.921158949993e-10 
 1067       1.913123700117e-10 
 1068       1.904971406976e-10 
 1069       1.896704934446e-10 
 1070       1.888327170709e-10 
 1071       1.879841028321e-10 
 1072       1.871249444268e-10 
 1073       1.862555448026e-10 
 1074       1.853762366653e-10 
 1075       1.844873622610e-10 
 1076       1.835892666071e-10 
 1077       1.826822974995e-10 
 1078       1.817668055187e-10 
 1079       1.808431440367e-10 
 1080       1.799116692234e-10 
 1081       1.789727400530e-10 
 1082       1.780267183111e-10 
 1083       1.770739686008e-10 
 1084       1.761148583493e-10 
 1085       1.751497578150e-10 
 1086       1.741790400934e-10 
 1087       1.732030811239e-10 
 1088       1.722222596967e-10 
 1089       1.712369574591e-10 
 1090       1.702475589218e-10 
 1091       1.692544514662e-10 
 1092       1.682580253502e-10 
 1093       1.672586737154e-10 
 1094       1.662567925933e-10 
 1095       1.652527809119e-10 
 1096       1.642470405025e-10 
 1097       1.632399761060e-10 
 1098       1.622319953799e-10 
 1099       1.612235089043e-10 
 1100       1.602149301889e-10 
 1101       1.592066756794e-10 
 1102       1.581991647642e-10 
 1103       1.571928197809e-10 
 1104       1.561880660227e-10 
 1105       1.551853317455e-10 
 1106       1.541850481739e-10 
 1107       1.531876495079e-10 
 1108       1.521935729300e-10 
 1109       1.512032586109e-10 
 1110       1.502171497169e-10 
 1111       1.492356924159e-10 
 1112       1.482592975174e-10 
 1113       1.472882248263e-10 
 1114       1.463226972826e-10 
 1115       1.453629391928e-10 
 1116       1.444091762331e-10 
 1117       1.434616354524e-10 
 1118       1.425205452748e-10 
 1119       1.415861355027e-10 
 1120       1.406586373195e-10 
 1121       1.397382832928e-10 
 1122       1.388253073765e-10 
 1123       1.379199449148e-10 
 1124       1.370224326438e-10 
 1125       1.361330086953e-10 
 1126       1.352519125994e-10 
 1127       1.343793852869e-10 
 1128       1.335156690931e-10 
 1129       1.326610077595e-10 
 1130       1.318156464378e-10 
 1131       1.309798316917e-10 
 1132       1.301538115007e-10 
 1133       1.293378352623e-10 
 1134       1.285321537951e-10 
 1135       1.277370193417e-10 
 1136       1.269526855715e-10 
 1137       1.261794075835e-10 
 1138       1.254174419092e-10 
 1139       1.246670465155e-10 
 1140       1.239284808076e-10 
 1141       1.232020056318e-10 
 1142       1.224878832780e-10 
 1143       1.217863774833e-10 
 1144       1.210977534344e-10 
 1145       1.204222777703e-10 
 1146       1.197602185855e-10 
 1147       1.191118454327e-10 
 1148       1.184774293257e-10 
 1149       1.178572427423e-10 
 1150       1.172515596270e-10 
 1151       1.166606049461e-10 
 1152       1.160844026451e-10 
 1153       1.155229257666e-10 
 1154       1.149761467211e-10 
 1155       1.144440372854e-10 
 1156       1.139265686010e-10 
 1157       1.134237111720e-10 
 1158       1.129354348640e-10 
 1159       1.124617089019e-10 
 1160       1.120025018684e-10 
 1161       1.115577817022e-10 
 1162       1.111275156964e-10 
 1163       1.107116704967e-10 
 1164       1.103102120999e-10 
 1165       1.099231058516e-10 
 1166       1.095503164454e-10 
 1167       1.091918079203e-10 
 1168       1.088475436597e-10 
 1169       1.085174863891e-10 
 1170       1.082015981749e-10 
 1171       1.078998404224e-10 
 1172       1.076121738741e-10 
 1173       1.073385586081e-10 
 1174       1.070789540363e-10 
 1175       1.068333189027e-10 
 1176       1.066016112820e-10 
 1177       1.063837885772e-10 
 1178       1.061798075186e-10 
 1179       1.059896241617e-10 
 1180       1.058131938856e-10 
 1181       1.056504713912e-10 
 1182       1.055014106997e-10 
 1183       1.053659651507e-10 
 1184       1.052440874006e-10 
 1185       1.051357294208e-10 
 1186       1.050408424961e-10 
 1187       1.049593772227e-10 
 1188       1.048912835072e-10 
 1189       1.048365105639e-10 
 1190       1.047949794702e-10 
 1191       1.047665004644e-10 
 1192       1.047508546285e-10 
 1193       1.047478212355e-10 
 1194       1.047571777456e-10 
 1195       1.047786998021e-10 
 1196       1.048121612274e-10 
 1197       1.048573340188e-10 
 1198       1.049139883448e-10 
 1199       1.049818925406e-10 
 1200       1.050608131045e-10 
 1201       1.051505146936e-10 
 1202       1.052507601201e-10 
 1203       1.053613103467e-10 
 1204       1.054819244831e-10 
 1205       1.056123597817e-10 
 1206       1.057523716337e-10 
 1207       1.059017135649e-10 
 1208       1.060601372320e-10 
 1209       1.062273924180e-10 
 1210       1.064032270288e-10 
 1211       1.065873870887e-10 
 1212       1.067796167367e-10 
 1213       1.069796582221e-10 
 1214       1.071872519009e-10 
 1215       1.074021362314e-10 
 1216       1.076240477703e-10 
 1217       1.078527211689e-10 
 1218       1.080878891687e-10 
 1219       1.083292825973e-10 
 1220       1.085766303651e-10 
 1221       1.088296594602e-10 
 1222       1.090880949454e-10 
 1223       1.093516599534e-10 
 1224       1.096200756831e-10 
 1225       1.098930613956e-10 
 1226       1.101703344100e-10 
 1227       1.104516100996e-10 
 1228       1.107366018877e-10 
 1229       1.110250308472e-10 
 1230       1.113166546332e-10 
 1231       1.116112388865e-10 
 1232       1.119085476581e-10 
 1233       1.122083434056e-10 
 1234       1.125103869903e-10 
 1235       1.128144376737e-10 
 1236       1.131202531143e-10 
 1237       1.134275893641e-10 
 1238       1.137362008658e-10 
 1239       1.140458404491e-10 
 1240       1.143562593277e-10 
 1241       1.146672070960e-10 
 1242       1.149784317255e-10 
 1243       1.152896795619e-10 
 1244       1.156006953219e-10 
 1245       1.159112220896e-10 
 1246       1.162210013132e-10 
 1247       1.165297728023e-10 
 1248       1.168372747240e-10 
 1249       1.171432435998e-10 
 1250       1.174474143025e-10 
 1251       1.177495200530e-10 
 1252       1.180492924166e-10 
 1253       1.183464613001e-10 
 1254       1.186407549484e-10 
 1255       1.189318999412e-10 
 1256       1.192196211900e-10 
 1257       1.195036419344e-10 
 1258       1.197836837390e-10 
 1259       1.200594664904e-10 
 1260       1.203307083935e-10 
 1261       1.205971259686e-10 
 1262       1.208584340478e-10 
 1263       1.211143457720e-10 
 1264       1.213645725875e-10 
 1265       1.216088242427e-10 
 1266       1.218468087850e-10 
 1267       1.220782325574e-10 
 1268       1.223028344298e-10 
 1269       1.225204889324e-10 
 1270       1.227311043047e-10 
 1271       1.229345883685e-10 
 1272       1.231308485270e-10 
 1273       1.233197917638e-10 
 1274       1.235013246427e-10 
 1275       1.236753533063e-10 
 1276       1.238417834760e-10 
 1277       1.240005204510e-10 
 1278       1.241514691072e-10 
 1279       1.242945338973e-10 
 1280       1.244296188492e-10 
 1281       1.245566275659e-10 
 1282       1.246754632245e-10 
 1283       1.247860285758e-10 
 1284       1.248882259429e-10 
 1285       1.249819572213e-10 
 1286       1.250671238777e-10 
 1287       1.251436269495e-10 
 1288       1.252113670437e-10 
 1289       1.252702443367e-10 
 1290       1.253201585733e-10 
 1291       1.253610090661e-10 
 1292       1.253926946945e-10 
 1293       1.254151139044e-10 
 1294       1.254281647073e-10 
 1295       1.254317446793e-10 
 1296       1.254257509610e-10 
 1297       1.254100802561e-10 
 1298       1.253846288313e-10 
 1299       1.253492925151e-10 
 1300       1.253039666974e-10 
 1301       1.252485463286e-10 
 1302       1.251829259190e-10 
 1303       1.251069995378e-10 
 1304       1.250206608131e-10 
 1305       1.249238029303e-10 
 1306       1.248163186318e-10 
 1307       1.246981325299e-10 
 1308       1.245692984419e-10 
 1309       1.244299031423e-10 
 1310       1.242800341494e-10 
 1311       1.241197797275e-10 
 1312       1.239492288875e-10 
 1313       1.237684713893e-10 
 1314       1.235775977430e-10 
 1315       1.233766992103e-10 
 1316       1.231658678064e-10 
 1317       1.229451963014e-10 
 1318       1.227147782215e-10 
 1319       1.224747078513e-10 
 1320       1.222250802347e-10 
 1321       1.219659911766e-10 
 1322       1.216975372449e-10 
 1323       1.214198157712e-10 
 1324       1.211329248533e-10 
 1325       1.208369633558e-10 
 1326       1.205320309127e-10 
 1327       1.202182279278e-10 
 1328       1.198956555774e-10 
 1329       1.195644158109e-10 
 1330       1.192246113528e-10 
 1331       1.188763457044e-10 
 1332       1.185197231451e-10 
 1333       1.181548487337e-10 
 1334       1.177818283106e-10 
 1335       1.174007684989e-10 
 1336       1.170117767060e-10 
 1337       1.166149611252e-10 
 1338       1.162104307373e-10 
 1339       1.157982953123e-10 
 1340       1.153786654103e-10 
 1341       1.149516523840e-10 
 1342       1.145173683794e-10 
 1343       1.140759263379e-10 
 1344       1.136274399977e-10 
 1345       1.131720238952e-10 
 1346       1.127098037488e-10 
 1347       1.122409477304e-10 
 1348       1.117656355363e-10 
 1349       1.112840480391e-10 
 1350       1.107963672887e-10 
 1351       1.103027765158e-10 
 1352       1.098034601332e-10 
 1353       1.092986037384e-10 
 1354       1.087883941160e-10 
 1355       1.082730192396e-10 
 1356       1.077526682742e-10 
 1357       1.072275315785e-10 
 1358       1.066978007070e-10 
 1359       1.061636684126e-10 
 1360       1.056253286481e-10 
 1361       1.050829765691e-10 
 1362       1.045368085362e-10 
 1363       1.039870221169e-10 
 1364       1.034338160879e-10 
 1365       1.028773904377e-10 
 1366       1.023179463684e-10 
 1367       1.017556862981e-10 
 1368       1.011908138634e-10 
 1369       1.006235339211e-10 
 1370       1.000540525510e-10 
 1371       9.948257705775e-11 
 1372       9.890931597317e-11 
 1373       9.833447905862e-11 
 1374       9.775827730715e-11 
 1375       9.718092294573e-11 
 1376       9.660262943750e-11 
 1377       9.602361148400e-11 
 1378       9.544408502745e-11 
 1379       9.486426725294e-11 
 1380       9.428437659069e-11 
 1381       9.370463271828e-11 
 1382       9.312525656291e-11 
 1383       9.254647030363e-11 
 1384       9.196849737353e-11 
 1385       9.139154780246e-11 
 1386       9.081577407093e-11 
 1387       9.024131479455e-11 
 1388       8.966830934259e-11 
 1389       8.909689783934e-11 
 1390       8.852722116545e-11 
 1391       8.795942095921e-11 
 1392       8.739363961791e-11 
 1393       8.683002029914e-11 
 1394       8.626870692212e-11 
 1395       8.570984416903e-11 
 1396       8.515357748632e-11 
 1397       8.460005308604e-11 
 1398       8.404941794714e-11 
 1399       8.350181981683e-11 
 1400       8.295740721189e-11 
 1401       8.241632941997e-11 
 1402       8.187873650093e-11 
 1403       8.134477928817e-11 
 1404       8.081460938994e-11 
 1405       8.028837919066e-11 
 1406       7.976624185224e-11 
 1407       7.924835131544e-11 
 1408       7.873486230113e-11 
 1409       7.822593031166e-11 
 1410       7.772171163218e-11 
 1411       7.722236333191e-11 
 1412       7.672804326554e-11 
 1413       7.623891007450e-11 
 1414       7.575512318829e-11 
 1415       7.527684282581e-11 
 1416       7.480422999671e-11 
 1417       7.433744650263e-11 
 1418       7.387665493862e-11 
 1419       7.342201869441e-11 
 1420       7.297370195572e-11 
 1421       7.253186970561e-11 
 1422       7.209668772582e-11 
 1423       7.166832259803e-11 
 1424       7.124691638329e-11 
 1425       7.083251037292e-11 
 1426       7.042512055713e-11 
 1427       7.002476287574e-11 
 1428       6.963145321805e-11 
 1429       6.924520742259e-11 
 1430       6.886604127702e-11 
 1431       6.849397051790e-11 
 1432       6.812901083054e-11 
 1433       6.777117784882e-11 
 1434       6.742048715502e-11 
 1435       6.707695427963e-11 
 1436       6.674059470120e-11 
 1437       6.641142384614e-11 
 1438       6.608945708855e-11 
 1439       6.577470975006e-11 
 1440       6.546719709964e-11 
 1441       6.516693435343e-11 
 1442       6.487393667457e-11 
 1443       6.458821917300e-11 
 1444       6.430979690532e-11 
 1445       6.403868487460e-11 
 1446       6.377489803019e-11 
 1447       6.351845126758e-11 
 1448       6.326935942818e-11 
 1449       6.302763729919e-11 
 1450       6.279329961339e-11 
 1451       6.256636104897e-11 
 1452       6.234683622938e-11 
 1453       6.213473972314e-11 
 1454       6.193008604364e-11 
 1455       6.173288964902e-11 
 1456       6.154316494192e-11 
 1457       6.136092626939e-11 
 1458       6.118618792264e-11 
 1459       6.101896413692e-11 
 1460       6.085926909132e-11 
 1461       6.070711690857e-11 
 1462       6.056252165492e-11 
 1463       6.042547927719e-11 
 1464       6.029591321680e-11 
 1465       6.017372825170e-11 
 1466       6.005882850860e-11 
 1467       5.995111746177e-11 
 1468       5.985049793183e-11 
 1469       5.975687208463e-11 
 1470       5.967014142997e-11 
 1471       5.959020682050e-11 
 1472       5.951696845048e-11 
 1473       5.945032585461e-11 
 1474       5.939017790685e-11 
 1475       5.933642281922e-11 
 1476       5.928895814061e-11 
 1477       5.924768075560e-11 
 1478       5.921248688328e-11 
 1479       5.918327207606e-11 
 1480       5.915993121847e-11 
 1481       5.914235852599e-11 
 1482       5.913044754383e-11 
 1483       5.912409114581e-11 
 1484       5.912318153309e-11 
 1485       5.912761023304e-11 
 1486       5.913726809804e-11 
 1487       5.915204530429e-11 
 1488       5.917183135060e-11 
 1489       5.919651505725e-11 
 1490       5.922598456477e-11 
 1491       5.926012733276e-11 
 1492       5.929883013869e-11 
 1493       5.934197907675e-11 
 1494       5.938945955662e-11 
 1495       5.944115630231e-11 
 1496       5.949695335097e-11 
 1497       5.955673405167e-11 
 1498       5.962038106429e-11 
 1499       5.968777635823e-11 
 1500       5.975880121132e-11 
 1501       5.983333620855e-11 
 1502       5.991126079926e-11 
 1503       5.999245196606e-11 
 1504       6.007678554055e-11 
 1505       6.016413664264e-11 
 1506       6.025437967932e-11 
 1507       6.034738834348e-11 
 1508       6.044303561266e-11 
 1509       6.054119374788e-11 
 1510       6.064173429237e-11 
 1511       6.074452807046e-11 
 1512       6.084944518624e-11 
 1513       6.095635502248e-11 
 1514       6.106512623930e-11 
 1515       6.117562677307e-11 
 1516       6.128772383509e-11 
 1517       6.140128391049e-11 
 1518       6.151617275692e-11 
 1519       6.163225540341e-11 
 1520       6.174939614912e-11 
 1521       6.186745856215e-11 
 1522       6.198630547831e-11 
 1523       6.210579899994e-11 
 1524       6.222580049467e-11 
 1525       6.234617059422e-11 
 1526       6.246676919318e-11 
 1527       6.258745544783e-11 
 1528       6.270808777489e-11 
 1529       6.282852385033e-11 
 1530       6.294862060818e-11 
 1531       6.306823423926e-11 
 1532       6.318722019003e-11 
 1533       6.330543316135e-11 
 1534       6.342272710727e-11 
 1535       6.353895523383e-11 
 1536       6.365396999784e-11 
 1537       6.376762310568e-11 
 1538       6.387976551206e-11 
 1539       6.399024741886e-11 
 1540       6.409891827388e-11 
 1541       6.420564084084e-11 
 1542       6.431033355789e-11 
 1543       6.441292857879e-11 
 1544       6.451335773768e-11 
 1545       6.461155254857e-11 
 1546       6.470744420486e-11 
 1547       6.480096357883e-11 
 1548       6.489204122115e-11 
 1549       6.498060736036e-11 
 1550       6.506659190238e-11 
 1551       6.514992443003e-11 
 1552       6.523053420249e-11 
 1553       6.530835015484e-11 
 1554       6.538330089753e-11 
 1555       6.545531471590e-11 
 1556       6.552431956966e-11 
 1557       6.559024309241e-11 
 1558       6.565301259114e-11 
 1559       6.571255504570e-11 
 1560       6.576879710835e-11 
 1561       6.582166510320e-11 
 1562       6.587108502577e-11 
 1563       6.591698254245e-11 
 1564       6.595928299001e-11 
 1565       6.599791137510e-11 
 1566       6.603279237375e-11 
 1567       6.606385033090e-11 
 1568       6.609100925983e-11 
 1569       6.611419284172e-11 
 1570       6.613332442515e-11 
 1571       6.614832702555e-11 
 1572       6.615912332475e-11 
 1573       6.616563567046e-11 
 1574       6.616778607577e-11 
 1575       6.616549621865e-11 
 1576       6.615868744145e-11 
 1577       6.614728075041e-11 
 1578       6.613119681515e-11 
 1579       6.611035596817e-11 
 1580       6.608469511891e-11 
 1581       6.605421866823e-11 
 1582       6.601894806434e-11 
 1583       6.597890493133e-11 
 1584       6.593411106948e-11 
 1585       6.588458845558e-11 
 1586       6.583035924323e-11 
 1587       6.577144576317e-11 
 1588       6.570787052356e-11 
 1589       6.563965621034e-11 
 1590       6.556682568751e-11 
 1591       6.548940199745e-11 
 1592       6.540740836121e-11 
 1593       6.532086817889e-11 
 1594       6.522980502986e-11 
 1595       6.513424267316e-11 
 1596       6.503420504774e-11 
 1597       6.492971627284e-11 
 1598       6.482080064823e-11 
 1599       6.470748265458e-11 
 1600       6.458978695376e-11 
 1601       6.446773838914e-11 
 1602       6.434136198589e-11 
 1603       6.421068295134e-11 
 1604       6.407572667524e-11 
 1605       6.393651873011e-11 
 1606       6.379308487153e-11 
 1607       6.364545103846e-11 
 1608       6.349364335356e-11 
 1609       6.333768812349e-11 
 1610       6.317761183924e-11 
 1611       6.301344117641e-11 
 1612       6.284520299556e-11 
 1613       6.267292434251e-11 
 1614       6.249663244863e-11 
 1615       6.231635473119e-11 
 1616       6.213211879364e-11 
 1617       6.194395242594e-11 
 1618       6.175188360487e-11 
 1619       6.155594899375e-11 
 1620       6.135621952494e-11 
 1621       6.115277504914e-11 
 1622       6.094569585762e-11 
 1623       6.073506268300e-11 
 1624       6.052095669987e-11 
 1625       6.030345952553e-11 
 1626       6.008265322072e-11 
 1627       5.985862029026e-11 
 1628       5.963144368379e-11 
 1629       5.940120679647e-11 
 1630       5.916799346966e-11 
 1631       5.893188799165e-11 
 1632       5.869297509834e-11 
 1633       5.845133997395e-11 
 1634       5.820706825174e-11 
 1635       5.796024601464e-11 
 1636       5.771095979607e-11 
 1637       5.745929658052e-11 
 1638       5.720534380434e-11 
 1639       5.694918935638e-11 
 1640       5.669092157875e-11 
 1641       5.643062926747e-11 
 1642       5.616840167319e-11 
 1643       5.590432850190e-11 
 1644       5.563849991563e-11 
 1645       5.537100653314e-11 
 1646       5.510193943062e-11 
 1647       5.483139014240e-11 
 1648       5.455945066168e-11 
 1649       5.428621344116e-11 
 1650       5.401177139380e-11 
 1651       5.373621789352e-11 
 1652       5.345964677585e-11 
 1653       5.318215233872e-11 
 1654       5.290382934305e-11 
 1655       5.262477301355e-11 
 1656       5.234507903938e-11 
 1657       5.206484357483e-11 
 1658       5.178415954065e-11 
 1659       5.150310549084e-11 
 1660       5.122175664896e-11 
 1661       5.094018859924e-11 
 1662       5.065847728707e-11 
 1663       5.037669901955e-11 
 1664       5.009493046603e-11 
 1665       4.981324865868e-11 
 1666       4.953173099296e-11 
 1667       4.925045522824e-11 
 1668       4.896949948829e-11 
 1669       4.868894226183e-11 
 1670       4.840886240307e-11 
 1671       4.812933913227e-11 
 1672       4.785045203625e-11 
 1673       4.757228106894e-11 
 1674       4.729490655195e-11 
 1675       4.701840917504e-11 
 1676       4.674286999674e-11 
 1677       4.646837044484e-11 
 1678       4.619499231695e-11 
 1679       4.592281778102e-11 
 1680       4.565192937590e-11 
 1681       4.538241001189e-11 
 1682       4.511434297124e-11 
 1683       4.484781190873e-11 
 1684       4.458290085218e-11 
 1685       4.431969420302e-11 
 1686       4.405827673681e-11 
 1687       4.379873360376e-11 
 1688       4.354115032933e-11 
 1689       4.328561281471e-11 
 1690       4.303220733740e-11 
 1691       4.278102055173e-11 
 1692       4.253213948938e-11 
 1693       4.228565155999e-11 
 1694       4.204164455161e-11 
 1695       4.180020663130e-11 
 1696       4.156142634568e-11 
 1697       4.132538154329e-11 
 1698       4.109210603637e-11 
 1699       4.086162265278e-11 
 1700       4.063395428807e-11 
 1701       4.040912390554e-11 
 1702       4.018715453640e-11 
 1703       3.996806927976e-11 
 1704       3.975189130276e-11 
 1705       3.953864384063e-11 
 1706       3.932835019680e-11 
 1707       3.912103374290e-11 
 1708       3.891671791895e-11 
 1709       3.871542623333e-11 
 1710       3.851718226294e-11 
 1711       3.832200965324e-11 
 1712       3.812993211832e-11 
 1713       3.794097344103e-11 
 1714       3.775515747298e-11 
 1715       3.757250813470e-11 
 1716       3.739304941566e-11 
 1717       3.721680537437e-11 
 1718       3.704380013845e-11 
 1719       3.687405790476e-11 
 1720       3.670760293937e-11 
 1721       3.654445957776e-11 
 1722       3.638465222482e-11 
 1723       3.622820535494e-11 
 1724       3.607514351212e-11 
 1725       3.592549131002e-11 
 1726       3.577927343205e-11 
 1727       3.563651463145e-11 
 1728       3.549723973135e-11 
 1729       3.536147362488e-11 
 1730       3.522924127524e-11 
 1731       3.510056771573e-11 
 1732       3.497547804992e-11 
 1733       3.485399745164e-11 
 1734       3.473615116513e-11 
 1735       3.462196450505e-11 
 1736       3.451145290844e-11 
 1737       3.440459199852e-11 
 1738       3.430134726871e-11 
 1739       3.420168400756e-11 
 1740       3.410556729847e-11 
 1741       3.401296201936e-11 
 1742       3.392383284235e-11 
 1743       3.383814423341e-11 
 1744       3.375586045213e-11 
 1745       3.367694555131e-11 
 1746       3.360136337668e-11 
 1747       3.352907756660e-11 
 1748       3.346005155173e-11 
 1749       3.339424855469e-11 
 1750       3.333163158977e-11 
 1751       3.327216346262e-11 
 1752       3.321580676989e-11 
 1753       3.316252389896e-11 
 1754       3.311227702760e-11 
 1755       3.306502812366e-11 
 1756       3.302073894473e-11 
 1757       3.297937103787e-11 
 1758       3.294088573924e-11 
 1759       3.290524417381e-11 
 1760       3.287240725506e-11 
 1761       3.284233568463e-11 
 1762       3.281498995200e-11 
 1763       3.279033033422e-11 
 1764       3.276831689554e-11 
 1765       3.274890948711e-11 
 1766       3.273206774669e-11 
 1767       3.271775109829e-11 
 1768       3.270591875187e-11 
 1769       3.269652970305e-11 
 1770       3.268954273274e-11 
 1771       3.268491640686e-11 
 1772       3.268260907602e-11 
 1773       3.268257887519e-11 
 1774       3.268478372340e-11 
 1775       3.268917865750e-11 
 1776       3.269570781018e-11 
 1777       3.270431236520e-11 
 1778       3.271493321687e-11 
 1779       3.272751096961e-11 
 1780       3.274198593757e-11 
 1781       3.275829814419e-11 
 1782       3.277638732178e-11 
 1783       3.279619291108e-11 
 1784       3.281765406090e-11 
 1785       3.284070962764e-11 
 1786       3.286529817492e-11 
 1787       3.289135797311e-11 
 1788       3.291882699896e-11 
 1789       3.294764293517e-11 
 1790       3.297774316992e-11 
 1791       3.300906479655e-11 
 1792       3.304154461305e-11 
 1793       3.307511912168e-11 
 1794       3.310972452854e-11 
 1795       3.314529674320e-11 
 1796       3.318177137818e-11 
 1797       3.321908374864e-11 
 1798       3.325716887190e-11 
 1799       3.329596146701e-11 
 1800       3.333539595440e-11 
 1801       3.337540645537e-11 
 1802       3.341592679176e-11 
 1803       3.345689048546e-11 
 1804       3.349823075803e-11 
 1805       3.353988053027e-11 
 1806       3.358177242182e-11 
 1807       3.362383875070e-11 
 1808       3.366601153293e-11 
 1809       3.370822248210e-11 
 1810       3.375040300894e-11 
 1811       3.379248422092e-11 
 1812       3.383439692181e-11 
 1813       3.387607161128e-11 
 1814       3.391744337669e-11 
 1815       3.395846661250e-11 
 1816       3.399910041878e-11 
 1817       3.403930371950e-11 
 1818       3.407903526233e-11 
 1819       3.411825361837e-11 
 1820       3.415691718192e-11 
 1821       3.419498417023e-11 
 1822       3.423241262328e-11 
 1823       3.426916040353e-11 
 1824       3.430518519567e-11 
 1825       3.434044450639e-11 
 1826       3.437489566413e-11 
 1827       3.440849581886e-11 
 1828       3.444120194180e-11 
 1829       3.447297082525e-11 
 1830       3.450375908225e-11 
 1831       3.453352314644e-11 
 1832       3.456221927175e-11 
 1833       3.458980353220e-11 
 1834       3.461623182163e-11 
 1835       3.464145985348e-11 
 1836       3.466544316054e-11 
 1837       3.468813709471e-11 
 1838       3.470949682677e-11 
 1839       3.472947734613e-11 
 1840       3.474803346059e-11 
 1841       3.476511979610e-11 
 1842       3.478069079651e-11 
 1843       3.479470072336e-11 
 1844       3.480710365562e-11 
 1845       3.481785348942e-11 
 1846       3.482690393788e-11 
 1847       3.483420853080e-11 
 1848       3.483972061446e-11 
 1849       3.484339335136e-11 
 1850       3.484517972000e-11 
 1851       3.484503251461e-11 
 1852       3.484290434495e-11 
 1853       3.483875550969e-11 
 1854       3.483257768518e-11 
 1855       3.482437042329e-11 
 1856       3.481413329480e-11 
 1857       3.480186588941e-11 
 1858       3.478756781576e-11 
 1859       3.477123870151e-11 
 1860       3.475287819332e-11 
 1861       3.473248595694e-11 
 1862       3.471006167719e-11 
 1863       3.468560505806e-11 
 1864       3.465911582266e-11 
 1865       3.463059371333e-11 
 1866       3.460003849165e-11 
 1867       3.456744993846e-11 
 1868       3.453282785389e-11 
 1869       3.449617205744e-11 
 1870       3.445748238797e-11 
 1871       3.441675870374e-11 
 1872       3.437400088247e-11 
 1873       3.432920882135e-11 
 1874       3.428238243709e-11 
 1875       3.423352166594e-11 
 1876       3.418262646373e-11 
 1877       3.412969680592e-11 
 1878       3.407473268761e-11 
 1879       3.401773412358e-11 
 1880       3.395870114836e-11 
 1881       3.389763381620e-11 
 1882       3.383453220117e-11 
 1883       3.376939639715e-11 
 1884       3.370222651787e-11 
 1885       3.363302269698e-11 
 1886       3.356178508804e-11 
 1887       3.348851386458e-11 
 1888       3.341320922013e-11 
 1889       3.333587136823e-11 
 1890       3.325650054253e-11 
 1891       3.317509699675e-11 
 1892       3.309166631251e-11 
 1893       3.300623536746e-11 
 1894       3.291883649073e-11 
 1895       3.282950216659e-11 
 1896       3.273826503468e-11 
 1897       3.264515789021e-11 
 1898       3.255021368416e-11 
 1899       3.245346552353e-11 
 1900       3.235494667151e-11 
 1901       3.225469054772e-11 
 1902       3.215273072843e-11 
 1903       3.204910094671e-11 
 1904       3.194383509275e-11 
 1905       3.183696721398e-11 
 1906       3.172853151530e-11 
 1907       3.161856235934e-11 
 1908       3.150709426662e-11 
 1909       3.139416191578e-11 
 1910       3.127980014382e-11 
 1911       3.116404394624e-11 
 1912       3.104692847735e-11 
 1913       3.092848905041e-11 
 1914       3.080876113784e-11 
 1915       3.068778037151e-11 
 1916       3.056558254285e-11 
 1917       3.044220360314e-11 
 1918       3.031767966368e-11 
 1919       3.019204699603e-11 
 1920       3.006534203220e-11 
 1921       2.993760136488e-11 
 1922       2.980886174763e-11 
 1923       2.967916009512e-11 
 1924       2.954853348332e-11 
 1925       2.941701914973e-11 
 1926       2.928465449359e-11 
 1927       2.915147707607e-11 
 1928       2.901752462050e-11 
 1929       2.888283501260e-11 
 1930       2.874744630066e-11 
 1931       2.861139660707e-11 
 1932       2.847472386170e-11 
 1933       2.833746606695e-11 
 1934       2.819966138640e-11 
 1935       2.806134814510e-11 
 1936       2.792256482974e-11 
 1937       2.778335008884e-11 
 1938       2.764374273302e-11 
 1939       2.750378173514e-11 
 1940       2.736350623057e-11 
 1941       2.722295551736e-11 
 1942       2.708216905645e-11 
 1943       2.694118647192e-11 
 1944       2.680004755116e-11 
 1945       2.665879224507e-11 
 1946       2.651746066833e-11 
 1947       2.637609309955e-11 
 1948       2.623472998148e-11 
 1949       2.609341192128e-11 
 1950       2.595217969067e-11 
 1951       2.581107422615e-11 
 1952       2.567013662923e-11 
 1953       2.552940816663e-11 
 1954       2.538893027049e-11 
 1955       2.524874453856e-11 
 1956       2.510889273445e-11 
 1957       2.496941678780e-11 
 1958       2.483035879452e-11 
 1959       2.469176101697e-11 
 1960       2.455366588421e-11 
 1961       2.441611599216e-11 
 1962       2.427915410385e-11 
 1963       2.414282314961e-11 
 1964       2.400716622728e-11 
 1965       2.387222660244e-11 
 1966       2.373804770859e-11 
 1967       2.360467314737e-11 
 1968       2.347214668879e-11 
 1969       2.334051227141e-11 
 1970       2.320980967819e-11 
 1971       2.308006152849e-11 
 1972       2.295128618988e-11 
 1973       2.282350209373e-11 
 1974       2.269672773536e-11 
 1975       2.257098167410e-11 
 1976       2.244628253334e-11 
 1977       2.232264900063e-11 
 1978       2.220009982775e-11 
 1979       2.207865383078e-11 
 1980       2.195832989017e-11 
 1981       2.183914695086e-11 
 1982       2.172112402229e-11 
 1983       2.160428017852e-11 
 1984       2.148863455831e-11 
 1985       2.137420636514e-11 
 1986       2.126101486737e-11 
 1987       2.114907939826e-11 
 1988       2.103841935604e-11 
 1989       2.092905420403e-11 
 1990       2.082100347067e-11 
 1991       2.071428674963e-11 
 1992       2.060892369986e-11 
 1993       2.050493404570e-11 
 1994       2.040233757692e-11 
 1995       2.030115414880e-11 
 1996       2.020140368224e-11 
 1997       2.010310616380e-11 
 1998       2.000628164578e-11 
 1999       1.991095024632e-11 
 2000       1.981713214946e-11 
 2001       1.972484760520e-11 
 2002       1.963411692961e-11 
 2003       1.954496050489e-11 
 2004       1.945739877942e-11 
 2005       1.937145226788e-11 
 2006       1.928714155131e-11 
 2007       1.920448727717e-11 
 2008       1.912351015944e-11 
 2009       1.904422600883e-11 
 2010       1.896663078383e-11 
 2011       1.889071543086e-11 
 2012       1.881647084426e-11 
 2013       1.874388786612e-11 
 2014       1.867295728628e-11 
 2015       1.860366984221e-11 
 2016       1.853601621897e-11 
 2017       1.846998704912e-11 
 2018       1.840557291265e-11 
 2019       1.834276433691e-11 
 2020       1.828155179656e-11 
 2021       1.822192571345e-11 
 2022       1.816387645660e-11 
 2023       1.810739434209e-11 
 2024       1.805246963301e-11 
 2025       1.799909253939e-11 
 2026       1.794725321810e-11 
 2027       1.789694177282e-11 
 2028       1.784814825394e-11 
 2029       1.780086265848e-11 
 2030       1.775507493005e-11 
 2031       1.771077495876e-11 
 2032       1.766795258114e-11 
 2033       1.762659758009e-11 
 2034       1.758669968480e-11 
 2035       1.754824857065e-11 
 2036       1.751123385920e-11 
 2037       1.747564511804e-11 
 2038       1.744147186079e-11 
 2039       1.740870354699e-11 
 2040       1.737732958203e-11 
 2041       1.734733931710e-11 
 2042       1.731872204908e-11 
 2043       1.729146702051e-11 
 2044       1.726556341950e-11 
 2045       1.724100037964e-11 
 2046       1.721776697997e-11 
 2047       1.719585224486e-11 
 2048       1.717524278983e-11 
 2049       1.715591574065e-11 
 2050       1.713784576345e-11 
 2051       1.712100741419e-11 
 2052       1.710537513846e-11 
 2053       1.709092327138e-11 
 2054       1.707762603746e-11 
 2055       1.706545755044e-11 
 2056       1.705439181318e-11 
 2057       1.704440271748e-11 
 2058       1.703546404398e-11 
 2059       1.702754946201e-11 
 2060       1.702063252943e-11 
 2061       1.701468669253e-11 
 2062       1.700968528584e-11 
 2063       1.700560153205e-11 
 2064       1.700240854183e-11 
 2065       1.700007931370e-11 
 2066       1.699858673388e-11 
 2067       1.699790357618e-11 
 2068       1.699800250186e-11 
 2069       1.699885605943e-11 
 2070       1.700043668461e-11 
 2071       1.700271670009e-11 
 2072       1.700566831547e-11 
 2073       1.700926362708e-11 
 2074       1.701347461785e-11 
 2075       1.701827315717e-11 
 2076       1.702363100076e-11 
 2077       1.702951979051e-11 
 2078       1.703591105438e-11 
 2079       1.704277620620e-11 
 2080       1.705008654560e-11 
 2081       1.705781325782e-11 
 2082       1.706592741359e-11 
 2083       1.707439996899e-11 
 2084       1.708320176531e-11 
 2085       1.709230352891e-11 
 2086       1.710167587110e-11 
 2087       1.711129050371e-11 
 2088       1.712112389554e-11 
 2089       1.713115364132e-11 
 2090       1.714135724813e-11 
 2091       1.715171213535e-11 
 2092       1.716219563455e-11 
 2093       1.717278498934e-11 
 2094       1.718345735530e-11 
 2095       1.719418979989e-11 
 2096       1.720495930228e-11 
 2097       1.721574275332e-11 
 2098       1.722651695538e-11 
 2099       1.723725862229e-11 
 2100       1.724794437918e-11 
 2101       1.725855076243e-11 
 2102       1.726905421952e-11 
 2103       1.727943110895e-11 
 2104       1.728965770013e-11 
 2105       1.729971017326e-11 
 2106       1.730956461924e-11 
 2107       1.731919703959e-11 
 2108       1.732858334627e-11 
 2109       1.733769936164e-11 
 2110       1.734652081835e-11 
 2111       1.735502335919e-11 
 2112       1.736318253703e-11 
 2113       1.737097381469e-11 
 2114       1.737837256485e-11 
 2115       1.738535406993e-11 
 2116       1.739189352199e-11 
 2117       1.739796602263e-11 
 2118       1.740354658288e-11 
 2119       1.740861012309e-11 
 2120       1.741313147283e-11 
 2121       1.741708537079e-11 
 2122       1.742044646465e-11 
 2123       1.742318931102e-11 
 2124       1.742528837527e-11 
 2125       1.742671803150e-11 
 2126       1.742745585820e-11 
 2127       1.742749255047e-11 
 2128       1.742682207590e-11 
 2129       1.742543838484e-11 
 2130       1.742333541046e-11 
 2131       1.742050706867e-11 
 2132       1.741694725815e-11 
 2133       1.741264986030e-11 
 2134       1.740760873923e-11 
 2135       1.740181774176e-11 
 2136       1.739527069737e-11 
 2137       1.738796141821e-11 
 2138       1.737988369906e-11 
 2139       1.737103131733e-11 
 2140       1.736139803305e-11 
 2141       1.735097758880e-11 
 2142       1.733976370975e-11 
 2143       1.732775010363e-11 
 2144       1.731493046067e-11 
 2145       1.730129845366e-11 
 2146       1.728684773784e-11 
 2147       1.727157195096e-11 
 2148       1.725546471322e-11 
 2149       1.723851962724e-11 
 2150       1.722073027811e-11 
 2151       1.720209023328e-11 
 2152       1.718259304262e-11 
 2153       1.716223223834e-11 
 2154       1.714100133503e-11 
 2155       1.711889382960e-11 
 2156       1.709590320127e-11 
 2157       1.707202291157e-11 
 2158       1.704724640429e-11 
 2159       1.702156710551e-11 
 2160       1.699497842352e-11 
 2161       1.696747374887e-11 
 2162       1.693904645427e-11 
 2163       1.690968989467e-11 
 2164       1.687939740716e-11 
 2165       1.684816519632e-11 
 2166       1.681600101158e-11 
 2167       1.678291552849e-11 
 2168       1.674891946876e-11 
 2169       1.671402360034e-11 
 2170       1.667823873747e-11 
 2171       1.664157574072e-11 
 2172       1.660404551705e-11 
 2173       1.656565901989e-11 
 2174       1.652642724915e-11 
 2175       1.648636125133e-11 
 2176       1.644547211953e-11 
 2177       1.640377099354e-11 
 2178       1.636126905985e-11 
 2179       1.631797755177e-11 
 2180       1.627390774944e-11 
 2181       1.622907097988e-11 
 2182       1.618347861708e-11 
 2183       1.613714208205e-11 
 2184       1.609007284283e-11 
 2185       1.604228241461e-11 
 2186       1.599378235975e-11 
 2187       1.594458428782e-11 
 2188       1.589469985571e-11 
 2189       1.584414076764e-11 
 2190       1.579291877521e-11 
 2191       1.574104567751e-11 
 2192       1.568853332111e-11 
 2193       1.563539360016e-11 
 2194       1.558163845643e-11 
 2195       1.552727987937e-11 
 2196       1.547232990616e-11 
 2197       1.541680062177e-11 
 2198       1.536070415901e-11 
 2199       1.530405269860e-11 
 2200       1.524685846921e-11 
 2201       1.518913374754e-11 
 2202       1.513089085832e-11 
 2203       1.507214217443e-11 
 2204       1.501290087885e-11 
 2205       1.495318325591e-11 
 2206       1.489300641538e-11 
 2207       1.483238753199e-11 
 2208       1.477134384552e-11 
 2209       1.470989266084e-11 
 2210       1.464805134804e-11 
 2211       1.458583734247e-11 
 2212       1.452326814479e-11 
 2213       1.446036132111e-11 
 2214       1.439713450301e-11 
 2215       1.433360538763e-11 
 2216       1.426979173776e-11 
 2217       1.420571138189e-11 
 2218       1.414138221431e-11 
 2219       1.407682219516e-11 
 2220       1.401204935052e-11 
 2221       1.394708177247e-11 
 2222       1.388193761920e-11 
 2223       1.381663511503e-11 
 2224       1.375119255053e-11 
 2225       1.368562828258e-11 
 2226       1.361996073443e-11 
 2227       1.355420839582e-11 
 2228       1.348838982297e-11 
 2229       1.342252363876e-11 
 2230       1.335662853271e-11 
 2231       1.329072326113e-11 
 2232       1.322482664713e-11 
 2233       1.315895758075e-11 
 2234       1.309313501899e-11 
 2235       1.302737798592e-11 
 2236       1.296170557273e-11 
 2237       1.289613693781e-11 
 2238       1.283069130684e-11 
 2239       1.276538797285e-11 
 2240       1.270024629628e-11 
 2241       1.263528570510e-11 
 2242       1.257052569483e-11 
 2243       1.250598444526e-11 
 2244       1.244167466043e-11 
 2245       1.237760770162e-11 
 2246       1.231379496834e-11 
 2247       1.225024789838e-11 
 2248       1.218697796782e-11 
 2249       1.212399669108e-11 
 2250       1.206131562100e-11 
 2251       1.199894634882e-11 
 2252       1.193690050427e-11 
 2253       1.187518975560e-11 
 2254       1.181382580960e-11 
 2255       1.175282041167e-11 
 2256       1.169218534585e-11 
 2257       1.163193243485e-11 
 2258       1.157207354012e-11 
 2259       1.151262056185e-11 
 2260       1.145358543907e-11 
 2261       1.139498014962e-11 
 2262       1.133681671026e-11 
 2263       1.127910717666e-11 
 2264       1.122186364347e-11 
 2265       1.116509824436e-11 
 2266       1.110882315205e-11 
 2267       1.105305057835e-11 
 2268       1.099779277423e-11 
 2269       1.094306202980e-11 
 2270       1.088887067444e-11 
 2271       1.083523107677e-11 
 2272       1.078215564471e-11 
 2273       1.072965682552e-11 
 2274       1.067774710589e-11 
 2275       1.062643901188e-11 
 2276       1.057574510908e-11 
 2277       1.052567800254e-11 
 2278       1.047625033691e-11 
 2279       1.042747479640e-11 
 2280       1.037936410489e-11 
 2281       1.033193102591e-11 
 2282       1.028518614931e-11 
 2283       1.023913123558e-11 
 2284       1.019376582887e-11 
 2285       1.014908946656e-11 
 2286       1.010510167924e-11 
 2287       1.006180199071e-11 
 2288       1.001918991793e-11 
 2289       9.977264971065e-12 
 2290       9.936026653441e-12 
 2291       9.895474461544e-12 
 2292       9.855607885011e-12 
 2293       9.816426406622e-12 
 2294       9.777929502290e-12 
 2295       9.740116641052e-12 
 2296       9.702987285055e-12 
 2297       9.666540889554e-12 
 2298       9.630776902898e-12 
 2299       9.595694766521e-12 
 2300       9.561293914933e-12 
 2301       9.527573775711e-12 
 2302       9.494533769490e-12 
 2303       9.462173309952e-12 
 2304       9.430491803819e-12 
 2305       9.399488650840e-12 
 2306       9.369163243786e-12 
 2307       9.339514968436e-12 
 2308       9.310543203573e-12 
 2309       9.282247320970e-12 
 2310       9.254626685380e-12 
 2311       9.227680654534e-12 
 2312       9.201408579121e-12 
 2313       9.175809802787e-12 
 2314       9.150883662123e-12 
 2315       9.126629486654e-12 
 2316       9.103046598830e-12 
 2317       9.080134314020e-12 
 2318       9.057891940498e-12 
 2319       9.036318779436e-12 
 2320       9.015414124895e-12 
 2321       8.995175790917e-12 
 2322       8.975595682666e-12 
 2323       8.956664197334e-12 
 2324       8.938371694455e-12 
 2325       8.920708495866e-12 
 2326       8.903664885665e-12 
 2327       8.887231110164e-12 
 2328       8.871397377854e-12 
 2329       8.856153859356e-12 
 2330       8.841490687386e-12 
 2331       8.827397956706e-12 
 2332       8.813865724083e-12 
 2333       8.800884008253e-12 
 2334       8.788442789871e-12 
 2335       8.776532011473e-12 
 2336       8.765141577433e-12 
 2337       8.754261353920e-12 
 2338       8.743881168856e-12 
 2339       8.733990811877e-12 
 2340       8.724580034285e-12 
 2341       8.715638549011e-12 
 2342       8.707156030569e-12 
 2343       8.699122115017e-12 
 2344       8.691526399912e-12 
 2345       8.684358444272e-12 
 2346       8.677607768527e-12 
 2347       8.671263854483e-12 
 2348       8.665316145277e-12 
 2349       8.659754045336e-12 
 2350       8.654566920334e-12 
 2351       8.649744097150e-12 
 2352       8.645274863824e-12 
 2353       8.641148469520e-12 
 2354       8.637354124478e-12 
 2355       8.633880999976e-12 
 2356       8.630718228283e-12 
 2357       8.627854902623e-12 
 2358       8.625280077128e-12 
 2359       8.622982766798e-12 
 2360       8.620951997959e-12 
 2361       8.619176960056e-12 
 2362       8.617646854720e-12 
 2363       8.616350845307e-12 
 2364       8.615278056861e-12 
 2365       8.614417576068e-12 
 2366       8.613758451222e-12 
 2367       8.613289692177e-12 
 2368       8.613000270311e-12 
 2369       8.612879118481e-12 
 2370       8.612915130984e-12 
 2371       8.613097163516e-12 
 2372       8.613414033130e-12 
 2373       8.613854518197e-12 
 2374       8.614407358360e-12 
 2375       8.615061254498e-12 
 2376       8.615804868684e-12 
 2377       8.616626824141e-12 
 2378       8.617515705204e-12 
 2379       8.618460057277e-12 
 2380       8.619448386793e-12 
 2381       8.620469161173e-12 
 2382       8.621510808783e-12 
 2383       8.622561718895e-12 
 2384       8.623610241646e-12 
 2385       8.624644687994e-12 
 2386       8.625653329682e-12 
 2387       8.626624399192e-12 
 2388       8.627546089705e-12 
 2389       8.628406555063e-12 
 2390       8.629193909723e-12 
 2391       8.629896228720e-12 
 2392       8.630501547625e-12 
 2393       8.630997862501e-12 
 2394       8.631373129867e-12 
 2395       8.631615266651e-12 
 2396       8.631712150155e-12 
 2397       8.631651618008e-12 
 2398       8.631421468131e-12 
 2399       8.631010589911e-12 
 2400       8.630412365379e-12 
 2401       8.629621288709e-12 
 2402       8.628631836868e-12 
 2403       8.627438469596e-12 
 2404       8.626035629389e-12 
 2405       8.624417741483e-12 
 2406       8.622579213834e-12 
 2407       8.620514437100e-12 
 2408       8.618217784629e-12 
 2409       8.615683612435e-12 
 2410       8.612906259182e-12 
 2411       8.609880046169e-12 
 2412       8.606599277312e-12 
 2413       8.603058239124e-12 
 2414       8.599251200698e-12 
 2415       8.595172413693e-12 
 2416       8.590816112311e-12 
 2417       8.586176513285e-12 
 2418       8.581247815857e-12 
 2419       8.576024201762e-12 
 2420       8.570499835213e-12 
 2421       8.564668862879e-12 
 2422       8.558525413871e-12 
 2423       8.552063599722e-12 
 2424       8.545277514372e-12 
 2425       8.538161234148e-12 
 2426       8.530708817749e-12 
 2427       8.522914306225e-12 
 2428       8.514771722963e-12 
 2429       8.506275073668e-12 
 2430       8.497418346346e-12 
 2431       8.488195511284e-12 
 2432       8.478600521036e-12 
 2433       8.468627310404e-12 
 2434       8.458269796420e-12 
 2435       8.447521878328e-12 
 2436       8.436377437569e-12 
 2437       8.424830337761e-12 
 2438       8.412876104397e-12 
 2439       8.400516974992e-12 
 2440       8.387756879233e-12 
 2441       8.374599762032e-12 
 2442       8.361049583542e-12 
 2443       8.347110319176e-12 
 2444       8.332785959622e-12 
 2445       8.318080510859e-12 
 2446       8.302997994172e-12 
 2447       8.287542446174e-12 
 2448       8.271717918814e-12 
 2449       8.255528479401e-12 
 2450       8.238978210616e-12 
 2451       8.222071210530e-12 
 2452       8.204811592618e-12 
 2453       8.187203485781e-12 
 2454       8.169251034355e-12 
 2455       8.150958398133e-12 
 2456       8.132329752380e-12 
 2457       8.113369287846e-12 
 2458       8.094081210789e-12 
 2459       8.074469742984e-12 
 2460       8.054539121746e-12 
 2461       8.034293599940e-12 
 2462       8.013737446003e-12 
 2463       7.992874943957e-12 
 2464       7.971710393428e-12 
 2465       7.950248109659e-12 
 2466       7.928492423528e-12 
 2467       7.906447681565e-12 
 2468       7.884118245970e-12 
 2469       7.861508494624e-12 
 2470       7.838622821110e-12 
 2471       7.815465634728e-12 
 2472       7.792041360511e-12 
 2473       7.768354439243e-12 
 2474       7.744409327473e-12 
 2475       7.720210497532e-12 
 2476       7.695762437552e-12 
 2477       7.671068293738e-12 
 2478       7.646125788404e-12 
 2479       7.620931277842e-12 
 2480       7.595481107861e-12 
 2481       7.569771613775e-12 
 2482       7.543799120397e-12 
 2483       7.517559942023e-12 
 2484       7.491050382426e-12 
 2485       7.464266734845e-12 
 2486       7.437205281975e-12 
 2487       7.409862295954e-12 
 2488       7.382234038359e-12 
 2489       7.354316760188e-12 
 2490       7.326106701857e-12 
 2491       7.297600093184e-12 
 2492       7.268793153383e-12 
 2493       7.239682091053e-12 
 2494       7.210263104165e-12 
 2495       7.180532380055e-12 
 2496       7.150486095414e-12 
 2497       7.120120416275e-12 
 2498       7.089431498004e-12 
 2499       7.058415485293e-12 
 2500       7.027068512144e-12 
