# dimensionless total [l(l+1)/2pi] C_l's
# for l=2 to 2500, i.e. number of multipoles equal to 2499
#
# -> if you prefer output in CAMB/HealPix/LensPix units/order, set 'format' to 'camb' in input file
# -> if you don't want to see such a header, set 'headers' to 'no' in input file
#
# 1:l     2:TT                 
    2       2.709638113228e-10 
    3       2.418554694784e-10 
    4       2.194306687248e-10 
    5       2.028472200773e-10 
    6       1.906118124615e-10 
    7       1.814726675247e-10 
    8       1.745485279819e-10 
    9       1.692319731115e-10 
   10       1.650859355447e-10 
   11       1.618487672437e-10 
   12       1.593615298250e-10 
   13       1.574896287212e-10 
   14       1.560181388830e-10 
   15       1.549224310705e-10 
   16       1.541587125233e-10 
   17       1.538006160719e-10 
   18       1.536553158672e-10 
   19       1.537175448764e-10 
   20       1.539799174695e-10 
   21       1.544575486254e-10 
   22       1.551177679705e-10 
   23       1.559490210570e-10 
   24       1.569107234065e-10 
   25       1.579970029560e-10 
   26       1.591916721828e-10 
   27       1.605094578732e-10 
   28       1.619490371202e-10 
   29       1.634861580350e-10 
   30       1.651254060455e-10 
   31       1.668632535518e-10 
   32       1.686816300798e-10 
   33       1.705819082939e-10 
   34       1.725598952722e-10 
   35       1.746026989735e-10 
   36       1.767146802724e-10 
   37       1.788982459147e-10 
   38       1.811455960923e-10 
   39       1.834445222669e-10 
   40       1.858008059062e-10 
   41       1.882216492275e-10 
   42       1.907089075436e-10 
   43       1.932606845786e-10 
   44       1.958780403285e-10 
   45       1.985594301823e-10 
   46       2.012983200164e-10 
   47       2.040827629213e-10 
   48       2.069001489068e-10 
   49       2.097540248894e-10 
   50       2.126512888221e-10 
   51       2.155972752552e-10 
   52       2.185955959905e-10 
   53       2.216484194184e-10 
   54       2.247577596543e-10 
   55       2.279242411770e-10 
   56       2.311465513820e-10 
   57       2.344212996285e-10 
   58       2.377428762871e-10 
   59       2.411055643961e-10 
   60       2.445107674113e-10 
   61       2.479612138246e-10 
   62       2.514587888633e-10 
   63       2.550044698974e-10 
   64       2.585982618465e-10 
   65       2.622397528031e-10 
   66       2.659300627552e-10 
   67       2.696701933231e-10 
   68       2.734603975990e-10 
   69       2.773001329027e-10 
   70       2.811880135373e-10 
   71       2.851217635453e-10 
   72       2.890991046010e-10 
   73       2.931207219854e-10 
   74       2.971877852035e-10 
   75       3.013010378371e-10 
   76       3.054607716514e-10 
   77       3.096668007008e-10 
   78       3.139184354347e-10 
   79       3.182144568035e-10 
   80       3.225536010646e-10 
   81       3.269361681285e-10 
   82       3.313626465654e-10 
   83       3.358332115307e-10 
   84       3.403477083283e-10 
   85       3.449056359742e-10 
   86       3.495061307597e-10 
   87       3.541479498145e-10 
   88       3.588294546707e-10 
   89       3.635490313934e-10 
   90       3.683064623319e-10 
   91       3.731017402699e-10 
   92       3.779346412556e-10 
   93       3.828047147049e-10 
   94       3.877112735054e-10 
   95       3.926533841201e-10 
   96       3.976298566912e-10 
   97       4.026392351434e-10 
   98       4.076797872880e-10 
   99       4.127498110596e-10 
  100       4.178486241113e-10 
  101       4.229756966549e-10 
  102       4.281303418447e-10 
  103       4.333117097134e-10 
  104       4.385187811075e-10 
  105       4.437503616228e-10 
  106       4.490050755404e-10 
  107       4.542813597621e-10 
  108       4.595774577458e-10 
  109       4.648914134416e-10 
  110       4.702213150103e-10 
  111       4.755660744420e-10 
  112       4.809247368267e-10 
  113       4.862962359221e-10 
  114       4.916793905443e-10 
  115       4.970729009576e-10 
  116       5.024753452658e-10 
  117       5.078851758019e-10 
  118       5.133007155193e-10 
  119       5.187201543819e-10 
  120       5.241415457546e-10 
  121       5.295628027939e-10 
  122       5.349816948384e-10 
  123       5.403960529338e-10 
  124       5.458044208320e-10 
  125       5.512054723258e-10 
  126       5.565978068692e-10 
  127       5.619799476132e-10 
  128       5.673503394420e-10 
  129       5.727073470084e-10 
  130       5.780492527703e-10 
  131       5.833742550263e-10 
  132       5.886804659517e-10 
  133       5.939659096344e-10 
  134       5.992285201109e-10 
  135       6.044661394021e-10 
  136       6.096765155493e-10 
  137       6.148574628458e-10 
  138       6.200073654017e-10 
  139       6.251247222058e-10 
  140       6.302079886804e-10 
  141       6.352555757458e-10 
  142       6.402658488864e-10 
  143       6.452371272157e-10 
  144       6.501676825419e-10 
  145       6.550557384333e-10 
  146       6.598994692836e-10 
  147       6.646969993774e-10 
  148       6.694464019557e-10 
  149       6.741456982812e-10 
  150       6.787928567036e-10 
  151       6.833857917252e-10 
  152       6.879223630664e-10 
  153       6.924005149240e-10 
  154       6.968187102775e-10 
  155       7.011755353522e-10 
  156       7.054695628348e-10 
  157       7.096993516528e-10 
  158       7.138634467539e-10 
  159       7.179603788854e-10 
  160       7.219886643736e-10 
  161       7.259468049033e-10 
  162       7.298332872972e-10 
  163       7.336465832950e-10 
  164       7.373851493334e-10 
  165       7.410474263250e-10 
  166       7.446318394378e-10 
  167       7.481367978747e-10 
  168       7.515606946531e-10 
  169       7.549019063840e-10 
  170       7.581587930513e-10 
  171       7.613298036499e-10 
  172       7.644138034442e-10 
  173       7.674097737008e-10 
  174       7.703167084963e-10 
  175       7.731336149287e-10 
  176       7.758595133284e-10 
  177       7.784934374699e-10 
  178       7.810344347829e-10 
  179       7.834815665634e-10 
  180       7.858339081855e-10 
  181       7.880905493122e-10 
  182       7.902505941070e-10 
  183       7.923131614452e-10 
  184       7.942773851251e-10 
  185       7.961424140795e-10 
  186       7.979074125865e-10 
  187       7.995715604816e-10 
  188       8.011340533682e-10 
  189       8.025941028295e-10 
  190       8.039509366396e-10 
  191       8.052038585211e-10 
  192       8.063524319847e-10 
  193       8.073963107172e-10 
  194       8.083351806793e-10 
  195       8.091687605110e-10 
  196       8.098968019384e-10 
  197       8.105190901791e-10 
  198       8.110354443493e-10 
  199       8.114457178692e-10 
  200       8.117497988693e-10 
  201       8.119476105970e-10 
  202       8.120391118221e-10 
  203       8.120242972436e-10 
  204       8.119031978952e-10 
  205       8.116758815522e-10 
  206       8.113424531369e-10 
  207       8.109030551254e-10 
  208       8.103578679532e-10 
  209       8.097071104219e-10 
  210       8.089510401049e-10 
  211       8.080899537540e-10 
  212       8.071241877049e-10 
  213       8.060541233151e-10 
  214       8.048802028401e-10 
  215       8.036029154145e-10 
  216       8.022227925340e-10 
  217       8.007404084749e-10 
  218       7.991563807136e-10 
  219       7.974713703459e-10 
  220       7.956860825064e-10 
  221       7.938012667880e-10 
  222       7.918177176609e-10 
  223       7.897362748928e-10 
  224       7.875578239674e-10 
  225       7.852832965046e-10 
  226       7.829136706792e-10 
  227       7.804499716409e-10 
  228       7.778932719333e-10 
  229       7.752446919134e-10 
  230       7.725054001711e-10 
  231       7.696766139486e-10 
  232       7.667595995597e-10 
  233       7.637556728090e-10 
  234       7.606661994121e-10 
  235       7.574925954138e-10 
  236       7.542363276087e-10 
  237       7.508989139597e-10 
  238       7.474818555230e-10 
  239       7.439864267774e-10 
  240       7.404138734057e-10 
  241       7.367654799206e-10 
  242       7.330425699395e-10 
  243       7.292465064595e-10 
  244       7.253786921321e-10 
  245       7.214405695385e-10 
  246       7.174336214640e-10 
  247       7.133593711734e-10 
  248       7.092193826855e-10 
  249       7.050152610483e-10 
  250       7.007486526136e-10 
  251       6.964212453124e-10 
  252       6.920347689290e-10 
  253       6.875909953769e-10 
  254       6.830917389727e-10 
  255       6.785388567119e-10 
  256       6.739342485431e-10 
  257       6.692798576433e-10 
  258       6.645776706928e-10 
  259       6.598297181499e-10 
  260       6.550380745258e-10 
  261       6.502048586598e-10 
  262       6.453322339938e-10 
  263       6.404224088477e-10 
  264       6.354776366937e-10 
  265       6.305002164317e-10 
  266       6.254923578639e-10 
  267       6.204557694608e-10 
  268       6.153920487449e-10 
  269       6.103028151220e-10 
  270       6.051897099286e-10 
  271       6.000543964787e-10 
  272       5.948985601113e-10 
  273       5.897239082375e-10 
  274       5.845321703873e-10 
  275       5.793250982571e-10 
  276       5.741044657567e-10 
  277       5.688720690564e-10 
  278       5.636297266345e-10 
  279       5.583792793237e-10 
  280       5.531225903591e-10 
  281       5.478615454246e-10 
  282       5.425980527006e-10 
  283       5.373340429109e-10 
  284       5.320714693697e-10 
  285       5.268123080290e-10 
  286       5.215585575257e-10 
  287       5.163122392286e-10 
  288       5.110753972857e-10 
  289       5.058500986712e-10 
  290       5.006384332327e-10 
  291       4.954425137385e-10 
  292       4.902644759245e-10 
  293       4.851064785414e-10 
  294       4.799707034018e-10 
  295       4.748593554277e-10 
  296       4.697746626972e-10 
  297       4.647187124089e-10 
  298       4.596929498417e-10 
  299       4.546986550804e-10 
  300       4.497371047250e-10 
  301       4.448095717151e-10 
  302       4.399173251543e-10 
  303       4.350616301355e-10 
  304       4.302437475652e-10 
  305       4.254649339881e-10 
  306       4.207264414118e-10 
  307       4.160295171317e-10 
  308       4.113754035557e-10 
  309       4.067653380282e-10 
  310       4.022005526558e-10 
  311       3.976822741310e-10 
  312       3.932117235577e-10 
  313       3.887901162753e-10 
  314       3.844186616835e-10 
  315       3.800985630671e-10 
  316       3.758310174206e-10 
  317       3.716172152730e-10 
  318       3.674583405120e-10 
  319       3.633555702095e-10 
  320       3.593100744455e-10 
  321       3.553230161330e-10 
  322       3.513955508429e-10 
  323       3.475288266285e-10 
  324       3.437239838501e-10 
  325       3.399821549998e-10 
  326       3.363044645261e-10 
  327       3.326920286586e-10 
  328       3.291459552328e-10 
  329       3.256673435145e-10 
  330       3.222572840246e-10 
  331       3.189168583638e-10 
  332       3.156470313837e-10 
  333       3.124483228626e-10 
  334       3.093211211588e-10 
  335       3.062657892813e-10 
  336       3.032826645974e-10 
  337       3.003720585406e-10 
  338       2.975342563181e-10 
  339       2.947695166194e-10 
  340       2.920780713231e-10 
  341       2.894601252056e-10 
  342       2.869158556484e-10 
  343       2.844454123462e-10 
  344       2.820489170145e-10 
  345       2.797264630976e-10 
  346       2.774781154764e-10 
  347       2.753039101760e-10 
  348       2.732038540740e-10 
  349       2.711779246077e-10 
  350       2.692260694826e-10 
  351       2.673482063794e-10 
  352       2.655442226628e-10 
  353       2.638139750885e-10 
  354       2.621572895114e-10 
  355       2.605739605934e-10 
  356       2.590637515111e-10 
  357       2.576263936639e-10 
  358       2.562615863814e-10 
  359       2.549689966316e-10 
  360       2.537482587285e-10 
  361       2.525989740400e-10 
  362       2.515207106957e-10 
  363       2.505130032949e-10 
  364       2.495753526141e-10 
  365       2.487072253149e-10 
  366       2.479080536522e-10 
  367       2.471772351814e-10 
  368       2.465141324669e-10 
  369       2.459180727893e-10 
  370       2.453883478535e-10 
  371       2.449242579950e-10 
  372       2.445252473003e-10 
  373       2.441907731970e-10 
  374       2.439202621794e-10 
  375       2.437131095555e-10 
  376       2.435686791929e-10 
  377       2.434863032659e-10 
  378       2.434652820018e-10 
  379       2.435048834273e-10 
  380       2.436043431151e-10 
  381       2.437628639304e-10 
  382       2.439796157776e-10 
  383       2.442537353464e-10 
  384       2.445843258587e-10 
  385       2.449704568150e-10 
  386       2.454111637409e-10 
  387       2.459054479333e-10 
  388       2.464522762076e-10 
  389       2.470505806437e-10 
  390       2.476992583325e-10 
  391       2.483971711227e-10 
  392       2.491431453671e-10 
  393       2.499359716693e-10 
  394       2.507744046298e-10 
  395       2.516571625931e-10 
  396       2.525829273938e-10 
  397       2.535503441032e-10 
  398       2.545580207758e-10 
  399       2.556045281961e-10 
  400       2.566883996246e-10 
  401       2.578081305447e-10 
  402       2.589621784090e-10 
  403       2.601489623861e-10 
  404       2.613668631068e-10 
  405       2.626142224107e-10 
  406       2.638893430927e-10 
  407       2.651904886498e-10 
  408       2.665158830272e-10 
  409       2.678637103650e-10 
  410       2.692322975832e-10 
  411       2.706206697793e-10 
  412       2.720280140040e-10 
  413       2.734534980769e-10 
  414       2.748962704626e-10 
  415       2.763554601484e-10 
  416       2.778301765200e-10 
  417       2.793195092390e-10 
  418       2.808225281191e-10 
  419       2.823382830032e-10 
  420       2.838658036397e-10 
  421       2.854040995597e-10 
  422       2.869521599533e-10 
  423       2.885089535466e-10 
  424       2.900734284781e-10 
  425       2.916445121760e-10 
  426       2.932211112341e-10 
  427       2.948021112892e-10 
  428       2.963863768975e-10 
  429       2.979727514116e-10 
  430       2.995600568566e-10 
  431       3.011470938075e-10 
  432       3.027326412656e-10 
  433       3.043154565352e-10 
  434       3.058942751005e-10 
  435       3.074678105019e-10 
  436       3.090347542134e-10 
  437       3.105937755186e-10 
  438       3.121435213879e-10 
  439       3.136826163550e-10 
  440       3.152096623938e-10 
  441       3.167232387946e-10 
  442       3.182219020418e-10 
  443       3.197041856896e-10 
  444       3.211686002391e-10 
  445       3.226136330155e-10 
  446       3.240377480438e-10 
  447       3.254393859266e-10 
  448       3.268169637199e-10 
  449       3.281690861539e-10 
  450       3.294951870698e-10 
  451       3.307949085037e-10 
  452       3.320678912212e-10 
  453       3.333137747203e-10 
  454       3.345321972331e-10 
  455       3.357227957287e-10 
  456       3.368852059146e-10 
  457       3.380190622396e-10 
  458       3.391239978959e-10 
  459       3.401996448210e-10 
  460       3.412456337004e-10 
  461       3.422615939695e-10 
  462       3.432471538159e-10 
  463       3.442019401819e-10 
  464       3.451255787665e-10 
  465       3.460176940273e-10 
  466       3.468779091836e-10 
  467       3.477058462179e-10 
  468       3.485011258783e-10 
  469       3.492633676809e-10 
  470       3.499921899120e-10 
  471       3.506872096303e-10 
  472       3.513480426689e-10 
  473       3.519743036379e-10 
  474       3.525656059266e-10 
  475       3.531215617056e-10 
  476       3.536417819287e-10 
  477       3.541258763361e-10 
  478       3.545734534555e-10 
  479       3.549841206053e-10 
  480       3.553574838960e-10 
  481       3.556931482332e-10 
  482       3.559907173192e-10 
  483       3.562497936559e-10 
  484       3.564699785461e-10 
  485       3.566508720968e-10 
  486       3.567920732208e-10 
  487       3.568931796387e-10 
  488       3.569539087401e-10 
  489       3.569744641214e-10 
  490       3.569551799765e-10 
  491       3.568964012890e-10 
  492       3.567984838955e-10 
  493       3.566617945486e-10 
  494       3.564867109795e-10 
  495       3.562736219615e-10 
  496       3.560229273729e-10 
  497       3.557350382597e-10 
  498       3.554103768992e-10 
  499       3.550493768623e-10 
  500       3.546524830770e-10 
  501       3.542201518915e-10 
  502       3.537528511367e-10 
  503       3.532510601896e-10 
  504       3.527152700363e-10 
  505       3.521459833348e-10 
  506       3.515437144783e-10 
  507       3.509089896580e-10 
  508       3.502423469260e-10 
  509       3.495443362587e-10 
  510       3.488155196196e-10 
  511       3.480564710220e-10 
  512       3.472677765928e-10 
  513       3.464500346345e-10 
  514       3.456038556892e-10 
  515       3.447298626008e-10 
  516       3.438286905785e-10 
  517       3.429009872598e-10 
  518       3.419474127731e-10 
  519       3.409686398013e-10 
  520       3.399653536443e-10 
  521       3.389382522823e-10 
  522       3.378880464387e-10 
  523       3.368154596432e-10 
  524       3.357212282946e-10 
  525       3.346061017242e-10 
  526       3.334708422584e-10 
  527       3.323162046898e-10 
  528       3.311428739383e-10 
  529       3.299515257927e-10 
  530       3.287428474012e-10 
  531       3.275175373252e-10 
  532       3.262763055940e-10 
  533       3.250198737585e-10 
  534       3.237489749453e-10 
  535       3.224643539112e-10 
  536       3.211667670970e-10 
  537       3.198569826817e-10 
  538       3.185357806368e-10 
  539       3.172039527802e-10 
  540       3.158623028304e-10 
  541       3.145116464609e-10 
  542       3.131528113539e-10 
  543       3.117866372545e-10 
  544       3.104139760253e-10 
  545       3.090356916999e-10 
  546       3.076526605375e-10 
  547       3.062657710768e-10 
  548       3.048759241901e-10 
  549       3.034840331377e-10 
  550       3.020910236216e-10 
  551       3.006978338402e-10 
  552       2.993054145418e-10 
  553       2.979147290792e-10 
  554       2.965267534636e-10 
  555       2.951424764189e-10 
  556       2.937628994357e-10 
  557       2.923890368253e-10 
  558       2.910219157743e-10 
  559       2.896625763983e-10 
  560       2.883120717959e-10 
  561       2.869714681036e-10 
  562       2.856418445489e-10 
  563       2.843242935053e-10 
  564       2.830199205460e-10 
  565       2.817298444980e-10 
  566       2.804550788518e-10 
  567       2.791961725269e-10 
  568       2.779535599712e-10 
  569       2.767276789790e-10 
  570       2.755189707013e-10 
  571       2.743278796550e-10 
  572       2.731548537328e-10 
  573       2.720003442132e-10 
  574       2.708648057702e-10 
  575       2.697486964827e-10 
  576       2.686524778448e-10 
  577       2.675766147752e-10 
  578       2.665215756272e-10 
  579       2.654878321982e-10 
  580       2.644758597398e-10 
  581       2.634861369672e-10 
  582       2.625191460694e-10 
  583       2.615753727184e-10 
  584       2.606553060796e-10 
  585       2.597594388211e-10 
  586       2.588882671237e-10 
  587       2.580422906904e-10 
  588       2.572220127567e-10 
  589       2.564279400997e-10 
  590       2.556605830484e-10 
  591       2.549204554932e-10 
  592       2.542080748957e-10 
  593       2.535239622985e-10 
  594       2.528686423350e-10 
  595       2.522426432392e-10 
  596       2.516464968553e-10 
  597       2.510807386475e-10 
  598       2.505459077099e-10 
  599       2.500425467763e-10 
  600       2.495712022298e-10 
  601       2.491324241125e-10 
  602       2.487267661356e-10 
  603       2.483547856889e-10 
  604       2.480170438506e-10 
  605       2.477139879513e-10 
  606       2.474455961399e-10 
  607       2.472117242785e-10 
  608       2.470122225847e-10 
  609       2.468469356034e-10 
  610       2.467157021774e-10 
  611       2.466183554196e-10 
  612       2.465547226834e-10 
  613       2.465246255349e-10 
  614       2.465278797235e-10 
  615       2.465642951540e-10 
  616       2.466336758570e-10 
  617       2.467358199609e-10 
  618       2.468705196631e-10 
  619       2.470375612013e-10 
  620       2.472367248245e-10 
  621       2.474677847649e-10 
  622       2.477305092089e-10 
  623       2.480246602683e-10 
  624       2.483499939519e-10 
  625       2.487062601369e-10 
  626       2.490932025396e-10 
  627       2.495105586877e-10 
  628       2.499580598907e-10 
  629       2.504354312118e-10 
  630       2.509423914389e-10 
  631       2.514786530564e-10 
  632       2.520439222159e-10 
  633       2.526378987079e-10 
  634       2.532602759331e-10 
  635       2.539107408737e-10 
  636       2.545889740647e-10 
  637       2.552946495652e-10 
  638       2.560274349298e-10 
  639       2.567869911799e-10 
  640       2.575729727750e-10 
  641       2.583850275840e-10 
  642       2.592227968567e-10 
  643       2.600859151947e-10 
  644       2.609739781689e-10 
  645       2.618864444225e-10 
  646       2.628227312955e-10 
  647       2.637822469407e-10 
  648       2.647643902857e-10 
  649       2.657685509949e-10 
  650       2.667941094313e-10 
  651       2.678404366188e-10 
  652       2.689068942038e-10 
  653       2.699928344175e-10 
  654       2.710976000377e-10 
  655       2.722205243508e-10 
  656       2.733609311141e-10 
  657       2.745181345169e-10 
  658       2.756914391438e-10 
  659       2.768801399353e-10 
  660       2.780835221508e-10 
  661       2.793008613302e-10 
  662       2.805314232557e-10 
  663       2.817744639142e-10 
  664       2.830292294589e-10 
  665       2.842949561713e-10 
  666       2.855708704237e-10 
  667       2.868561886405e-10 
  668       2.881501172604e-10 
  669       2.894518526987e-10 
  670       2.907605813089e-10 
  671       2.920754793447e-10 
  672       2.933957129223e-10 
  673       2.947204379820e-10 
  674       2.960488002505e-10 
  675       2.973799352025e-10 
  676       2.987129680231e-10 
  677       3.000470135695e-10 
  678       3.013811763331e-10 
  679       3.027145504014e-10 
  680       3.040462194200e-10 
  681       3.053752565548e-10 
  682       3.067007244534e-10 
  683       3.080217426411e-10 
  684       3.093376913617e-10 
  685       3.106480120119e-10 
  686       3.119521400821e-10 
  687       3.132495051353e-10 
  688       3.145395307862e-10 
  689       3.158216346809e-10 
  690       3.170952284761e-10 
  691       3.183597178183e-10 
  692       3.196145023229e-10 
  693       3.208589755541e-10 
  694       3.220925250037e-10 
  695       3.233145320704e-10 
  696       3.245243720394e-10 
  697       3.257214140615e-10 
  698       3.269050211325e-10 
  699       3.280745500723e-10 
  700       3.292293515045e-10 
  701       3.303687698355e-10 
  702       3.314921432338e-10 
  703       3.325988036094e-10 
  704       3.336880765930e-10 
  705       3.347592815153e-10 
  706       3.358117313866e-10 
  707       3.368447328755e-10 
  708       3.378575862888e-10 
  709       3.388495855505e-10 
  710       3.398200181811e-10 
  711       3.407681652770e-10 
  712       3.416933014898e-10 
  713       3.425946950053e-10 
  714       3.434716075234e-10 
  715       3.443232942370e-10 
  716       3.451490038110e-10 
  717       3.459479783625e-10 
  718       3.467194534391e-10 
  719       3.474626579988e-10 
  720       3.481768143894e-10 
  721       3.488611383273e-10 
  722       3.495149499519e-10 
  723       3.501380094907e-10 
  724       3.507301883336e-10 
  725       3.512913585765e-10 
  726       3.518213930267e-10 
  727       3.523201652073e-10 
  728       3.527875493621e-10 
  729       3.532234204607e-10 
  730       3.536276542030e-10 
  731       3.540001270245e-10 
  732       3.543407161004e-10 
  733       3.546492993513e-10 
  734       3.549257554472e-10 
  735       3.551699638130e-10 
  736       3.553818046331e-10 
  737       3.555611588559e-10 
  738       3.557079081993e-10 
  739       3.558219351550e-10 
  740       3.559031229934e-10 
  741       3.559513557689e-10 
  742       3.559665183240e-10 
  743       3.559484962947e-10 
  744       3.558971761152e-10 
  745       3.558124450225e-10 
  746       3.556941910616e-10 
  747       3.555423030900e-10 
  748       3.553566707829e-10 
  749       3.551371846377e-10 
  750       3.548837359788e-10 
  751       3.545962169629e-10 
  752       3.542745205834e-10 
  753       3.539185406753e-10 
  754       3.535281719201e-10 
  755       3.531033098507e-10 
  756       3.526438508562e-10 
  757       3.521496921867e-10 
  758       3.516207319580e-10 
  759       3.510568691568e-10 
  760       3.504580036450e-10 
  761       3.498241123468e-10 
  762       3.491554793995e-10 
  763       3.484524704237e-10 
  764       3.477154567623e-10 
  765       3.469448155008e-10 
  766       3.461409294878e-10 
  767       3.453041873561e-10 
  768       3.444349835426e-10 
  769       3.435337183095e-10 
  770       3.426007977646e-10 
  771       3.416366338820e-10 
  772       3.406416445225e-10 
  773       3.396162534547e-10 
  774       3.385608903749e-10 
  775       3.374759909283e-10 
  776       3.363619967292e-10 
  777       3.352193553820e-10 
  778       3.340485205014e-10 
  779       3.328499517331e-10 
  780       3.316241147745e-10 
  781       3.303714813955e-10 
  782       3.290925294586e-10 
  783       3.277877429398e-10 
  784       3.264576119492e-10 
  785       3.251026327516e-10 
  786       3.237233077871e-10 
  787       3.223201456915e-10 
  788       3.208936613172e-10 
  789       3.194443757536e-10 
  790       3.179728163478e-10 
  791       3.164795167251e-10 
  792       3.149650168098e-10 
  793       3.134298628455e-10 
  794       3.118746074160e-10 
  795       3.102998094657e-10 
  796       3.087060343202e-10 
  797       3.070938537070e-10 
  798       3.054638457761e-10 
  799       3.038165951206e-10 
  800       3.021526871789e-10 
  801       3.004726912884e-10 
  802       2.987771773637e-10 
  803       2.970667215062e-10 
  804       2.953419060237e-10 
  805       2.936033194502e-10 
  806       2.918515565649e-10 
  807       2.900872184125e-10 
  808       2.883109123219e-10 
  809       2.865232519266e-10 
  810       2.847248571834e-10 
  811       2.829163543928e-10 
  812       2.810983762178e-10 
  813       2.792715617039e-10 
  814       2.774365562985e-10 
  815       2.755940118706e-10 
  816       2.737445867299e-10 
  817       2.718889456469e-10 
  818       2.700277598722e-10 
  819       2.681617071561e-10 
  820       2.662914717678e-10 
  821       2.644177445157e-10 
  822       2.625412227661e-10 
  823       2.606626104634e-10 
  824       2.587826181493e-10 
  825       2.569019629825e-10 
  826       2.550213687581e-10 
  827       2.531415659273e-10 
  828       2.512632916169e-10 
  829       2.493872896489e-10 
  830       2.475143105597e-10 
  831       2.456451116202e-10 
  832       2.437804568551e-10 
  833       2.419211170622e-10 
  834       2.400678698323e-10 
  835       2.382214995688e-10 
  836       2.363827975067e-10 
  837       2.345525617328e-10 
  838       2.327315972048e-10 
  839       2.309206417484e-10 
  840       2.291201425965e-10 
  841       2.273304760013e-10 
  842       2.255520209116e-10 
  843       2.237851589801e-10 
  844       2.220302745697e-10 
  845       2.202877547612e-10 
  846       2.185579893596e-10 
  847       2.168413709015e-10 
  848       2.151382946617e-10 
  849       2.134491586604e-10 
  850       2.117743636700e-10 
  851       2.101143132221e-10 
  852       2.084694136145e-10 
  853       2.068400739180e-10 
  854       2.052267059834e-10 
  855       2.036297244486e-10 
  856       2.020495467452e-10 
  857       2.004865931057e-10 
  858       1.989412865706e-10 
  859       1.974140529950e-10 
  860       1.959053210556e-10 
  861       1.944155222578e-10 
  862       1.929450909427e-10 
  863       1.914944642936e-10 
  864       1.900640823436e-10 
  865       1.886543879820e-10 
  866       1.872658269615e-10 
  867       1.858988479051e-10 
  868       1.845539023131e-10 
  869       1.832314445697e-10 
  870       1.819319319506e-10 
  871       1.806558246293e-10 
  872       1.794035856844e-10 
  873       1.781756811066e-10 
  874       1.769725798051e-10 
  875       1.757947536154e-10 
  876       1.746426773054e-10 
  877       1.735168285831e-10 
  878       1.724176020752e-10 
  879       1.713450496849e-10 
  880       1.702991359306e-10 
  881       1.692798235770e-10 
  882       1.682870736276e-10 
  883       1.673208453190e-10 
  884       1.663810961139e-10 
  885       1.654677816952e-10 
  886       1.645808559593e-10 
  887       1.637202710094e-10 
  888       1.628859771498e-10 
  889       1.620779228786e-10 
  890       1.612960548820e-10 
  891       1.605403180273e-10 
  892       1.598106553569e-10 
  893       1.591070080816e-10 
  894       1.584293155743e-10 
  895       1.577775153636e-10 
  896       1.571515431271e-10 
  897       1.565513326853e-10 
  898       1.559768159950e-10 
  899       1.554279231428e-10 
  900       1.549045823390e-10 
  901       1.544067199106e-10 
  902       1.539342602956e-10 
  903       1.534871260357e-10 
  904       1.530652377707e-10 
  905       1.526685142316e-10 
  906       1.522968722342e-10 
  907       1.519502266727e-10 
  908       1.516284905135e-10 
  909       1.513315747884e-10 
  910       1.510593885884e-10 
  911       1.508118390571e-10 
  912       1.505888313846e-10 
  913       1.503902688006e-10 
  914       1.502160525684e-10 
  915       1.500660819781e-10 
  916       1.499402543404e-10 
  917       1.498384235003e-10 
  918       1.497602746668e-10 
  919       1.497054475773e-10 
  920       1.496735777843e-10 
  921       1.496642966435e-10 
  922       1.496772313010e-10 
  923       1.497120046812e-10 
  924       1.497682354745e-10 
  925       1.498455381247e-10 
  926       1.499435228169e-10 
  927       1.500617954651e-10 
  928       1.501999576997e-10 
  929       1.503576068554e-10 
  930       1.505343359586e-10 
  931       1.507297337154e-10 
  932       1.509433844987e-10 
  933       1.511748683366e-10 
  934       1.514237608993e-10 
  935       1.516896334873e-10 
  936       1.519720530187e-10 
  937       1.522705820172e-10 
  938       1.525847785995e-10 
  939       1.529141964629e-10 
  940       1.532583848732e-10 
  941       1.536168886522e-10 
  942       1.539892481654e-10 
  943       1.543749993096e-10 
  944       1.547736735006e-10 
  945       1.551847976609e-10 
  946       1.556078942072e-10 
  947       1.560424810383e-10 
  948       1.564880715224e-10 
  949       1.569441744853e-10 
  950       1.574102941973e-10 
  951       1.578859303617e-10 
  952       1.583705781017e-10 
  953       1.588637279484e-10 
  954       1.593648658288e-10 
  955       1.598734730526e-10 
  956       1.603890491888e-10 
  957       1.609111810999e-10 
  958       1.614394749377e-10 
  959       1.619735333409e-10 
  960       1.625129554263e-10 
  961       1.630573367791e-10 
  962       1.636062694437e-10 
  963       1.641593419143e-10 
  964       1.647161391256e-10 
  965       1.652762424436e-10 
  966       1.658392296557e-10 
  967       1.664046749623e-10 
  968       1.669721489665e-10 
  969       1.675412186654e-10 
  970       1.681114474403e-10 
  971       1.686823950478e-10 
  972       1.692536176102e-10 
  973       1.698246676061e-10 
  974       1.703950938613e-10 
  975       1.709644415391e-10 
  976       1.715322521315e-10 
  977       1.720980634491e-10 
  978       1.726614096126e-10 
  979       1.732218210427e-10 
  980       1.737788244513e-10 
  981       1.743319428319e-10 
  982       1.748806954503e-10 
  983       1.754245978352e-10 
  984       1.759631617690e-10 
  985       1.764958952785e-10 
  986       1.770223026251e-10 
  987       1.775418842960e-10 
  988       1.780541369948e-10 
  989       1.785585536317e-10 
  990       1.790546233146e-10 
  991       1.795418313397e-10 
  992       1.800196591820e-10 
  993       1.804875844859e-10 
  994       1.809450810561e-10 
  995       1.813916811299e-10 
  996       1.818271632138e-10 
  997       1.822513669857e-10 
  998       1.826641312614e-10 
  999       1.830652939929e-10 
 1000       1.834546922663e-10 
 1001       1.838321623004e-10 
 1002       1.841975394445e-10 
 1003       1.845506581772e-10 
 1004       1.848913521037e-10 
 1005       1.852194539549e-10 
 1006       1.855347955849e-10 
 1007       1.858372079697e-10 
 1008       1.861265212051e-10 
 1009       1.864025645050e-10 
 1010       1.866651661997e-10 
 1011       1.869141537337e-10 
 1012       1.871493536646e-10 
 1013       1.873705916604e-10 
 1014       1.875776924987e-10 
 1015       1.877704800639e-10 
 1016       1.879487773463e-10 
 1017       1.881124064395e-10 
 1018       1.882611885393e-10 
 1019       1.883949439413e-10 
 1020       1.885134920395e-10 
 1021       1.886166513244e-10 
 1022       1.887042393812e-10 
 1023       1.887760728877e-10 
 1024       1.888319676131e-10 
 1025       1.888717384158e-10 
 1026       1.888951992414e-10 
 1027       1.889021631213e-10 
 1028       1.888924421710e-10 
 1029       1.888658475877e-10 
 1030       1.888221896491e-10 
 1031       1.887612777111e-10 
 1032       1.886829202065e-10 
 1033       1.885869246428e-10 
 1034       1.884731533222e-10 
 1035       1.883416913663e-10 
 1036       1.881926810617e-10 
 1037       1.880262663582e-10 
 1038       1.878425928730e-10 
 1039       1.876418078952e-10 
 1040       1.874240603904e-10 
 1041       1.871895010050e-10 
 1042       1.869382820709e-10 
 1043       1.866705576094e-10 
 1044       1.863864833364e-10 
 1045       1.860862166660e-10 
 1046       1.857699167158e-10 
 1047       1.854377443107e-10 
 1048       1.850898619876e-10 
 1049       1.847264339999e-10 
 1050       1.843476263218e-10 
 1051       1.839536066529e-10 
 1052       1.835445444225e-10 
 1053       1.831206107941e-10 
 1054       1.826819786699e-10 
 1055       1.822288226952e-10 
 1056       1.817613192628e-10 
 1057       1.812796465176e-10 
 1058       1.807839843609e-10 
 1059       1.802745144548e-10 
 1060       1.797514202267e-10 
 1061       1.792148868741e-10 
 1062       1.786651013684e-10 
 1063       1.781022524597e-10 
 1064       1.775265306814e-10 
 1065       1.769381283544e-10 
 1066       1.763372395915e-10 
 1067       1.757240603020e-10 
 1068       1.750987881962e-10 
 1069       1.744616227897e-10 
 1070       1.738127654079e-10 
 1071       1.731524191903e-10 
 1072       1.724807890954e-10 
 1073       1.717980964063e-10 
 1074       1.711046224572e-10 
 1075       1.704006655115e-10 
 1076       1.696865263199e-10 
 1077       1.689625081264e-10 
 1078       1.682289166740e-10 
 1079       1.674860602113e-10 
 1080       1.667342494976e-10 
 1081       1.659737978096e-10 
 1082       1.652050209470e-10 
 1083       1.644282372383e-10 
 1084       1.636437675473e-10 
 1085       1.628519352785e-10 
 1086       1.620530663834e-10 
 1087       1.612474893661e-10 
 1088       1.604355352898e-10 
 1089       1.596175377822e-10 
 1090       1.587938330419e-10 
 1091       1.579647598440e-10 
 1092       1.571306595463e-10 
 1093       1.562918760952e-10 
 1094       1.554487560316e-10 
 1095       1.546016484967e-10 
 1096       1.537509052385e-10 
 1097       1.528968806172e-10 
 1098       1.520399316112e-10 
 1099       1.511804178235e-10 
 1100       1.503187014872e-10 
 1101       1.494551474716e-10 
 1102       1.485901232883e-10 
 1103       1.477239990970e-10 
 1104       1.468571477114e-10 
 1105       1.459899446053e-10 
 1106       1.451227679186e-10 
 1107       1.442559984630e-10 
 1108       1.433900197282e-10 
 1109       1.425252178877e-10 
 1110       1.416619818050e-10 
 1111       1.408007030391e-10 
 1112       1.399417474058e-10 
 1113       1.390853692377e-10 
 1114       1.382317960090e-10 
 1115       1.373812566819e-10 
 1116       1.365339817095e-10 
 1117       1.356902030395e-10 
 1118       1.348501541167e-10 
 1119       1.340140698870e-10 
 1120       1.331821867999e-10 
 1121       1.323547428119e-10 
 1122       1.315319773901e-10 
 1123       1.307141315149e-10 
 1124       1.299014476834e-10 
 1125       1.290941699125e-10 
 1126       1.282925437422e-10 
 1127       1.274968162389e-10 
 1128       1.267072359984e-10 
 1129       1.259240531491e-10 
 1130       1.251475193553e-10 
 1131       1.243778878204e-10 
 1132       1.236154132900e-10 
 1133       1.228603520553e-10 
 1134       1.221129619560e-10 
 1135       1.213735023837e-10 
 1136       1.206422342851e-10 
 1137       1.199194201652e-10 
 1138       1.192053240903e-10 
 1139       1.185002116914e-10 
 1140       1.178043501675e-10 
 1141       1.171180082885e-10 
 1142       1.164414563985e-10 
 1143       1.157749664192e-10 
 1144       1.151188118528e-10 
 1145       1.144732677855e-10 
 1146       1.138386108904e-10 
 1147       1.132151194308e-10 
 1148       1.126030732636e-10 
 1149       1.120027538422e-10 
 1150       1.114144442200e-10 
 1151       1.108383836738e-10 
 1152       1.102746309390e-10 
 1153       1.097231992441e-10 
 1154       1.091841015323e-10 
 1155       1.086573504603e-10 
 1156       1.081429583974e-10 
 1157       1.076409374244e-10 
 1158       1.071512993332e-10 
 1159       1.066740556254e-10 
 1160       1.062092175116e-10 
 1161       1.057567959104e-10 
 1162       1.053168014478e-10 
 1163       1.048892444559e-10 
 1164       1.044741349720e-10 
 1165       1.040714827380e-10 
 1166       1.036812971994e-10 
 1167       1.033035875041e-10 
 1168       1.029383625019e-10 
 1169       1.025856307432e-10 
 1170       1.022454004785e-10 
 1171       1.019176796572e-10 
 1172       1.016024759267e-10 
 1173       1.012997966316e-10 
 1174       1.010096488129e-10 
 1175       1.007320392067e-10 
 1176       1.004669742437e-10 
 1177       1.002144600482e-10 
 1178       9.997450243689e-11 
 1179       9.974710691833e-11 
 1180       9.953227869187e-11 
 1181       9.933002264673e-11 
 1182       9.914034336113e-11 
 1183       9.896324510136e-11 
 1184       9.879873182088e-11 
 1185       9.864680715942e-11 
 1186       9.850747444205e-11 
 1187       9.838073667829e-11 
 1188       9.826659656120e-11 
 1189       9.816505646646e-11 
 1190       9.807608886928e-11 
 1191       9.799954719925e-11 
 1192       9.793525388874e-11 
 1193       9.788302985236e-11 
 1194       9.784269448361e-11 
 1195       9.781406565136e-11 
 1196       9.779695969654e-11 
 1197       9.779119142865e-11 
 1198       9.779657412241e-11 
 1199       9.781291951429e-11 
 1200       9.784003779912e-11 
 1201       9.787773762670e-11 
 1202       9.792582609835e-11 
 1203       9.798410876352e-11 
 1204       9.805238961635e-11 
 1205       9.813047109229e-11 
 1206       9.821815406468e-11 
 1207       9.831523784132e-11 
 1208       9.842152016105e-11 
 1209       9.853679719038e-11 
 1210       9.866086352003e-11 
 1211       9.879351216154e-11 
 1212       9.893453454386e-11 
 1213       9.908372050991e-11 
 1214       9.924085831320e-11 
 1215       9.940573461441e-11 
 1216       9.957813447795e-11 
 1217       9.975784136857e-11 
 1218       9.994463714796e-11 
 1219       1.001383020713e-10 
 1220       1.003386147839e-10 
 1221       1.005453523176e-10 
 1222       1.007582900878e-10 
 1223       1.009772018895e-10 
 1224       1.012018598943e-10 
 1225       1.014320346466e-10 
 1226       1.016674950608e-10 
 1227       1.019080084171e-10 
 1228       1.021533403588e-10 
 1229       1.024032579423e-10 
 1230       1.026575388356e-10 
 1231       1.029159622228e-10 
 1232       1.031783057565e-10 
 1233       1.034443455550e-10 
 1234       1.037138561990e-10 
 1235       1.039866107285e-10 
 1236       1.042623806395e-10 
 1237       1.045409358808e-10 
 1238       1.048220448512e-10 
 1239       1.051054743958e-10 
 1240       1.053909898031e-10 
 1241       1.056783548020e-10 
 1242       1.059673315583e-10 
 1243       1.062576806717e-10 
 1244       1.065491611726e-10 
 1245       1.068415305188e-10 
 1246       1.071345445928e-10 
 1247       1.074279576980e-10 
 1248       1.077215225558e-10 
 1249       1.080149903027e-10 
 1250       1.083081104866e-10 
 1251       1.086006310641e-10 
 1252       1.088922983970e-10 
 1253       1.091828572493e-10 
 1254       1.094720507841e-10 
 1255       1.097596205601e-10 
 1256       1.100453065289e-10 
 1257       1.103288470315e-10 
 1258       1.106099787950e-10 
 1259       1.108884369300e-10 
 1260       1.111639549267e-10 
 1261       1.114362646524e-10 
 1262       1.117050963479e-10 
 1263       1.119701786243e-10 
 1264       1.122312384603e-10 
 1265       1.124880011985e-10 
 1266       1.127401905425e-10 
 1267       1.129875285536e-10 
 1268       1.132297640501e-10 
 1269       1.134667581694e-10 
 1270       1.136983997856e-10 
 1271       1.139245771965e-10 
 1272       1.141451781218e-10 
 1273       1.143600897024e-10 
 1274       1.145691984990e-10 
 1275       1.147723904918e-10 
 1276       1.149695510786e-10 
 1277       1.151605650741e-10 
 1278       1.153453167090e-10 
 1279       1.155236896287e-10 
 1280       1.156955668925e-10 
 1281       1.158608309721e-10 
 1282       1.160193637512e-10 
 1283       1.161710465237e-10 
 1284       1.163157599933e-10 
 1285       1.164533842721e-10 
 1286       1.165837988798e-10 
 1287       1.167068827420e-10 
 1288       1.168225141902e-10 
 1289       1.169305709598e-10 
 1290       1.170309301895e-10 
 1291       1.171234684202e-10 
 1292       1.172080615940e-10 
 1293       1.172845850528e-10 
 1294       1.173529135377e-10 
 1295       1.174129211878e-10 
 1296       1.174644815390e-10 
 1297       1.175074675229e-10 
 1298       1.175417514663e-10 
 1299       1.175672050894e-10 
 1300       1.175836995051e-10 
 1301       1.175911052181e-10 
 1302       1.175892921237e-10 
 1303       1.175781295065e-10 
 1304       1.175574860398e-10 
 1305       1.175272297843e-10 
 1306       1.174872281869e-10 
 1307       1.174373792713e-10 
 1308       1.173777055921e-10 
 1309       1.173082613294e-10 
 1310       1.172291011942e-10 
 1311       1.171402804292e-10 
 1312       1.170418548101e-10 
 1313       1.169338806470e-10 
 1314       1.168164147850e-10 
 1315       1.166895146056e-10 
 1316       1.165532380282e-10 
 1317       1.164076435105e-10 
 1318       1.162527900503e-10 
 1319       1.160887371863e-10 
 1320       1.159155449991e-10 
 1321       1.157332741128e-10 
 1322       1.155419856958e-10 
 1323       1.153417414620e-10 
 1324       1.151326036719e-10 
 1325       1.149146351339e-10 
 1326       1.146878992052e-10 
 1327       1.144524597931e-10 
 1328       1.142083813563e-10 
 1329       1.139557289054e-10 
 1330       1.136945680049e-10 
 1331       1.134249647736e-10 
 1332       1.131469858862e-10 
 1333       1.128606985743e-10 
 1334       1.125661706275e-10 
 1335       1.122634703944e-10 
 1336       1.119526667841e-10 
 1337       1.116338292670e-10 
 1338       1.113070278762e-10 
 1339       1.109723332082e-10 
 1340       1.106298164247e-10 
 1341       1.102795492532e-10 
 1342       1.099216039883e-10 
 1343       1.095560534928e-10 
 1344       1.091829711991e-10 
 1345       1.088024311098e-10 
 1346       1.084145215281e-10 
 1347       1.080193864073e-10 
 1348       1.076171844526e-10 
 1349       1.072080754350e-10 
 1350       1.067922201935e-10 
 1351       1.063697806372e-10 
 1352       1.059409197470e-10 
 1353       1.055058015782e-10 
 1354       1.050645912621e-10 
 1355       1.046174550082e-10 
 1356       1.041645601062e-10 
 1357       1.037060749282e-10 
 1358       1.032421689305e-10 
 1359       1.027730126557e-10 
 1360       1.022987777352e-10 
 1361       1.018196368904e-10 
 1362       1.013357639354e-10 
 1363       1.008473337790e-10 
 1364       1.003545224263e-10 
 1365       9.985750698132e-11 
 1366       9.935646564859e-11 
 1367       9.885157773545e-11 
 1368       9.834302365400e-11 
 1369       9.783098492318e-11 
 1370       9.731564417077e-11 
 1371       9.679718513550e-11 
 1372       9.627579266904e-11 
 1373       9.575165273807e-11 
 1374       9.522495242633e-11 
 1375       9.469587993665e-11 
 1376       9.416462459301e-11 
 1377       9.363137684256e-11 
 1378       9.309632825770e-11 
 1379       9.255967153810e-11 
 1380       9.202160051277e-11 
 1381       9.148231014206e-11 
 1382       9.094199651977e-11 
 1383       9.040085687512e-11 
 1384       8.985908957487e-11 
 1385       8.931688437745e-11 
 1386       8.877439307883e-11 
 1387       8.823175856082e-11 
 1388       8.768912451220e-11 
 1389       8.714663543023e-11 
 1390       8.660443662200e-11 
 1391       8.606267420594e-11 
 1392       8.552149511322e-11 
 1393       8.498104708917e-11 
 1394       8.444147869477e-11 
 1395       8.390293930804e-11 
 1396       8.336557912547e-11 
 1397       8.282954916351e-11 
 1398       8.229500125994e-11 
 1399       8.176208807535e-11 
 1400       8.123096309458e-11 
 1401       8.070178062810e-11 
 1402       8.017469581353e-11 
 1403       7.964986461700e-11 
 1404       7.912744383463e-11 
 1405       7.860759109394e-11 
 1406       7.809046485532e-11 
 1407       7.757622441343e-11 
 1408       7.706502989865e-11 
 1409       7.655704227853e-11 
 1410       7.605242335921e-11 
 1411       7.555133578684e-11 
 1412       7.505394304906e-11 
 1413       7.456040947639e-11 
 1414       7.407090024372e-11 
 1415       7.358558137166e-11 
 1416       7.310461972808e-11 
 1417       7.262818302947e-11 
 1418       7.215643984240e-11 
 1419       7.168955958497e-11 
 1420       7.122771252822e-11 
 1421       7.077106979759e-11 
 1422       7.031980337432e-11 
 1423       6.987408609695e-11 
 1424       6.943406910877e-11 
 1425       6.899981394406e-11 
 1426       6.857135974730e-11 
 1427       6.814874576383e-11 
 1428       6.773201133999e-11 
 1429       6.732119592323e-11 
 1430       6.691633906217e-11 
 1431       6.651748040676e-11 
 1432       6.612465970836e-11 
 1433       6.573791681980e-11 
 1434       6.535729169555e-11 
 1435       6.498282439177e-11 
 1436       6.461455506645e-11 
 1437       6.425252397950e-11 
 1438       6.389677149281e-11 
 1439       6.354733807043e-11 
 1440       6.320426427861e-11 
 1441       6.286759078593e-11 
 1442       6.253735836340e-11 
 1443       6.221360788455e-11 
 1444       6.189638032554e-11 
 1445       6.158571676528e-11 
 1446       6.128165838548e-11 
 1447       6.098424647083e-11 
 1448       6.069352240903e-11 
 1449       6.040952769094e-11 
 1450       6.013230391063e-11 
 1451       5.986189276556e-11 
 1452       5.959833605661e-11 
 1453       5.934167568823e-11 
 1454       5.909195366849e-11 
 1455       5.884921210925e-11 
 1456       5.861349322621e-11 
 1457       5.838483933904e-11 
 1458       5.816329287145e-11 
 1459       5.794889635134e-11 
 1460       5.774169241086e-11 
 1461       5.754172378652e-11 
 1462       5.734903331933e-11 
 1463       5.716364502974e-11 
 1464       5.698550713550e-11 
 1465       5.681454846438e-11 
 1466       5.665069732663e-11 
 1467       5.649388151399e-11 
 1468       5.634402829879e-11 
 1469       5.620106443296e-11 
 1470       5.606491614705e-11 
 1471       5.593550914932e-11 
 1472       5.581276862473e-11 
 1473       5.569661923405e-11 
 1474       5.558698511281e-11 
 1475       5.548378987043e-11 
 1476       5.538695658922e-11 
 1477       5.529640782340e-11 
 1478       5.521206559821e-11 
 1479       5.513385140887e-11 
 1480       5.506168621969e-11 
 1481       5.499549046307e-11 
 1482       5.493518403857e-11 
 1483       5.488068631191e-11 
 1484       5.483191611407e-11 
 1485       5.478879174028e-11 
 1486       5.475123094911e-11 
 1487       5.471915096146e-11 
 1488       5.469246845963e-11 
 1489       5.467109958637e-11 
 1490       5.465495994391e-11 
 1491       5.464396459300e-11 
 1492       5.463802805195e-11 
 1493       5.463706429569e-11 
 1494       5.464098675478e-11 
 1495       5.464970831448e-11 
 1496       5.466314131380e-11 
 1497       5.468119754450e-11 
 1498       5.470378825016e-11 
 1499       5.473082412523e-11 
 1500       5.476221531406e-11 
 1501       5.479787140992e-11 
 1502       5.483769758328e-11 
 1503       5.488158292711e-11 
 1504       5.492941199617e-11 
 1505       5.498106866631e-11 
 1506       5.503643613338e-11 
 1507       5.509539691198e-11 
 1508       5.515783283437e-11 
 1509       5.522362504926e-11 
 1510       5.529265402066e-11 
 1511       5.536479952672e-11 
 1512       5.543994065857e-11 
 1513       5.551795581914e-11 
 1514       5.559872272202e-11 
 1515       5.568211839027e-11 
 1516       5.576801915527e-11 
 1517       5.585630065555e-11 
 1518       5.594683783564e-11 
 1519       5.603950494489e-11 
 1520       5.613417553633e-11 
 1521       5.623072246546e-11 
 1522       5.632901788913e-11 
 1523       5.642893326436e-11 
 1524       5.653033934719e-11 
 1525       5.663310619148e-11 
 1526       5.673710314778e-11 
 1527       5.684219886217e-11 
 1528       5.694826127506e-11 
 1529       5.705515762006e-11 
 1530       5.716275442280e-11 
 1531       5.727091749977e-11 
 1532       5.737951195717e-11 
 1533       5.748840218970e-11 
 1534       5.759745187948e-11 
 1535       5.770652399478e-11 
 1536       5.781548078894e-11 
 1537       5.792418379919e-11 
 1538       5.803249384544e-11 
 1539       5.814027102918e-11 
 1540       5.824737473226e-11 
 1541       5.835367441138e-11 
 1542       5.845908209584e-11 
 1543       5.856352019593e-11 
 1544       5.866691073470e-11 
 1545       5.876917534734e-11 
 1546       5.887023528057e-11 
 1547       5.897001139202e-11 
 1548       5.906842414961e-11 
 1549       5.916539363092e-11 
 1550       5.926083952257e-11 
 1551       5.935468111963e-11 
 1552       5.944683732497e-11 
 1553       5.953722664867e-11 
 1554       5.962576720736e-11 
 1555       5.971237672366e-11 
 1556       5.979697252549e-11 
 1557       5.987947154551e-11 
 1558       5.995979032049e-11 
 1559       6.003784499067e-11 
 1560       6.011355129913e-11 
 1561       6.018682459125e-11 
 1562       6.025757981398e-11 
 1563       6.032573151530e-11 
 1564       6.039119384360e-11 
 1565       6.045388054700e-11 
 1566       6.051370497280e-11 
 1567       6.057058006681e-11 
 1568       6.062441837279e-11 
 1569       6.067513203174e-11 
 1570       6.072263278139e-11 
 1571       6.076683195551e-11 
 1572       6.080764048328e-11 
 1573       6.084496888875e-11 
 1574       6.087872729013e-11 
 1575       6.090882539924e-11 
 1576       6.093517252085e-11 
 1577       6.095767755208e-11 
 1578       6.097624898178e-11 
 1579       6.099079488991e-11 
 1580       6.100123881831e-11 
 1581       6.100756754501e-11 
 1582       6.100978375104e-11 
 1583       6.100789018929e-11 
 1584       6.100188968466e-11 
 1585       6.099178513422e-11 
 1586       6.097757950733e-11 
 1587       6.095927584580e-11 
 1588       6.093687726402e-11 
 1589       6.091038694913e-11 
 1590       6.087980816114e-11 
 1591       6.084514423308e-11 
 1592       6.080639857114e-11 
 1593       6.076357465481e-11 
 1594       6.071667603706e-11 
 1595       6.066570634443e-11 
 1596       6.061066927721e-11 
 1597       6.055156860956e-11 
 1598       6.048840818969e-11 
 1599       6.042119193997e-11 
 1600       6.034992385707e-11 
 1601       6.027460801214e-11 
 1602       6.019524855093e-11 
 1603       6.011184969391e-11 
 1604       6.002441573646e-11 
 1605       5.993295104901e-11 
 1606       5.983746007713e-11 
 1607       5.973794734173e-11 
 1608       5.963441743920e-11 
 1609       5.952687504151e-11 
 1610       5.941532489639e-11 
 1611       5.929977182747e-11 
 1612       5.918022073443e-11 
 1613       5.905667659312e-11 
 1614       5.892914445572e-11 
 1615       5.879762945088e-11 
 1616       5.866213678387e-11 
 1617       5.852267173670e-11 
 1618       5.837923966832e-11 
 1619       5.823185598119e-11 
 1620       5.808057611950e-11 
 1621       5.792546584234e-11 
 1622       5.776659128240e-11 
 1623       5.760401894657e-11 
 1624       5.743781571655e-11 
 1625       5.726804884943e-11 
 1626       5.709478597831e-11 
 1627       5.691809511288e-11 
 1628       5.673804464004e-11 
 1629       5.655470332450e-11 
 1630       5.636814030936e-11 
 1631       5.617842511670e-11 
 1632       5.598562764823e-11 
 1633       5.578981818586e-11 
 1634       5.559106739227e-11 
 1635       5.538944631156e-11 
 1636       5.518502636983e-11 
 1637       5.497787937577e-11 
 1638       5.476807752128e-11 
 1639       5.455569338205e-11 
 1640       5.434079991816e-11 
 1641       5.412347047470e-11 
 1642       5.390377878236e-11 
 1643       5.368179895802e-11 
 1644       5.345760550535e-11 
 1645       5.323127331543e-11 
 1646       5.300287766733e-11 
 1647       5.277249422873e-11 
 1648       5.254019905648e-11 
 1649       5.230606859724e-11 
 1650       5.207017968807e-11 
 1651       5.183260955703e-11 
 1652       5.159343582375e-11 
 1653       5.135273650008e-11 
 1654       5.111058999065e-11 
 1655       5.086707509350e-11 
 1656       5.062227100065e-11 
 1657       5.037625729871e-11 
 1658       5.012911285556e-11 
 1659       4.988091246834e-11 
 1660       4.963173018704e-11 
 1661       4.938164042634e-11 
 1662       4.913071796614e-11 
 1663       4.887903795214e-11 
 1664       4.862667589634e-11 
 1665       4.837370767762e-11 
 1666       4.812020954233e-11 
 1667       4.786625810476e-11 
 1668       4.761193034775e-11 
 1669       4.735730362324e-11 
 1670       4.710245565278e-11 
 1671       4.684746452812e-11 
 1672       4.659240871175e-11 
 1673       4.633736703746e-11 
 1674       4.608241871085e-11 
 1675       4.582764330995e-11 
 1676       4.557312078570e-11 
 1677       4.531893146257e-11 
 1678       4.506515603903e-11 
 1679       4.481187558819e-11 
 1680       4.455917155829e-11 
 1681       4.430712577327e-11 
 1682       4.405582043331e-11 
 1683       4.380533811540e-11 
 1684       4.355576177391e-11 
 1685       4.330717474106e-11 
 1686       4.305966072757e-11 
 1687       4.281330382314e-11 
 1688       4.256818849705e-11 
 1689       4.232439959867e-11 
 1690       4.208202235804e-11 
 1691       4.184114238639e-11 
 1692       4.160184567675e-11 
 1693       4.136421860444e-11 
 1694       4.112834792764e-11 
 1695       4.089432078795e-11 
 1696       4.066222471095e-11 
 1697       4.043213834114e-11 
 1698       4.020410355843e-11 
 1699       3.997815312237e-11 
 1700       3.975431991604e-11 
 1701       3.953263694625e-11 
 1702       3.931313734370e-11 
 1703       3.909585436312e-11 
 1704       3.888082138346e-11 
 1705       3.866807190807e-11 
 1706       3.845763956482e-11 
 1707       3.824955810630e-11 
 1708       3.804386140997e-11 
 1709       3.784058347833e-11 
 1710       3.763975843909e-11 
 1711       3.744142054533e-11 
 1712       3.724560417567e-11 
 1713       3.705234383443e-11 
 1714       3.686167415178e-11 
 1715       3.667362988394e-11 
 1716       3.648824591333e-11 
 1717       3.630555724873e-11 
 1718       3.612559902544e-11 
 1719       3.594840650545e-11 
 1720       3.577401507763e-11 
 1721       3.560246025786e-11 
 1722       3.543377768920e-11 
 1723       3.526800314208e-11 
 1724       3.510517251445e-11 
 1725       3.494532183193e-11 
 1726       3.478848724801e-11 
 1727       3.463470504418e-11 
 1728       3.448401163012e-11 
 1729       3.433644354386e-11 
 1730       3.419203745193e-11 
 1731       3.405083014955e-11 
 1732       3.391285856077e-11 
 1733       3.377815973865e-11 
 1734       3.364677086543e-11 
 1735       3.351872925268e-11 
 1736       3.339406241765e-11 
 1737       3.327275822035e-11 
 1738       3.315479447512e-11 
 1739       3.304014885133e-11 
 1740       3.292879887318e-11 
 1741       3.282072191946e-11 
 1742       3.271589522333e-11 
 1743       3.261429587209e-11 
 1744       3.251590080695e-11 
 1745       3.242068682278e-11 
 1746       3.232863056791e-11 
 1747       3.223970854389e-11 
 1748       3.215389710524e-11 
 1749       3.207117245927e-11 
 1750       3.199151066579e-11 
 1751       3.191488763692e-11 
 1752       3.184127913685e-11 
 1753       3.177066078161e-11 
 1754       3.170300803883e-11 
 1755       3.163829622755e-11 
 1756       3.157650051793e-11 
 1757       3.151759593106e-11 
 1758       3.146155733874e-11 
 1759       3.140835946319e-11 
 1760       3.135797687692e-11 
 1761       3.131038400239e-11 
 1762       3.126555511187e-11 
 1763       3.122346432716e-11 
 1764       3.118408561936e-11 
 1765       3.114739280869e-11 
 1766       3.111335956419e-11 
 1767       3.108195940355e-11 
 1768       3.105316569283e-11 
 1769       3.102695164629e-11 
 1770       3.100329032610e-11 
 1771       3.098215464214e-11 
 1772       3.096351735178e-11 
 1773       3.094735105963e-11 
 1774       3.093362821731e-11 
 1775       3.092231702243e-11 
 1776       3.091336907890e-11 
 1777       3.090673163444e-11 
 1778       3.090235167174e-11 
 1779       3.090017590808e-11 
 1780       3.090015079498e-11 
 1781       3.090222251777e-11 
 1782       3.090633699524e-11 
 1783       3.091243987922e-11 
 1784       3.092047655421e-11 
 1785       3.093039213702e-11 
 1786       3.094213147633e-11 
 1787       3.095563915235e-11 
 1788       3.097085947642e-11 
 1789       3.098773649062e-11 
 1790       3.100621396738e-11 
 1791       3.102623540911e-11 
 1792       3.104774404781e-11 
 1793       3.107068284468e-11 
 1794       3.109499448970e-11 
 1795       3.112062140134e-11 
 1796       3.114750572606e-11 
 1797       3.117558933799e-11 
 1798       3.120481383856e-11 
 1799       3.123512055605e-11 
 1800       3.126645054526e-11 
 1801       3.129874458709e-11 
 1802       3.133194318818e-11 
 1803       3.136598658051e-11 
 1804       3.140081472102e-11 
 1805       3.143636729122e-11 
 1806       3.147258369679e-11 
 1807       3.150940306724e-11 
 1808       3.154676425547e-11 
 1809       3.158460583742e-11 
 1810       3.162286611166e-11 
 1811       3.166148309904e-11 
 1812       3.170039454226e-11 
 1813       3.173953790551e-11 
 1814       3.177885359310e-11 
 1815       3.181829463443e-11 
 1816       3.185781707638e-11 
 1817       3.189737677112e-11 
 1818       3.193692937581e-11 
 1819       3.197643035238e-11 
 1820       3.201583496724e-11 
 1821       3.205509829099e-11 
 1822       3.209417519821e-11 
 1823       3.213302036712e-11 
 1824       3.217158827936e-11 
 1825       3.220983321971e-11 
 1826       3.224770927580e-11 
 1827       3.228517033789e-11 
 1828       3.232217009856e-11 
 1829       3.235866205244e-11 
 1830       3.239459949597e-11 
 1831       3.242993552713e-11 
 1832       3.246462304512e-11 
 1833       3.249861475017e-11 
 1834       3.253186314320e-11 
 1835       3.256432052562e-11 
 1836       3.259593899900e-11 
 1837       3.262667046482e-11 
 1838       3.265646662422e-11 
 1839       3.268527897773e-11 
 1840       3.271305882499e-11 
 1841       3.273975726445e-11 
 1842       3.276532519318e-11 
 1843       3.278971330652e-11 
 1844       3.281287209788e-11 
 1845       3.283475185842e-11 
 1846       3.285530267680e-11 
 1847       3.287447443892e-11 
 1848       3.289221682764e-11 
 1849       3.290847932253e-11 
 1850       3.292321119957e-11 
 1851       3.293636153090e-11 
 1852       3.294787918456e-11 
 1853       3.295771993646e-11 
 1854       3.296586786823e-11 
 1855       3.297231413783e-11 
 1856       3.297704988261e-11 
 1857       3.298006621930e-11 
 1858       3.298135424402e-11 
 1859       3.298090503219e-11 
 1860       3.297870963858e-11 
 1861       3.297475909724e-11 
 1862       3.296904442151e-11 
 1863       3.296155660399e-11 
 1864       3.295228661653e-11 
 1865       3.294122541018e-11 
 1866       3.292836391521e-11 
 1867       3.291369304106e-11 
 1868       3.289720367632e-11 
 1869       3.287888668876e-11 
 1870       3.285873292523e-11 
 1871       3.283673321169e-11 
 1872       3.281287835319e-11 
 1873       3.278715913385e-11 
 1874       3.275956631680e-11 
 1875       3.273009064423e-11 
 1876       3.269872283729e-11 
 1877       3.266545359614e-11 
 1878       3.263027359990e-11 
 1879       3.259317350661e-11 
 1880       3.255414395326e-11 
 1881       3.251317555571e-11 
 1882       3.247025890873e-11 
 1883       3.242538458594e-11 
 1884       3.237854313978e-11 
 1885       3.232972510156e-11 
 1886       3.227892098134e-11 
 1887       3.222612126800e-11 
 1888       3.217131642916e-11 
 1889       3.211449691118e-11 
 1890       3.205565313916e-11 
 1891       3.199477551688e-11 
 1892       3.193186020206e-11 
 1893       3.186692648082e-11 
 1894       3.179999952756e-11 
 1895       3.173110464210e-11 
 1896       3.166026724982e-11 
 1897       3.158751290189e-11 
 1898       3.151286727538e-11 
 1899       3.143635617349e-11 
 1900       3.135800552567e-11 
 1901       3.127784138784e-11 
 1902       3.119588994255e-11 
 1903       3.111217749913e-11 
 1904       3.102673049390e-11 
 1905       3.093957549031e-11 
 1906       3.085073917914e-11 
 1907       3.076024837866e-11 
 1908       3.066813003481e-11 
 1909       3.057441122135e-11 
 1910       3.047911914007e-11 
 1911       3.038228112096e-11 
 1912       3.028392462234e-11 
 1913       3.018407723109e-11 
 1914       3.008276666278e-11 
 1915       2.998002076187e-11 
 1916       2.987586750187e-11 
 1917       2.977033498551e-11 
 1918       2.966345144495e-11 
 1919       2.955524524189e-11 
 1920       2.944574486780e-11 
 1921       2.933497894407e-11 
 1922       2.922297622218e-11 
 1923       2.910976558388e-11 
 1924       2.899537604137e-11 
 1925       2.887983673745e-11 
 1926       2.876317694573e-11 
 1927       2.864542607077e-11 
 1928       2.852661364828e-11 
 1929       2.840676934525e-11 
 1930       2.828592296019e-11 
 1931       2.816410550210e-11 
 1932       2.804135243616e-11 
 1933       2.791770046298e-11 
 1934       2.779318644225e-11 
 1935       2.766784739287e-11 
 1936       2.754172049324e-11 
 1937       2.741484308141e-11 
 1938       2.728725265531e-11 
 1939       2.715898687296e-11 
 1940       2.703008355265e-11 
 1941       2.690058067322e-11 
 1942       2.677051637416e-11 
 1943       2.663992895594e-11 
 1944       2.650885688010e-11 
 1945       2.637733876957e-11 
 1946       2.624541340876e-11 
 1947       2.611311974390e-11 
 1948       2.598049688312e-11 
 1949       2.584758409676e-11 
 1950       2.571442081750e-11 
 1951       2.558104664065e-11 
 1952       2.544750132427e-11 
 1953       2.531382478944e-11 
 1954       2.518005712044e-11 
 1955       2.504623856499e-11 
 1956       2.491240953441e-11 
 1957       2.477861060386e-11 
 1958       2.464488251254e-11 
 1959       2.451126616392e-11 
 1960       2.437780262591e-11 
 1961       2.424453313109e-11 
 1962       2.411149907690e-11 
 1963       2.397874202590e-11 
 1964       2.384630370591e-11 
 1965       2.371422601026e-11 
 1966       2.358255099800e-11 
 1967       2.345132089406e-11 
 1968       2.332057808954e-11 
 1969       2.319036514183e-11 
 1970       2.306072141892e-11 
 1971       2.293167300433e-11 
 1972       2.280324271756e-11 
 1973       2.267545346337e-11 
 1974       2.254832823185e-11 
 1975       2.242189009857e-11 
 1976       2.229616222467e-11 
 1977       2.217116785693e-11 
 1978       2.204693032793e-11 
 1979       2.192347305612e-11 
 1980       2.180081954593e-11 
 1981       2.167899338787e-11 
 1982       2.155801825864e-11 
 1983       2.143791792125e-11 
 1984       2.131871622511e-11 
 1985       2.120043710612e-11 
 1986       2.108310458679e-11 
 1987       2.096674277635e-11 
 1988       2.085137587086e-11 
 1989       2.073702815328e-11 
 1990       2.062372399361e-11 
 1991       2.051148784897e-11 
 1992       2.040034426374e-11 
 1993       2.029031786961e-11 
 1994       2.018143338575e-11 
 1995       2.007371561884e-11 
 1996       1.996718946325e-11 
 1997       1.986187990108e-11 
 1998       1.975781200232e-11 
 1999       1.965501092491e-11 
 2000       1.955350191487e-11 
 2001       1.945331030639e-11 
 2002       1.935446152194e-11 
 2003       1.925698107239e-11 
 2004       1.916089455709e-11 
 2005       1.906622766399e-11 
 2006       1.897300616972e-11 
 2007       1.888125593975e-11 
 2008       1.879100292843e-11 
 2009       1.870226838168e-11 
 2010       1.861505440655e-11 
 2011       1.852935829670e-11 
 2012       1.844517732033e-11 
 2013       1.836250872006e-11 
 2014       1.828134971299e-11 
 2015       1.820169749058e-11 
 2016       1.812354921863e-11 
 2017       1.804690203729e-11 
 2018       1.797175306095e-11 
 2019       1.789809937827e-11 
 2020       1.782593805207e-11 
 2021       1.775526611938e-11 
 2022       1.768608059132e-11 
 2023       1.761837845310e-11 
 2024       1.755215666399e-11 
 2025       1.748741215725e-11 
 2026       1.742414184013e-11 
 2027       1.736234259380e-11 
 2028       1.730201127334e-11 
 2029       1.724314470768e-11 
 2030       1.718573969956e-11 
 2031       1.712979302551e-11 
 2032       1.707530143580e-11 
 2033       1.702226165442e-11 
 2034       1.697067037901e-11 
 2035       1.692052428084e-11 
 2036       1.687182000478e-11 
 2037       1.682455416924e-11 
 2038       1.677872336616e-11 
 2039       1.673432416094e-11 
 2040       1.669135309244e-11 
 2041       1.664980667290e-11 
 2042       1.660968138794e-11 
 2043       1.657097369649e-11 
 2044       1.653368003078e-11 
 2045       1.649779679627e-11 
 2046       1.646332037166e-11 
 2047       1.643024710879e-11 
 2048       1.639857038804e-11 
 2049       1.636827176142e-11 
 2050       1.633932974606e-11 
 2051       1.631172276302e-11 
 2052       1.628542913708e-11 
 2053       1.626042709670e-11 
 2054       1.623669477384e-11 
 2055       1.621421020386e-11 
 2056       1.619295132541e-11 
 2057       1.617289598028e-11 
 2058       1.615402191331e-11 
 2059       1.613630677222e-11 
 2060       1.611972810756e-11 
 2061       1.610426337250e-11 
 2062       1.608988992279e-11 
 2063       1.607658501658e-11 
 2064       1.606432581432e-11 
 2065       1.605308937866e-11 
 2066       1.604285267427e-11 
 2067       1.603359256777e-11 
 2068       1.602528582759e-11 
 2069       1.601790912385e-11 
 2070       1.601143902823e-11 
 2071       1.600585201386e-11 
 2072       1.600112445517e-11 
 2073       1.599723262781e-11 
 2074       1.599415270850e-11 
 2075       1.599186077491e-11 
 2076       1.599033280556e-11 
 2077       1.598954467965e-11 
 2078       1.598947217698e-11 
 2079       1.599009097784e-11 
 2080       1.599137666282e-11 
 2081       1.599330471275e-11 
 2082       1.599585050858e-11 
 2083       1.599898933119e-11 
 2084       1.600269636136e-11 
 2085       1.600694667957e-11 
 2086       1.601171526592e-11 
 2087       1.601697737399e-11 
 2088       1.602270965550e-11 
 2089       1.602888904332e-11 
 2090       1.603549237801e-11 
 2091       1.604249640780e-11 
 2092       1.604987778840e-11 
 2093       1.605761308295e-11 
 2094       1.606567876184e-11 
 2095       1.607405120267e-11 
 2096       1.608270669008e-11 
 2097       1.609162141569e-11 
 2098       1.610077147794e-11 
 2099       1.611013288200e-11 
 2100       1.611968153967e-11 
 2101       1.612939326923e-11 
 2102       1.613924379538e-11 
 2103       1.614920874908e-11 
 2104       1.615926366748e-11 
 2105       1.616938399376e-11 
 2106       1.617954507707e-11 
 2107       1.618972217238e-11 
 2108       1.619989044039e-11 
 2109       1.621002494739e-11 
 2110       1.622010066518e-11 
 2111       1.623009247096e-11 
 2112       1.623997514718e-11 
 2113       1.624972338146e-11 
 2114       1.625931176647e-11 
 2115       1.626871479982e-11 
 2116       1.627790688394e-11 
 2117       1.628686232597e-11 
 2118       1.629555533767e-11 
 2119       1.630396003526e-11 
 2120       1.631205043937e-11 
 2121       1.631980047487e-11 
 2122       1.632718397081e-11 
 2123       1.633417466025e-11 
 2124       1.634074618020e-11 
 2125       1.634687207149e-11 
 2126       1.635252856496e-11 
 2127       1.635770296134e-11 
 2128       1.636238530884e-11 
 2129       1.636656562206e-11 
 2130       1.637023388195e-11 
 2131       1.637338003575e-11 
 2132       1.637599399699e-11 
 2133       1.637806564542e-11 
 2134       1.637958482697e-11 
 2135       1.638054135374e-11 
 2136       1.638092500394e-11 
 2137       1.638072552187e-11 
 2138       1.637993261785e-11 
 2139       1.637853596821e-11 
 2140       1.637652521525e-11 
 2141       1.637388996720e-11 
 2142       1.637061979815e-11 
 2143       1.636670424808e-11 
 2144       1.636213282275e-11 
 2145       1.635689499372e-11 
 2146       1.635098019825e-11 
 2147       1.634437783934e-11 
 2148       1.633707728562e-11 
 2149       1.632906787136e-11 
 2150       1.632033889640e-11 
 2151       1.631087962613e-11 
 2152       1.630067929146e-11 
 2153       1.628972708875e-11 
 2154       1.627801217980e-11 
 2155       1.626552369182e-11 
 2156       1.625225071735e-11 
 2157       1.623818231427e-11 
 2158       1.622330750572e-11 
 2159       1.620761528010e-11 
 2160       1.619109459099e-11 
 2161       1.617373435717e-11 
 2162       1.615552346253e-11 
 2163       1.613645075603e-11 
 2164       1.611650505172e-11 
 2165       1.609567810008e-11 
 2166       1.607397352433e-11 
 2167       1.605139794452e-11 
 2168       1.602795801156e-11 
 2169       1.600366040728e-11 
 2170       1.597851184450e-11 
 2171       1.595251906701e-11 
 2172       1.592568884967e-11 
 2173       1.589802799838e-11 
 2174       1.586954335018e-11 
 2175       1.584024177325e-11 
 2176       1.581013016697e-11 
 2177       1.577921546195e-11 
 2178       1.574750462004e-11 
 2179       1.571500463443e-11 
 2180       1.568172252962e-11 
 2181       1.564766536152e-11 
 2182       1.561284021744e-11 
 2183       1.557725421615e-11 
 2184       1.554091450792e-11 
 2185       1.550382827454e-11 
 2186       1.546600272938e-11 
 2187       1.542744511741e-11 
 2188       1.538816271527e-11 
 2189       1.534816283125e-11 
 2190       1.530745280539e-11 
 2191       1.526604000948e-11 
 2192       1.522393184711e-11 
 2193       1.518113575370e-11 
 2194       1.513765919656e-11 
 2195       1.509350967490e-11 
 2196       1.504869471988e-11 
 2197       1.500322189465e-11 
 2198       1.495709879440e-11 
 2199       1.491033304638e-11 
 2200       1.486293230992e-11 
 2201       1.481490427651e-11 
 2202       1.476625666983e-11 
 2203       1.471699724576e-11 
 2204       1.466713506344e-11 
 2205       1.461668430750e-11 
 2206       1.456566049129e-11 
 2207       1.451407918828e-11 
 2208       1.446195603207e-11 
 2209       1.440930671651e-11 
 2210       1.435614699574e-11 
 2211       1.430249268428e-11 
 2212       1.424835965709e-11 
 2213       1.419376384964e-11 
 2214       1.413872125796e-11 
 2215       1.408324793877e-11 
 2216       1.402736000948e-11 
 2217       1.397107364828e-11 
 2218       1.391440509423e-11 
 2219       1.385737064733e-11 
 2220       1.379998666854e-11 
 2221       1.374226957993e-11 
 2222       1.368423586467e-11 
 2223       1.362590206715e-11 
 2224       1.356728479302e-11 
 2225       1.350840070928e-11 
 2226       1.344926654436e-11 
 2227       1.338989908815e-11 
 2228       1.333031519209e-11 
 2229       1.327053176926e-11 
 2230       1.321056579440e-11 
 2231       1.315043430405e-11 
 2232       1.309015439654e-11 
 2233       1.302974323212e-11 
 2234       1.296921803300e-11 
 2235       1.290859608343e-11 
 2236       1.284789472976e-11 
 2237       1.278713138054e-11 
 2238       1.272632350652e-11 
 2239       1.266548864081e-11 
 2240       1.260464437889e-11 
 2241       1.254380837867e-11 
 2242       1.248299836061e-11 
 2243       1.242223124242e-11 
 2244       1.236152053693e-11 
 2245       1.230087893738e-11 
 2246       1.224031918125e-11 
 2247       1.217985405035e-11 
 2248       1.211949637081e-11 
 2249       1.205925901318e-11 
 2250       1.199915489246e-11 
 2251       1.193919696813e-11 
 2252       1.187939824423e-11 
 2253       1.181977176941e-11 
 2254       1.176033063692e-11 
 2255       1.170108798474e-11 
 2256       1.164205699558e-11 
 2257       1.158325089694e-11 
 2258       1.152468296116e-11 
 2259       1.146636650546e-11 
 2260       1.140831489201e-11 
 2261       1.135054152795e-11 
 2262       1.129305986547e-11 
 2263       1.123588340183e-11 
 2264       1.117902567943e-11 
 2265       1.112250028585e-11 
 2266       1.106632085389e-11 
 2267       1.101050106164e-11 
 2268       1.095505463250e-11 
 2269       1.089999533526e-11 
 2270       1.084533698414e-11 
 2271       1.079109343881e-11 
 2272       1.073727860449e-11 
 2273       1.068390643194e-11 
 2274       1.063099091757e-11 
 2275       1.057854610343e-11 
 2276       1.052658607731e-11 
 2277       1.047512497275e-11 
 2278       1.042417696912e-11 
 2279       1.037375629164e-11 
 2280       1.032387721144e-11 
 2281       1.027455404562e-11 
 2282       1.022579915838e-11 
 2283       1.017761695029e-11 
 2284       1.013000983059e-11 
 2285       1.008298021254e-11 
 2286       1.003653051344e-11 
 2287       9.990663154660e-12 
 2288       9.945380561624e-12 
 2289       9.900685163804e-12 
 2290       9.856579394738e-12 
 2291       9.813065692022e-12 
 2292       9.770146497321e-12 
 2293       9.727824256366e-12 
 2294       9.686101418958e-12 
 2295       9.644980438973e-12 
 2296       9.604463774363e-12 
 2297       9.564553887159e-12 
 2298       9.525253243473e-12 
 2299       9.486564313502e-12 
 2300       9.448489571529e-12 
 2301       9.411031495928e-12 
 2302       9.374192569166e-12 
 2303       9.337975277805e-12 
 2304       9.302382112503e-12 
 2305       9.267415568023e-12 
 2306       9.233078143228e-12 
 2307       9.199372341088e-12 
 2308       9.166300668685e-12 
 2309       9.133865637208e-12 
 2310       9.102069761964e-12 
 2311       9.070915562377e-12 
 2312       9.040405561990e-12 
 2313       9.010542288468e-12 
 2314       8.981328273603e-12 
 2315       8.952766053316e-12 
 2316       8.924858167657e-12 
 2317       8.897607160811e-12 
 2318       8.871015581098e-12 
 2319       8.845085980980e-12 
 2320       8.819820917057e-12 
 2321       8.795221294425e-12 
 2322       8.771281388305e-12 
 2323       8.747993791013e-12 
 2324       8.725351064724e-12 
 2325       8.703345741443e-12 
 2326       8.681970322966e-12 
 2327       8.661217280849e-12 
 2328       8.641079056372e-12 
 2329       8.621548060506e-12 
 2330       8.602616673878e-12 
 2331       8.584277246738e-12 
 2332       8.566522098923e-12 
 2333       8.549343519824e-12 
 2334       8.532733768355e-12 
 2335       8.516685072911e-12 
 2336       8.501189631342e-12 
 2337       8.486239610915e-12 
 2338       8.471827148280e-12 
 2339       8.457944349437e-12 
 2340       8.444583289699e-12 
 2341       8.431736013663e-12 
 2342       8.419394535171e-12 
 2343       8.407550837279e-12 
 2344       8.396196872220e-12 
 2345       8.385324561374e-12 
 2346       8.374925795229e-12 
 2347       8.364992433351e-12 
 2348       8.355516304347e-12 
 2349       8.346489205833e-12 
 2350       8.337902904398e-12 
 2351       8.329749135572e-12 
 2352       8.322019603790e-12 
 2353       8.314705982358e-12 
 2354       8.307799913420e-12 
 2355       8.301293007924e-12 
 2356       8.295176845586e-12 
 2357       8.289442974857e-12 
 2358       8.284082912891e-12 
 2359       8.279088145506e-12 
 2360       8.274449808408e-12 
 2361       8.270157728762e-12 
 2362       8.266201377603e-12 
 2363       8.262570188004e-12 
 2364       8.259253555038e-12 
 2365       8.256240835731e-12 
 2366       8.253521349023e-12 
 2367       8.251084375730e-12 
 2368       8.248919158500e-12 
 2369       8.247014901772e-12 
 2370       8.245360771737e-12 
 2371       8.243945896295e-12 
 2372       8.242759365015e-12 
 2373       8.241790229095e-12 
 2374       8.241027501317e-12 
 2375       8.240460156013e-12 
 2376       8.240077129015e-12 
 2377       8.239867317624e-12 
 2378       8.239819580559e-12 
 2379       8.239922737924e-12 
 2380       8.240165571164e-12 
 2381       8.240536823023e-12 
 2382       8.241025197503e-12 
 2383       8.241619359825e-12 
 2384       8.242307936387e-12 
 2385       8.243079514724e-12 
 2386       8.243922643463e-12 
 2387       8.244825832288e-12 
 2388       8.245777551895e-12 
 2389       8.246766233951e-12 
 2390       8.247780271055e-12 
 2391       8.248808016697e-12 
 2392       8.249837785213e-12 
 2393       8.250857851750e-12 
 2394       8.251856452221e-12 
 2395       8.252821783265e-12 
 2396       8.253742002206e-12 
 2397       8.254605227012e-12 
 2398       8.255399536255e-12 
 2399       8.256113825688e-12 
 2400       8.256740383782e-12 
 2401       8.257272331824e-12 
 2402       8.257702768710e-12 
 2403       8.258024770911e-12 
 2404       8.258231392460e-12 
 2405       8.258315664921e-12 
 2406       8.258270597372e-12 
 2407       8.258089176376e-12 
 2408       8.257764365962e-12 
 2409       8.257289107603e-12 
 2410       8.256656320187e-12 
 2411       8.255858900000e-12 
 2412       8.254889720699e-12 
 2413       8.253741633291e-12 
 2414       8.252407466108e-12 
 2415       8.250880024786e-12 
 2416       8.249152092241e-12 
 2417       8.247216428644e-12 
 2418       8.245065771401e-12 
 2419       8.242692835128e-12 
 2420       8.240090311628e-12 
 2421       8.237250869868e-12 
 2422       8.234167155957e-12 
 2423       8.230831793121e-12 
 2424       8.227237381679e-12 
 2425       8.223376499025e-12 
 2426       8.219241699600e-12 
 2427       8.214825514868e-12 
 2428       8.210120453299e-12 
 2429       8.205119000339e-12 
 2430       8.199813618392e-12 
 2431       8.194196746792e-12 
 2432       8.188260801787e-12 
 2433       8.181998176507e-12 
 2434       8.175401240947e-12 
 2435       8.168462341943e-12 
 2436       8.161173803148e-12 
 2437       8.153527925007e-12 
 2438       8.145518568475e-12 
 2439       8.137145916591e-12 
 2440       8.128411741454e-12 
 2441       8.119317823089e-12 
 2442       8.109865949459e-12 
 2443       8.100057916469e-12 
 2444       8.089895527979e-12 
 2445       8.079380595812e-12 
 2446       8.068514939762e-12 
 2447       8.057300387601e-12 
 2448       8.045738775094e-12 
 2449       8.033831946000e-12 
 2450       8.021581752086e-12 
 2451       8.008990053135e-12 
 2452       7.996058716953e-12 
 2453       7.982789619380e-12 
 2454       7.969184644299e-12 
 2455       7.955245683640e-12 
 2456       7.940974637396e-12 
 2457       7.926373413627e-12 
 2458       7.911443928470e-12 
 2459       7.896188106150e-12 
 2460       7.880607878983e-12 
 2461       7.864705187391e-12 
 2462       7.848481979910e-12 
 2463       7.831940213194e-12 
 2464       7.815081852030e-12 
 2465       7.797908869341e-12 
 2466       7.780423246201e-12 
 2467       7.762626971839e-12 
 2468       7.744522043648e-12 
 2469       7.726110467198e-12 
 2470       7.707394256240e-12 
 2471       7.688375432719e-12 
 2472       7.669056026778e-12 
 2473       7.649438076772e-12 
 2474       7.629523629272e-12 
 2475       7.609314739079e-12 
 2476       7.588813469228e-12 
 2477       7.568021159146e-12 
 2478       7.546936224370e-12 
 2479       7.525556343844e-12 
 2480       7.503879190575e-12 
 2481       7.481902431638e-12 
 2482       7.459623728164e-12 
 2483       7.437040735340e-12 
 2484       7.414151102396e-12 
 2485       7.390952472607e-12 
 2486       7.367442483282e-12 
 2487       7.343618765764e-12 
 2488       7.319478945418e-12 
 2489       7.295020641630e-12 
 2490       7.270241467802e-12 
 2491       7.245139031342e-12 
 2492       7.219710933665e-12 
 2493       7.193954770180e-12 
 2494       7.167868130292e-12 
 2495       7.141448597391e-12 
 2496       7.114693748849e-12 
 2497       7.087601156013e-12 
 2498       7.060168384203e-12 
 2499       7.032392992701e-12 
 2500       7.004272534752e-12 
