# dimensionless total [l(l+1)/2pi] C_l's
# for l=2 to 2500, i.e. number of multipoles equal to 2499
#
# -> if you prefer output in CAMB/HealPix/LensPix units/order, set 'format' to 'camb' in input file
# -> if you don't want to see such a header, set 'headers' to 'no' in input file
#
# 1:l     2:TT                 
    2       3.094898860595e-10 
    3       2.844690953480e-10 
    4       2.639042328965e-10 
    5       2.480627924546e-10 
    6       2.357500986202e-10 
    7       2.259938999212e-10 
    8       2.181094334564e-10 
    9       2.116533353626e-10 
   10       2.062737522276e-10 
   11       2.015985708258e-10 
   12       1.975628077948e-10 
   13       1.941214641298e-10 
   14       1.911532519948e-10 
   15       1.885982895432e-10 
   16       1.863536105107e-10 
   17       1.844496141242e-10 
   18       1.828499698853e-10 
   19       1.815570653880e-10 
   20       1.804739126043e-10 
   21       1.796197708519e-10 
   22       1.789841411047e-10 
   23       1.785763149433e-10 
   24       1.783622072849e-10 
   25       1.783242000511e-10 
   26       1.784225877396e-10 
   27       1.786770361201e-10 
   28       1.790932525619e-10 
   29       1.796466848208e-10 
   30       1.803419516628e-10 
   31       1.811694833212e-10 
   32       1.821015520788e-10 
   33       1.831452001189e-10 
   34       1.843043623842e-10 
   35       1.855708063158e-10 
   36       1.869479144363e-10 
   37       1.884322069307e-10 
   38       1.900051155930e-10 
   39       1.916421723534e-10 
   40       1.933480159011e-10 
   41       1.951307944464e-10 
   42       1.969918121453e-10 
   43       1.989283244968e-10 
   44       2.009446233763e-10 
   45       2.030432291564e-10 
   46       2.052212324498e-10 
   47       2.074698165024e-10 
   48       2.097782242272e-10 
   49       2.121480960651e-10 
   50       2.145823532091e-10 
   51       2.170808611736e-10 
   52       2.196401789542e-10 
   53       2.222557673572e-10 
   54       2.249298580543e-10 
   55       2.276651708214e-10 
   56       2.304624870834e-10 
   57       2.333205021847e-10 
   58       2.362356776591e-10 
   59       2.392039430522e-10 
   60       2.422265984213e-10 
   61       2.453055239162e-10 
   62       2.484413674536e-10 
   63       2.516334596841e-10 
   64       2.548797289590e-10 
   65       2.581777688791e-10 
   66       2.615284947191e-10 
   67       2.649331116542e-10 
   68       2.683919787021e-10 
   69       2.719045559298e-10 
   70       2.754693516611e-10 
   71       2.790838696833e-10 
   72       2.827455915637e-10 
   73       2.864552592098e-10 
   74       2.902141299244e-10 
   75       2.940229684616e-10 
   76       2.978820178655e-10 
   77       3.017909703106e-10 
   78       3.057489379414e-10 
   79       3.097544237120e-10 
   80       3.138058783562e-10 
   81       3.179035468447e-10 
   82       3.220478908633e-10 
   83       3.262390131409e-10 
   84       3.304766391431e-10 
   85       3.347600987664e-10 
   86       3.390883080322e-10 
   87       3.434597507808e-10 
   88       3.478724603653e-10 
   89       3.523245246045e-10 
   90       3.568157313225e-10 
   91       3.613461484144e-10 
   92       3.659156132457e-10 
   93       3.705237221860e-10 
   94       3.751698201416e-10 
   95       3.798529900884e-10 
   96       3.845720426059e-10 
   97       3.893255054092e-10 
   98       3.941116128828e-10 
   99       3.989286285674e-10 
  100       4.037758873656e-10 
  101       4.086528821979e-10 
  102       4.135589378689e-10 
  103       4.184932046358e-10 
  104       4.234546517776e-10 
  105       4.284420611640e-10 
  106       4.334540208240e-10 
  107       4.384889185150e-10 
  108       4.435449352918e-10 
  109       4.486200390754e-10 
  110       4.537122537456e-10 
  111       4.588205193580e-10 
  112       4.639439304930e-10 
  113       4.690814668924e-10 
  114       4.742319897361e-10 
  115       4.793942379189e-10 
  116       4.845668243272e-10 
  117       4.897482321156e-10 
  118       4.949368109840e-10 
  119       5.001307734542e-10 
  120       5.053281911464e-10 
  121       5.105269910564e-10 
  122       5.157249518318e-10 
  123       5.209199149796e-10 
  124       5.261104538909e-10 
  125       5.312952750164e-10 
  126       5.364730078080e-10 
  127       5.416422026874e-10 
  128       5.468013290136e-10 
  129       5.519487730505e-10 
  130       5.570828359350e-10 
  131       5.622017316445e-10 
  132       5.673035849650e-10 
  133       5.723864294585e-10 
  134       5.774482054311e-10 
  135       5.824867579004e-10 
  136       5.874998345640e-10 
  137       5.924852545520e-10 
  138       5.974414386985e-10 
  139       6.023669305446e-10 
  140       6.072602295372e-10 
  141       6.121197900805e-10 
  142       6.169440205877e-10 
  143       6.217312825331e-10 
  144       6.264798895040e-10 
  145       6.311881062518e-10 
  146       6.358541477444e-10 
  147       6.404761782180e-10 
  148       6.450523102285e-10 
  149       6.495806037036e-10 
  150       6.540590649944e-10 
  151       6.584856459274e-10 
  152       6.628582428561e-10 
  153       6.671748362128e-10 
  154       6.714339257529e-10 
  155       6.756341341412e-10 
  156       6.797740698572e-10 
  157       6.838523269618e-10 
  158       6.878674848655e-10 
  159       6.918181080947e-10 
  160       6.957027460601e-10 
  161       6.995199328232e-10 
  162       7.032681868643e-10 
  163       7.069460108494e-10 
  164       7.105518913977e-10 
  165       7.140842988490e-10 
  166       7.175416870309e-10 
  167       7.209224930265e-10 
  168       7.242251369412e-10 
  169       7.274480216706e-10 
  170       7.305895326675e-10 
  171       7.336481431954e-10 
  172       7.366227404245e-10 
  173       7.395123262069e-10 
  174       7.423159142340e-10 
  175       7.450325302341e-10 
  176       7.476612121706e-10 
  177       7.502010104394e-10 
  178       7.526509880665e-10 
  179       7.550102209062e-10 
  180       7.572777978384e-10 
  181       7.594528209664e-10 
  182       7.615344058149e-10 
  183       7.635216815272e-10 
  184       7.654137910636e-10 
  185       7.672098913986e-10 
  186       7.689091537189e-10 
  187       7.705107636210e-10 
  188       7.720139213090e-10 
  189       7.734178417922e-10 
  190       7.747217550831e-10 
  191       7.759249680990e-10 
  192       7.770270551416e-10 
  193       7.780276821183e-10 
  194       7.789265465201e-10 
  195       7.797233778210e-10 
  196       7.804179378776e-10 
  197       7.810100213292e-10 
  198       7.814994559967e-10 
  199       7.818861032828e-10 
  200       7.821698585716e-10 
  201       7.823506516280e-10 
  202       7.824284469974e-10 
  203       7.824032444056e-10 
  204       7.822750791579e-10 
  205       7.820440225395e-10 
  206       7.817101822145e-10 
  207       7.812737026256e-10 
  208       7.807347653943e-10 
  209       7.800935897198e-10 
  210       7.793504327791e-10 
  211       7.785055901266e-10 
  212       7.775593960935e-10 
  213       7.765122280225e-10 
  214       7.753645184594e-10 
  215       7.741167445573e-10 
  216       7.727694247233e-10 
  217       7.713231190278e-10 
  218       7.697784296147e-10 
  219       7.681360011108e-10 
  220       7.663965210358e-10 
  221       7.645607202117e-10 
  222       7.626293731728e-10 
  223       7.606032985756e-10 
  224       7.584833596081e-10 
  225       7.562704643997e-10 
  226       7.539655664311e-10 
  227       7.515696649439e-10 
  228       7.490838053502e-10 
  229       7.465090796427e-10 
  230       7.438466268042e-10 
  231       7.410976332172e-10 
  232       7.382633330739e-10 
  233       7.353450087859e-10 
  234       7.323439913936e-10 
  235       7.292616609766e-10 
  236       7.260994470626e-10 
  237       7.228588290380e-10 
  238       7.195412701995e-10 
  239       7.161480146314e-10 
  240       7.126802788174e-10 
  241       7.091393171593e-10 
  242       7.055264222471e-10 
  243       7.018429251283e-10 
  244       6.980901955779e-10 
  245       6.942696423684e-10 
  246       6.903827135390e-10 
  247       6.864308966656e-10 
  248       6.824157191306e-10 
  249       6.783387483929e-10 
  250       6.742015922569e-10 
  251       6.700058991430e-10 
  252       6.657533583568e-10 
  253       6.614457003595e-10 
  254       6.570846970368e-10 
  255       6.526721619692e-10 
  256       6.482099507020e-10 
  257       6.436999610141e-10 
  258       6.391441331887e-10 
  259       6.345444502825e-10 
  260       6.299029383958e-10 
  261       6.252216669420e-10 
  262       6.205027489172e-10 
  263       6.157483411703e-10 
  264       6.109606446728e-10 
  265       6.061419047880e-10 
  266       6.012942785009e-10 
  267       5.964194275635e-10 
  268       5.915189037811e-10 
  269       5.865942801078e-10 
  270       5.816471506922e-10 
  271       5.766791309216e-10 
  272       5.716918574674e-10 
  273       5.666869883301e-10 
  274       5.616662028838e-10 
  275       5.566312019219e-10 
  276       5.515837077012e-10 
  277       5.465254639876e-10 
  278       5.414582361007e-10 
  279       5.363838109587e-10 
  280       5.313039971236e-10 
  281       5.262206248459e-10 
  282       5.211355461098e-10 
  283       5.160506346779e-10 
  284       5.109677861365e-10 
  285       5.058889179403e-10 
  286       5.008159694574e-10 
  287       4.957509020141e-10 
  288       4.906956989404e-10 
  289       4.856523656144e-10 
  290       4.806229295074e-10 
  291       4.756094402290e-10 
  292       4.706139695719e-10 
  293       4.656386115572e-10 
  294       4.606854824787e-10 
  295       4.557567209485e-10 
  296       4.508544879417e-10 
  297       4.459808065360e-10 
  298       4.411370724052e-10 
  299       4.363245195690e-10 
  300       4.315443783778e-10 
  301       4.267978753400e-10 
  302       4.220862329501e-10 
  303       4.174106695161e-10 
  304       4.127723989868e-10 
  305       4.081726307801e-10 
  306       4.036125696098e-10 
  307       3.990934153139e-10 
  308       3.946163626818e-10 
  309       3.901826012819e-10 
  310       3.857933152898e-10 
  311       3.814496833149e-10 
  312       3.771528782288e-10 
  313       3.729040669929e-10 
  314       3.687044104854e-10 
  315       3.645550633295e-10 
  316       3.604571737209e-10 
  317       3.564118832550e-10 
  318       3.524203267552e-10 
  319       3.484836320999e-10 
  320       3.446029200504e-10 
  321       3.407793040785e-10 
  322       3.370138901940e-10 
  323       3.333077767724e-10 
  324       3.296620543826e-10 
  325       3.260778056142e-10 
  326       3.225561049056e-10 
  327       3.190980183709e-10 
  328       3.157046036284e-10 
  329       3.123769096274e-10 
  330       3.091159764764e-10 
  331       3.059228352701e-10 
  332       3.027984040592e-10 
  333       2.997431710956e-10 
  334       2.967574974271e-10 
  335       2.938417192249e-10 
  336       2.909961474986e-10 
  337       2.882210678107e-10 
  338       2.855167399922e-10 
  339       2.828833978570e-10 
  340       2.803212489167e-10 
  341       2.778304740957e-10 
  342       2.754112274462e-10 
  343       2.730636358627e-10 
  344       2.707877987972e-10 
  345       2.685837879739e-10 
  346       2.664516471042e-10 
  347       2.643913916015e-10 
  348       2.624030082961e-10 
  349       2.604864551500e-10 
  350       2.586416609721e-10 
  351       2.568685251326e-10 
  352       2.551669172782e-10 
  353       2.535366770470e-10 
  354       2.519776137831e-10 
  355       2.504895062519e-10 
  356       2.490721023545e-10 
  357       2.477251188430e-10 
  358       2.464482410351e-10 
  359       2.452411225292e-10 
  360       2.441033849190e-10 
  361       2.430346175086e-10 
  362       2.420343770275e-10 
  363       2.411021873450e-10 
  364       2.402375391856e-10 
  365       2.394398898436e-10 
  366       2.387086628980e-10 
  367       2.380432479275e-10 
  368       2.374430002252e-10 
  369       2.369072405137e-10 
  370       2.364352546598e-10 
  371       2.360263392178e-10 
  372       2.356799406060e-10 
  373       2.353955208130e-10 
  374       2.351725118163e-10 
  375       2.350103153371e-10 
  376       2.349083025946e-10 
  377       2.348658140612e-10 
  378       2.348821592172e-10 
  379       2.349566163052e-10 
  380       2.350884320849e-10 
  381       2.352768215881e-10 
  382       2.355209678734e-10 
  383       2.358200217804e-10 
  384       2.361731016852e-10 
  385       2.365792932545e-10 
  386       2.370376492007e-10 
  387       2.375471890364e-10 
  388       2.381068988293e-10 
  389       2.387157309568e-10 
  390       2.393726038608e-10 
  391       2.400764018025e-10 
  392       2.408259746168e-10 
  393       2.416201374674e-10 
  394       2.424576706016e-10 
  395       2.433373191044e-10 
  396       2.442577926539e-10 
  397       2.452177652757e-10 
  398       2.462158750978e-10 
  399       2.472507241051e-10 
  400       2.483208778942e-10 
  401       2.494248654283e-10 
  402       2.505611787917e-10 
  403       2.517282729449e-10 
  404       2.529245654787e-10 
  405       2.541484363694e-10 
  406       2.553982277336e-10 
  407       2.566722435825e-10 
  408       2.579687495770e-10 
  409       2.592859727823e-10 
  410       2.606222815430e-10 
  411       2.619767326291e-10 
  412       2.633485429874e-10 
  413       2.647369112546e-10 
  414       2.661410176404e-10 
  415       2.675600238109e-10 
  416       2.689930727710e-10 
  417       2.704392887475e-10 
  418       2.718977770726e-10 
  419       2.733676240664e-10 
  420       2.748478969198e-10 
  421       2.763376435781e-10 
  422       2.778358926234e-10 
  423       2.793416531579e-10 
  424       2.808539146867e-10 
  425       2.823716470011e-10 
  426       2.838938000612e-10 
  427       2.854193038793e-10 
  428       2.869470684025e-10 
  429       2.884759833959e-10 
  430       2.900049183259e-10 
  431       2.915327222425e-10 
  432       2.930582236629e-10 
  433       2.945802304542e-10 
  434       2.960975297163e-10 
  435       2.976088876655e-10 
  436       2.991130495165e-10 
  437       3.006087393665e-10 
  438       3.020946600772e-10 
  439       3.035694931586e-10 
  440       3.050318986513e-10 
  441       3.064805150102e-10 
  442       3.079139589867e-10 
  443       3.093308255125e-10 
  444       3.107296875821e-10 
  445       3.121090961359e-10 
  446       3.134675799431e-10 
  447       3.148036454851e-10 
  448       3.161157768378e-10 
  449       3.174026406759e-10 
  450       3.186637088264e-10 
  451       3.198986556365e-10 
  452       3.211071546790e-10 
  453       3.222888787575e-10 
  454       3.234434999105e-10 
  455       3.245706894169e-10 
  456       3.256701178007e-10 
  457       3.267414548353e-10 
  458       3.277843695491e-10 
  459       3.287985302296e-10 
  460       3.297836044287e-10 
  461       3.307392589674e-10 
  462       3.316651599406e-10 
  463       3.325609727216e-10 
  464       3.334263619676e-10 
  465       3.342609916240e-10 
  466       3.350645249292e-10 
  467       3.358366244199e-10 
  468       3.365769519352e-10 
  469       3.372851686221e-10 
  470       3.379609349399e-10 
  471       3.386039106652e-10 
  472       3.392137548967e-10 
  473       3.397901260600e-10 
  474       3.403326819122e-10 
  475       3.408410795472e-10 
  476       3.413149754001e-10 
  477       3.417540252522e-10 
  478       3.421578842357e-10 
  479       3.425262068388e-10 
  480       3.428586469101e-10 
  481       3.431548576637e-10 
  482       3.434144916841e-10 
  483       3.436372009307e-10 
  484       3.438226367429e-10 
  485       3.439704498447e-10 
  486       3.440802903499e-10 
  487       3.441518077662e-10 
  488       3.441847648629e-10 
  489       3.441793829935e-10 
  490       3.441360070746e-10 
  491       3.440549927159e-10 
  492       3.439367062824e-10 
  493       3.437815249569e-10 
  494       3.435898368015e-10 
  495       3.433620408200e-10 
  496       3.430985470198e-10 
  497       3.427997764742e-10 
  498       3.424661613844e-10 
  499       3.420981451413e-10 
  500       3.416961823880e-10 
  501       3.412607390817e-10 
  502       3.407922925555e-10 
  503       3.402913315812e-10 
  504       3.397583564304e-10 
  505       3.391938789374e-10 
  506       3.385984225608e-10 
  507       3.379725224460e-10 
  508       3.373167254866e-10 
  509       3.366315903873e-10 
  510       3.359176877253e-10 
  511       3.351756000128e-10 
  512       3.344059217588e-10 
  513       3.336092595313e-10 
  514       3.327862320196e-10 
  515       3.319374700958e-10 
  516       3.310636168775e-10 
  517       3.301653277894e-10 
  518       3.292432706258e-10 
  519       3.282981256122e-10 
  520       3.273305854679e-10 
  521       3.263413554676e-10 
  522       3.253311535037e-10 
  523       3.243007101484e-10 
  524       3.232507687159e-10 
  525       3.221820853240e-10 
  526       3.210954289567e-10 
  527       3.199915566792e-10 
  528       3.188711384051e-10 
  529       3.177348301740e-10 
  530       3.165832988618e-10 
  531       3.154172222320e-10 
  532       3.142372889869e-10 
  533       3.130441988192e-10 
  534       3.118386624631e-10 
  535       3.106214017460e-10 
  536       3.093931496395e-10 
  537       3.081546503110e-10 
  538       3.069066591750e-10 
  539       3.056499429444e-10 
  540       3.043852796819e-10 
  541       3.031134588515e-10 
  542       3.018352813696e-10 
  543       3.005515596566e-10 
  544       2.992631176879e-10 
  545       2.979707910460e-10 
  546       2.966754269708e-10 
  547       2.953778844119e-10 
  548       2.940790340797e-10 
  549       2.927797584962e-10 
  550       2.914809520473e-10 
  551       2.901835210333e-10 
  552       2.888883837210e-10 
  553       2.875964703943e-10 
  554       2.863087234064e-10 
  555       2.850260972304e-10 
  556       2.837495585110e-10 
  557       2.824800861161e-10 
  558       2.812186711876e-10 
  559       2.799663171933e-10 
  560       2.787240399779e-10 
  561       2.774928678145e-10 
  562       2.762738414560e-10 
  563       2.750680141863e-10 
  564       2.738764518720e-10 
  565       2.727002330133e-10 
  566       2.715403310677e-10 
  567       2.703972579896e-10 
  568       2.692714116213e-10 
  569       2.681631925989e-10 
  570       2.670730043596e-10 
  571       2.660012531488e-10 
  572       2.649483480274e-10 
  573       2.639147008797e-10 
  574       2.629007264201e-10 
  575       2.619068422006e-10 
  576       2.609334686185e-10 
  577       2.599810289233e-10 
  578       2.590499492242e-10 
  579       2.581406584974e-10 
  580       2.572535885938e-10 
  581       2.563891742455e-10 
  582       2.555478530742e-10 
  583       2.547300655977e-10 
  584       2.539362552375e-10 
  585       2.531668683265e-10 
  586       2.524223541157e-10 
  587       2.517031647820e-10 
  588       2.510097554354e-10 
  589       2.503425841263e-10 
  590       2.497021118531e-10 
  591       2.490888025689e-10 
  592       2.485031231898e-10 
  593       2.479455436011e-10 
  594       2.474165366658e-10 
  595       2.469165782311e-10 
  596       2.464461471360e-10 
  597       2.460057252188e-10 
  598       2.455957973242e-10 
  599       2.452168513108e-10 
  600       2.448693780583e-10 
  601       2.445538714750e-10 
  602       2.442708285050e-10 
  603       2.440207491358e-10 
  604       2.438041364051e-10 
  605       2.436213839735e-10 
  606       2.434724358521e-10 
  607       2.433571184958e-10 
  608       2.432752524670e-10 
  609       2.432266524070e-10 
  610       2.432111270059e-10 
  611       2.432284789732e-10 
  612       2.432785050085e-10 
  613       2.433609957721e-10 
  614       2.434757358553e-10 
  615       2.436225037512e-10 
  616       2.438010718249e-10 
  617       2.440112062845e-10 
  618       2.442526671513e-10 
  619       2.445252082302e-10 
  620       2.448285770808e-10 
  621       2.451625149874e-10 
  622       2.455267569297e-10 
  623       2.459210315537e-10 
  624       2.463450611415e-10 
  625       2.467985615825e-10 
  626       2.472812423436e-10 
  627       2.477928064400e-10 
  628       2.483329504054e-10 
  629       2.489013642627e-10 
  630       2.494977314947e-10 
  631       2.501217290145e-10 
  632       2.507730271358e-10 
  633       2.514512895439e-10 
  634       2.521561732659e-10 
  635       2.528873286414e-10 
  636       2.536443992930e-10 
  637       2.544270220968e-10 
  638       2.552348271529e-10 
  639       2.560674377560e-10 
  640       2.569244703662e-10 
  641       2.578055345790e-10 
  642       2.587102330963e-10 
  643       2.596381616965e-10 
  644       2.605888829772e-10 
  645       2.615618469888e-10 
  646       2.625564687462e-10 
  647       2.635721542578e-10 
  648       2.646083004882e-10 
  649       2.656642953215e-10 
  650       2.667395175240e-10 
  651       2.678333367072e-10 
  652       2.689451132911e-10 
  653       2.700741984665e-10 
  654       2.712199341584e-10 
  655       2.723816529892e-10 
  656       2.735586782410e-10 
  657       2.747503238191e-10 
  658       2.759558942147e-10 
  659       2.771746844681e-10 
  660       2.784059801313e-10 
  661       2.796490572313e-10 
  662       2.809031822328e-10 
  663       2.821676120015e-10 
  664       2.834415937668e-10 
  665       2.847243650845e-10 
  666       2.860151538006e-10 
  667       2.873131780133e-10 
  668       2.886176460366e-10 
  669       2.899277563631e-10 
  670       2.912426976268e-10 
  671       2.925616485663e-10 
  672       2.938837779874e-10 
  673       2.952082447268e-10 
  674       2.965341976140e-10 
  675       2.978607754353e-10 
  676       2.991871068959e-10 
  677       3.005123105837e-10 
  678       3.018354949315e-10 
  679       3.031557581802e-10 
  680       3.044721883423e-10 
  681       3.057838631638e-10 
  682       3.070898500883e-10 
  683       3.083892768269e-10 
  684       3.096815447988e-10 
  685       3.109661201738e-10 
  686       3.122424636582e-10 
  687       3.135100304758e-10 
  688       3.147682703492e-10 
  689       3.160166274807e-10 
  690       3.172545405335e-10 
  691       3.184814426128e-10 
  692       3.196967612469e-10 
  693       3.208999183682e-10 
  694       3.220903302945e-10 
  695       3.232674077100e-10 
  696       3.244305556462e-10 
  697       3.255791734632e-10 
  698       3.267126548310e-10 
  699       3.278303877100e-10 
  700       3.289317543329e-10 
  701       3.300161311851e-10 
  702       3.310828889861e-10 
  703       3.321313926705e-10 
  704       3.331610013693e-10 
  705       3.341710683909e-10 
  706       3.351609412020e-10 
  707       3.361299614090e-10 
  708       3.370774647387e-10 
  709       3.380027810201e-10 
  710       3.389052341647e-10 
  711       3.397841421480e-10 
  712       3.406388169907e-10 
  713       3.414685647395e-10 
  714       3.422726854484e-10 
  715       3.430504731599e-10 
  716       3.438012158856e-10 
  717       3.445241955880e-10 
  718       3.452186881611e-10 
  719       3.458839634116e-10 
  720       3.465192850400e-10 
  721       3.471239106219e-10 
  722       3.476972011908e-10 
  723       3.482389524535e-10 
  724       3.487490702276e-10 
  725       3.492274614522e-10 
  726       3.496740341934e-10 
  727       3.500886976512e-10 
  728       3.504713621659e-10 
  729       3.508219392237e-10 
  730       3.511403414638e-10 
  731       3.514264826841e-10 
  732       3.516802778478e-10 
  733       3.519016430896e-10 
  734       3.520904957219e-10 
  735       3.522467542415e-10 
  736       3.523703383352e-10 
  737       3.524611688868e-10 
  738       3.525191679830e-10 
  739       3.525442589196e-10 
  740       3.525363662081e-10 
  741       3.524954155820e-10 
  742       3.524213340028e-10 
  743       3.523140496663e-10 
  744       3.521734920095e-10 
  745       3.519995917159e-10 
  746       3.517922807228e-10 
  747       3.515514922268e-10 
  748       3.512771606906e-10 
  749       3.509692218491e-10 
  750       3.506276127156e-10 
  751       3.502522715882e-10 
  752       3.498431380563e-10 
  753       3.494001530066e-10 
  754       3.489232586293e-10 
  755       3.484123984248e-10 
  756       3.478675172097e-10 
  757       3.472885611233e-10 
  758       3.466754776334e-10 
  759       3.460282155434e-10 
  760       3.453467249978e-10 
  761       3.446310284995e-10 
  762       3.438814354401e-10 
  763       3.430983316942e-10 
  764       3.422821090028e-10 
  765       3.414331649939e-10 
  766       3.405519032037e-10 
  767       3.396387330976e-10 
  768       3.386940700910e-10 
  769       3.377183355704e-10 
  770       3.367119569147e-10 
  771       3.356753675156e-10 
  772       3.346090067989e-10 
  773       3.335133202458e-10 
  774       3.323887594130e-10 
  775       3.312357819549e-10 
  776       3.300548516434e-10 
  777       3.288464383897e-10 
  778       3.276110182651e-10 
  779       3.263490735216e-10 
  780       3.250610926134e-10 
  781       3.237475702178e-10 
  782       3.224090072559e-10 
  783       3.210459109137e-10 
  784       3.196587946633e-10 
  785       3.182481782837e-10 
  786       3.168145878819e-10 
  787       3.153585559137e-10 
  788       3.138806212049e-10 
  789       3.123813289721e-10 
  790       3.108612308438e-10 
  791       3.093208848815e-10 
  792       3.077608556005e-10 
  793       3.061817139908e-10 
  794       3.045840375386e-10 
  795       3.029684102465e-10 
  796       3.013354226552e-10 
  797       2.996856718642e-10 
  798       2.980197615526e-10 
  799       2.963383020005e-10 
  800       2.946418992329e-10 
  801       2.929311221923e-10 
  802       2.912065350091e-10 
  803       2.894687078429e-10 
  804       2.877182169017e-10 
  805       2.859556444604e-10 
  806       2.841815788803e-10 
  807       2.823966146276e-10 
  808       2.806013522927e-10 
  809       2.787963986088e-10 
  810       2.769823664711e-10 
  811       2.751598749559e-10 
  812       2.733295493391e-10 
  813       2.714920211154e-10 
  814       2.696479280173e-10 
  815       2.677979140342e-10 
  816       2.659426294309e-10 
  817       2.640827307669e-10 
  818       2.622188809151e-10 
  819       2.603517490813e-10 
  820       2.584820108223e-10 
  821       2.566103480656e-10 
  822       2.547374491281e-10 
  823       2.528640087347e-10 
  824       2.509907280380e-10 
  825       2.491183146364e-10 
  826       2.472474825938e-10 
  827       2.453789524581e-10 
  828       2.435134512802e-10 
  829       2.416517126331e-10 
  830       2.397944766310e-10 
  831       2.379424899475e-10 
  832       2.360965058357e-10 
  833       2.342572841461e-10 
  834       2.324255913461e-10 
  835       2.306022005389e-10 
  836       2.287878914825e-10 
  837       2.269834506082e-10 
  838       2.251896710403e-10 
  839       2.234072765246e-10 
  840       2.216366917267e-10 
  841       2.198782679758e-10 
  842       2.181323589980e-10 
  843       2.163993209228e-10 
  844       2.146795122884e-10 
  845       2.129732940483e-10 
  846       2.112810295770e-10 
  847       2.096030846761e-10 
  848       2.079398275804e-10 
  849       2.062916289635e-10 
  850       2.046588619442e-10 
  851       2.030419020924e-10 
  852       2.014411274350e-10 
  853       1.998569184619e-10 
  854       1.982896581323e-10 
  855       1.967397318800e-10 
  856       1.952075276202e-10 
  857       1.936934357551e-10 
  858       1.921978491797e-10 
  859       1.907211632882e-10 
  860       1.892637759799e-10 
  861       1.878260876650e-10 
  862       1.864085012706e-10 
  863       1.850114222471e-10 
  864       1.836352585737e-10 
  865       1.822804207646e-10 
  866       1.809473218752e-10 
  867       1.796363775076e-10 
  868       1.783480058170e-10 
  869       1.770826275178e-10 
  870       1.758406658892e-10 
  871       1.746225467812e-10 
  872       1.734286986212e-10 
  873       1.722595524192e-10 
  874       1.711155417744e-10 
  875       1.699971028808e-10 
  876       1.689046745334e-10 
  877       1.678386981343e-10 
  878       1.667995335984e-10 
  879       1.657872055266e-10 
  880       1.648016528246e-10 
  881       1.638428124125e-10 
  882       1.629106192187e-10 
  883       1.620050061721e-10 
  884       1.611259041953e-10 
  885       1.602732421975e-10 
  886       1.594469470675e-10 
  887       1.586469436663e-10 
  888       1.578731548205e-10 
  889       1.571255013148e-10 
  890       1.564039018852e-10 
  891       1.557082732116e-10 
  892       1.550385299112e-10 
  893       1.543945845310e-10 
  894       1.537763475408e-10 
  895       1.531837273263e-10 
  896       1.526166301819e-10 
  897       1.520749603035e-10 
  898       1.515586197816e-10 
  899       1.510675085943e-10 
  900       1.506015245998e-10 
  901       1.501605635299e-10 
  902       1.497445189825e-10 
  903       1.493532824145e-10 
  904       1.489867431350e-10 
  905       1.486447882981e-10 
  906       1.483273028958e-10 
  907       1.480341697507e-10 
  908       1.477652695095e-10 
  909       1.475204806353e-10 
  910       1.472996794008e-10 
  911       1.471027398812e-10 
  912       1.469295339473e-10 
  913       1.467799312580e-10 
  914       1.466537992535e-10 
  915       1.465510031482e-10 
  916       1.464714059237e-10 
  917       1.464148314240e-10 
  918       1.463809530122e-10 
  919       1.463694031271e-10 
  920       1.463798100074e-10 
  921       1.464117976796e-10 
  922       1.464649859453e-10 
  923       1.465389903694e-10 
  924       1.466334222674e-10 
  925       1.467478886929e-10 
  926       1.468819924257e-10 
  927       1.470353319592e-10 
  928       1.472075014880e-10 
  929       1.473980908959e-10 
  930       1.476066857430e-10 
  931       1.478328672539e-10 
  932       1.480762123051e-10 
  933       1.483362934127e-10 
  934       1.486126787200e-10 
  935       1.489049319853e-10 
  936       1.492126125693e-10 
  937       1.495352754233e-10 
  938       1.498724710761e-10 
  939       1.502237456223e-10 
  940       1.505886407097e-10 
  941       1.509666935269e-10 
  942       1.513574367911e-10 
  943       1.517603987355e-10 
  944       1.521751030976e-10 
  945       1.526010691060e-10 
  946       1.530378114686e-10 
  947       1.534848403602e-10 
  948       1.539416614100e-10 
  949       1.544077756895e-10 
  950       1.548826796999e-10 
  951       1.553658653599e-10 
  952       1.558568199934e-10 
  953       1.563550263169e-10 
  954       1.568599624276e-10 
  955       1.573711017907e-10 
  956       1.578879396210e-10 
  957       1.584100724944e-10 
  958       1.589371199279e-10 
  959       1.594686980876e-10 
  960       1.600044197792e-10 
  961       1.605438944398e-10 
  962       1.610867281284e-10 
  963       1.616325235175e-10 
  964       1.621808798839e-10 
  965       1.627313931001e-10 
  966       1.632836556250e-10 
  967       1.638372564957e-10 
  968       1.643917813179e-10 
  969       1.649468122573e-10 
  970       1.655019280311e-10 
  971       1.660567038983e-10 
  972       1.666107116518e-10 
  973       1.671635196086e-10 
  974       1.677146926016e-10 
  975       1.682637919704e-10 
  976       1.688103755525e-10 
  977       1.693539976743e-10 
  978       1.698942091425e-10 
  979       1.704305572349e-10 
  980       1.709625856918e-10 
  981       1.714898347070e-10 
  982       1.720118409187e-10 
  983       1.725281374011e-10 
  984       1.730382536552e-10 
  985       1.735417155998e-10 
  986       1.740380455631e-10 
  987       1.745267622733e-10 
  988       1.750073808501e-10 
  989       1.754794127954e-10 
  990       1.759423659851e-10 
  991       1.763957446595e-10 
  992       1.768390494148e-10 
  993       1.772717771942e-10 
  994       1.776934212790e-10 
  995       1.781035342270e-10 
  996       1.785019177182e-10 
  997       1.788884354782e-10 
  998       1.792629505826e-10 
  999       1.796253254559e-10 
 1000       1.799754218695e-10 
 1001       1.803131009413e-10 
 1002       1.806382231339e-10 
 1003       1.809506482536e-10 
 1004       1.812502354490e-10 
 1005       1.815368432098e-10 
 1006       1.818103293655e-10 
 1007       1.820705510843e-10 
 1008       1.823173648717e-10 
 1009       1.825506265692e-10 
 1010       1.827701913532e-10 
 1011       1.829759137337e-10 
 1012       1.831676475527e-10 
 1013       1.833452459838e-10 
 1014       1.835085615298e-10 
 1015       1.836574460225e-10 
 1016       1.837917506207e-10 
 1017       1.839113258095e-10 
 1018       1.840160213983e-10 
 1019       1.841056865206e-10 
 1020       1.841801696318e-10 
 1021       1.842393185082e-10 
 1022       1.842829802462e-10 
 1023       1.843110012605e-10 
 1024       1.843232272829e-10 
 1025       1.843195033614e-10 
 1026       1.842996738587e-10 
 1027       1.842635824507e-10 
 1028       1.842110721259e-10 
 1029       1.841419851835e-10 
 1030       1.840561632324e-10 
 1031       1.839534471900e-10 
 1032       1.838336772809e-10 
 1033       1.836966930356e-10 
 1034       1.835423862341e-10 
 1035       1.833708605585e-10 
 1036       1.831822741934e-10 
 1037       1.829767870906e-10 
 1038       1.827545609734e-10 
 1039       1.825157593415e-10 
 1040       1.822605474757e-10 
 1041       1.819890924426e-10 
 1042       1.817015630990e-10 
 1043       1.813981300970e-10 
 1044       1.810789658882e-10 
 1045       1.807442447289e-10 
 1046       1.803941426844e-10 
 1047       1.800288376338e-10 
 1048       1.796485092747e-10 
 1049       1.792533391281e-10 
 1050       1.788435105423e-10 
 1051       1.784192086987e-10 
 1052       1.779806206156e-10 
 1053       1.775279351533e-10 
 1054       1.770613430185e-10 
 1055       1.765810367694e-10 
 1056       1.760872108199e-10 
 1057       1.755800614448e-10 
 1058       1.750597867839e-10 
 1059       1.745265868470e-10 
 1060       1.739806635188e-10 
 1061       1.734222205631e-10 
 1062       1.728514636278e-10 
 1063       1.722686002494e-10 
 1064       1.716738398580e-10 
 1065       1.710673937814e-10 
 1066       1.704494752506e-10 
 1067       1.698202994036e-10 
 1068       1.691800832907e-10 
 1069       1.685290458789e-10 
 1070       1.678674080567e-10 
 1071       1.671953926388e-10 
 1072       1.665132243706e-10 
 1073       1.658211407920e-10 
 1074       1.651194249813e-10 
 1075       1.644083732663e-10 
 1076       1.636882844118e-10 
 1077       1.629594596251e-10 
 1078       1.622222025623e-10 
 1079       1.614768193336e-10 
 1080       1.607236185096e-10 
 1081       1.599629111265e-10 
 1082       1.591950106926e-10 
 1083       1.584202331936e-10 
 1084       1.576388970986e-10 
 1085       1.568513233659e-10 
 1086       1.560578354488e-10 
 1087       1.552587593015e-10 
 1088       1.544544233847e-10 
 1089       1.536451586717e-10 
 1090       1.528312986540e-10 
 1091       1.520131793469e-10 
 1092       1.511911392961e-10 
 1093       1.503655195825e-10 
 1094       1.495366638288e-10 
 1095       1.487049182048e-10 
 1096       1.478706314337e-10 
 1097       1.470341547972e-10 
 1098       1.461958421422e-10 
 1099       1.453560498859e-10 
 1100       1.445151370220e-10 
 1101       1.436734651261e-10 
 1102       1.428313983621e-10 
 1103       1.419893034876e-10 
 1104       1.411475498598e-10 
 1105       1.403065094413e-10 
 1106       1.394665568060e-10 
 1107       1.386280691447e-10 
 1108       1.377914262712e-10 
 1109       1.369570106280e-10 
 1110       1.361252072918e-10 
 1111       1.352964039800e-10 
 1112       1.344709602945e-10 
 1113       1.336491150015e-10 
 1114       1.328310775448e-10 
 1115       1.320170587003e-10 
 1116       1.312072705777e-10 
 1117       1.304019266241e-10 
 1118       1.296012416268e-10 
 1119       1.288054317157e-10 
 1120       1.280147143664e-10 
 1121       1.272293084032e-10 
 1122       1.264494340016e-10 
 1123       1.256753126912e-10 
 1124       1.249071673586e-10 
 1125       1.241452222504e-10 
 1126       1.233897029757e-10 
 1127       1.226408365091e-10 
 1128       1.218988511935e-10 
 1129       1.211639767430e-10 
 1130       1.204364442456e-10 
 1131       1.197164861661e-10 
 1132       1.190043363489e-10 
 1133       1.183002300210e-10 
 1134       1.176044037944e-10 
 1135       1.169170956695e-10 
 1136       1.162385450374e-10 
 1137       1.155689926832e-10 
 1138       1.149086807884e-10 
 1139       1.142578529340e-10 
 1140       1.136167541032e-10 
 1141       1.129856306843e-10 
 1142       1.123647304737e-10 
 1143       1.117543026782e-10 
 1144       1.111545979184e-10 
 1145       1.105658682312e-10 
 1146       1.099883670729e-10 
 1147       1.094223493215e-10 
 1148       1.088680712802e-10 
 1149       1.083257906797e-10 
 1150       1.077957666815e-10 
 1151       1.072782151366e-10 
 1152       1.067731737356e-10 
 1153       1.062806351521e-10 
 1154       1.058005916303e-10 
 1155       1.053330349830e-10 
 1156       1.048779565910e-10 
 1157       1.044353474018e-10 
 1158       1.040051979280e-10 
 1159       1.035874982466e-10 
 1160       1.031822379974e-10 
 1161       1.027894063818e-10 
 1162       1.024089921618e-10 
 1163       1.020409836588e-10 
 1164       1.016853687520e-10 
 1165       1.013421348774e-10 
 1166       1.010112690269e-10 
 1167       1.006927577464e-10 
 1168       1.003865871353e-10 
 1169       1.000927428446e-10 
 1170       9.981121007635e-11 
 1171       9.954197358186e-11 
 1172       9.928501766081e-11 
 1173       9.904032615992e-11 
 1174       9.880788247173e-11 
 1175       9.858766953340e-11 
 1176       9.837966982549e-11 
 1177       9.818386537073e-11 
 1178       9.800023773278e-11 
 1179       9.782876801506e-11 
 1180       9.766943685949e-11 
 1181       9.752222444526e-11 
 1182       9.738711048766e-11 
 1183       9.726407423680e-11 
 1184       9.715309447643e-11 
 1185       9.705414952271e-11 
 1186       9.696721722297e-11 
 1187       9.689227495453e-11 
 1188       9.682929962343e-11 
 1189       9.677826766325e-11 
 1190       9.673912826784e-11 
 1191       9.671172273214e-11 
 1192       9.669586411822e-11 
 1193       9.669136392801e-11 
 1194       9.669803209977e-11 
 1195       9.671567700459e-11 
 1196       9.674410544298e-11 
 1197       9.678312264131e-11 
 1198       9.683253224832e-11 
 1199       9.689213633170e-11 
 1200       9.696173537455e-11 
 1201       9.704112827190e-11 
 1202       9.713011232722e-11 
 1203       9.722848324896e-11 
 1204       9.733603514704e-11 
 1205       9.745256052937e-11 
 1206       9.757785029835e-11 
 1207       9.771169374741e-11 
 1208       9.785387855749e-11 
 1209       9.800419079358e-11 
 1210       9.816241490124e-11 
 1211       9.832833370307e-11 
 1212       9.850172839526e-11 
 1213       9.868237854410e-11 
 1214       9.887006208248e-11 
 1215       9.906455530641e-11 
 1216       9.926563287154e-11 
 1217       9.947306778966e-11 
 1218       9.968663142520e-11 
 1219       9.990609349181e-11 
 1220       1.001312220488e-10 
 1221       1.003617834976e-10 
 1222       1.005975425785e-10 
 1223       1.008382623669e-10 
 1224       1.010837042701e-10 
 1225       1.013336280233e-10 
 1226       1.015877916869e-10 
 1227       1.018459516423e-10 
 1228       1.021078625888e-10 
 1229       1.023732835236e-10 
 1230       1.026419957678e-10 
 1231       1.029137851481e-10 
 1232       1.031884360291e-10 
 1233       1.034657313109e-10 
 1234       1.037454524256e-10 
 1235       1.040273793346e-10 
 1236       1.043112905254e-10 
 1237       1.045969630087e-10 
 1238       1.048841723152e-10 
 1239       1.051726924929e-10 
 1240       1.054622961038e-10 
 1241       1.057527542211e-10 
 1242       1.060438364259e-10 
 1243       1.063353108047e-10 
 1244       1.066269439458e-10 
 1245       1.069185009366e-10 
 1246       1.072097453606e-10 
 1247       1.075004392943e-10 
 1248       1.077903433043e-10 
 1249       1.080792164441e-10 
 1250       1.083668162513e-10 
 1251       1.086528987443e-10 
 1252       1.089372184198e-10 
 1253       1.092195282490e-10 
 1254       1.094995796755e-10 
 1255       1.097771226116e-10 
 1256       1.100519054356e-10 
 1257       1.103236749886e-10 
 1258       1.105921765717e-10 
 1259       1.108571539430e-10 
 1260       1.111183493143e-10 
 1261       1.113755033482e-10 
 1262       1.116283551554e-10 
 1263       1.118766422913e-10 
 1264       1.121201007531e-10 
 1265       1.123584649770e-10 
 1266       1.125914678347e-10 
 1267       1.128188406310e-10 
 1268       1.130403427235e-10 
 1269       1.132558507631e-10 
 1270       1.134652704768e-10 
 1271       1.136685071366e-10 
 1272       1.138654655591e-10 
 1273       1.140560501043e-10 
 1274       1.142401646752e-10 
 1275       1.144177127167e-10 
 1276       1.145885972151e-10 
 1277       1.147527206968e-10 
 1278       1.149099852280e-10 
 1279       1.150602924137e-10 
 1280       1.152035433969e-10 
 1281       1.153396388578e-10 
 1282       1.154684790129e-10 
 1283       1.155899636143e-10 
 1284       1.157039919491e-10 
 1285       1.158104628380e-10 
 1286       1.159092746354e-10 
 1287       1.160003252275e-10 
 1288       1.160835120326e-10 
 1289       1.161587319994e-10 
 1290       1.162258816067e-10 
 1291       1.162848568626e-10 
 1292       1.163355533034e-10 
 1293       1.163778659930e-10 
 1294       1.164116895221e-10 
 1295       1.164369180073e-10 
 1296       1.164534450904e-10 
 1297       1.164611639377e-10 
 1298       1.164599672386e-10 
 1299       1.164497472058e-10 
 1300       1.164303955736e-10 
 1301       1.164018035975e-10 
 1302       1.163638620534e-10 
 1303       1.163164612367e-10 
 1304       1.162594909616e-10 
 1305       1.161928405602e-10 
 1306       1.161163988816e-10 
 1307       1.160300843071e-10 
 1308       1.159339351642e-10 
 1309       1.158280203220e-10 
 1310       1.157124092689e-10 
 1311       1.155871721140e-10 
 1312       1.154523795879e-10 
 1313       1.153081030447e-10 
 1314       1.151544144626e-10 
 1315       1.149913864457e-10 
 1316       1.148190922250e-10 
 1317       1.146376056600e-10 
 1318       1.144470012397e-10 
 1319       1.142473540842e-10 
 1320       1.140387399456e-10 
 1321       1.138212352098e-10 
 1322       1.135949168975e-10 
 1323       1.133598626654e-10 
 1324       1.131161508080e-10 
 1325       1.128638602581e-10 
 1326       1.126030705891e-10 
 1327       1.123338620153e-10 
 1328       1.120563153941e-10 
 1329       1.117705122266e-10 
 1330       1.114765346592e-10 
 1331       1.111744654851e-10 
 1332       1.108643881452e-10 
 1333       1.105463867297e-10 
 1334       1.102205459794e-10 
 1335       1.098869512866e-10 
 1336       1.095456886972e-10 
 1337       1.091968449110e-10 
 1338       1.088405072838e-10 
 1339       1.084767638285e-10 
 1340       1.081057032162e-10 
 1341       1.077274147777e-10 
 1342       1.073419885047e-10 
 1343       1.069495150511e-10 
 1344       1.065500857345e-10 
 1345       1.061437925372e-10 
 1346       1.057307394066e-10 
 1347       1.053110762870e-10 
 1348       1.048849654599e-10 
 1349       1.044525702808e-10 
 1350       1.040140551816e-10 
 1351       1.035695856720e-10 
 1352       1.031193283420e-10 
 1353       1.026634508641e-10 
 1354       1.022021219947e-10 
 1355       1.017355115770e-10 
 1356       1.012637905422e-10 
 1357       1.007871309122e-10 
 1358       1.003057058014e-10 
 1359       9.981968941874e-11 
 1360       9.932925706977e-11 
 1361       9.883458515873e-11 
 1362       9.833585119058e-11 
 1363       9.783323377305e-11 
 1364       9.732691261871e-11 
 1365       9.681706854700e-11 
 1366       9.630388348631e-11 
 1367       9.578754047601e-11 
 1368       9.526822366849e-11 
 1369       9.474611833126e-11 
 1370       9.422141084894e-11 
 1371       9.369428872538e-11 
 1372       9.316494058564e-11 
 1373       9.263355617809e-11 
 1374       9.210032637647e-11 
 1375       9.156544318190e-11 
 1376       9.102909972495e-11 
 1377       9.049149026772e-11 
 1378       8.995281020586e-11 
 1379       8.941325607060e-11 
 1380       8.887302553088e-11 
 1381       8.833231739533e-11 
 1382       8.779133161434e-11 
 1383       8.725026928214e-11 
 1384       8.670933263881e-11 
 1385       8.616871330700e-11 
 1386       8.562855686198e-11 
 1387       8.508899789158e-11 
 1388       8.455017172895e-11 
 1389       8.401221445380e-11 
 1390       8.347526289383e-11 
 1391       8.293945462594e-11 
 1392       8.240492797762e-11 
 1393       8.187182202823e-11 
 1394       8.134027661033e-11 
 1395       8.081043231099e-11 
 1396       8.028243047311e-11 
 1397       7.975641319674e-11 
 1398       7.923252334039e-11 
 1399       7.871090452233e-11 
 1400       7.819170112197e-11 
 1401       7.767505828109e-11 
 1402       7.716112190523e-11 
 1403       7.665003866494e-11 
 1404       7.614195599717e-11 
 1405       7.563702210652e-11 
 1406       7.513538596661e-11 
 1407       7.463719732135e-11 
 1408       7.414260668629e-11 
 1409       7.365176534992e-11 
 1410       7.316482537500e-11 
 1411       7.268193959986e-11 
 1412       7.220326163972e-11 
 1413       7.172894588803e-11 
 1414       7.125914751775e-11 
 1415       7.079402248269e-11 
 1416       7.033372751882e-11 
 1417       6.987842014560e-11 
 1418       6.942825866727e-11 
 1419       6.898340217418e-11 
 1420       6.854401054411e-11 
 1421       6.811024444360e-11 
 1422       6.768226532922e-11 
 1423       6.726023544895e-11 
 1424       6.684429493594e-11 
 1425       6.643449282998e-11 
 1426       6.603085535026e-11 
 1427       6.563340873857e-11 
 1428       6.524217925921e-11 
 1429       6.485719319902e-11 
 1430       6.447847686730e-11 
 1431       6.410605659578e-11 
 1432       6.373995873859e-11 
 1433       6.338020967220e-11 
 1434       6.302683579541e-11 
 1435       6.267986352931e-11 
 1436       6.233931931720e-11 
 1437       6.200522962462e-11 
 1438       6.167762093924e-11 
 1439       6.135651977089e-11 
 1440       6.104195265146e-11 
 1441       6.073394613491e-11 
 1442       6.043252679721e-11 
 1443       6.013772123630e-11 
 1444       5.984955607205e-11 
 1445       5.956805794625e-11 
 1446       5.929325352252e-11 
 1447       5.902516948634e-11 
 1448       5.876383254493e-11 
 1449       5.850926942730e-11 
 1450       5.826150688414e-11 
 1451       5.802057168781e-11 
 1452       5.778649063233e-11 
 1453       5.755929053327e-11 
 1454       5.733899822780e-11 
 1455       5.712564057457e-11 
 1456       5.691924445373e-11 
 1457       5.671983676688e-11 
 1458       5.652744443700e-11 
 1459       5.634209440845e-11 
 1460       5.616381364691e-11 
 1461       5.599262913936e-11 
 1462       5.582856789402e-11 
 1463       5.567163927080e-11 
 1464       5.552178177943e-11 
 1465       5.537891574941e-11 
 1466       5.524296095020e-11 
 1467       5.511383659025e-11 
 1468       5.499146131592e-11 
 1469       5.487575321048e-11 
 1470       5.476662979307e-11 
 1471       5.466400801770e-11 
 1472       5.456780427217e-11 
 1473       5.447793437709e-11 
 1474       5.439431358482e-11 
 1475       5.431685657848e-11 
 1476       5.424547747087e-11 
 1477       5.418008980349e-11 
 1478       5.412060654548e-11 
 1479       5.406694009259e-11 
 1480       5.401900226620e-11 
 1481       5.397670431223e-11 
 1482       5.393995690015e-11 
 1483       5.390867012193e-11 
 1484       5.388275349103e-11 
 1485       5.386211594138e-11 
 1486       5.384666582632e-11 
 1487       5.383631091758e-11 
 1488       5.383095840427e-11 
 1489       5.383051489186e-11 
 1490       5.383488640111e-11 
 1491       5.384397836708e-11 
 1492       5.385769563808e-11 
 1493       5.387594247465e-11 
 1494       5.389862254855e-11 
 1495       5.392563894170e-11 
 1496       5.395689414516e-11 
 1497       5.399229005812e-11 
 1498       5.403172798686e-11 
 1499       5.407510864371e-11 
 1500       5.412233214604e-11 
 1501       5.417329801525e-11 
 1502       5.422790316361e-11 
 1503       5.428603583569e-11 
 1504       5.434758160592e-11 
 1505       5.441242538417e-11 
 1506       5.448045141462e-11 
 1507       5.455154327462e-11 
 1508       5.462558387357e-11 
 1509       5.470245545177e-11 
 1510       5.478203957927e-11 
 1511       5.486421715479e-11 
 1512       5.494886840452e-11 
 1513       5.503587288102e-11 
 1514       5.512510946208e-11 
 1515       5.521645634959e-11 
 1516       5.530979106838e-11 
 1517       5.540499046513e-11 
 1518       5.550193070720e-11 
 1519       5.560048728148e-11 
 1520       5.570053499331e-11 
 1521       5.580194796530e-11 
 1522       5.590459963621e-11 
 1523       5.600836275982e-11 
 1524       5.611310940376e-11 
 1525       5.621871094845e-11 
 1526       5.632503808588e-11 
 1527       5.643196081854e-11 
 1528       5.653934845823e-11 
 1529       5.664706962499e-11 
 1530       5.675499224589e-11 
 1531       5.686298355396e-11 
 1532       5.697091008702e-11 
 1533       5.707863768655e-11 
 1534       5.718603149657e-11 
 1535       5.729295596248e-11 
 1536       5.739927482995e-11 
 1537       5.750485114377e-11 
 1538       5.760954724670e-11 
 1539       5.771322477839e-11 
 1540       5.781574467418e-11 
 1541       5.791697908516e-11 
 1542       5.801684726433e-11 
 1543       5.811528001878e-11 
 1544       5.821220781900e-11 
 1545       5.830756079825e-11 
 1546       5.840126875210e-11 
 1547       5.849326113787e-11 
 1548       5.858346707408e-11 
 1549       5.867181533995e-11 
 1550       5.875823437484e-11 
 1551       5.884265227773e-11 
 1552       5.892499680669e-11 
 1553       5.900519537835e-11 
 1554       5.908317506734e-11 
 1555       5.915886260578e-11 
 1556       5.923218438276e-11 
 1557       5.930306644377e-11 
 1558       5.937143449019e-11 
 1559       5.943721387877e-11 
 1560       5.950032962107e-11 
 1561       5.956070638293e-11 
 1562       5.961826848396e-11 
 1563       5.967293989698e-11 
 1564       5.972464424751e-11 
 1565       5.977330481323e-11 
 1566       5.981884452341e-11 
 1567       5.986118595846e-11 
 1568       5.990025134931e-11 
 1569       5.993596257692e-11 
 1570       5.996824117176e-11 
 1571       5.999700831323e-11 
 1572       6.002218482919e-11 
 1573       6.004369119536e-11 
 1574       6.006144753484e-11 
 1575       6.007537361754e-11 
 1576       6.008538885968e-11 
 1577       6.009141232323e-11 
 1578       6.009336271539e-11 
 1579       6.009115838806e-11 
 1580       6.008473299356e-11 
 1581       6.007408261156e-11 
 1582       6.005921905742e-11 
 1583       6.004015426575e-11 
 1584       6.001690029064e-11 
 1585       5.998946930585e-11 
 1586       5.995787360506e-11 
 1587       5.992212560208e-11 
 1588       5.988223783106e-11 
 1589       5.983822294670e-11 
 1590       5.979009372451e-11 
 1591       5.973786306098e-11 
 1592       5.968154397382e-11 
 1593       5.962114960220e-11 
 1594       5.955669320694e-11 
 1595       5.948818817074e-11 
 1596       5.941564799839e-11 
 1597       5.933908631700e-11 
 1598       5.925851687623e-11 
 1599       5.917395354847e-11 
 1600       5.908541032912e-11 
 1601       5.899290133673e-11 
 1602       5.889644081331e-11 
 1603       5.879604312445e-11 
 1604       5.869172275963e-11 
 1605       5.858349433240e-11 
 1606       5.847137258057e-11 
 1607       5.835537236648e-11 
 1608       5.823550867720e-11 
 1609       5.811179662473e-11 
 1610       5.798425144625e-11 
 1611       5.785288850431e-11 
 1612       5.771772328709e-11 
 1613       5.757877140857e-11 
 1614       5.743604860878e-11 
 1615       5.728957075400e-11 
 1616       5.713935383701e-11 
 1617       5.698541397729e-11 
 1618       5.682776742120e-11 
 1619       5.666643930168e-11 
 1620       5.650149000309e-11 
 1621       5.633298903499e-11 
 1622       5.616100629501e-11 
 1623       5.598561206945e-11 
 1624       5.580687703389e-11 
 1625       5.562487225383e-11 
 1626       5.543966918532e-11 
 1627       5.525133967554e-11 
 1628       5.505995596345e-11 
 1629       5.486559068041e-11 
 1630       5.466831685079e-11 
 1631       5.446820789259e-11 
 1632       5.426533761806e-11 
 1633       5.405978023433e-11 
 1634       5.385161034402e-11 
 1635       5.364090294586e-11 
 1636       5.342773343531e-11 
 1637       5.321217760519e-11 
 1638       5.299431164629e-11 
 1639       5.277421214799e-11 
 1640       5.255195609888e-11 
 1641       5.232762088738e-11 
 1642       5.210128430237e-11 
 1643       5.187302453380e-11 
 1644       5.164292017330e-11 
 1645       5.141105021482e-11 
 1646       5.117749405525e-11 
 1647       5.094233149501e-11 
 1648       5.070564273872e-11 
 1649       5.046750839576e-11 
 1650       5.022800948093e-11 
 1651       4.998722741508e-11 
 1652       4.974524402568e-11 
 1653       4.950214154750e-11 
 1654       4.925800262318e-11 
 1655       4.901291030388e-11 
 1656       4.876694804988e-11 
 1657       4.852019973122e-11 
 1658       4.827274723296e-11 
 1659       4.802466324661e-11 
 1660       4.777601841634e-11 
 1661       4.752688372903e-11 
 1662       4.727733051484e-11 
 1663       4.702743044769e-11 
 1664       4.677725554577e-11 
 1665       4.652687817207e-11 
 1666       4.627637103491e-11 
 1667       4.602580718843e-11 
 1668       4.577526003311e-11 
 1669       4.552480331629e-11 
 1670       4.527451113269e-11 
 1671       4.502445792491e-11 
 1672       4.477471848398e-11 
 1673       4.452536794982e-11 
 1674       4.427648181181e-11 
 1675       4.402813590927e-11 
 1676       4.378040643199e-11 
 1677       4.353336992075e-11 
 1678       4.328710326781e-11 
 1679       4.304168371747e-11 
 1680       4.279718886653e-11 
 1681       4.255369666486e-11 
 1682       4.231128541587e-11 
 1683       4.207003377705e-11 
 1684       4.183002076050e-11 
 1685       4.159132573339e-11 
 1686       4.135402841854e-11 
 1687       4.111820889490e-11 
 1688       4.088394759807e-11 
 1689       4.065132532081e-11 
 1690       4.042042321357e-11 
 1691       4.019132278501e-11 
 1692       3.996410590248e-11 
 1693       3.973885479257e-11 
 1694       3.951565204162e-11 
 1695       3.929458059622e-11 
 1696       3.907572376374e-11 
 1697       3.885915544244e-11 
 1698       3.864491071864e-11 
 1699       3.843301501706e-11 
 1700       3.822349384833e-11 
 1701       3.801637280910e-11 
 1702       3.781167758215e-11 
 1703       3.760943393650e-11 
 1704       3.740966772748e-11 
 1705       3.721240489692e-11 
 1706       3.701767147317e-11 
 1707       3.682549357127e-11 
 1708       3.663589739304e-11 
 1709       3.644890922716e-11 
 1710       3.626455544933e-11 
 1711       3.608286252235e-11 
 1712       3.590385699622e-11 
 1713       3.572756550826e-11 
 1714       3.555401478322e-11 
 1715       3.538323163341e-11 
 1716       3.521524295874e-11 
 1717       3.505007574692e-11 
 1718       3.488775707348e-11 
 1719       3.472831410196e-11 
 1720       3.457177408394e-11 
 1721       3.441816435923e-11 
 1722       3.426751235590e-11 
 1723       3.411984559044e-11 
 1724       3.397519166786e-11 
 1725       3.383357828177e-11 
 1726       3.369503321453e-11 
 1727       3.355958433734e-11 
 1728       3.342725961034e-11 
 1729       3.329808708271e-11 
 1730       3.317209489282e-11 
 1731       3.304931126829e-11 
 1732       3.292976452616e-11 
 1733       3.281348307291e-11 
 1734       3.270049540465e-11 
 1735       3.259083010718e-11 
 1736       3.248450641526e-11 
 1737       3.238150580308e-11 
 1738       3.228180015454e-11 
 1739       3.218536118210e-11 
 1740       3.209216042656e-11 
 1741       3.200216925673e-11 
 1742       3.191535886922e-11 
 1743       3.183170028813e-11 
 1744       3.175116436483e-11 
 1745       3.167372177762e-11 
 1746       3.159934303155e-11 
 1747       3.152799845807e-11 
 1748       3.145965821484e-11 
 1749       3.139429228540e-11 
 1750       3.133187047893e-11 
 1751       3.127236242998e-11 
 1752       3.121573759822e-11 
 1753       3.116196526814e-11 
 1754       3.111101454880e-11 
 1755       3.106285437356e-11 
 1756       3.101745349983e-11 
 1757       3.097478050877e-11 
 1758       3.093480380504e-11 
 1759       3.089749161655e-11 
 1760       3.086281199415e-11 
 1761       3.083073281142e-11 
 1762       3.080122176435e-11 
 1763       3.077424637109e-11 
 1764       3.074977397170e-11 
 1765       3.072777172787e-11 
 1766       3.070820662263e-11 
 1767       3.069104546015e-11 
 1768       3.067625486538e-11 
 1769       3.066380128386e-11 
 1770       3.065365098141e-11 
 1771       3.064577004389e-11 
 1772       3.064012437690e-11 
 1773       3.063667970556e-11 
 1774       3.063540157418e-11 
 1775       3.063625225290e-11 
 1776       3.063918143003e-11 
 1777       3.064413544245e-11 
 1778       3.065106036136e-11 
 1779       3.065990199192e-11 
 1780       3.067060587287e-11 
 1781       3.068311727616e-11 
 1782       3.069738120651e-11 
 1783       3.071334240110e-11 
 1784       3.073094532910e-11 
 1785       3.075013419138e-11 
 1786       3.077085292004e-11 
 1787       3.079304517806e-11 
 1788       3.081665435895e-11 
 1789       3.084162358631e-11 
 1790       3.086789571344e-11 
 1791       3.089541332303e-11 
 1792       3.092411872669e-11 
 1793       3.095395396463e-11 
 1794       3.098486080521e-11 
 1795       3.101678074462e-11 
 1796       3.104965500646e-11 
 1797       3.108342454135e-11 
 1798       3.111803002658e-11 
 1799       3.115341186568e-11 
 1800       3.118951018806e-11 
 1801       3.122626484862e-11 
 1802       3.126361542739e-11 
 1803       3.130150122909e-11 
 1804       3.133986128280e-11 
 1805       3.137863434153e-11 
 1806       3.141775888188e-11 
 1807       3.145717310362e-11 
 1808       3.149681492931e-11 
 1809       3.153662200394e-11 
 1810       3.157653169451e-11 
 1811       3.161648108968e-11 
 1812       3.165640699935e-11 
 1813       3.169624595429e-11 
 1814       3.173593823322e-11 
 1815       3.177543998024e-11 
 1816       3.181471118436e-11 
 1817       3.185371166069e-11 
 1818       3.189240105022e-11 
 1819       3.193073881958e-11 
 1820       3.196868426077e-11 
 1821       3.200619649096e-11 
 1822       3.204323445225e-11 
 1823       3.207975691138e-11 
 1824       3.211572245957e-11 
 1825       3.215108951222e-11 
 1826       3.218581630870e-11 
 1827       3.221986091211e-11 
 1828       3.225318120903e-11 
 1829       3.228573490929e-11 
 1830       3.231747954574e-11 
 1831       3.234837247401e-11 
 1832       3.237837087223e-11 
 1833       3.240743174088e-11 
 1834       3.243551190244e-11 
 1835       3.246256800126e-11 
 1836       3.248855650326e-11 
 1837       3.251343369568e-11 
 1838       3.253715568689e-11 
 1839       3.255967840613e-11 
 1840       3.258095760325e-11 
 1841       3.260094884852e-11 
 1842       3.261960753233e-11 
 1843       3.263688886503e-11 
 1844       3.265274787660e-11 
 1845       3.266713941648e-11 
 1846       3.268001815332e-11 
 1847       3.269133857473e-11 
 1848       3.270105498703e-11 
 1849       3.270912151504e-11 
 1850       3.271549210182e-11 
 1851       3.272012050845e-11 
 1852       3.272296031377e-11 
 1853       3.272397214986e-11 
 1854       3.272314547127e-11 
 1855       3.272047695727e-11 
 1856       3.271596329168e-11 
 1857       3.270960116299e-11 
 1858       3.270138726428e-11 
 1859       3.269131829333e-11 
 1860       3.267939095254e-11 
 1861       3.266560194901e-11 
 1862       3.264994799454e-11 
 1863       3.263242580561e-11 
 1864       3.261303210346e-11 
 1865       3.259176361404e-11 
 1866       3.256861706806e-11 
 1867       3.254358920100e-11 
 1868       3.251667675312e-11 
 1869       3.248787646948e-11 
 1870       3.245718509993e-11 
 1871       3.242459939916e-11 
 1872       3.239011612672e-11 
 1873       3.235373204697e-11 
 1874       3.231544392918e-11 
 1875       3.227524854747e-11 
 1876       3.223314268088e-11 
 1877       3.218912311335e-11 
 1878       3.214318663377e-11 
 1879       3.209533003593e-11 
 1880       3.204555011862e-11 
 1881       3.199384368557e-11 
 1882       3.194020754551e-11 
 1883       3.188463851216e-11 
 1884       3.182713340427e-11 
 1885       3.176768904561e-11 
 1886       3.170630226499e-11 
 1887       3.164296989628e-11 
 1888       3.157768877842e-11 
 1889       3.151045575546e-11 
 1890       3.144126767652e-11 
 1891       3.137012139585e-11 
 1892       3.129701901955e-11 
 1893       3.122198369001e-11 
 1894       3.114504392362e-11 
 1895       3.106622837527e-11 
 1896       3.098556583857e-11 
 1897       3.090308524606e-11 
 1898       3.081881566938e-11 
 1899       3.073278631943e-11 
 1900       3.064502654663e-11 
 1901       3.055556584106e-11 
 1902       3.046443383264e-11 
 1903       3.037166029138e-11 
 1904       3.027727512751e-11 
 1905       3.018130839169e-11 
 1906       3.008379027521e-11 
 1907       2.998475111019e-11 
 1908       2.988422136974e-11 
 1909       2.978223166816e-11 
 1910       2.967881276115e-11 
 1911       2.957399554596e-11 
 1912       2.946781106164e-11 
 1913       2.936029048918e-11 
 1914       2.925146515172e-11 
 1915       2.914136651472e-11 
 1916       2.903002618620e-11 
 1917       2.891747591687e-11 
 1918       2.880374760036e-11 
 1919       2.868887327340e-11 
 1920       2.857288511602e-11 
 1921       2.845581545170e-11 
 1922       2.833769674761e-11 
 1923       2.821856161479e-11 
 1924       2.809844280831e-11 
 1925       2.797737322748e-11 
 1926       2.785538591607e-11 
 1927       2.773251406244e-11 
 1928       2.760879099979e-11 
 1929       2.748425020629e-11 
 1930       2.735892530532e-11 
 1931       2.723285040492e-11 
 1932       2.710606111848e-11 
 1933       2.697859355218e-11 
 1934       2.685048396657e-11 
 1935       2.672176877684e-11 
 1936       2.659248455295e-11 
 1937       2.646266801990e-11 
 1938       2.633235605786e-11 
 1939       2.620158570245e-11 
 1940       2.607039414487e-11 
 1941       2.593881873214e-11 
 1942       2.580689696731e-11 
 1943       2.567466650962e-11 
 1944       2.554216517473e-11 
 1945       2.540943093494e-11 
 1946       2.527650191934e-11 
 1947       2.514341641406e-11 
 1948       2.501021286243e-11 
 1949       2.487692986522e-11 
 1950       2.474360618082e-11 
 1951       2.461028072544e-11 
 1952       2.447699257332e-11 
 1953       2.434378095692e-11 
 1954       2.421068526714e-11 
 1955       2.407774505351e-11 
 1956       2.394500002437e-11 
 1957       2.381249004712e-11 
 1958       2.368025514837e-11 
 1959       2.354833551419e-11 
 1960       2.341677149027e-11 
 1961       2.328560358214e-11 
 1962       2.315487245536e-11 
 1963       2.302461893575e-11 
 1964       2.289488400957e-11 
 1965       2.276570882369e-11 
 1966       2.263713468587e-11 
 1967       2.250920306488e-11 
 1968       2.238195559077e-11 
 1969       2.225543405499e-11 
 1970       2.212967660967e-11 
 1971       2.200470633382e-11 
 1972       2.188054258256e-11 
 1973       2.175720478046e-11 
 1974       2.163471242166e-11 
 1975       2.151308506995e-11 
 1976       2.139234235882e-11 
 1977       2.127250399162e-11 
 1978       2.115358974154e-11 
 1979       2.103561945177e-11 
 1980       2.091861303558e-11 
 1981       2.080259047636e-11 
 1982       2.068757182774e-11 
 1983       2.057357721366e-11 
 1984       2.046062682846e-11 
 1985       2.034874093696e-11 
 1986       2.023793987454e-11 
 1987       2.012824404723e-11 
 1988       2.001967393181e-11 
 1989       1.991225007584e-11 
 1990       1.980599309782e-11 
 1991       1.970092368721e-11 
 1992       1.959706260454e-11 
 1993       1.949443068149e-11 
 1994       1.939304882098e-11 
 1995       1.929293799726e-11 
 1996       1.919411925595e-11 
 1997       1.909661371420e-11 
 1998       1.900044256070e-11 
 1999       1.890562705580e-11 
 2000       1.881218853159e-11 
 2001       1.872014839199e-11 
 2002       1.862952811281e-11 
 2003       1.854034924186e-11 
 2004       1.845263339903e-11 
 2005       1.836640227634e-11 
 2006       1.828167763810e-11 
 2007       1.819848132089e-11 
 2008       1.811683523373e-11 
 2009       1.803675663862e-11 
 2010       1.795824395451e-11 
 2011       1.788129085008e-11 
 2012       1.780589095380e-11 
 2013       1.773203785386e-11 
 2014       1.765972509812e-11 
 2015       1.758894619409e-11 
 2016       1.751969460879e-11 
 2017       1.745196376880e-11 
 2018       1.738574706009e-11 
 2019       1.732103782808e-11 
 2020       1.725782937749e-11 
 2021       1.719611497232e-11 
 2022       1.713588783580e-11 
 2023       1.707714115034e-11 
 2024       1.701986805743e-11 
 2025       1.696406165763e-11 
 2026       1.690971501051e-11 
 2027       1.685682113455e-11 
 2028       1.680537300713e-11 
 2029       1.675536356447e-11 
 2030       1.670678570154e-11 
 2031       1.665963227204e-11 
 2032       1.661389608831e-11 
 2033       1.656956992131e-11 
 2034       1.652664650054e-11 
 2035       1.648511851398e-11 
 2036       1.644497860806e-11 
 2037       1.640621938758e-11 
 2038       1.636883341564e-11 
 2039       1.633281321363e-11 
 2040       1.629815126114e-11 
 2041       1.626483999589e-11 
 2042       1.623287181373e-11 
 2043       1.620223906851e-11 
 2044       1.617293407209e-11 
 2045       1.614494909424e-11 
 2046       1.611827636261e-11 
 2047       1.609290806264e-11 
 2048       1.606883385183e-11 
 2049       1.604603338306e-11 
 2050       1.602448372771e-11 
 2051       1.600416185637e-11 
 2052       1.598504463876e-11 
 2053       1.596710884354e-11 
 2054       1.595033113823e-11 
 2055       1.593468808907e-11 
 2056       1.592015616088e-11 
 2057       1.590671171696e-11 
 2058       1.589433101892e-11 
 2059       1.588299022660e-11 
 2060       1.587266539791e-11 
 2061       1.586333248871e-11 
 2062       1.585496735269e-11 
 2063       1.584754574123e-11 
 2064       1.584104330329e-11 
 2065       1.583543558527e-11 
 2066       1.583069803087e-11 
 2067       1.582680598101e-11 
 2068       1.582373467363e-11 
 2069       1.582145924363e-11 
 2070       1.581995472270e-11 
 2071       1.581919603923e-11 
 2072       1.581915801812e-11 
 2073       1.581981538074e-11 
 2074       1.582114274471e-11 
 2075       1.582311462384e-11 
 2076       1.582570542799e-11 
 2077       1.582888946291e-11 
 2078       1.583264093014e-11 
 2079       1.583693392689e-11 
 2080       1.584174244588e-11 
 2081       1.584704037525e-11 
 2082       1.585280149841e-11 
 2083       1.585899949391e-11 
 2084       1.586560793532e-11 
 2085       1.587260029112e-11 
 2086       1.587994992452e-11 
 2087       1.588763095307e-11 
 2088       1.589562083410e-11 
 2089       1.590389779710e-11 
 2090       1.591243998566e-11 
 2091       1.592122545729e-11 
 2092       1.593023218338e-11 
 2093       1.593943804905e-11 
 2094       1.594882085307e-11 
 2095       1.595835830775e-11 
 2096       1.596802803884e-11 
 2097       1.597780758541e-11 
 2098       1.598767439978e-11 
 2099       1.599760584739e-11 
 2100       1.600757920667e-11 
 2101       1.601757166902e-11 
 2102       1.602756033861e-11 
 2103       1.603752223234e-11 
 2104       1.604743427971e-11 
 2105       1.605727332273e-11 
 2106       1.606701611580e-11 
 2107       1.607663932561e-11 
 2108       1.608611953106e-11 
 2109       1.609543322311e-11 
 2110       1.610455680472e-11 
 2111       1.611346659073e-11 
 2112       1.612213880774e-11 
 2113       1.613054959405e-11 
 2114       1.613867499950e-11 
 2115       1.614649098540e-11 
 2116       1.615397342443e-11 
 2117       1.616109810052e-11 
 2118       1.616784070874e-11 
 2119       1.617417685523e-11 
 2120       1.618008205706e-11 
 2121       1.618553174215e-11 
 2122       1.619050124914e-11 
 2123       1.619496582733e-11 
 2124       1.619890063652e-11 
 2125       1.620228074696e-11 
 2126       1.620508411901e-11 
 2127       1.620730056495e-11 
 2128       1.620892284867e-11 
 2129       1.620994371147e-11 
 2130       1.621035587201e-11 
 2131       1.621015202633e-11 
 2132       1.620932484775e-11 
 2133       1.620786698691e-11 
 2134       1.620577107174e-11 
 2135       1.620302970738e-11 
 2136       1.619963547624e-11 
 2137       1.619558093789e-11 
 2138       1.619085862910e-11 
 2139       1.618546106377e-11 
 2140       1.617938073295e-11 
 2141       1.617261010476e-11 
 2142       1.616514162443e-11 
 2143       1.615696771422e-11 
 2144       1.614808077342e-11 
 2145       1.613847317831e-11 
 2146       1.612813728216e-11 
 2147       1.611706541520e-11 
 2148       1.610524988458e-11 
 2149       1.609268297433e-11 
 2150       1.607935694540e-11 
 2151       1.606526403555e-11 
 2152       1.605039645940e-11 
 2153       1.603474640836e-11 
 2154       1.601830605061e-11 
 2155       1.600106753111e-11 
 2156       1.598302297151e-11 
 2157       1.596416447021e-11 
 2158       1.594448410226e-11 
 2159       1.592397391936e-11 
 2160       1.590262594986e-11 
 2161       1.588043219871e-11 
 2162       1.585738464742e-11 
 2163       1.583347525410e-11 
 2164       1.580869595334e-11 
 2165       1.578304146490e-11 
 2166       1.575651774029e-11 
 2167       1.572913357322e-11 
 2168       1.570089779623e-11 
 2169       1.567181928066e-11 
 2170       1.564190693678e-11 
 2171       1.561116971381e-11 
 2172       1.557961659993e-11 
 2173       1.554725662239e-11 
 2174       1.551409884751e-11 
 2175       1.548015238072e-11 
 2176       1.544542636668e-11 
 2177       1.540992998924e-11 
 2178       1.537367247152e-11 
 2179       1.533666307598e-11 
 2180       1.529891110445e-11 
 2181       1.526042589815e-11 
 2182       1.522121683778e-11 
 2183       1.518129334355e-11 
 2184       1.514066487521e-11 
 2185       1.509934093214e-11 
 2186       1.505733105335e-11 
 2187       1.501464481755e-11 
 2188       1.497129184320e-11 
 2189       1.492728178854e-11 
 2190       1.488262435167e-11 
 2191       1.483732927055e-11 
 2192       1.479140632310e-11 
 2193       1.474486532720e-11 
 2194       1.469771614076e-11 
 2195       1.464996866177e-11 
 2196       1.460163282833e-11 
 2197       1.455271861874e-11 
 2198       1.450323605147e-11 
 2199       1.445319518529e-11 
 2200       1.440260611926e-11 
 2201       1.435147899281e-11 
 2202       1.429982398575e-11 
 2203       1.424765131837e-11 
 2204       1.419497215301e-11 
 2205       1.414180130537e-11 
 2206       1.408815455129e-11 
 2207       1.403404772695e-11 
 2208       1.397949672888e-11 
 2209       1.392451751408e-11 
 2210       1.386912610003e-11 
 2211       1.381333856483e-11 
 2212       1.375717104719e-11 
 2213       1.370063974659e-11 
 2214       1.364376092326e-11 
 2215       1.358655089830e-11 
 2216       1.352902605377e-11 
 2217       1.347120283269e-11 
 2218       1.341309773916e-11 
 2219       1.335472733844e-11 
 2220       1.329610825696e-11 
 2221       1.323725718246e-11 
 2222       1.317819086401e-11 
 2223       1.311892611209e-11 
 2224       1.305947979868e-11 
 2225       1.299986885731e-11 
 2226       1.294011028313e-11 
 2227       1.288022113297e-11 
 2228       1.282021852546e-11 
 2229       1.276011964101e-11 
 2230       1.269994172198e-11 
 2231       1.263970207266e-11 
 2232       1.257941805942e-11 
 2233       1.251910711070e-11 
 2234       1.245878671715e-11 
 2235       1.239847443165e-11 
 2236       1.233818786939e-11 
 2237       1.227794470797e-11 
 2238       1.221776268743e-11 
 2239       1.215765961035e-11 
 2240       1.209765334188e-11 
 2241       1.203776180985e-11 
 2242       1.197800300483e-11 
 2243       1.191839383834e-11 
 2244       1.185894670930e-11 
 2245       1.179967291533e-11 
 2246       1.174058379258e-11 
 2247       1.168169071577e-11 
 2248       1.162300509826e-11 
 2249       1.156453839206e-11 
 2250       1.150630208790e-11 
 2251       1.144830771525e-11 
 2252       1.139056684237e-11 
 2253       1.133309107635e-11 
 2254       1.127589206317e-11 
 2255       1.121898148770e-11 
 2256       1.116237107380e-11 
 2257       1.110607258432e-11 
 2258       1.105009782113e-11 
 2259       1.099445862522e-11 
 2260       1.093916687669e-11 
 2261       1.088423449481e-11 
 2262       1.082967343807e-11 
 2263       1.077549570421e-11 
 2264       1.072171333027e-11 
 2265       1.066833839261e-11 
 2266       1.061538300699e-11 
 2267       1.056285932859e-11 
 2268       1.051077955205e-11 
 2269       1.045915591153e-11 
 2270       1.040800068072e-11 
 2271       1.035732617290e-11 
 2272       1.030714474101e-11 
 2273       1.025746877764e-11 
 2274       1.020831071511e-11 
 2275       1.015968302550e-11 
 2276       1.011159822068e-11 
 2277       1.006406885238e-11 
 2278       1.001710751220e-11 
 2279       9.970726831692e-12 
 2280       9.924939482355e-12 
 2281       9.879758175713e-12 
 2282       9.835193605894e-12 
 2283       9.791248262904e-12 
 2284       9.747922579751e-12 
 2285       9.705216986279e-12 
 2286       9.663131909166e-12 
 2287       9.621667771918e-12 
 2288       9.580824994863e-12 
 2289       9.540603995146e-12 
 2290       9.501005186725e-12 
 2291       9.462028980365e-12 
 2292       9.423675783632e-12 
 2293       9.385946000888e-12 
 2294       9.348840033287e-12 
 2295       9.312358278768e-12 
 2296       9.276501132051e-12 
 2297       9.241268984633e-12 
 2298       9.206662224777e-12 
 2299       9.172681237516e-12 
 2300       9.139326404638e-12 
 2301       9.106598104689e-12 
 2302       9.074496712962e-12 
 2303       9.043022601495e-12 
 2304       9.012176139064e-12 
 2305       8.981957691179e-12 
 2306       8.952367620077e-12 
 2307       8.923406284720e-12 
 2308       8.895074040786e-12 
 2309       8.867371240666e-12 
 2310       8.840298233459e-12 
 2311       8.813855364964e-12 
 2312       8.788042977678e-12 
 2313       8.762861410790e-12 
 2314       8.738311000175e-12 
 2315       8.714392078387e-12 
 2316       8.691104974659e-12 
 2317       8.668450014892e-12 
 2318       8.646427521653e-12 
 2319       8.625037814170e-12 
 2320       8.604281208325e-12 
 2321       8.584156548940e-12 
 2322       8.564656796537e-12 
 2323       8.545773412727e-12 
 2324       8.527497825359e-12 
 2325       8.509821428475e-12 
 2326       8.492735582280e-12 
 2327       8.476231613097e-12 
 2328       8.460300813333e-12 
 2329       8.444934441441e-12 
 2330       8.430123721881e-12 
 2331       8.415859845081e-12 
 2332       8.402133967401e-12 
 2333       8.388937211096e-12 
 2334       8.376260664274e-12 
 2335       8.364095380862e-12 
 2336       8.352432380566e-12 
 2337       8.341262648836e-12 
 2338       8.330577136822e-12 
 2339       8.320366761344e-12 
 2340       8.310622404846e-12 
 2341       8.301334915365e-12 
 2342       8.292495106490e-12 
 2343       8.284093757322e-12 
 2344       8.276121612440e-12 
 2345       8.268569381862e-12 
 2346       8.261427741004e-12 
 2347       8.254687330648e-12 
 2348       8.248338756896e-12 
 2349       8.242372591142e-12 
 2350       8.236779370024e-12 
 2351       8.231549595394e-12 
 2352       8.226673734275e-12 
 2353       8.222142218826e-12 
 2354       8.217945446303e-12 
 2355       8.214073779021e-12 
 2356       8.210517544316e-12 
 2357       8.207267034508e-12 
 2358       8.204312506860e-12 
 2359       8.201644183546e-12 
 2360       8.199252185949e-12 
 2361       8.197126337211e-12 
 2362       8.195256358383e-12 
 2363       8.193631933937e-12 
 2364       8.192242711721e-12 
 2365       8.191078302925e-12 
 2366       8.190128282039e-12 
 2367       8.189382186813e-12 
 2368       8.188829518220e-12 
 2369       8.188459740414e-12 
 2370       8.188262280693e-12 
 2371       8.188226529458e-12 
 2372       8.188341840174e-12 
 2373       8.188597529333e-12 
 2374       8.188982876410e-12 
 2375       8.189487123828e-12 
 2376       8.190099476916e-12 
 2377       8.190809103871e-12 
 2378       8.191605135719e-12 
 2379       8.192476666274e-12 
 2380       8.193412752100e-12 
 2381       8.194402412470e-12 
 2382       8.195434629331e-12 
 2383       8.196498347259e-12 
 2384       8.197582473423e-12 
 2385       8.198675877544e-12 
 2386       8.199767391859e-12 
 2387       8.200845811076e-12 
 2388       8.201899892341e-12 
 2389       8.202918355194e-12 
 2390       8.203889881531e-12 
 2391       8.204803115566e-12 
 2392       8.205646663789e-12 
 2393       8.206409094930e-12 
 2394       8.207078939916e-12 
 2395       8.207644691836e-12 
 2396       8.208094805896e-12 
 2397       8.208417699385e-12 
 2398       8.208601751635e-12 
 2399       8.208636309329e-12 
 2400       8.208514709237e-12 
 2401       8.208231273852e-12 
 2402       8.207780307697e-12 
 2403       8.207156097305e-12 
 2404       8.206352911202e-12 
 2405       8.205364999886e-12 
 2406       8.204186595813e-12 
 2407       8.202811913373e-12 
 2408       8.201235148878e-12 
 2409       8.199450480538e-12 
 2410       8.197452068446e-12 
 2411       8.195234054558e-12 
 2412       8.192790562674e-12 
 2413       8.190115698423e-12 
 2414       8.187203549241e-12 
 2415       8.184048184355e-12 
 2416       8.180643654762e-12 
 2417       8.176983993213e-12 
 2418       8.173063214193e-12 
 2419       8.168875313907e-12 
 2420       8.164414270253e-12 
 2421       8.159674042811e-12 
 2422       8.154648572824e-12 
 2423       8.149331783175e-12 
 2424       8.143717578372e-12 
 2425       8.137799844531e-12 
 2426       8.131572449355e-12 
 2427       8.125029242115e-12 
 2428       8.118164053634e-12 
 2429       8.110970696267e-12 
 2430       8.103442963885e-12 
 2431       8.095574631852e-12 
 2432       8.087359457013e-12 
 2433       8.078791177668e-12 
 2434       8.069863513561e-12 
 2435       8.060570165856e-12 
 2436       8.050904817123e-12 
 2437       8.040861131316e-12 
 2438       8.030434346268e-12 
 2439       8.019626061660e-12 
 2440       8.008439479770e-12 
 2441       7.996877815586e-12 
 2442       7.984944296823e-12 
 2443       7.972642163932e-12 
 2444       7.959974670117e-12 
 2445       7.946945081347e-12 
 2446       7.933556676372e-12 
 2447       7.919812746734e-12 
 2448       7.905716596782e-12 
 2449       7.891271543687e-12 
 2450       7.876480917453e-12 
 2451       7.861348060934e-12 
 2452       7.845876329845e-12 
 2453       7.830069092777e-12 
 2454       7.813929731210e-12 
 2455       7.797461639529e-12 
 2456       7.780668225035e-12 
 2457       7.763552907958e-12 
 2458       7.746119121477e-12 
 2459       7.728370311725e-12 
 2460       7.710309937809e-12 
 2461       7.691941471823e-12 
 2462       7.673268398858e-12 
 2463       7.654294217021e-12 
 2464       7.635022437444e-12 
 2465       7.615456584300e-12 
 2466       7.595600194819e-12 
 2467       7.575456819296e-12 
 2468       7.555030021111e-12 
 2469       7.534323376738e-12 
 2470       7.513340475761e-12 
 2471       7.492084920889e-12 
 2472       7.470560327966e-12 
 2473       7.448770325987e-12 
 2474       7.426718557114e-12 
 2475       7.404408676685e-12 
 2476       7.381844353231e-12 
 2477       7.359028127880e-12 
 2478       7.335957985170e-12 
 2479       7.312630761994e-12 
 2480       7.289043286358e-12 
 2481       7.265192377372e-12 
 2482       7.241074845240e-12 
 2483       7.216687491256e-12 
 2484       7.192027107790e-12 
 2485       7.167090478285e-12 
 2486       7.141874377244e-12 
 2487       7.116375570222e-12 
 2488       7.090590813822e-12 
 2489       7.064516855679e-12 
 2490       7.038150434457e-12 
 2491       7.011488279841e-12 
 2492       6.984527112524e-12 
 2493       6.957263644200e-12 
 2494       6.929694577558e-12 
 2495       6.901816606272e-12 
 2496       6.873626414991e-12 
 2497       6.845120679333e-12 
 2498       6.816296065872e-12 
 2499       6.787149232137e-12 
 2500       6.757676826595e-12 
