# dimensionless total [l(l+1)/2pi] C_l's
# for l=2 to 2500, i.e. number of multipoles equal to 2499
#
# -> if you prefer output in CAMB/HealPix/LensPix units/order, set 'format' to 'camb' in input file
# -> if you don't want to see such a header, set 'headers' to 'no' in input file
#
# 1:l     2:TT                 
    2       2.397925446291e-10 
    3       2.076645006898e-10 
    4       1.841922411143e-10 
    5       1.676829667085e-10 
    6       1.560993033860e-10 
    7       1.479899580798e-10 
    8       1.423474676862e-10 
    9       1.384460444516e-10 
   10       1.358387976096e-10 
   11       1.342119622511e-10 
   12       1.333284085331e-10 
   13       1.330351746649e-10 
   14       1.332208036363e-10 
   15       1.337445875965e-10 
   16       1.345851594737e-10 
   17       1.357698610427e-10 
   18       1.371740593135e-10 
   19       1.387815747556e-10 
   20       1.405531305171e-10 
   21       1.424949128057e-10 
   22       1.445869633869e-10 
   23       1.468250468594e-10 
   24       1.491811975362e-10 
   25       1.516431539050e-10 
   26       1.541882279016e-10 
   27       1.568289668623e-10 
   28       1.595705404923e-10 
   29       1.624005533066e-10 
   30       1.653210713667e-10 
   31       1.683247758623e-10 
   32       1.713934436627e-10 
   33       1.745296449164e-10 
   34       1.777339772873e-10 
   35       1.810000302001e-10 
   36       1.843301438568e-10 
   37       1.877233167818e-10 
   38       1.911698695347e-10 
   39       1.946571599911e-10 
   40       1.981912884456e-10 
   41       2.017812691588e-10 
   42       2.054326427047e-10 
   43       2.091478438245e-10 
   44       2.129284108205e-10 
   45       2.167727757479e-10 
   46       2.206751985940e-10 
   47       2.246254080359e-10 
   48       2.286124484327e-10 
   49       2.326383413610e-10 
   50       2.367076578810e-10 
   51       2.408235074555e-10 
   52       2.449873933113e-10 
   53       2.492000048862e-10 
   54       2.534641673381e-10 
   55       2.577823983974e-10 
   56       2.621559346951e-10 
   57       2.665846264149e-10 
   58       2.710668319468e-10 
   59       2.756003726485e-10 
   60       2.801858953142e-10 
   61       2.848241057727e-10 
   62       2.895147094427e-10 
   63       2.942563419210e-10 
   64       2.990464995715e-10 
   65       3.038826231402e-10 
   66       3.087657712433e-10 
   67       3.136976030799e-10 
   68       3.186792575904e-10 
   69       3.237113162974e-10 
   70       3.287937661472e-10 
   71       3.339259623509e-10 
   72       3.391070790416e-10 
   73       3.443376439655e-10 
   74       3.496182325948e-10 
   75       3.549489808342e-10 
   76       3.603295589996e-10 
   77       3.657591457970e-10 
   78       3.712364023007e-10 
   79       3.767594459322e-10 
   80       3.823264143142e-10 
   81       3.879373268507e-10 
   82       3.935925004513e-10 
   83       3.992919735054e-10 
   84       4.050354907847e-10 
   85       4.108224883452e-10 
   86       4.166520784293e-10 
   87       4.225230343686e-10 
   88       4.284337754855e-10 
   89       4.343827185421e-10 
   90       4.403694281783e-10 
   91       4.463936199629e-10 
   92       4.524548004407e-10 
   93       4.585522575261e-10 
   94       4.646850508961e-10 
   95       4.708520023846e-10 
   96       4.770516863752e-10 
   97       4.832824201955e-10 
   98       4.895422545102e-10 
   99       4.958292595879e-10 
  100       5.021424511322e-10 
  101       5.084809783511e-10 
  102       5.148438338382e-10 
  103       5.212298475534e-10 
  104       5.276376808022e-10 
  105       5.340658202160e-10 
  106       5.405125717318e-10 
  107       5.469760545720e-10 
  108       5.534541952247e-10 
  109       5.599447214232e-10 
  110       5.664454072090e-10 
  111       5.729548566821e-10 
  112       5.794718097540e-10 
  113       5.859948965194e-10 
  114       5.925226337039e-10 
  115       5.990534211111e-10 
  116       6.055855380707e-10 
  117       6.121171398855e-10 
  118       6.186462542795e-10 
  119       6.251707778450e-10 
  120       6.316884724903e-10 
  121       6.381969618876e-10 
  122       6.446937279198e-10 
  123       6.511763095128e-10 
  124       6.576429325605e-10 
  125       6.640919460085e-10 
  126       6.705216240125e-10 
  127       6.769301639772e-10 
  128       6.833156845971e-10 
  129       6.896762238960e-10 
  130       6.960097372666e-10 
  131       7.023140955109e-10 
  132       7.085870828796e-10 
  133       7.148263951124e-10 
  134       7.210296374775e-10 
  135       7.271943228118e-10 
  136       7.333178695603e-10 
  137       7.393977710303e-10 
  138       7.454321270679e-10 
  139       7.514191639385e-10 
  140       7.573570671839e-10 
  141       7.632439807493e-10 
  142       7.690780061096e-10 
  143       7.748572013961e-10 
  144       7.805795805232e-10 
  145       7.862431123147e-10 
  146       7.918457196308e-10 
  147       7.973852784944e-10 
  148       8.028596172178e-10 
  149       8.082665155293e-10 
  150       8.136037036997e-10 
  151       8.188688616693e-10 
  152       8.240596181738e-10 
  153       8.291736940771e-10 
  154       8.342093491944e-10 
  155       8.391649755235e-10 
  156       8.440389566336e-10 
  157       8.488296675261e-10 
  158       8.535354744960e-10 
  159       8.581547349927e-10 
  160       8.626857974808e-10 
  161       8.671270013016e-10 
  162       8.714766765341e-10 
  163       8.757331438555e-10 
  164       8.798947144027e-10 
  165       8.839596896332e-10 
  166       8.879263611863e-10 
  167       8.917930107438e-10 
  168       8.955579098911e-10 
  169       8.992193199786e-10 
  170       9.027754919822e-10 
  171       9.062247754493e-10 
  172       9.095659558200e-10 
  173       9.127979450968e-10 
  174       9.159196755953e-10 
  175       9.189301002504e-10 
  176       9.218281929222e-10 
  177       9.246129487026e-10 
  178       9.272833842207e-10 
  179       9.298385379495e-10 
  180       9.322774705116e-10 
  181       9.345992649855e-10 
  182       9.368030272114e-10 
  183       9.388878860980e-10 
  184       9.408529939275e-10 
  185       9.426975266626e-10 
  186       9.444206842524e-10 
  187       9.460216909381e-10 
  188       9.474997955595e-10 
  189       9.488542718610e-10 
  190       9.500844187974e-10 
  191       9.511896187022e-10 
  192       9.521695160248e-10 
  193       9.530238526196e-10 
  194       9.537524115826e-10 
  195       9.543550177460e-10 
  196       9.548315381744e-10 
  197       9.551818826597e-10 
  198       9.554060042167e-10 
  199       9.555038995788e-10 
  200       9.554756096929e-10 
  201       9.553212202153e-10 
  202       9.550408620068e-10 
  203       9.546347116284e-10 
  204       9.541029918365e-10 
  205       9.534459720785e-10 
  206       9.526639689880e-10 
  207       9.517573468806e-10 
  208       9.507265182489e-10 
  209       9.495719442584e-10 
  210       9.482941352424e-10 
  211       9.468936511979e-10 
  212       9.453711022806e-10 
  213       9.437271423007e-10 
  214       9.419624476919e-10 
  215       9.400777380788e-10 
  216       9.380737836234e-10 
  217       9.359514055020e-10 
  218       9.337114763821e-10 
  219       9.313549208998e-10 
  220       9.288827161365e-10 
  221       9.262958920958e-10 
  222       9.235955321809e-10 
  223       9.207827736713e-10 
  224       9.178588081996e-10 
  225       9.148248822291e-10 
  226       9.116822975302e-10 
  227       9.084324116579e-10 
  228       9.050766384284e-10 
  229       9.016164483963e-10 
  230       8.980533693315e-10 
  231       8.943889866963e-10 
  232       8.906249441225e-10 
  233       8.867629438880e-10 
  234       8.828047473942e-10 
  235       8.787521756430e-10 
  236       8.746071097133e-10 
  237       8.703714912387e-10 
  238       8.660472344226e-10 
  239       8.616359551844e-10 
  240       8.571392265292e-10 
  241       8.525586658225e-10 
  242       8.478959350800e-10 
  243       8.431527412585e-10 
  244       8.383308365460e-10 
  245       8.334320186522e-10 
  246       8.284581310988e-10 
  247       8.234110635100e-10 
  248       8.182927519027e-10 
  249       8.131051789770e-10 
  250       8.078503744067e-10 
  251       8.025304151293e-10 
  252       7.971474256367e-10 
  253       7.917035782656e-10 
  254       7.862010934877e-10 
  255       7.806422402002e-10 
  256       7.750293360159e-10 
  257       7.693647475542e-10 
  258       7.636508907307e-10 
  259       7.578902310483e-10 
  260       7.520852838871e-10 
  261       7.462386147948e-10 
  262       7.403528397775e-10 
  263       7.344306255896e-10 
  264       7.284746900243e-10 
  265       7.224878022042e-10 
  266       7.164726203156e-10 
  267       7.104311944533e-10 
  268       7.043654373440e-10 
  269       6.982772844873e-10 
  270       6.921686941713e-10 
  271       6.860416474885e-10 
  272       6.798981483514e-10 
  273       6.737402235080e-10 
  274       6.675699225582e-10 
  275       6.613893179686e-10 
  276       6.552005050890e-10 
  277       6.490056021677e-10 
  278       6.428067503674e-10 
  279       6.366061137809e-10 
  280       6.304058794467e-10 
  281       6.242082573649e-10 
  282       6.180154805126e-10 
  283       6.118298048602e-10 
  284       6.056535093865e-10 
  285       5.994888960949e-10 
  286       5.933382900288e-10 
  287       5.872040392874e-10 
  288       5.810885150415e-10 
  289       5.749941115493e-10 
  290       5.689232461719e-10 
  291       5.628783593892e-10 
  292       5.568619148154e-10 
  293       5.508763992150e-10 
  294       5.449243225184e-10 
  295       5.390082178376e-10 
  296       5.331306414819e-10 
  297       5.272939847064e-10 
  298       5.214998987832e-10 
  299       5.157498419553e-10 
  300       5.100452649416e-10 
  301       5.043876106971e-10 
  302       4.987783141738e-10 
  303       4.932188020806e-10 
  304       4.877104926443e-10 
  305       4.822547953698e-10 
  306       4.768531108004e-10 
  307       4.715068302786e-10 
  308       4.662173357065e-10 
  309       4.609859993060e-10 
  310       4.558141833796e-10 
  311       4.507032400705e-10 
  312       4.456545111233e-10 
  313       4.406693276446e-10 
  314       4.357490098632e-10 
  315       4.308948668905e-10 
  316       4.261081964813e-10 
  317       4.213902847939e-10 
  318       4.167424061508e-10 
  319       4.121658227992e-10 
  320       4.076617846711e-10 
  321       4.032315291442e-10 
  322       3.988762808023e-10 
  323       3.945972511952e-10 
  324       3.903956386001e-10 
  325       3.862726277811e-10 
  326       3.822293897506e-10 
  327       3.782670815288e-10 
  328       3.743868459050e-10 
  329       3.705898111975e-10 
  330       3.668770910144e-10 
  331       3.632497840139e-10 
  332       3.597088624033e-10 
  333       3.562548325534e-10 
  334       3.528880591055e-10 
  335       3.496088745375e-10 
  336       3.464175788041e-10 
  337       3.433144389763e-10 
  338       3.402996888811e-10 
  339       3.373735287411e-10 
  340       3.345361248145e-10 
  341       3.317876090344e-10 
  342       3.291280786488e-10 
  343       3.265575958602e-10 
  344       3.240761874651e-10 
  345       3.216838444940e-10 
  346       3.193805218511e-10 
  347       3.171661379538e-10 
  348       3.150405743722e-10 
  349       3.130036754695e-10 
  350       3.110552480409e-10 
  351       3.091950609538e-10 
  352       3.074228447874e-10 
  353       3.057382914723e-10 
  354       3.041410539301e-10 
  355       3.026307457135e-10 
  356       3.012069406454e-10 
  357       2.998691724594e-10 
  358       2.986169344385e-10 
  359       2.974496790556e-10 
  360       2.963668176130e-10 
  361       2.953677198819e-10 
  362       2.944517137420e-10 
  363       2.936180848218e-10 
  364       2.928660761377e-10 
  365       2.921948877338e-10 
  366       2.916036763218e-10 
  367       2.910915549207e-10 
  368       2.906575924962e-10 
  369       2.903008136006e-10 
  370       2.900201980126e-10 
  371       2.898147516822e-10 
  372       2.896837233625e-10 
  373       2.896263957421e-10 
  374       2.896420146069e-10 
  375       2.897297885417e-10 
  376       2.898888886324e-10 
  377       2.901184481671e-10 
  378       2.904175623382e-10 
  379       2.907852879439e-10 
  380       2.912206430898e-10 
  381       2.917226068910e-10 
  382       2.922901191734e-10 
  383       2.929220801754e-10 
  384       2.936173502500e-10 
  385       2.943747495660e-10 
  386       2.951930578100e-10 
  387       2.960710138880e-10 
  388       2.970073156271e-10 
  389       2.980006194772e-10 
  390       2.990495402127e-10 
  391       3.001526506342e-10 
  392       3.013084812701e-10 
  393       3.025155200786e-10 
  394       3.037722121490e-10 
  395       3.050769594035e-10 
  396       3.064281202992e-10 
  397       3.078240095294e-10 
  398       3.092628977254e-10 
  399       3.107430111585e-10 
  400       3.122625314413e-10 
  401       3.138195952294e-10 
  402       3.154122939236e-10 
  403       3.170386733708e-10 
  404       3.186967335665e-10 
  405       3.203844283559e-10 
  406       3.220996651360e-10 
  407       3.238403045569e-10 
  408       3.256041602239e-10 
  409       3.273889983989e-10 
  410       3.291927655549e-10 
  411       3.310142805270e-10 
  412       3.328525662903e-10 
  413       3.347066241858e-10 
  414       3.365754337847e-10 
  415       3.384579527522e-10 
  416       3.403531167114e-10 
  417       3.422598391071e-10 
  418       3.441770110702e-10 
  419       3.461035012814e-10 
  420       3.480381558350e-10 
  421       3.499797981030e-10 
  422       3.519272285994e-10 
  423       3.538792248434e-10 
  424       3.558345412240e-10 
  425       3.577919088637e-10 
  426       3.597500354825e-10 
  427       3.617076052618e-10 
  428       3.636632787085e-10 
  429       3.656156925186e-10 
  430       3.675634594416e-10 
  431       3.695051681443e-10 
  432       3.714393830747e-10 
  433       3.733646443258e-10 
  434       3.752794674999e-10 
  435       3.771823435722e-10 
  436       3.790717387552e-10 
  437       3.809460943621e-10 
  438       3.828038266713e-10 
  439       3.846433267899e-10 
  440       3.864629605179e-10 
  441       3.882610682122e-10 
  442       3.900359646503e-10 
  443       3.917859388945e-10 
  444       3.935092541559e-10 
  445       3.952041476579e-10 
  446       3.968688305009e-10 
  447       3.985014875254e-10 
  448       4.001002771768e-10 
  449       4.016635811270e-10 
  450       4.031907623144e-10 
  451       4.046814311742e-10 
  452       4.061351981097e-10 
  453       4.075516735047e-10 
  454       4.089304677358e-10 
  455       4.102711911849e-10 
  456       4.115734542508e-10 
  457       4.128368673624e-10 
  458       4.140610409904e-10 
  459       4.152455856596e-10 
  460       4.163901119614e-10 
  461       4.174942305662e-10 
  462       4.185575522352e-10 
  463       4.195796878331e-10 
  464       4.205602483405e-10 
  465       4.214988448657e-10 
  466       4.223950886574e-10 
  467       4.232485911166e-10 
  468       4.240589638096e-10 
  469       4.248258184794e-10 
  470       4.255487670586e-10 
  471       4.262274216814e-10 
  472       4.268613946963e-10 
  473       4.274502986777e-10 
  474       4.279937464388e-10 
  475       4.284913510435e-10 
  476       4.289427258191e-10 
  477       4.293474843680e-10 
  478       4.297052405807e-10 
  479       4.300156086475e-10 
  480       4.302782030710e-10 
  481       4.304926386785e-10 
  482       4.306585306341e-10 
  483       4.307754944512e-10 
  484       4.308431460044e-10 
  485       4.308611015424e-10 
  486       4.308289776997e-10 
  487       4.307463915092e-10 
  488       4.306130945542e-10 
  489       4.304293797981e-10 
  490       4.301956869040e-10 
  491       4.299124692711e-10 
  492       4.295801941144e-10 
  493       4.291993425442e-10 
  494       4.287704096462e-10 
  495       4.282939045610e-10 
  496       4.277703505641e-10 
  497       4.272002851452e-10 
  498       4.265842600883e-10 
  499       4.259228415514e-10 
  500       4.252166101463e-10 
  501       4.244661610179e-10 
  502       4.236721039246e-10 
  503       4.228350633176e-10 
  504       4.219556784208e-10 
  505       4.210346033104e-10 
  506       4.200725069950e-10 
  507       4.190700734949e-10 
  508       4.180280019221e-10 
  509       4.169470065599e-10 
  510       4.158278169430e-10 
  511       4.146711779366e-10 
  512       4.134778498168e-10 
  513       4.122486083499e-10 
  514       4.109842448725e-10 
  515       4.096855663709e-10 
  516       4.083533955609e-10 
  517       4.069885709678e-10 
  518       4.055919470061e-10 
  519       4.041643940587e-10 
  520       4.027067985575e-10 
  521       4.012200630624e-10 
  522       3.997051063417e-10 
  523       3.981628634511e-10 
  524       3.965942858140e-10 
  525       3.950003413013e-10 
  526       3.933820143106e-10 
  527       3.917402714839e-10 
  528       3.900759576561e-10 
  529       3.883898971900e-10 
  530       3.866829281440e-10 
  531       3.849559023368e-10 
  532       3.832096854124e-10 
  533       3.814451569052e-10 
  534       3.796632103046e-10 
  535       3.778647531201e-10 
  536       3.760507069462e-10 
  537       3.742220075273e-10 
  538       3.723796048227e-10 
  539       3.705244630716e-10 
  540       3.686575608576e-10 
  541       3.667798911743e-10 
  542       3.648924614895e-10 
  543       3.629962938107e-10 
  544       3.610924247497e-10 
  545       3.591819055878e-10 
  546       3.572658023403e-10 
  547       3.553451958217e-10 
  548       3.534211817109e-10 
  549       3.514948706154e-10 
  550       3.495673881371e-10 
  551       3.476398749363e-10 
  552       3.457134867974e-10 
  553       3.437893946935e-10 
  554       3.418687848512e-10 
  555       3.399528588159e-10 
  556       3.380428335163e-10 
  557       3.361399413295e-10 
  558       3.342454301462e-10 
  559       3.323605634350e-10 
  560       3.304866203081e-10 
  561       3.286248955854e-10 
  562       3.267766998601e-10 
  563       3.249433595634e-10 
  564       3.231262170293e-10 
  565       3.213266305595e-10 
  566       3.195458292333e-10 
  567       3.177844730998e-10 
  568       3.160430817990e-10 
  569       3.143221788039e-10 
  570       3.126222914310e-10 
  571       3.109439508513e-10 
  572       3.092876921003e-10 
  573       3.076540540891e-10 
  574       3.060435796147e-10 
  575       3.044568153711e-10 
  576       3.028943119593e-10 
  577       3.013566238980e-10 
  578       2.998443096349e-10 
  579       2.983579315563e-10 
  580       2.968980559986e-10 
  581       2.954652532581e-10 
  582       2.940600976025e-10 
  583       2.926831672807e-10 
  584       2.913350445338e-10 
  585       2.900163156058e-10 
  586       2.887275707540e-10 
  587       2.874694042596e-10 
  588       2.862424144385e-10 
  589       2.850472036517e-10 
  590       2.838843783161e-10 
  591       2.827545489149e-10 
  592       2.816583300086e-10 
  593       2.805963402451e-10 
  594       2.795692023705e-10 
  595       2.785775432400e-10 
  596       2.776219938281e-10 
  597       2.767031892395e-10 
  598       2.758217687193e-10 
  599       2.749783756644e-10 
  600       2.741736576332e-10 
  601       2.734082663567e-10 
  602       2.726828577492e-10 
  603       2.719980919186e-10 
  604       2.713546331773e-10 
  605       2.707530122352e-10 
  606       2.701932091147e-10 
  607       2.696750602137e-10 
  608       2.691983951797e-10 
  609       2.687630368747e-10 
  610       2.683688013415e-10 
  611       2.680154977685e-10 
  612       2.677029284556e-10 
  613       2.674308887798e-10 
  614       2.671991671601e-10 
  615       2.670075450237e-10 
  616       2.668557967712e-10 
  617       2.667436897419e-10 
  618       2.666709841797e-10 
  619       2.666374331984e-10 
  620       2.666427827471e-10 
  621       2.666867715759e-10 
  622       2.667691312012e-10 
  623       2.668895858716e-10 
  624       2.670478525327e-10 
  625       2.672436407934e-10 
  626       2.674766528909e-10 
  627       2.677465836562e-10 
  628       2.680531204799e-10 
  629       2.683959432774e-10 
  630       2.687747244547e-10 
  631       2.691891288735e-10 
  632       2.696388138172e-10 
  633       2.701234289558e-10 
  634       2.706426163121e-10 
  635       2.711960102267e-10 
  636       2.717832373235e-10 
  637       2.724039164755e-10 
  638       2.730576587701e-10 
  639       2.737440674748e-10 
  640       2.744627380023e-10 
  641       2.752132578763e-10 
  642       2.759952066971e-10 
  643       2.768081561070e-10 
  644       2.776516347238e-10 
  645       2.785250221415e-10 
  646       2.794276524631e-10 
  647       2.803588490699e-10 
  648       2.813179245777e-10 
  649       2.823041807916e-10 
  650       2.833169086618e-10 
  651       2.843553882384e-10 
  652       2.854188886275e-10 
  653       2.865066679460e-10 
  654       2.876179732775e-10 
  655       2.887520406270e-10 
  656       2.899080948770e-10 
  657       2.910853497424e-10 
  658       2.922830077260e-10 
  659       2.935002600741e-10 
  660       2.947362867316e-10 
  661       2.959902562974e-10 
  662       2.972613259800e-10 
  663       2.985486415527e-10 
  664       2.998513373090e-10 
  665       3.011685360180e-10 
  666       3.024993488798e-10 
  667       3.038428754810e-10 
  668       3.051982037497e-10 
  669       3.065644099113e-10 
  670       3.079405584438e-10 
  671       3.093257020330e-10 
  672       3.107188815278e-10 
  673       3.121191258961e-10 
  674       3.135254521796e-10 
  675       3.149368654495e-10 
  676       3.163523587619e-10 
  677       3.177709131129e-10 
  678       3.191914973943e-10 
  679       3.206130683488e-10 
  680       3.220345705255e-10 
  681       3.234549362352e-10 
  682       3.248730855056e-10 
  683       3.262880056570e-10 
  684       3.276989919819e-10 
  685       3.291054121144e-10 
  686       3.305066268513e-10 
  687       3.319019901281e-10 
  688       3.332908489947e-10 
  689       3.346725435914e-10 
  690       3.360464071246e-10 
  691       3.374117658424e-10 
  692       3.387679390111e-10 
  693       3.401142388903e-10 
  694       3.414499707093e-10 
  695       3.427744326424e-10 
  696       3.440869157853e-10 
  697       3.453867041305e-10 
  698       3.466730745434e-10 
  699       3.479452967378e-10 
  700       3.492026332523e-10 
  701       3.504443394254e-10 
  702       3.516696633720e-10 
  703       3.528778459589e-10 
  704       3.540681207807e-10 
  705       3.552397141354e-10 
  706       3.563918450008e-10 
  707       3.575237250097e-10 
  708       3.586345584262e-10 
  709       3.597235421212e-10 
  710       3.607898655486e-10 
  711       3.618327107207e-10 
  712       3.628512521843e-10 
  713       3.638446569966e-10 
  714       3.648120847009e-10 
  715       3.657526873022e-10 
  716       3.666656092436e-10 
  717       3.675499873817e-10 
  718       3.684049509625e-10 
  719       3.692296215974e-10 
  720       3.700231132387e-10 
  721       3.707845321559e-10 
  722       3.715131046209e-10 
  723       3.722085628439e-10 
  724       3.728707667850e-10 
  725       3.734995771565e-10 
  726       3.740948554275e-10 
  727       3.746564638293e-10 
  728       3.751842653605e-10 
  729       3.756781237924e-10 
  730       3.761379036738e-10 
  731       3.765634703366e-10 
  732       3.769546899010e-10 
  733       3.773114292800e-10 
  734       3.776335561857e-10 
  735       3.779209391336e-10 
  736       3.781734474479e-10 
  737       3.783909512674e-10 
  738       3.785733215496e-10 
  739       3.787204300770e-10 
  740       3.788321494612e-10 
  741       3.789083531492e-10 
  742       3.789489154277e-10 
  743       3.789537114287e-10 
  744       3.789226171346e-10 
  745       3.788555093835e-10 
  746       3.787522658742e-10 
  747       3.786127651716e-10 
  748       3.784368867117e-10 
  749       3.782245108069e-10 
  750       3.779755186512e-10 
  751       3.776897923253e-10 
  752       3.773672148020e-10 
  753       3.770076699510e-10 
  754       3.766110425445e-10 
  755       3.761772182623e-10 
  756       3.757060836967e-10 
  757       3.751975263580e-10 
  758       3.746514346797e-10 
  759       3.740676980235e-10 
  760       3.734462066846e-10 
  761       3.727869368680e-10 
  762       3.720902073937e-10 
  763       3.713564279228e-10 
  764       3.705860144546e-10 
  765       3.697793893499e-10 
  766       3.689369813532e-10 
  767       3.680592256158e-10 
  768       3.671465637187e-10 
  769       3.661994436950e-10 
  770       3.652183200528e-10 
  771       3.642036537982e-10 
  772       3.631559124579e-10 
  773       3.620755701018e-10 
  774       3.609631073663e-10 
  775       3.598190114764e-10 
  776       3.586437762690e-10 
  777       3.574379022155e-10 
  778       3.562018964444e-10 
  779       3.549362727644e-10 
  780       3.536415516870e-10 
  781       3.523182604492e-10 
  782       3.509669330364e-10 
  783       3.495881102052e-10 
  784       3.481823395061e-10 
  785       3.467501753062e-10 
  786       3.452921788121e-10 
  787       3.438089180928e-10 
  788       3.423009681020e-10 
  789       3.407689107016e-10 
  790       3.392133346836e-10 
  791       3.376348357937e-10 
  792       3.360340167535e-10 
  793       3.344114872837e-10 
  794       3.327678641266e-10 
  795       3.311037710687e-10 
  796       3.294198389640e-10 
  797       3.277167057565e-10 
  798       3.259950165027e-10 
  799       3.242554233949e-10 
  800       3.224985775183e-10 
  801       3.207251039132e-10 
  802       3.189356261027e-10 
  803       3.171307743391e-10 
  804       3.153111856240e-10 
  805       3.134775037302e-10 
  806       3.116303792227e-10 
  807       3.097704694802e-10 
  808       3.078984387157e-10 
  809       3.060149579983e-10 
  810       3.041207052745e-10 
  811       3.022163653887e-10 
  812       3.003026301054e-10 
  813       2.983801981295e-10 
  814       2.964497751283e-10 
  815       2.945120737521e-10 
  816       2.925678136560e-10 
  817       2.906177215207e-10 
  818       2.886625310738e-10 
  819       2.867029831112e-10 
  820       2.847398255182e-10 
  821       2.827738132908e-10 
  822       2.808057085567e-10 
  823       2.788362805971e-10 
  824       2.768663058670e-10 
  825       2.748965680174e-10 
  826       2.729278579158e-10 
  827       2.709609736680e-10 
  828       2.689967206388e-10 
  829       2.670359114736e-10 
  830       2.650793661194e-10 
  831       2.631279118463e-10 
  832       2.611823832683e-10 
  833       2.592436223649e-10 
  834       2.573124785024e-10 
  835       2.553898084546e-10 
  836       2.534764764246e-10 
  837       2.515733540658e-10 
  838       2.496813205028e-10 
  839       2.478011789601e-10 
  840       2.459334050122e-10 
  841       2.440783939956e-10 
  842       2.422365440127e-10 
  843       2.404082559382e-10 
  844       2.385939334263e-10 
  845       2.367939829180e-10 
  846       2.350088136480e-10 
  847       2.332388376515e-10 
  848       2.314844697715e-10 
  849       2.297461276657e-10 
  850       2.280242318136e-10 
  851       2.263192055233e-10 
  852       2.246314749391e-10 
  853       2.229614690477e-10 
  854       2.213096196859e-10 
  855       2.196763615475e-10 
  856       2.180621321901e-10 
  857       2.164673720421e-10 
  858       2.148925244101e-10 
  859       2.133380354857e-10 
  860       2.118043543524e-10 
  861       2.102919329929e-10 
  862       2.088012262959e-10 
  863       2.073326920633e-10 
  864       2.058867910171e-10 
  865       2.044639868065e-10 
  866       2.030647460148e-10 
  867       2.016895381667e-10 
  868       2.003388357350e-10 
  869       1.990131141480e-10 
  870       1.977128517961e-10 
  871       1.964385300392e-10 
  872       1.951906332134e-10 
  873       1.939696486383e-10 
  874       1.927760666240e-10 
  875       1.916103804780e-10 
  876       1.904730865121e-10 
  877       1.893646840500e-10 
  878       1.882855810462e-10 
  879       1.872358092111e-10 
  880       1.862153041634e-10 
  881       1.852239993810e-10 
  882       1.842618261929e-10 
  883       1.833287137718e-10 
  884       1.824245891264e-10 
  885       1.815493770938e-10 
  886       1.807030003317e-10 
  887       1.798853793110e-10 
  888       1.790964323078e-10 
  889       1.783360753961e-10 
  890       1.776042224400e-10 
  891       1.769007850861e-10 
  892       1.762256727557e-10 
  893       1.755787926373e-10 
  894       1.749600496789e-10 
  895       1.743693465805e-10 
  896       1.738065837862e-10 
  897       1.732716594767e-10 
  898       1.727644695615e-10 
  899       1.722849076716e-10 
  900       1.718328651515e-10 
  901       1.714082310518e-10 
  902       1.710108921211e-10 
  903       1.706407327990e-10 
  904       1.702976352082e-10 
  905       1.699814791464e-10 
  906       1.696921420794e-10 
  907       1.694294991329e-10 
  908       1.691934230851e-10 
  909       1.689837843589e-10 
  910       1.688004510146e-10 
  911       1.686432887418e-10 
  912       1.685121608519e-10 
  913       1.684069282705e-10 
  914       1.683274495300e-10 
  915       1.682735807614e-10 
  916       1.682451756871e-10 
  917       1.682420431778e-10 
  918       1.682638191987e-10 
  919       1.683100928089e-10 
  920       1.683804483988e-10 
  921       1.684744656756e-10 
  922       1.685917196505e-10 
  923       1.687317806241e-10 
  924       1.688942141736e-10 
  925       1.690785811382e-10 
  926       1.692844376061e-10 
  927       1.695113349006e-10 
  928       1.697588195662e-10 
  929       1.700264333551e-10 
  930       1.703137132135e-10 
  931       1.706201912679e-10 
  932       1.709453948112e-10 
  933       1.712888462895e-10 
  934       1.716500632876e-10 
  935       1.720285585161e-10 
  936       1.724238397974e-10 
  937       1.728354100518e-10 
  938       1.732627672840e-10 
  939       1.737054045696e-10 
  940       1.741628100409e-10 
  941       1.746344668736e-10 
  942       1.751198532731e-10 
  943       1.756184424605e-10 
  944       1.761297026594e-10 
  945       1.766530970814e-10 
  946       1.771880839135e-10 
  947       1.777341163033e-10 
  948       1.782906423460e-10 
  949       1.788571050707e-10 
  950       1.794329424261e-10 
  951       1.800175872677e-10 
  952       1.806104673431e-10 
  953       1.812110052793e-10 
  954       1.818186185681e-10 
  955       1.824327195532e-10 
  956       1.830527439360e-10 
  957       1.836782367997e-10 
  958       1.843087678722e-10 
  959       1.849439031157e-10 
  960       1.855832047161e-10 
  961       1.862262310734e-10 
  962       1.868725367916e-10 
  963       1.875216726689e-10 
  964       1.881731856878e-10 
  965       1.888266190048e-10 
  966       1.894815119405e-10 
  967       1.901373999703e-10 
  968       1.907938147134e-10 
  969       1.914502839236e-10 
  970       1.921063314793e-10 
  971       1.927614773730e-10 
  972       1.934152377019e-10 
  973       1.940671246578e-10 
  974       1.947166465170e-10 
  975       1.953633076305e-10 
  976       1.960066084139e-10 
  977       1.966460453376e-10 
  978       1.972811109167e-10 
  979       1.979112937011e-10 
  980       1.985360782657e-10 
  981       1.991549452001e-10 
  982       1.997673710989e-10 
  983       2.003728285519e-10 
  984       2.009707861336e-10 
  985       2.015607083937e-10 
  986       2.021420558470e-10 
  987       2.027142849636e-10 
  988       2.032768481586e-10 
  989       2.038291937825e-10 
  990       2.043707661108e-10 
  991       2.049010053348e-10 
  992       2.054193475507e-10 
  993       2.059252247504e-10 
  994       2.064180648112e-10 
  995       2.068973616445e-10 
  996       2.073628867891e-10 
  997       2.078144809047e-10 
  998       2.082519838926e-10 
  999       2.086752348949e-10 
 1000       2.090840722930e-10 
 1001       2.094783337057e-10 
 1002       2.098578559880e-10 
 1003       2.102224752300e-10 
 1004       2.105720267547e-10 
 1005       2.109063451171e-10 
 1006       2.112252641026e-10 
 1007       2.115286167254e-10 
 1008       2.118162352273e-10 
 1009       2.120879510758e-10 
 1010       2.123435949633e-10 
 1011       2.125829968049e-10 
 1012       2.128059857376e-10 
 1013       2.130123901183e-10 
 1014       2.132020375228e-10 
 1015       2.133747547438e-10 
 1016       2.135303677901e-10 
 1017       2.136687018846e-10 
 1018       2.137895814631e-10 
 1019       2.138928301727e-10 
 1020       2.139782708704e-10 
 1021       2.140457256217e-10 
 1022       2.140950156991e-10 
 1023       2.141259615807e-10 
 1024       2.141383829484e-10 
 1025       2.141320986869e-10 
 1026       2.141069268821e-10 
 1027       2.140626848195e-10 
 1028       2.139991889826e-10 
 1029       2.139162550520e-10 
 1030       2.138136979035e-10 
 1031       2.136913316066e-10 
 1032       2.135489694233e-10 
 1033       2.133864238064e-10 
 1034       2.132035666877e-10 
 1035       2.130005112778e-10 
 1036       2.127774328320e-10 
 1037       2.125345085984e-10 
 1038       2.122719178242e-10 
 1039       2.119898417602e-10 
 1040       2.116884636664e-10 
 1041       2.113679688172e-10 
 1042       2.110285445068e-10 
 1043       2.106703800546e-10 
 1044       2.102936668102e-10 
 1045       2.098985981589e-10 
 1046       2.094853695270e-10 
 1047       2.090541783869e-10 
 1048       2.086052242628e-10 
 1049       2.081387087355e-10 
 1050       2.076548354482e-10 
 1051       2.071538101114e-10 
 1052       2.066358405084e-10 
 1053       2.061011365005e-10 
 1054       2.055499100323e-10 
 1055       2.049823751373e-10 
 1056       2.043987479426e-10 
 1057       2.037992466748e-10 
 1058       2.031840916650e-10 
 1059       2.025535053540e-10 
 1060       2.019077122980e-10 
 1061       2.012469391733e-10 
 1062       2.005714147823e-10 
 1063       1.998813700582e-10 
 1064       1.991770380706e-10 
 1065       1.984586540307e-10 
 1066       1.977264552967e-10 
 1067       1.969806813790e-10 
 1068       1.962215739456e-10 
 1069       1.954493768272e-10 
 1070       1.946643360228e-10 
 1071       1.938666997046e-10 
 1072       1.930567182237e-10 
 1073       1.922346576074e-10 
 1074       1.914008402413e-10 
 1075       1.905556047519e-10 
 1076       1.896992925712e-10 
 1077       1.888322479430e-10 
 1078       1.879548179302e-10 
 1079       1.870673524214e-10 
 1080       1.861702041371e-10 
 1081       1.852637286370e-10 
 1082       1.843482843265e-10 
 1083       1.834242324633e-10 
 1084       1.824919371641e-10 
 1085       1.815517654116e-10 
 1086       1.806040870608e-10 
 1087       1.796492748460e-10 
 1088       1.786877043872e-10 
 1089       1.777197541974e-10 
 1090       1.767458056884e-10 
 1091       1.757662431784e-10 
 1092       1.747814538981e-10 
 1093       1.737918279977e-10 
 1094       1.727977585536e-10 
 1095       1.717996415748e-10 
 1096       1.707978760100e-10 
 1097       1.697928637541e-10 
 1098       1.687850096549e-10 
 1099       1.677747215198e-10 
 1100       1.667624101227e-10 
 1101       1.657484892104e-10 
 1102       1.647333755094e-10 
 1103       1.637174887328e-10 
 1104       1.627012515868e-10 
 1105       1.616850897774e-10 
 1106       1.606694320174e-10 
 1107       1.596547100325e-10 
 1108       1.586413585686e-10 
 1109       1.576298153983e-10 
 1110       1.566205213275e-10 
 1111       1.556139202022e-10 
 1112       1.546104253708e-10 
 1113       1.536103185755e-10 
 1114       1.526138497455e-10 
 1115       1.516212704243e-10 
 1116       1.506328337735e-10 
 1117       1.496487945757e-10 
 1118       1.486694092385e-10 
 1119       1.476949357975e-10 
 1120       1.467256339200e-10 
 1121       1.457617649086e-10 
 1122       1.448035917041e-10 
 1123       1.438513788896e-10 
 1124       1.429053926934e-10 
 1125       1.419659009930e-10 
 1126       1.410331733179e-10 
 1127       1.401074808537e-10 
 1128       1.391890964452e-10 
 1129       1.382782945998e-10 
 1130       1.373753514911e-10 
 1131       1.364805449624e-10 
 1132       1.355941545300e-10 
 1133       1.347164613867e-10 
 1134       1.338477484053e-10 
 1135       1.329883001419e-10 
 1136       1.321384028398e-10 
 1137       1.312983444323e-10 
 1138       1.304684145464e-10 
 1139       1.296489045068e-10 
 1140       1.288401073383e-10 
 1141       1.280423177703e-10 
 1142       1.272558322395e-10 
 1143       1.264809488936e-10 
 1144       1.257179675951e-10 
 1145       1.249671899241e-10 
 1146       1.242289191822e-10 
 1147       1.235034603959e-10 
 1148       1.227911203199e-10 
 1149       1.220922074407e-10 
 1150       1.214070319799e-10 
 1151       1.207358553085e-10 
 1152       1.200787374790e-10 
 1153       1.194356877641e-10 
 1154       1.188067150693e-10 
 1155       1.181918279318e-10 
 1156       1.175910345197e-10 
 1157       1.170043426303e-10 
 1158       1.164317596893e-10 
 1159       1.158732927498e-10 
 1160       1.153289484908e-10 
 1161       1.147987332164e-10 
 1162       1.142826528544e-10 
 1163       1.137807129557e-10 
 1164       1.132929186923e-10 
 1165       1.128192748569e-10 
 1166       1.123597858617e-10 
 1167       1.119144557369e-10 
 1168       1.114832881298e-10 
 1169       1.110662863038e-10 
 1170       1.106634531371e-10 
 1171       1.102747911213e-10 
 1172       1.099003023611e-10 
 1173       1.095399885723e-10 
 1174       1.091938510812e-10 
 1175       1.088618908230e-10 
 1176       1.085441083415e-10 
 1177       1.082405037869e-10 
 1178       1.079510769156e-10 
 1179       1.076758270884e-10 
 1180       1.074147532701e-10 
 1181       1.071678540274e-10 
 1182       1.069351275287e-10 
 1183       1.067165715424e-10 
 1184       1.065121834360e-10 
 1185       1.063219601750e-10 
 1186       1.061458983217e-10 
 1187       1.059839940339e-10 
 1188       1.058362430642e-10 
 1189       1.057026407584e-10 
 1190       1.055831501281e-10 
 1191       1.054776056394e-10 
 1192       1.053858082404e-10 
 1193       1.053075571763e-10 
 1194       1.052426499859e-10 
 1195       1.051908824975e-10 
 1196       1.051520488254e-10 
 1197       1.051259413659e-10 
 1198       1.051123507934e-10 
 1199       1.051110660567e-10 
 1200       1.051218743752e-10 
 1201       1.051445612348e-10 
 1202       1.051789103844e-10 
 1203       1.052247038318e-10 
 1204       1.052817218402e-10 
 1205       1.053497429240e-10 
 1206       1.054285438452e-10 
 1207       1.055178996095e-10 
 1208       1.056175834625e-10 
 1209       1.057273668858e-10 
 1210       1.058470195932e-10 
 1211       1.059763095269e-10 
 1212       1.061150028538e-10 
 1213       1.062628639614e-10 
 1214       1.064196554540e-10 
 1215       1.065851381492e-10 
 1216       1.067590710736e-10 
 1217       1.069412114594e-10 
 1218       1.071313147402e-10 
 1219       1.073291345476e-10 
 1220       1.075344227068e-10 
 1221       1.077469292333e-10 
 1222       1.079664023288e-10 
 1223       1.081925883774e-10 
 1224       1.084252319419e-10 
 1225       1.086640757597e-10 
 1226       1.089088607393e-10 
 1227       1.091593259561e-10 
 1228       1.094152086490e-10 
 1229       1.096762485351e-10 
 1230       1.099422008193e-10 
 1231       1.102128233318e-10 
 1232       1.104878722199e-10 
 1233       1.107671019448e-10 
 1234       1.110502652775e-10 
 1235       1.113371132958e-10 
 1236       1.116273953807e-10 
 1237       1.119208592129e-10 
 1238       1.122172507693e-10 
 1239       1.125163143193e-10 
 1240       1.128177924217e-10 
 1241       1.131214259210e-10 
 1242       1.134269539440e-10 
 1243       1.137341138962e-10 
 1244       1.140426414583e-10 
 1245       1.143522705829e-10 
 1246       1.146627334907e-10 
 1247       1.149737606675e-10 
 1248       1.152850808602e-10 
 1249       1.155964210736e-10 
 1250       1.159075065669e-10 
 1251       1.162180608499e-10 
 1252       1.165278056802e-10 
 1253       1.168364610589e-10 
 1254       1.171437452278e-10 
 1255       1.174493746652e-10 
 1256       1.177530640833e-10 
 1257       1.180545264239e-10 
 1258       1.183534728553e-10 
 1259       1.186496127690e-10 
 1260       1.189426537756e-10 
 1261       1.192323017020e-10 
 1262       1.195182605873e-10 
 1263       1.198002326800e-10 
 1264       1.200779184337e-10 
 1265       1.203510165043e-10 
 1266       1.206192237462e-10 
 1267       1.208822352088e-10 
 1268       1.211397756921e-10 
 1269       1.213916948180e-10 
 1270       1.216378730481e-10 
 1271       1.218781902230e-10 
 1272       1.221125255614e-10 
 1273       1.223407576586e-10 
 1274       1.225627644857e-10 
 1275       1.227784233884e-10 
 1276       1.229876110855e-10 
 1277       1.231902036684e-10 
 1278       1.233860765995e-10 
 1279       1.235751047110e-10 
 1280       1.237571622044e-10 
 1281       1.239321226485e-10 
 1282       1.240998589789e-10 
 1283       1.242602434966e-10 
 1284       1.244131478670e-10 
 1285       1.245584431187e-10 
 1286       1.246959996422e-10 
 1287       1.248256871891e-10 
 1288       1.249473748707e-10 
 1289       1.250609311570e-10 
 1290       1.251662238756e-10 
 1291       1.252631202103e-10 
 1292       1.253514867003e-10 
 1293       1.254311892388e-10 
 1294       1.255020930722e-10 
 1295       1.255640627986e-10 
 1296       1.256169623668e-10 
 1297       1.256606550753e-10 
 1298       1.256950035710e-10 
 1299       1.257198698481e-10 
 1300       1.257351152470e-10 
 1301       1.257406004531e-10 
 1302       1.257361854960e-10 
 1303       1.257217297476e-10 
 1304       1.256970919219e-10 
 1305       1.256621300732e-10 
 1306       1.256167015953e-10 
 1307       1.255606972274e-10 
 1308       1.254941434922e-10 
 1309       1.254171014014e-10 
 1310       1.253296325542e-10 
 1311       1.252317991378e-10 
 1312       1.251236639293e-10 
 1313       1.250052902965e-10 
 1314       1.248767421994e-10 
 1315       1.247380841915e-10 
 1316       1.245893814209e-10 
 1317       1.244306996314e-10 
 1318       1.242621051642e-10 
 1319       1.240836649589e-10 
 1320       1.238954465546e-10 
 1321       1.236975180913e-10 
 1322       1.234899483115e-10 
 1323       1.232728065606e-10 
 1324       1.230461627892e-10 
 1325       1.228100875534e-10 
 1326       1.225646520168e-10 
 1327       1.223099279512e-10 
 1328       1.220459877382e-10 
 1329       1.217729043703e-10 
 1330       1.214907514523e-10 
 1331       1.211996032023e-10 
 1332       1.208995344531e-10 
 1333       1.205906206536e-10 
 1334       1.202729378698e-10 
 1335       1.199465627862e-10 
 1336       1.196115727070e-10 
 1337       1.192680455573e-10 
 1338       1.189160598845e-10 
 1339       1.185556948595e-10 
 1340       1.181870302778e-10 
 1341       1.178101465611e-10 
 1342       1.174251247581e-10 
 1343       1.170320465461e-10 
 1344       1.166309942321e-10 
 1345       1.162220507542e-10 
 1346       1.158053140215e-10 
 1347       1.153809401027e-10 
 1348       1.149491005093e-10 
 1349       1.145099679014e-10 
 1350       1.140637160900e-10 
 1351       1.136105200394e-10 
 1352       1.131505558689e-10 
 1353       1.126840008553e-10 
 1354       1.122110334354e-10 
 1355       1.117318332075e-10 
 1356       1.112465809343e-10 
 1357       1.107554585446e-10 
 1358       1.102586491359e-10 
 1359       1.097563369761e-10 
 1360       1.092487075062e-10 
 1361       1.087359473425e-10 
 1362       1.082182442781e-10 
 1363       1.076957872862e-10 
 1364       1.071687665212e-10 
 1365       1.066373733218e-10 
 1366       1.061018002126e-10 
 1367       1.055622409066e-10 
 1368       1.050188903072e-10 
 1369       1.044719445109e-10 
 1370       1.039216008086e-10 
 1371       1.033680576887e-10 
 1372       1.028115148389e-10 
 1373       1.022521731482e-10 
 1374       1.016902347097e-10 
 1375       1.011259028221e-10 
 1376       1.005593819925e-10 
 1377       9.999087793817e-11 
 1378       9.942059758902e-11 
 1379       9.884874908969e-11 
 1380       9.827554180176e-11 
 1381       9.770118630598e-11 
 1382       9.712589440447e-11 
 1383       9.654987912287e-11 
 1384       9.597335471263e-11 
 1385       9.539652574578e-11 
 1386       9.481955426909e-11 
 1387       9.424259230754e-11 
 1388       9.366579274170e-11 
 1389       9.308930930925e-11 
 1390       9.251329660653e-11 
 1391       9.193791009004e-11 
 1392       9.136330607796e-11 
 1393       9.078964175167e-11 
 1394       9.021707515729e-11 
 1395       8.964576520717e-11 
 1396       8.907587168143e-11 
 1397       8.850755522948e-11 
 1398       8.794097737153e-11 
 1399       8.737630050013e-11 
 1400       8.681368788166e-11 
 1401       8.625330365788e-11 
 1402       8.569531284745e-11 
 1403       8.513988134741e-11 
 1404       8.458717593476e-11 
 1405       8.403736426794e-11 
 1406       8.349061488835e-11 
 1407       8.294709722190e-11 
 1408       8.240698158051e-11 
 1409       8.187043916361e-11 
 1410       8.133764205972e-11 
 1411       8.080876324791e-11 
 1412       8.028397659935e-11 
 1413       7.976345687883e-11 
 1414       7.924737974627e-11 
 1415       7.873592175824e-11 
 1416       7.822926036952e-11 
 1417       7.772757393454e-11 
 1418       7.723104170898e-11 
 1419       7.673984385125e-11 
 1420       7.625416142402e-11 
 1421       7.577417639575e-11 
 1422       7.530007164217e-11 
 1423       7.483203094787e-11 
 1424       7.437021454758e-11 
 1425       7.391468547237e-11 
 1426       7.346548245008e-11 
 1427       7.302264429690e-11 
 1428       7.258620991752e-11 
 1429       7.215621830510e-11 
 1430       7.173270854145e-11 
 1431       7.131571979703e-11 
 1432       7.090529133105e-11 
 1433       7.050146249153e-11 
 1434       7.010427271542e-11 
 1435       6.971376152862e-11 
 1436       6.932996854606e-11 
 1437       6.895293347181e-11 
 1438       6.858269609913e-11 
 1439       6.821929631055e-11 
 1440       6.786277407792e-11 
 1441       6.751316946253e-11 
 1442       6.717052261514e-11 
 1443       6.683487377609e-11 
 1444       6.650626327534e-11 
 1445       6.618473153258e-11 
 1446       6.587031905726e-11 
 1447       6.556306644872e-11 
 1448       6.526301439620e-11 
 1449       6.497020367899e-11 
 1450       6.468467516641e-11 
 1451       6.440646981798e-11 
 1452       6.413562868343e-11 
 1453       6.387219290279e-11 
 1454       6.361620370648e-11 
 1455       6.336770241535e-11 
 1456       6.312673044082e-11 
 1457       6.289332928485e-11 
 1458       6.266754054013e-11 
 1459       6.244940589007e-11 
 1460       6.223896710889e-11 
 1461       6.203626606174e-11 
 1462       6.184134470472e-11 
 1463       6.165422497217e-11 
 1464       6.147484821834e-11 
 1465       6.130313517049e-11 
 1466       6.113900598567e-11 
 1467       6.098238024965e-11 
 1468       6.083317697595e-11 
 1469       6.069131460469e-11 
 1470       6.055671100161e-11 
 1471       6.042928345696e-11 
 1472       6.030894868449e-11 
 1473       6.019562282040e-11 
 1474       6.008922142224e-11 
 1475       5.998965946790e-11 
 1476       5.989685135454e-11 
 1477       5.981071089755e-11 
 1478       5.973115132949e-11 
 1479       5.965808529902e-11 
 1480       5.959142486987e-11 
 1481       5.953108151980e-11 
 1482       5.947696613949e-11 
 1483       5.942898903155e-11 
 1484       5.938705990944e-11 
 1485       5.935108789642e-11 
 1486       5.932098152448e-11 
 1487       5.929664873333e-11 
 1488       5.927799686930e-11 
 1489       5.926493268431e-11 
 1490       5.925736233483e-11 
 1491       5.925519138079e-11 
 1492       5.925832478457e-11 
 1493       5.926666690992e-11 
 1494       5.928012152090e-11 
 1495       5.929859178087e-11 
 1496       5.932198025138e-11 
 1497       5.935018889117e-11 
 1498       5.938311905507e-11 
 1499       5.942067149298e-11 
 1500       5.946274634882e-11 
 1501       5.950924315944e-11 
 1502       5.956005716650e-11 
 1503       5.961506821471e-11 
 1504       5.967415174340e-11 
 1505       5.973718246251e-11 
 1506       5.980403435138e-11 
 1507       5.987458065748e-11 
 1508       5.994869389518e-11 
 1509       6.002624584451e-11 
 1510       6.010710754986e-11 
 1511       6.019114931878e-11 
 1512       6.027824072073e-11 
 1513       6.036825058581e-11 
 1514       6.046104700351e-11 
 1515       6.055649732148e-11 
 1516       6.065446814427e-11 
 1517       6.075482533207e-11 
 1518       6.085743399951e-11 
 1519       6.096215851433e-11 
 1520       6.106886249620e-11 
 1521       6.117740881546e-11 
 1522       6.128765959184e-11 
 1523       6.139947619323e-11 
 1524       6.151271923444e-11 
 1525       6.162724857594e-11 
 1526       6.174292332261e-11 
 1527       6.185960182250e-11 
 1528       6.197714166558e-11 
 1529       6.209539968247e-11 
 1530       6.221423194324e-11 
 1531       6.233349375610e-11 
 1532       6.245303966619e-11 
 1533       6.257272345433e-11 
 1534       6.269239813576e-11 
 1535       6.281191595890e-11 
 1536       6.293112840407e-11 
 1537       6.304988618231e-11 
 1538       6.316803923405e-11 
 1539       6.328543672792e-11 
 1540       6.340192705948e-11 
 1541       6.351736975451e-11 
 1542       6.363167130499e-11 
 1543       6.374474967079e-11 
 1544       6.385652240540e-11 
 1545       6.396690665521e-11 
 1546       6.407581915894e-11 
 1547       6.418317624693e-11 
 1548       6.428889384053e-11 
 1549       6.439288745142e-11 
 1550       6.449507218101e-11 
 1551       6.459536271975e-11 
 1552       6.469367334648e-11 
 1553       6.478991792783e-11 
 1554       6.488400991753e-11 
 1555       6.497586235575e-11 
 1556       6.506538786852e-11 
 1557       6.515249866701e-11 
 1558       6.523710654691e-11 
 1559       6.531912288780e-11 
 1560       6.539845865247e-11 
 1561       6.547502438630e-11 
 1562       6.554873021659e-11 
 1563       6.561948585193e-11 
 1564       6.568720058154e-11 
 1565       6.575178327464e-11 
 1566       6.581314237978e-11 
 1567       6.587118592420e-11 
 1568       6.592582151320e-11 
 1569       6.597695632946e-11 
 1570       6.602449713241e-11 
 1571       6.606835025761e-11 
 1572       6.610842161605e-11 
 1573       6.614461669352e-11 
 1574       6.617684054999e-11 
 1575       6.620499781893e-11 
 1576       6.622899270669e-11 
 1577       6.624872899180e-11 
 1578       6.626411002441e-11 
 1579       6.627503872555e-11 
 1580       6.628143470826e-11 
 1581       6.628328581543e-11 
 1582       6.628059705781e-11 
 1583       6.627337353579e-11 
 1584       6.626162043959e-11 
 1585       6.624534304938e-11 
 1586       6.622454673553e-11 
 1587       6.619923695871e-11 
 1588       6.616941927013e-11 
 1589       6.613509931167e-11 
 1590       6.609628281606e-11 
 1591       6.605297560710e-11 
 1592       6.600518359976e-11 
 1593       6.595291280042e-11 
 1594       6.589616930701e-11 
 1595       6.583495930920e-11 
 1596       6.576928908858e-11 
 1597       6.569916501880e-11 
 1598       6.562459356578e-11 
 1599       6.554558128789e-11 
 1600       6.546213483609e-11 
 1601       6.537426095413e-11 
 1602       6.528196647872e-11 
 1603       6.518525833971e-11 
 1604       6.508414356025e-11 
 1605       6.497862925698e-11 
 1606       6.486872264020e-11 
 1607       6.475443101404e-11 
 1608       6.463576177663e-11 
 1609       6.451272242031e-11 
 1610       6.438532053175e-11 
 1611       6.425356379217e-11 
 1612       6.411745997750e-11 
 1613       6.397701695854e-11 
 1614       6.383224270115e-11 
 1615       6.368314526644e-11 
 1616       6.352973281092e-11 
 1617       6.337201358667e-11 
 1618       6.320999594154e-11 
 1619       6.304369882273e-11 
 1620       6.287318339094e-11 
 1621       6.269852169228e-11 
 1622       6.251978618134e-11 
 1623       6.233704972195e-11 
 1624       6.215038558774e-11 
 1625       6.195986746288e-11 
 1626       6.176556944268e-11 
 1627       6.156756603425e-11 
 1628       6.136593215719e-11 
 1629       6.116074314421e-11 
 1630       6.095207474180e-11 
 1631       6.074000311088e-11 
 1632       6.052460482748e-11 
 1633       6.030595688334e-11 
 1634       6.008413668663e-11 
 1635       5.985922206257e-11 
 1636       5.963129125407e-11 
 1637       5.940042292244e-11 
 1638       5.916669614799e-11 
 1639       5.893019043071e-11 
 1640       5.869098569093e-11 
 1641       5.844916226996e-11 
 1642       5.820480093077e-11 
 1643       5.795798285861e-11 
 1644       5.770878966169e-11 
 1645       5.745730337185e-11 
 1646       5.720360644516e-11 
 1647       5.694778176265e-11 
 1648       5.668991263090e-11 
 1649       5.643008278274e-11 
 1650       5.616837637786e-11 
 1651       5.590487800353e-11 
 1652       5.563967267520e-11 
 1653       5.537284583717e-11 
 1654       5.510448336326e-11 
 1655       5.483467155745e-11 
 1656       5.456349715454e-11 
 1657       5.429104732081e-11 
 1658       5.401740826098e-11 
 1659       5.374266102433e-11 
 1660       5.346688566289e-11 
 1661       5.319016262233e-11 
 1662       5.291257274262e-11 
 1663       5.263419725854e-11 
 1664       5.235511780036e-11 
 1665       5.207541639435e-11 
 1666       5.179517546346e-11 
 1667       5.151447782785e-11 
 1668       5.123340670551e-11 
 1669       5.095204571286e-11 
 1670       5.067047886532e-11 
 1671       5.038879057794e-11 
 1672       5.010706566597e-11 
 1673       4.982538934546e-11 
 1674       4.954384723385e-11 
 1675       4.926252535058e-11 
 1676       4.898151011767e-11 
 1677       4.870088836032e-11 
 1678       4.842074730751e-11 
 1679       4.814117459257e-11 
 1680       4.786225825383e-11 
 1681       4.758408673513e-11 
 1682       4.730674888651e-11 
 1683       4.703033396473e-11 
 1684       4.675493163389e-11 
 1685       4.648063196604e-11 
 1686       4.620752544176e-11 
 1687       4.593570295076e-11 
 1688       4.566525579245e-11 
 1689       4.539627567658e-11 
 1690       4.512885472380e-11 
 1691       4.486308546627e-11 
 1692       4.459906084823e-11 
 1693       4.433687422665e-11 
 1694       4.407661937175e-11 
 1695       4.381839046767e-11 
 1696       4.356228211300e-11 
 1697       4.330837926047e-11 
 1698       4.305672693986e-11 
 1699       4.280736027520e-11 
 1700       4.256031452223e-11 
 1701       4.231562506855e-11 
 1702       4.207332743381e-11 
 1703       4.183345726988e-11 
 1704       4.159605036104e-11 
 1705       4.136114262412e-11 
 1706       4.112877010872e-11 
 1707       4.089896899735e-11 
 1708       4.067177560563e-11 
 1709       4.044722638244e-11 
 1710       4.022535791014e-11 
 1711       4.000620690470e-11 
 1712       3.978981021587e-11 
 1713       3.957620482743e-11 
 1714       3.936542785727e-11 
 1715       3.915751655762e-11 
 1716       3.895250831524e-11 
 1717       3.875044065154e-11 
 1718       3.855135122280e-11 
 1719       3.835527782034e-11 
 1720       3.816225837067e-11 
 1721       3.797233093571e-11 
 1722       3.778553371290e-11 
 1723       3.760190503547e-11 
 1724       3.742148337251e-11 
 1725       3.724430732922e-11 
 1726       3.707041564706e-11 
 1727       3.689984720394e-11 
 1728       3.673264101436e-11 
 1729       3.656883622962e-11 
 1730       3.640847213800e-11 
 1731       3.625158816490e-11 
 1732       3.609822387304e-11 
 1733       3.594841896264e-11 
 1734       3.580221327159e-11 
 1735       3.565964677561e-11 
 1736       3.552074894333e-11 
 1737       3.538550670298e-11 
 1738       3.525389620601e-11 
 1739       3.512589344752e-11 
 1740       3.500147426597e-11 
 1741       3.488061434294e-11 
 1742       3.476328920289e-11 
 1743       3.464947421289e-11 
 1744       3.453914458241e-11 
 1745       3.443227536305e-11 
 1746       3.432884144826e-11 
 1747       3.422881757317e-11 
 1748       3.413217831427e-11 
 1749       3.403889808919e-11 
 1750       3.394895115645e-11 
 1751       3.386231161522e-11 
 1752       3.377895340507e-11 
 1753       3.369885030570e-11 
 1754       3.362197593672e-11 
 1755       3.354830375740e-11 
 1756       3.347780706639e-11 
 1757       3.341045900151e-11 
 1758       3.334623253948e-11 
 1759       3.328510049569e-11 
 1760       3.322703552394e-11 
 1761       3.317201011619e-11 
 1762       3.311999660230e-11 
 1763       3.307096714983e-11 
 1764       3.302489376372e-11 
 1765       3.298174828613e-11 
 1766       3.294150239610e-11 
 1767       3.290412760936e-11 
 1768       3.286959527808e-11 
 1769       3.283787659060e-11 
 1770       3.280894257119e-11 
 1771       3.278276407980e-11 
 1772       3.275931181184e-11 
 1773       3.273855629787e-11 
 1774       3.272046790343e-11 
 1775       3.270501245346e-11 
 1776       3.269213806685e-11 
 1777       3.268178821289e-11 
 1778       3.267390607626e-11 
 1779       3.266843455664e-11 
 1780       3.266531626827e-11 
 1781       3.266449353954e-11 
 1782       3.266590841258e-11 
 1783       3.266950264287e-11 
 1784       3.267521769876e-11 
 1785       3.268299476113e-11 
 1786       3.269277472294e-11 
 1787       3.270449818879e-11 
 1788       3.271810547456e-11 
 1789       3.273353660697e-11 
 1790       3.275073132315e-11 
 1791       3.276962907024e-11 
 1792       3.279016900499e-11 
 1793       3.281228999331e-11 
 1794       3.283593060990e-11 
 1795       3.286102913780e-11 
 1796       3.288752356798e-11 
 1797       3.291535159894e-11 
 1798       3.294445063630e-11 
 1799       3.297475779236e-11 
 1800       3.300620988569e-11 
 1801       3.303874344075e-11 
 1802       3.307229468743e-11 
 1803       3.310679956068e-11 
 1804       3.314219370003e-11 
 1805       3.317841244926e-11 
 1806       3.321539085593e-11 
 1807       3.325306367095e-11 
 1808       3.329136534824e-11 
 1809       3.333023004423e-11 
 1810       3.336959161751e-11 
 1811       3.340938362837e-11 
 1812       3.344953933843e-11 
 1813       3.348999171017e-11 
 1814       3.353067685678e-11 
 1815       3.357154442273e-11 
 1816       3.361254728610e-11 
 1817       3.365363811566e-11 
 1818       3.369476937061e-11 
 1819       3.373589330026e-11 
 1820       3.377696194378e-11 
 1821       3.381792712987e-11 
 1822       3.385874047650e-11 
 1823       3.389935339060e-11 
 1824       3.393971706782e-11 
 1825       3.397978249215e-11 
 1826       3.401950043574e-11 
 1827       3.405882145851e-11 
 1828       3.409769590794e-11 
 1829       3.413607391874e-11 
 1830       3.417390541256e-11 
 1831       3.421114009774e-11 
 1832       3.424772746897e-11 
 1833       3.428361680702e-11 
 1834       3.431875717847e-11 
 1835       3.435309743542e-11 
 1836       3.438658621515e-11 
 1837       3.441917193991e-11 
 1838       3.445080281656e-11 
 1839       3.448142683633e-11 
 1840       3.451099177451e-11 
 1841       3.453944519017e-11 
 1842       3.456673442584e-11 
 1843       3.459280660728e-11 
 1844       3.461760864315e-11 
 1845       3.464108722472e-11 
 1846       3.466318882559e-11 
 1847       3.468385970142e-11 
 1848       3.470304588960e-11 
 1849       3.472069320901e-11 
 1850       3.473674725968e-11 
 1851       3.475115342255e-11 
 1852       3.476385685915e-11 
 1853       3.477481008933e-11 
 1854       3.478399579050e-11 
 1855       3.479140417789e-11 
 1856       3.479702544282e-11 
 1857       3.480084975272e-11 
 1858       3.480286725108e-11 
 1859       3.480306805744e-11 
 1860       3.480144226736e-11 
 1861       3.479797995237e-11 
 1862       3.479267116000e-11 
 1863       3.478550591371e-11 
 1864       3.477647421290e-11 
 1865       3.476556603284e-11 
 1866       3.475277132471e-11 
 1867       3.473808001551e-11 
 1868       3.472148200807e-11 
 1869       3.470296718105e-11 
 1870       3.468252538885e-11 
 1871       3.466014646166e-11 
 1872       3.463582020537e-11 
 1873       3.460953640160e-11 
 1874       3.458128480763e-11 
 1875       3.455105515642e-11 
 1876       3.451883715655e-11 
 1877       3.448462049221e-11 
 1878       3.444839482318e-11 
 1879       3.441014978481e-11 
 1880       3.436987498797e-11 
 1881       3.432756001907e-11 
 1882       3.428319443997e-11 
 1883       3.423676778804e-11 
 1884       3.418826957606e-11 
 1885       3.413768929223e-11 
 1886       3.408501640018e-11 
 1887       3.403024033886e-11 
 1888       3.397335052259e-11 
 1889       3.391433634101e-11 
 1890       3.385318715907e-11 
 1891       3.378989231696e-11 
 1892       3.372444728242e-11 
 1893       3.365687215947e-11 
 1894       3.358719332277e-11 
 1895       3.351543727855e-11 
 1896       3.344163066473e-11 
 1897       3.336580025119e-11 
 1898       3.328797293986e-11 
 1899       3.320817576499e-11 
 1900       3.312643589324e-11 
 1901       3.304278062396e-11 
 1902       3.295723738930e-11 
 1903       3.286983375440e-11 
 1904       3.278059741763e-11 
 1905       3.268955621068e-11 
 1906       3.259673809883e-11 
 1907       3.250217118108e-11 
 1908       3.240588369034e-11 
 1909       3.230790399363e-11 
 1910       3.220826059224e-11 
 1911       3.210698212193e-11 
 1912       3.200409735309e-11 
 1913       3.189963519095e-11 
 1914       3.179362467576e-11 
 1915       3.168609498293e-11 
 1916       3.157707542326e-11 
 1917       3.146659544310e-11 
 1918       3.135468462455e-11 
 1919       3.124137268562e-11 
 1920       3.112668948040e-11 
 1921       3.101066499931e-11 
 1922       3.089332936918e-11 
 1923       3.077471285354e-11 
 1924       3.065484585270e-11 
 1925       3.053375890403e-11 
 1926       3.041148268205e-11 
 1927       3.028804799869e-11 
 1928       3.016348580342e-11 
 1929       3.003782718344e-11 
 1930       2.991110336389e-11 
 1931       2.978334688150e-11 
 1932       2.965459511492e-11 
 1933       2.952488678152e-11 
 1934       2.939426076653e-11 
 1935       2.926275612328e-11 
 1936       2.913041207342e-11 
 1937       2.899726800711e-11 
 1938       2.886336348330e-11 
 1939       2.872873822988e-11 
 1940       2.859343214394e-11 
 1941       2.845748529198e-11 
 1942       2.832093791014e-11 
 1943       2.818383040441e-11 
 1944       2.804620335085e-11 
 1945       2.790809749580e-11 
 1946       2.776955375613e-11 
 1947       2.763061321943e-11 
 1948       2.749131714424e-11 
 1949       2.735170696028e-11 
 1950       2.721182426865e-11 
 1951       2.707171084206e-11 
 1952       2.693140862505e-11 
 1953       2.679095973423e-11 
 1954       2.665040645845e-11 
 1955       2.650979125908e-11 
 1956       2.636915677016e-11 
 1957       2.622854579870e-11 
 1958       2.608800132483e-11 
 1959       2.594756650206e-11 
 1960       2.580728465750e-11 
 1961       2.566719929206e-11 
 1962       2.552735408066e-11 
 1963       2.538779287249e-11 
 1964       2.524855969121e-11 
 1965       2.510969873516e-11 
 1966       2.497125437758e-11 
 1967       2.483327116685e-11 
 1968       2.469579382670e-11 
 1969       2.455886725641e-11 
 1970       2.442253300575e-11 
 1971       2.428681867060e-11 
 1972       2.415174841895e-11 
 1973       2.401734650920e-11 
 1974       2.388363729026e-11 
 1975       2.375064520166e-11 
 1976       2.361839477365e-11 
 1977       2.348691062734e-11 
 1978       2.335621747478e-11 
 1979       2.322634011908e-11 
 1980       2.309730345453e-11 
 1981       2.296913246671e-11 
 1982       2.284185223259e-11 
 1983       2.271548792064e-11 
 1984       2.259006479098e-11 
 1985       2.246560819541e-11 
 1986       2.234214357760e-11 
 1987       2.221969647318e-11 
 1988       2.209829250982e-11 
 1989       2.197795740736e-11 
 1990       2.185871697793e-11 
 1991       2.174059712608e-11 
 1992       2.162362384882e-11 
 1993       2.150782323581e-11 
 1994       2.139322146941e-11 
 1995       2.127984482485e-11 
 1996       2.116771967028e-11 
 1997       2.105687246692e-11 
 1998       2.094732976916e-11 
 1999       2.083911822467e-11 
 2000       2.073226457452e-11 
 2001       2.062679565328e-11 
 2002       2.052273838912e-11 
 2003       2.042011980395e-11 
 2004       2.031896701351e-11 
 2005       2.021930722748e-11 
 2006       2.012116774962e-11 
 2007       2.002457597784e-11 
 2008       1.992955940432e-11 
 2009       1.983614055241e-11 
 2010       1.974432174659e-11 
 2011       1.965410023177e-11 
 2012       1.956547322639e-11 
 2013       1.947843792239e-11 
 2014       1.939299148516e-11 
 2015       1.930913105352e-11 
 2016       1.922685373967e-11 
 2017       1.914615662913e-11 
 2018       1.906703678076e-11 
 2019       1.898949122665e-11 
 2020       1.891351697212e-11 
 2021       1.883911099568e-11 
 2022       1.876627024897e-11 
 2023       1.869499165674e-11 
 2024       1.862527211681e-11 
 2025       1.855710850001e-11 
 2026       1.849049765016e-11 
 2027       1.842543638403e-11 
 2028       1.836192149128e-11 
 2029       1.829994973447e-11 
 2030       1.823951784894e-11 
 2031       1.818062254286e-11 
 2032       1.812326049711e-11 
 2033       1.806742836530e-11 
 2034       1.801312277370e-11 
 2035       1.796034032120e-11 
 2036       1.790907757931e-11 
 2037       1.785933109205e-11 
 2038       1.781109737597e-11 
 2039       1.776437292010e-11 
 2040       1.771915418586e-11 
 2041       1.767543760711e-11 
 2042       1.763321959002e-11 
 2043       1.759249651311e-11 
 2044       1.755326472714e-11 
 2045       1.751552055512e-11 
 2046       1.747926029224e-11 
 2047       1.744448020586e-11 
 2048       1.741117341286e-11 
 2049       1.737932048756e-11 
 2050       1.734889878660e-11 
 2051       1.731988556530e-11 
 2052       1.729225797754e-11 
 2053       1.726599307564e-11 
 2054       1.724106781020e-11 
 2055       1.721745903000e-11 
 2056       1.719514348186e-11 
 2057       1.717409781051e-11 
 2058       1.715429855846e-11 
 2059       1.713572216587e-11 
 2060       1.711834497043e-11 
 2061       1.710214320724e-11 
 2062       1.708709300865e-11 
 2063       1.707317040414e-11 
 2064       1.706035132022e-11 
 2065       1.704861158026e-11 
 2066       1.703792690442e-11 
 2067       1.702827290943e-11 
 2068       1.701962510855e-11 
 2069       1.701195891140e-11 
 2070       1.700524962382e-11 
 2071       1.699947244778e-11 
 2072       1.699460248120e-11 
 2073       1.699061471789e-11 
 2074       1.698748404735e-11 
 2075       1.698518525466e-11 
 2076       1.698369302041e-11 
 2077       1.698298192048e-11 
 2078       1.698302642597e-11 
 2079       1.698380090307e-11 
 2080       1.698527961289e-11 
 2081       1.698743671139e-11 
 2082       1.699024624919e-11 
 2083       1.699368217148e-11 
 2084       1.699771831791e-11 
 2085       1.700232842238e-11 
 2086       1.700748611302e-11 
 2087       1.701316528646e-11 
 2088       1.701934123413e-11 
 2089       1.702598952363e-11 
 2090       1.703308562486e-11 
 2091       1.704060490989e-11 
 2092       1.704852265281e-11 
 2093       1.705681402968e-11 
 2094       1.706545411834e-11 
 2095       1.707441789835e-11 
 2096       1.708368025083e-11 
 2097       1.709321595835e-11 
 2098       1.710299970484e-11 
 2099       1.711300607544e-11 
 2100       1.712320955637e-11 
 2101       1.713358453486e-11 
 2102       1.714410529900e-11 
 2103       1.715474603761e-11 
 2104       1.716548084014e-11 
 2105       1.717628369657e-11 
 2106       1.718712849725e-11 
 2107       1.719798903279e-11 
 2108       1.720883899397e-11 
 2109       1.721965197162e-11 
 2110       1.723040145644e-11 
 2111       1.724106083897e-11 
 2112       1.725160340940e-11 
 2113       1.726200235749e-11 
 2114       1.727223077245e-11 
 2115       1.728226164280e-11 
 2116       1.729206785626e-11 
 2117       1.730162219966e-11 
 2118       1.731089735876e-11 
 2119       1.731986591820e-11 
 2120       1.732850036133e-11 
 2121       1.733677307013e-11 
 2122       1.734465632505e-11 
 2123       1.735212230493e-11 
 2124       1.735914308686e-11 
 2125       1.736569064607e-11 
 2126       1.737173978564e-11 
 2127       1.737727694795e-11 
 2128       1.738229146368e-11 
 2129       1.738677262742e-11 
 2130       1.739070969763e-11 
 2131       1.739409189663e-11 
 2132       1.739690841053e-11 
 2133       1.739914838919e-11 
 2134       1.740080094618e-11 
 2135       1.740185515878e-11 
 2136       1.740230006786e-11 
 2137       1.740212467791e-11 
 2138       1.740131795697e-11 
 2139       1.739986883659e-11 
 2140       1.739776621179e-11 
 2141       1.739499894102e-11 
 2142       1.739155584613e-11 
 2143       1.738742571230e-11 
 2144       1.738259728802e-11 
 2145       1.737705928508e-11 
 2146       1.737080037845e-11 
 2147       1.736380920632e-11 
 2148       1.735607437001e-11 
 2149       1.734758443394e-11 
 2150       1.733832792561e-11 
 2151       1.732829333552e-11 
 2152       1.731746911718e-11 
 2153       1.730584368701e-11 
 2154       1.729340542435e-11 
 2155       1.728014267139e-11 
 2156       1.726604373315e-11 
 2157       1.725109687742e-11 
 2158       1.723529033472e-11 
 2159       1.721861229827e-11 
 2160       1.720105092396e-11 
 2161       1.718259433027e-11 
 2162       1.716323059827e-11 
 2163       1.714294777156e-11 
 2164       1.712173385623e-11 
 2165       1.709957997096e-11 
 2166       1.707648982071e-11 
 2167       1.705247028702e-11 
 2168       1.702752828369e-11 
 2169       1.700167075686e-11 
 2170       1.697490468502e-11 
 2171       1.694723707908e-11 
 2172       1.691867498238e-11 
 2173       1.688922547075e-11 
 2174       1.685889565252e-11 
 2175       1.682769266861e-11 
 2176       1.679562369253e-11 
 2177       1.676269593043e-11 
 2178       1.672891662115e-11 
 2179       1.669429303622e-11 
 2180       1.665883247998e-11 
 2181       1.662254228952e-11 
 2182       1.658542983482e-11 
 2183       1.654750251869e-11 
 2184       1.650876777690e-11 
 2185       1.646923307816e-11 
 2186       1.642890592419e-11 
 2187       1.638779384973e-11 
 2188       1.634590442262e-11 
 2189       1.630324524381e-11 
 2190       1.625982394742e-11 
 2191       1.621564820074e-11 
 2192       1.617072570432e-11 
 2193       1.612506419200e-11 
 2194       1.607867143090e-11 
 2195       1.603155522154e-11 
 2196       1.598372339781e-11 
 2197       1.593518382705e-11 
 2198       1.588594441006e-11 
 2199       1.583601308118e-11 
 2200       1.578539780830e-11 
 2201       1.573410659289e-11 
 2202       1.568214747008e-11 
 2203       1.562952850865e-11 
 2204       1.557625917693e-11 
 2205       1.552235445013e-11 
 2206       1.546783073032e-11 
 2207       1.541270448322e-11 
 2208       1.535699223826e-11 
 2209       1.530071058861e-11 
 2210       1.524387619133e-11 
 2211       1.518650576737e-11 
 2212       1.512861610169e-11 
 2213       1.507022404332e-11 
 2214       1.501134650543e-11 
 2215       1.495200046539e-11 
 2216       1.489220296490e-11 
 2217       1.483197110997e-11 
 2218       1.477132207110e-11 
 2219       1.471027308325e-11 
 2220       1.464884144601e-11 
 2221       1.458704452359e-11 
 2222       1.452489974495e-11 
 2223       1.446242460386e-11 
 2224       1.439963665894e-11 
 2225       1.433655353380e-11 
 2226       1.427319291704e-11 
 2227       1.420957256238e-11 
 2228       1.414571028870e-11 
 2229       1.408162398014e-11 
 2230       1.401733158613e-11 
 2231       1.395285112153e-11 
 2232       1.388820066664e-11 
 2233       1.382339836730e-11 
 2234       1.375846243499e-11 
 2235       1.369341114684e-11 
 2236       1.362826284576e-11 
 2237       1.356303594049e-11 
 2238       1.349774890569e-11 
 2239       1.343242028197e-11 
 2240       1.336706867602e-11 
 2241       1.330171276066e-11 
 2242       1.323637127489e-11 
 2243       1.317106214238e-11 
 2244       1.310579982044e-11 
 2245       1.304059793387e-11 
 2246       1.297547015506e-11 
 2247       1.291043020406e-11 
 2248       1.284549184864e-11 
 2249       1.278066890431e-11 
 2250       1.271597523438e-11 
 2251       1.265142475006e-11 
 2252       1.258703141043e-11 
 2253       1.252280922257e-11 
 2254       1.245877224156e-11 
 2255       1.239493457056e-11 
 2256       1.233131036086e-11 
 2257       1.226791381192e-11 
 2258       1.220475917143e-11 
 2259       1.214186073535e-11 
 2260       1.207923284801e-11 
 2261       1.201688990209e-11 
 2262       1.195484633873e-11 
 2263       1.189311664756e-11 
 2264       1.183171536674e-11 
 2265       1.177065708305e-11 
 2266       1.170995643190e-11 
 2267       1.164962809742e-11 
 2268       1.158968681248e-11 
 2269       1.153014735877e-11 
 2270       1.147102456682e-11 
 2271       1.141233331609e-11 
 2272       1.135408853500e-11 
 2273       1.129630520099e-11 
 2274       1.123899834056e-11 
 2275       1.118218302935e-11 
 2276       1.112587439215e-11 
 2277       1.107008760300e-11 
 2278       1.101483788520e-11 
 2279       1.096014051141e-11 
 2280       1.090601080365e-11 
 2281       1.085246413339e-11 
 2282       1.079951382279e-11 
 2283       1.074716483373e-11 
 2284       1.069542003840e-11 
 2285       1.064428231443e-11 
 2286       1.059375454489e-11 
 2287       1.054383961827e-11 
 2288       1.049454042854e-11 
 2289       1.044585987509e-11 
 2290       1.039780086279e-11 
 2291       1.035036630195e-11 
 2292       1.030355910834e-11 
 2293       1.025738220322e-11 
 2294       1.021183851329e-11 
 2295       1.016693097076e-11 
 2296       1.012266251329e-11 
 2297       1.007903608404e-11 
 2298       1.003605463164e-11 
 2299       9.993721110237e-12 
 2300       9.952038479456e-12 
 2301       9.911009704427e-12 
 2302       9.870637755785e-12 
 2303       9.830925609673e-12 
 2304       9.791876247747e-12 
 2305       9.753492657179e-12 
 2306       9.715777830662e-12 
 2307       9.678734766416e-12 
 2308       9.642366468189e-12 
 2309       9.606675945261e-12 
 2310       9.571666212452e-12 
 2311       9.537340290124e-12 
 2312       9.503701204183e-12 
 2313       9.470751986086e-12 
 2314       9.438495672845e-12 
 2315       9.406935307030e-12 
 2316       9.376073936774e-12 
 2317       9.345914615776e-12 
 2318       9.316460403306e-12 
 2319       9.287714364212e-12 
 2320       9.259679568916e-12 
 2321       9.232357322250e-12 
 2322       9.205741837707e-12 
 2323       9.179825529601e-12 
 2324       9.154600781155e-12 
 2325       9.130059944471e-12 
 2326       9.106195340490e-12 
 2327       9.082999258959e-12 
 2328       9.060463958396e-12 
 2329       9.038581666053e-12 
 2330       9.017344577883e-12 
 2331       8.996744858504e-12 
 2332       8.976774641162e-12 
 2333       8.957426027697e-12 
 2334       8.938691088509e-12 
 2335       8.920561862520e-12 
 2336       8.903030357142e-12 
 2337       8.886088548239e-12 
 2338       8.869728380093e-12 
 2339       8.853941765367e-12 
 2340       8.838720585073e-12 
 2341       8.824056688534e-12 
 2342       8.809941893350e-12 
 2343       8.796367985362e-12 
 2344       8.783326718617e-12 
 2345       8.770809815334e-12 
 2346       8.758808965864e-12 
 2347       8.747315828663e-12 
 2348       8.736322030249e-12 
 2349       8.725819165169e-12 
 2350       8.715798795968e-12 
 2351       8.706252453147e-12 
 2352       8.697171635132e-12 
 2353       8.688547808236e-12 
 2354       8.680372406629e-12 
 2355       8.672636832296e-12 
 2356       8.665332455005e-12 
 2357       8.658450612273e-12 
 2358       8.651982609328e-12 
 2359       8.645919719075e-12 
 2360       8.640252803477e-12 
 2361       8.634971175193e-12 
 2362       8.630063728808e-12 
 2363       8.625519318729e-12 
 2364       8.621326759147e-12 
 2365       8.617474823988e-12 
 2366       8.613952246873e-12 
 2367       8.610747721075e-12 
 2368       8.607849899472e-12 
 2369       8.605247394508e-12 
 2370       8.602928778146e-12 
 2371       8.600882581827e-12 
 2372       8.599097296425e-12 
 2373       8.597561372205e-12 
 2374       8.596263218777e-12 
 2375       8.595191205056e-12 
 2376       8.594333659217e-12 
 2377       8.593678868650e-12 
 2378       8.593215079920e-12 
 2379       8.592930498720e-12 
 2380       8.592813289830e-12 
 2381       8.592851577073e-12 
 2382       8.593033443270e-12 
 2383       8.593346930200e-12 
 2384       8.593780038553e-12 
 2385       8.594320727889e-12 
 2386       8.594956916593e-12 
 2387       8.595676481831e-12 
 2388       8.596467259512e-12 
 2389       8.597317044235e-12 
 2390       8.598213589255e-12 
 2391       8.599144606435e-12 
 2392       8.600097766200e-12 
 2393       8.601060697501e-12 
 2394       8.602020987764e-12 
 2395       8.602966182852e-12 
 2396       8.603883787017e-12 
 2397       8.604761262862e-12 
 2398       8.605586031292e-12 
 2399       8.606346344907e-12 
 2400       8.607033914073e-12 
 2401       8.607641296793e-12 
 2402       8.608161026698e-12 
 2403       8.608585613031e-12 
 2404       8.608907540612e-12 
 2405       8.609119269822e-12 
 2406       8.609213236570e-12 
 2407       8.609181852272e-12 
 2408       8.609017503827e-12 
 2409       8.608712553587e-12 
 2410       8.608259339335e-12 
 2411       8.607650174261e-12 
 2412       8.606877346934e-12 
 2413       8.605933121277e-12 
 2414       8.604809736543e-12 
 2415       8.603499407291e-12 
 2416       8.601994323357e-12 
 2417       8.600286649831e-12 
 2418       8.598368527034e-12 
 2419       8.596232070489e-12 
 2420       8.593869370897e-12 
 2421       8.591272494112e-12 
 2422       8.588433481117e-12 
 2423       8.585344347996e-12 
 2424       8.581997085912e-12 
 2425       8.578383661080e-12 
 2426       8.574496014740e-12 
 2427       8.570326063135e-12 
 2428       8.565865697487e-12 
 2429       8.561106783964e-12 
 2430       8.556041163665e-12 
 2431       8.550660652587e-12 
 2432       8.544957041605e-12 
 2433       8.538922096440e-12 
 2434       8.532547557644e-12 
 2435       8.525825140565e-12 
 2436       8.518746535327e-12 
 2437       8.511303406802e-12 
 2438       8.503489041489e-12 
 2439       8.495303298986e-12 
 2440       8.486747690205e-12 
 2441       8.477823733174e-12 
 2442       8.468532953052e-12 
 2443       8.458876882132e-12 
 2444       8.448857059853e-12 
 2445       8.438475032801e-12 
 2446       8.427732354728e-12 
 2447       8.416630586550e-12 
 2448       8.405171296359e-12 
 2449       8.393356059433e-12 
 2450       8.381186458239e-12 
 2451       8.368664082447e-12 
 2452       8.355790528932e-12 
 2453       8.342567401786e-12 
 2454       8.328996312327e-12 
 2455       8.315078879103e-12 
 2456       8.300816727900e-12 
 2457       8.286211491757e-12 
 2458       8.271264810964e-12 
 2459       8.255978333079e-12 
 2460       8.240353712929e-12 
 2461       8.224392612623e-12 
 2462       8.208096701557e-12 
 2463       8.191467656424e-12 
 2464       8.174507161220e-12 
 2465       8.157216907254e-12 
 2466       8.139598593155e-12 
 2467       8.121653924879e-12 
 2468       8.103384615721e-12 
 2469       8.084792386316e-12 
 2470       8.065878964656e-12 
 2471       8.046646086088e-12 
 2472       8.027095493332e-12 
 2473       8.007228936481e-12 
 2474       7.987048173014e-12 
 2475       7.966554967802e-12 
 2476       7.945751093114e-12 
 2477       7.924637663977e-12 
 2478       7.903213139917e-12 
 2479       7.881475311420e-12 
 2480       7.859421963505e-12 
 2481       7.837050875720e-12 
 2482       7.814359822140e-12 
 2483       7.791346571356e-12 
 2484       7.768008886475e-12 
 2485       7.744344525113e-12 
 2486       7.720351239390e-12 
 2487       7.696026775926e-12 
 2488       7.671368875836e-12 
 2489       7.646375274723e-12 
 2490       7.621043702676e-12 
 2491       7.595371884262e-12 
 2492       7.569357538523e-12 
 2493       7.542998378972e-12 
 2494       7.516292113584e-12 
 2495       7.489236444796e-12 
 2496       7.461829069498e-12 
 2497       7.434067679031e-12 
 2498       7.405949959178e-12 
 2499       7.377473590164e-12 
 2500       7.348636246649e-12 
