# dimensionless total [l(l+1)/2pi] C_l's
# for l=2 to 2500, i.e. number of multipoles equal to 2499
#
# -> if you prefer output in CAMB/HealPix/LensPix units/order, set 'format' to 'camb' in input file
# -> if you don't want to see such a header, set 'headers' to 'no' in input file
#
# 1:l     2:TT                 
    2       2.567931797403e-10 
    3       2.257335850929e-10 
    4       2.022521690496e-10 
    5       1.851848983549e-10 
    6       1.728065145549e-10 
    7       1.637640731692e-10 
    8       1.570797089158e-10 
    9       1.521758536201e-10 
   10       1.486116642417e-10 
   11       1.460021574177e-10 
   12       1.441676010645e-10 
   13       1.429994403717e-10 
   14       1.423205892757e-10 
   15       1.420565257744e-10 
   16       1.421748439100e-10 
   17       1.426119063085e-10 
   18       1.433125201716e-10 
   19       1.442809493451e-10 
   20       1.454523800284e-10 
   21       1.468172812958e-10 
   22       1.483420222487e-10 
   23       1.500459919554e-10 
   24       1.519276556925e-10 
   25       1.539517118720e-10 
   26       1.560561914590e-10 
   27       1.582535464249e-10 
   28       1.605639054401e-10 
   29       1.629931402021e-10 
   30       1.655236364082e-10 
   31       1.681237947159e-10 
   32       1.707986449740e-10 
   33       1.735548636245e-10 
   34       1.763895259354e-10 
   35       1.793020651911e-10 
   36       1.822842352771e-10 
   37       1.853226064171e-10 
   38       1.884221890227e-10 
   39       1.915891679544e-10 
   40       1.948237482639e-10 
   41       1.981221162344e-10 
   42       2.014846510572e-10 
   43       2.049092935261e-10 
   44       2.083887052060e-10 
   45       2.119137944789e-10 
   46       2.154866597107e-10 
   47       2.191107157952e-10 
   48       2.227868000681e-10 
   49       2.265129322778e-10 
   50       2.302861457964e-10 
   51       2.341091241023e-10 
   52       2.379849507922e-10 
   53       2.419150566097e-10 
   54       2.458990768875e-10 
   55       2.499357773800e-10 
   56       2.540264276841e-10 
   57       2.581720161468e-10 
   58       2.623721561610e-10 
   59       2.666249852333e-10 
   60       2.709270640514e-10 
   61       2.752748286432e-10 
   62       2.796695560905e-10 
   63       2.841133393889e-10 
   64       2.886075820798e-10 
   65       2.931529465966e-10 
   66       2.977493026100e-10 
   67       3.023956753744e-10 
   68       3.070908977989e-10 
   69       3.118358355537e-10 
   70       3.166315221067e-10 
   71       3.214784618376e-10 
   72       3.263765963819e-10 
   73       3.313252709749e-10 
   74       3.363232007957e-10 
   75       3.413684373110e-10 
   76       3.464590354056e-10 
   77       3.515952696207e-10 
   78       3.567777627885e-10 
   79       3.620068021252e-10 
   80       3.672823199452e-10 
   81       3.726038743747e-10 
   82       3.779706300668e-10 
   83       3.833813389146e-10 
   84       3.888347048777e-10 
   85       3.943305901937e-10 
   86       3.998689747011e-10 
   87       4.054495768653e-10 
   88       4.110718409492e-10 
   89       4.167349241825e-10 
   90       4.224376839314e-10 
   91       4.281786648689e-10 
   92       4.339560861444e-10 
   93       4.397681905468e-10 
   94       4.456143799336e-10 
   95       4.514942276434e-10 
   96       4.574071239624e-10 
   97       4.633522682634e-10 
   98       4.693286611444e-10 
   99       4.753350965674e-10 
  100       4.813701539975e-10 
  101       4.874321905418e-10 
  102       4.935193330877e-10 
  103       4.996294704423e-10 
  104       5.057605368368e-10 
  105       5.119114229879e-10 
  106       5.180811740249e-10 
  107       5.242687045110e-10 
  108       5.304727937842e-10 
  109       5.366920812973e-10 
  110       5.429250619592e-10 
  111       5.491700814755e-10 
  112       5.554253316887e-10 
  113       5.616888459194e-10 
  114       5.679584943064e-10 
  115       5.742319791481e-10 
  116       5.805070461932e-10 
  117       5.867821576210e-10 
  118       5.930558925143e-10 
  119       5.993267355097e-10 
  120       6.055930740480e-10 
  121       6.118531956240e-10 
  122       6.181052850363e-10 
  123       6.243474216378e-10 
  124       6.305775765857e-10 
  125       6.367936100909e-10 
  126       6.429932686691e-10 
  127       6.491741823897e-10 
  128       6.553338621268e-10 
  129       6.614698817498e-10 
  130       6.675804531348e-10 
  131       6.736639093299e-10 
  132       6.797185238553e-10 
  133       6.857425092773e-10 
  134       6.917340157815e-10 
  135       6.976911297459e-10 
  136       7.036118723149e-10 
  137       7.094941979722e-10 
  138       7.153359931145e-10 
  139       7.211350746250e-10 
  140       7.268891884463e-10 
  141       7.325960081544e-10 
  142       7.382531335318e-10 
  143       7.438580891410e-10 
  144       7.494084827409e-10 
  145       7.549025011504e-10 
  146       7.603384607858e-10 
  147       7.657146517044e-10 
  148       7.710293370963e-10 
  149       7.762807527764e-10 
  150       7.814671066764e-10 
  151       7.865865783371e-10 
  152       7.916373184005e-10 
  153       7.966174481013e-10 
  154       8.015250587595e-10 
  155       8.063582112722e-10 
  156       8.111149356060e-10 
  157       8.157932302883e-10 
  158       8.203910619002e-10 
  159       8.249063645679e-10 
  160       8.293370394552e-10 
  161       8.336810820699e-10 
  162       8.379369779019e-10 
  163       8.421033409644e-10 
  164       8.461787892059e-10 
  165       8.501619445901e-10 
  166       8.540514331758e-10 
  167       8.578458851976e-10 
  168       8.615439351455e-10 
  169       8.651442218451e-10 
  170       8.686453885378e-10 
  171       8.720460829610e-10 
  172       8.753449574280e-10 
  173       8.785406689081e-10 
  174       8.816318791070e-10 
  175       8.846172545466e-10 
  176       8.874954666452e-10 
  177       8.902651917978e-10 
  178       8.929251114558e-10 
  179       8.954739122076e-10 
  180       8.979103731354e-10 
  181       9.002336354848e-10 
  182       9.024429546348e-10 
  183       9.045376151453e-10 
  184       9.065169311590e-10 
  185       9.083802468030e-10 
  186       9.101269365900e-10 
  187       9.117564058204e-10 
  188       9.132680909833e-10 
  189       9.146614601587e-10 
  190       9.159360134184e-10 
  191       9.170912832281e-10 
  192       9.181268348487e-10 
  193       9.190422667381e-10 
  194       9.198372109524e-10 
  195       9.205113335478e-10 
  196       9.210643349821e-10 
  197       9.214959505163e-10 
  198       9.218059506158e-10 
  199       9.219941413527e-10 
  200       9.220603648067e-10 
  201       9.220045313079e-10 
  202       9.218267178964e-10 
  203       9.215270776784e-10 
  204       9.211058091098e-10 
  205       9.205631564919e-10 
  206       9.198994104670e-10 
  207       9.191149085142e-10 
  208       9.182100354452e-10 
  209       9.171852238996e-10 
  210       9.160409548409e-10 
  211       9.147777580520e-10 
  212       9.133962126310e-10 
  213       9.118969474868e-10 
  214       9.102806418349e-10 
  215       9.085480256928e-10 
  216       9.066998803762e-10 
  217       9.047370389939e-10 
  218       9.026603869442e-10 
  219       9.004708624103e-10 
  220       8.981694568558e-10 
  221       8.957572155208e-10 
  222       8.932352379172e-10 
  223       8.906046783245e-10 
  224       8.878667077632e-10 
  225       8.850223961713e-10 
  226       8.820728236113e-10 
  227       8.790191185126e-10 
  228       8.758624580757e-10 
  229       8.726040686760e-10 
  230       8.692452262682e-10 
  231       8.657872567897e-10 
  232       8.622315365649e-10 
  233       8.585794927092e-10 
  234       8.548326035326e-10 
  235       8.509923989440e-10 
  236       8.470604608551e-10 
  237       8.430384235842e-10 
  238       8.389279742604e-10 
  239       8.347308532273e-10 
  240       8.304488544471e-10 
  241       8.260838259046e-10 
  242       8.216376700111e-10 
  243       8.171123440083e-10 
  244       8.125098603723e-10 
  245       8.078322872177e-10 
  246       8.030817487013e-10 
  247       7.982604254263e-10 
  248       7.933705548460e-10 
  249       7.884144316682e-10 
  250       7.833942906645e-10 
  251       7.783119467669e-10 
  252       7.731691349816e-10 
  253       7.679676262919e-10 
  254       7.627092278377e-10 
  255       7.573957830938e-10 
  256       7.520291720496e-10 
  257       7.466113113879e-10 
  258       7.411441546642e-10 
  259       7.356296924854e-10 
  260       7.300699526892e-10 
  261       7.244670005232e-10 
  262       7.188229388238e-10 
  263       7.131399081952e-10 
  264       7.074200871888e-10 
  265       7.016656924821e-10 
  266       6.958789790575e-10 
  267       6.900622403819e-10 
  268       6.842178085856e-10 
  269       6.783480546410e-10 
  270       6.724553885423e-10 
  271       6.665422594840e-10 
  272       6.606111560405e-10 
  273       6.546646063446e-10 
  274       6.487051782672e-10 
  275       6.427354795959e-10 
  276       6.367581582143e-10 
  277       6.307759022809e-10 
  278       6.247914404086e-10 
  279       6.188073649834e-10 
  280       6.128255916222e-10 
  281       6.068478720595e-10 
  282       6.008759683921e-10 
  283       5.949116529870e-10 
  284       5.889567083886e-10 
  285       5.830129272259e-10 
  286       5.770821121203e-10 
  287       5.711660755927e-10 
  288       5.652666399712e-10 
  289       5.593856372980e-10 
  290       5.535249092373e-10 
  291       5.476863069825e-10 
  292       5.418716911637e-10 
  293       5.360829317548e-10 
  294       5.303219079813e-10 
  295       5.245905082277e-10 
  296       5.188906299442e-10 
  297       5.132241795553e-10 
  298       5.075930723661e-10 
  299       5.019992324702e-10 
  300       4.964445926573e-10 
  301       4.909310943200e-10 
  302       4.854606873618e-10 
  303       4.800353301043e-10 
  304       4.746569891944e-10 
  305       4.693276395120e-10 
  306       4.640492640771e-10 
  307       4.588238539575e-10 
  308       4.536534081762e-10 
  309       4.485399336185e-10 
  310       4.434854449396e-10 
  311       4.384919644721e-10 
  312       4.335613537647e-10 
  313       4.286947997493e-10 
  314       4.238933045519e-10 
  315       4.191578514123e-10 
  316       4.144894043856e-10 
  317       4.098889080421e-10 
  318       4.053572871683e-10 
  319       4.008954464669e-10 
  320       3.965042702576e-10 
  321       3.921846221776e-10 
  322       3.879373448822e-10 
  323       3.837632597450e-10 
  324       3.796631665586e-10 
  325       3.756378432354e-10 
  326       3.716880455076e-10 
  327       3.678145066279e-10 
  328       3.640179370701e-10 
  329       3.602990242297e-10 
  330       3.566584321241e-10 
  331       3.530968010933e-10 
  332       3.496147475006e-10 
  333       3.462128634328e-10 
  334       3.428917164006e-10 
  335       3.396518490396e-10 
  336       3.364937788106e-10 
  337       3.334179976997e-10 
  338       3.304249719197e-10 
  339       3.275151416095e-10 
  340       3.246889205357e-10 
  341       3.219466957923e-10 
  342       3.192888275015e-10 
  343       3.167156485146e-10 
  344       3.142274641116e-10 
  345       3.118245517027e-10 
  346       3.095071605281e-10 
  347       3.072755113590e-10 
  348       3.051297961976e-10 
  349       3.030701370037e-10 
  350       3.010964605929e-10 
  351       2.992086179552e-10 
  352       2.974064244222e-10 
  353       2.956896593272e-10 
  354       2.940580656657e-10 
  355       2.925113497552e-10 
  356       2.910491808961e-10 
  357       2.896711910313e-10 
  358       2.883769744071e-10 
  359       2.871660872328e-10 
  360       2.860380473416e-10 
  361       2.849923338503e-10 
  362       2.840283868200e-10 
  363       2.831456069160e-10 
  364       2.823433550684e-10 
  365       2.816209521320e-10 
  366       2.809776785469e-10 
  367       2.804127739986e-10 
  368       2.799254370780e-10 
  369       2.795148249424e-10 
  370       2.791800529748e-10 
  371       2.789201944448e-10 
  372       2.787342801689e-10 
  373       2.786212981703e-10 
  374       2.785801933394e-10 
  375       2.786098670944e-10 
  376       2.787091770407e-10 
  377       2.788769366322e-10 
  378       2.791119148308e-10 
  379       2.794128357669e-10 
  380       2.797783783996e-10 
  381       2.802071761772e-10 
  382       2.806978166973e-10 
  383       2.812488413667e-10 
  384       2.818587450624e-10 
  385       2.825259757913e-10 
  386       2.832489343505e-10 
  387       2.840259739879e-10 
  388       2.848555439606e-10 
  389       2.857366268252e-10 
  390       2.866683168384e-10 
  391       2.876496773102e-10 
  392       2.886797403791e-10 
  393       2.897575067867e-10 
  394       2.908819456521e-10 
  395       2.920519942468e-10 
  396       2.932665577692e-10 
  397       2.945245091196e-10 
  398       2.958246886745e-10 
  399       2.971659040613e-10 
  400       2.985469299331e-10 
  401       2.999665077436e-10 
  402       3.014233455211e-10 
  403       3.029161176438e-10 
  404       3.044434646142e-10 
  405       3.060039928339e-10 
  406       3.075962743778e-10 
  407       3.092188467697e-10 
  408       3.108702127558e-10 
  409       3.125488400804e-10 
  410       3.142531612599e-10 
  411       3.159815733579e-10 
  412       3.177324377594e-10 
  413       3.195040799459e-10 
  414       3.212947892700e-10 
  415       3.231028187297e-10 
  416       3.249263847435e-10 
  417       3.267636669248e-10 
  418       3.286128078569e-10 
  419       3.304719128671e-10 
  420       3.323390498019e-10 
  421       3.342122488015e-10 
  422       3.360895020742e-10 
  423       3.379687636716e-10 
  424       3.398479492627e-10 
  425       3.417249359090e-10 
  426       3.435975618389e-10 
  427       3.454638717265e-10 
  428       3.473228621775e-10 
  429       3.491737611629e-10 
  430       3.510157847427e-10 
  431       3.528481370018e-10 
  432       3.546700099857e-10 
  433       3.564805836367e-10 
  434       3.582790257293e-10 
  435       3.600644918065e-10 
  436       3.618361251154e-10 
  437       3.635930565433e-10 
  438       3.653344045532e-10 
  439       3.670592751201e-10 
  440       3.687667616666e-10 
  441       3.704559449986e-10 
  442       3.721258932419e-10 
  443       3.737756617770e-10 
  444       3.754042931760e-10 
  445       3.770108171377e-10 
  446       3.785942504239e-10 
  447       3.801535967951e-10 
  448       3.816878469464e-10 
  449       3.831959784433e-10 
  450       3.846769556579e-10 
  451       3.861297297041e-10 
  452       3.875532383743e-10 
  453       3.889464060744e-10 
  454       3.903081437606e-10 
  455       3.916373488744e-10 
  456       3.929329052790e-10 
  457       3.941936831949e-10 
  458       3.954185391361e-10 
  459       3.966063158455e-10 
  460       3.977558422311e-10 
  461       3.988659333020e-10 
  462       3.999353901036e-10 
  463       4.009629996544e-10 
  464       4.019475348811e-10 
  465       4.028877545548e-10 
  466       4.037826098876e-10 
  467       4.046318715469e-10 
  468       4.054355220769e-10 
  469       4.061935510564e-10 
  470       4.069059551482e-10 
  471       4.075727381490e-10 
  472       4.081939110394e-10 
  473       4.087694920335e-10 
  474       4.092995066290e-10 
  475       4.097839876568e-10 
  476       4.102229753307e-10 
  477       4.106165172977e-10 
  478       4.109646686873e-10 
  479       4.112674921616e-10 
  480       4.115250579652e-10 
  481       4.117374439747e-10 
  482       4.119047357489e-10 
  483       4.120270265783e-10 
  484       4.121044175352e-10 
  485       4.121370175234e-10 
  486       4.121249433278e-10 
  487       4.120683196648e-10 
  488       4.119672792314e-10 
  489       4.118219627555e-10 
  490       4.116325190458e-10 
  491       4.113991050413e-10 
  492       4.111218858612e-10 
  493       4.108010348548e-10 
  494       4.104367336513e-10 
  495       4.100291722098e-10 
  496       4.095785488688e-10 
  497       4.090850703961e-10 
  498       4.085489520389e-10 
  499       4.079704175733e-10 
  500       4.073496993542e-10 
  501       4.066870383654e-10 
  502       4.059826842688e-10 
  503       4.052368954551e-10 
  504       4.044499390927e-10 
  505       4.036221510088e-10 
  506       4.027541171258e-10 
  507       4.018464973501e-10 
  508       4.008999662914e-10 
  509       3.999152133412e-10 
  510       3.988929427503e-10 
  511       3.978338737071e-10 
  512       3.967387404152e-10 
  513       3.956082921713e-10 
  514       3.944432934436e-10 
  515       3.932445239490e-10 
  516       3.920127787317e-10 
  517       3.907488682405e-10 
  518       3.894536184074e-10 
  519       3.881278707249e-10 
  520       3.867724823243e-10 
  521       3.853883260535e-10 
  522       3.839762905548e-10 
  523       3.825372803431e-10 
  524       3.810722158836e-10 
  525       3.795820336698e-10 
  526       3.780676863013e-10 
  527       3.765301425619e-10 
  528       3.749703874975e-10 
  529       3.733894224940e-10 
  530       3.717882653551e-10 
  531       3.701679503802e-10 
  532       3.685295284426e-10 
  533       3.668740670672e-10 
  534       3.652026505085e-10 
  535       3.635163798285e-10 
  536       3.618163729745e-10 
  537       3.601037648572e-10 
  538       3.583797074286e-10 
  539       3.566453697598e-10 
  540       3.549019381191e-10 
  541       3.531506160497e-10 
  542       3.513926244477e-10 
  543       3.496292016403e-10 
  544       3.478615127217e-10 
  545       3.460903747380e-10 
  546       3.443165243025e-10 
  547       3.425407077130e-10 
  548       3.407636809931e-10 
  549       3.389862099332e-10 
  550       3.372090701317e-10 
  551       3.354330470366e-10 
  552       3.336589359861e-10 
  553       3.318875422502e-10 
  554       3.301196810717e-10 
  555       3.283561777076e-10 
  556       3.265978674700e-10 
  557       3.248455957675e-10 
  558       3.231002181464e-10 
  559       3.213626003318e-10 
  560       3.196336182687e-10 
  561       3.179141581636e-10 
  562       3.162051165252e-10 
  563       3.145074002058e-10 
  564       3.128219264427e-10 
  565       3.111496228989e-10 
  566       3.094914277049e-10 
  567       3.078482894993e-10 
  568       3.062211674706e-10 
  569       3.046110313976e-10 
  570       3.030188616916e-10 
  571       3.014456494366e-10 
  572       2.998923964312e-10 
  573       2.983601152295e-10 
  574       2.968498291822e-10 
  575       2.953625724782e-10 
  576       2.938993901853e-10 
  577       2.924613382915e-10 
  578       2.910494837467e-10 
  579       2.896649045032e-10 
  580       2.883086895572e-10 
  581       2.869819389901e-10 
  582       2.856857640095e-10 
  583       2.844211355925e-10 
  584       2.831884261777e-10 
  585       2.819878566054e-10 
  586       2.808196464671e-10 
  587       2.796840140936e-10 
  588       2.785811765424e-10 
  589       2.775113495863e-10 
  590       2.764747477002e-10 
  591       2.754715840500e-10 
  592       2.745020704795e-10 
  593       2.735664174991e-10 
  594       2.726648342728e-10 
  595       2.717975286067e-10 
  596       2.709647069363e-10 
  597       2.701665743148e-10 
  598       2.694033344006e-10 
  599       2.686751894454e-10 
  600       2.679823402817e-10 
  601       2.673249863109e-10 
  602       2.667033254911e-10 
  603       2.661175543248e-10 
  604       2.655678678469e-10 
  605       2.650544596123e-10 
  606       2.645775216842e-10 
  607       2.641372446212e-10 
  608       2.637338174659e-10 
  609       2.633674277322e-10 
  610       2.630382613933e-10 
  611       2.627465028696e-10 
  612       2.624923350165e-10 
  613       2.622759391122e-10 
  614       2.620974948455e-10 
  615       2.619571803037e-10 
  616       2.618551719604e-10 
  617       2.617916446634e-10 
  618       2.617667716224e-10 
  619       2.617807243970e-10 
  620       2.618336728843e-10 
  621       2.619257853069e-10 
  622       2.620571314283e-10 
  623       2.622273897334e-10 
  624       2.624361333642e-10 
  625       2.626829262300e-10 
  626       2.629673229644e-10 
  627       2.632888688839e-10 
  628       2.636470999452e-10 
  629       2.640415427035e-10 
  630       2.644717142703e-10 
  631       2.649371222708e-10 
  632       2.654372648024e-10 
  633       2.659716303923e-10 
  634       2.665396979553e-10 
  635       2.671409367515e-10 
  636       2.677748063448e-10 
  637       2.684407565600e-10 
  638       2.691382274411e-10 
  639       2.698666492091e-10 
  640       2.706254422200e-10 
  641       2.714140169222e-10 
  642       2.722317738149e-10 
  643       2.730781034057e-10 
  644       2.739523861683e-10 
  645       2.748539925008e-10 
  646       2.757822826833e-10 
  647       2.767366068358e-10 
  648       2.777163048759e-10 
  649       2.787207064769e-10 
  650       2.797491310257e-10 
  651       2.808008875805e-10 
  652       2.818752748286e-10 
  653       2.829715810446e-10 
  654       2.840890840478e-10 
  655       2.852270511606e-10 
  656       2.863847391658e-10 
  657       2.875613942648e-10 
  658       2.887562520356e-10 
  659       2.899685373903e-10 
  660       2.911974645332e-10 
  661       2.924422557112e-10 
  662       2.937021980042e-10 
  663       2.949765877040e-10 
  664       2.962647115976e-10 
  665       2.975658469305e-10 
  666       2.988792613700e-10 
  667       3.002042129676e-10 
  668       3.015399501226e-10 
  669       3.028857115447e-10 
  670       3.042407262172e-10 
  671       3.056042133602e-10 
  672       3.069753823933e-10 
  673       3.083534328986e-10 
  674       3.097375545840e-10 
  675       3.111269272462e-10 
  676       3.125207207334e-10 
  677       3.139180949086e-10 
  678       3.153181996126e-10 
  679       3.167201746268e-10 
  680       3.181231496365e-10 
  681       3.195262441937e-10 
  682       3.209285676803e-10 
  683       3.223292192711e-10 
  684       3.237272878964e-10 
  685       3.251218522058e-10 
  686       3.265119805306e-10 
  687       3.278967308468e-10 
  688       3.292751507387e-10 
  689       3.306462773612e-10 
  690       3.320091374034e-10 
  691       3.333627470513e-10 
  692       3.347061119508e-10 
  693       3.360382271710e-10 
  694       3.373580771668e-10 
  695       3.386646357423e-10 
  696       3.399568660137e-10 
  697       3.412337203721e-10 
  698       3.424941404470e-10 
  699       3.437370570687e-10 
  700       3.449614993835e-10 
  701       3.461669247665e-10 
  702       3.473528957076e-10 
  703       3.485189712719e-10 
  704       3.496647070895e-10 
  705       3.507896553452e-10 
  706       3.518933647681e-10 
  707       3.529753806215e-10 
  708       3.540352446925e-10 
  709       3.550724952817e-10 
  710       3.560866671929e-10 
  711       3.570772917229e-10 
  712       3.580438966511e-10 
  713       3.589860062293e-10 
  714       3.599031411713e-10 
  715       3.607948186429e-10 
  716       3.616605522512e-10 
  717       3.624998520345e-10 
  718       3.633122244522e-10 
  719       3.640971723742e-10 
  720       3.648541950708e-10 
  721       3.655827882023e-10 
  722       3.662824438088e-10 
  723       3.669526502998e-10 
  724       3.675928924442e-10 
  725       3.682026513596e-10 
  726       3.687814045024e-10 
  727       3.693286256571e-10 
  728       3.698437849263e-10 
  729       3.703263487206e-10 
  730       3.707757797476e-10 
  731       3.711915370025e-10 
  732       3.715730757572e-10 
  733       3.719198475501e-10 
  734       3.722313001760e-10 
  735       3.725068776759e-10 
  736       3.727460203262e-10 
  737       3.729481646288e-10 
  738       3.731127433010e-10 
  739       3.732393009564e-10 
  740       3.733278436751e-10 
  741       3.733784963126e-10 
  742       3.733913874488e-10 
  743       3.733666494023e-10 
  744       3.733044182462e-10 
  745       3.732048338229e-10 
  746       3.730680397590e-10 
  747       3.728941834810e-10 
  748       3.726834162295e-10 
  749       3.724358930752e-10 
  750       3.721517729335e-10 
  751       3.718312185795e-10 
  752       3.714743966637e-10 
  753       3.710814777263e-10 
  754       3.706526362129e-10 
  755       3.701880504893e-10 
  756       3.696879028569e-10 
  757       3.691523795673e-10 
  758       3.685816708378e-10 
  759       3.679759708665e-10 
  760       3.673354778472e-10 
  761       3.666603939844e-10 
  762       3.659509255090e-10 
  763       3.652072826925e-10 
  764       3.644296798630e-10 
  765       3.636183354195e-10 
  766       3.627734718476e-10 
  767       3.618953157344e-10 
  768       3.609840977834e-10 
  769       3.600400528299e-10 
  770       3.590634198559e-10 
  771       3.580544420053e-10 
  772       3.570133665989e-10 
  773       3.559404451496e-10 
  774       3.548359333774e-10 
  775       3.537000912248e-10 
  776       3.525331828712e-10 
  777       3.513354767490e-10 
  778       3.501072899424e-10 
  779       3.488491222710e-10 
  780       3.475615247509e-10 
  781       3.462450554617e-10 
  782       3.449002795705e-10 
  783       3.435277693557e-10 
  784       3.421281042309e-10 
  785       3.407018707689e-10 
  786       3.392496627253e-10 
  787       3.377720810627e-10 
  788       3.362697339743e-10 
  789       3.347432369081e-10 
  790       3.331932125905e-10 
  791       3.316202910503e-10 
  792       3.300251096427e-10 
  793       3.284083130730e-10 
  794       3.267705534205e-10 
  795       3.251124901627e-10 
  796       3.234347901986e-10 
  797       3.217381278732e-10 
  798       3.200231850010e-10 
  799       3.182906508899e-10 
  800       3.165412223653e-10 
  801       3.147756037939e-10 
  802       3.129945071076e-10 
  803       3.111986518270e-10 
  804       3.093887650860e-10 
  805       3.075655816552e-10 
  806       3.057298439659e-10 
  807       3.038823021339e-10 
  808       3.020237139836e-10 
  809       3.001548450716e-10 
  810       2.982764687109e-10 
  811       2.963893659947e-10 
  812       2.944943258199e-10 
  813       2.925921449116e-10 
  814       2.906836278465e-10 
  815       2.887695870772e-10 
  816       2.868508429556e-10 
  817       2.849281770328e-10 
  818       2.830021909944e-10 
  819       2.810734452528e-10 
  820       2.791425054584e-10 
  821       2.772099425156e-10 
  822       2.752763325978e-10 
  823       2.733422571632e-10 
  824       2.714083029703e-10 
  825       2.694750620931e-10 
  826       2.675431319370e-10 
  827       2.656131152541e-10 
  828       2.636856201586e-10 
  829       2.617612601424e-10 
  830       2.598406540906e-10 
  831       2.579244262972e-10 
  832       2.560132064802e-10 
  833       2.541076297971e-10 
  834       2.522083368610e-10 
  835       2.503159737554e-10 
  836       2.484311920500e-10 
  837       2.465546488162e-10 
  838       2.446870066426e-10 
  839       2.428289336505e-10 
  840       2.409811035092e-10 
  841       2.391441954517e-10 
  842       2.373188942904e-10 
  843       2.355058904321e-10 
  844       2.337058798937e-10 
  845       2.319195643178e-10 
  846       2.301476509884e-10 
  847       2.283908528458e-10 
  848       2.266498885025e-10 
  849       2.249254822587e-10 
  850       2.232183641178e-10 
  851       2.215292698016e-10 
  852       2.198589407662e-10 
  853       2.182081242172e-10 
  854       2.165775731255e-10 
  855       2.149680462424e-10 
  856       2.133802123825e-10 
  857       2.118143614521e-10 
  858       2.102706885235e-10 
  859       2.087493891217e-10 
  860       2.072506592241e-10 
  861       2.057746952600e-10 
  862       2.043216941110e-10 
  863       2.028918531102e-10 
  864       2.014853700427e-10 
  865       2.001024431448e-10 
  866       1.987432711043e-10 
  867       1.974080530601e-10 
  868       1.960969886021e-10 
  869       1.948102777712e-10 
  870       1.935481210588e-10 
  871       1.923107194069e-10 
  872       1.910982742078e-10 
  873       1.899109873041e-10 
  874       1.887490609884e-10 
  875       1.876126980029e-10 
  876       1.865021015400e-10 
  877       1.854174752412e-10 
  878       1.843590231975e-10 
  879       1.833269499494e-10 
  880       1.823214604859e-10 
  881       1.813427602454e-10 
  882       1.803910551147e-10 
  883       1.794665514293e-10 
  884       1.785694559731e-10 
  885       1.776999759781e-10 
  886       1.768583191246e-10 
  887       1.760446935405e-10 
  888       1.752593078018e-10 
  889       1.745023709317e-10 
  890       1.737740924011e-10 
  891       1.730746821280e-10 
  892       1.724043504776e-10 
  893       1.717633082619e-10 
  894       1.711517667398e-10 
  895       1.705698620181e-10 
  896       1.700174269041e-10 
  897       1.694942153311e-10 
  898       1.689999776081e-10 
  899       1.685344604086e-10 
  900       1.680974067589e-10 
  901       1.676885560268e-10 
  902       1.673076439098e-10 
  903       1.669544024240e-10 
  904       1.666285598925e-10 
  905       1.663298409337e-10 
  906       1.660579664502e-10 
  907       1.658126536170e-10 
  908       1.655936158702e-10 
  909       1.654005628956e-10 
  910       1.652332006169e-10 
  911       1.650912311847e-10 
  912       1.649743529644e-10 
  913       1.648822605254e-10 
  914       1.648146446291e-10 
  915       1.647711922178e-10 
  916       1.647515864030e-10 
  917       1.647555064538e-10 
  918       1.647826277857e-10 
  919       1.648326219493e-10 
  920       1.649051566181e-10 
  921       1.649998955777e-10 
  922       1.651164987141e-10 
  923       1.652546220023e-10 
  924       1.654139174945e-10 
  925       1.655940333090e-10 
  926       1.657946136187e-10 
  927       1.660152986394e-10 
  928       1.662557246183e-10 
  929       1.665155238230e-10 
  930       1.667943245295e-10 
  931       1.670917510108e-10 
  932       1.674074235257e-10 
  933       1.677409583072e-10 
  934       1.680919576458e-10 
  935       1.684599799943e-10 
  936       1.688445693726e-10 
  937       1.692452652185e-10 
  938       1.696616023737e-10 
  939       1.700931110719e-10 
  940       1.705393169255e-10 
  941       1.709997409129e-10 
  942       1.714738993657e-10 
  943       1.719613039556e-10 
  944       1.724614616819e-10 
  945       1.729738748586e-10 
  946       1.734980411012e-10 
  947       1.740334533145e-10 
  948       1.745795996792e-10 
  949       1.751359636393e-10 
  950       1.757020238892e-10 
  951       1.762772543610e-10 
  952       1.768611242116e-10 
  953       1.774530978096e-10 
  954       1.780526347230e-10 
  955       1.786591897057e-10 
  956       1.792722126853e-10 
  957       1.798911487499e-10 
  958       1.805154381353e-10 
  959       1.811445162121e-10 
  960       1.817778134733e-10 
  961       1.824147555208e-10 
  962       1.830547630530e-10 
  963       1.836972518519e-10 
  964       1.843416327702e-10 
  965       1.849873117184e-10 
  966       1.856336896522e-10 
  967       1.862801625594e-10 
  968       1.869261214472e-10 
  969       1.875709523292e-10 
  970       1.882140362129e-10 
  971       1.888547490867e-10 
  972       1.894924619067e-10 
  973       1.901265927703e-10 
  974       1.907567643185e-10 
  975       1.913826486705e-10 
  976       1.920039154457e-10 
  977       1.926202317579e-10 
  978       1.932312622085e-10 
  979       1.938366688809e-10 
  980       1.944361113336e-10 
  981       1.950292465945e-10 
  982       1.956157291544e-10 
  983       1.961952109610e-10 
  984       1.967673414123e-10 
  985       1.973317673508e-10 
  986       1.978881330568e-10 
  987       1.984360802427e-10 
  988       1.989752480464e-10 
  989       1.995052730252e-10 
  990       2.000257891494e-10 
  991       2.005364277963e-10 
  992       2.010368177441e-10 
  993       2.015265851652e-10 
  994       2.020053536202e-10 
  995       2.024727440519e-10 
  996       2.029283747788e-10 
  997       2.033718614888e-10 
  998       2.038028172334e-10 
  999       2.042208524208e-10 
 1000       2.046255748103e-10 
 1001       2.050165895059e-10 
 1002       2.053934989498e-10 
 1003       2.057559029165e-10 
 1004       2.061033985063e-10 
 1005       2.064355801393e-10 
 1006       2.067520395491e-10 
 1007       2.070523657766e-10 
 1008       2.073361451635e-10 
 1009       2.076029613464e-10 
 1010       2.078523952507e-10 
 1011       2.080840250837e-10 
 1012       2.082974971592e-10 
 1013       2.084927395010e-10 
 1014       2.086697513099e-10 
 1015       2.088285324151e-10 
 1016       2.089690832768e-10 
 1017       2.090914049875e-10 
 1018       2.091954992746e-10 
 1019       2.092813685022e-10 
 1020       2.093490156735e-10 
 1021       2.093984444324e-10 
 1022       2.094296590659e-10 
 1023       2.094426645059e-10 
 1024       2.094374663316e-10 
 1025       2.094140707712e-10 
 1026       2.093724847043e-10 
 1027       2.093127156637e-10 
 1028       2.092347718376e-10 
 1029       2.091386620715e-10 
 1030       2.090243958706e-10 
 1031       2.088919834013e-10 
 1032       2.087414354941e-10 
 1033       2.085727636447e-10 
 1034       2.083859800167e-10 
 1035       2.081810974437e-10 
 1036       2.079581294307e-10 
 1037       2.077170901571e-10 
 1038       2.074579944779e-10 
 1039       2.071808579264e-10 
 1040       2.068856967158e-10 
 1041       2.065725277416e-10 
 1042       2.062413685835e-10 
 1043       2.058922375073e-10 
 1044       2.055251534676e-10 
 1045       2.051401361088e-10 
 1046       2.047372057683e-10 
 1047       2.043163834778e-10 
 1048       2.038776909655e-10 
 1049       2.034211506585e-10 
 1050       2.029467856844e-10 
 1051       2.024546609442e-10 
 1052       2.019450069509e-10 
 1053       2.014180977162e-10 
 1054       2.008742098429e-10 
 1055       2.003136225312e-10 
 1056       1.997366175850e-10 
 1057       1.991434794191e-10 
 1058       1.985344950651e-10 
 1059       1.979099541780e-10 
 1060       1.972701490431e-10 
 1061       1.966153745822e-10 
 1062       1.959459283600e-10 
 1063       1.952621105910e-10 
 1064       1.945642241458e-10 
 1065       1.938525745575e-10 
 1066       1.931274700285e-10 
 1067       1.923892214368e-10 
 1068       1.916381423428e-10 
 1069       1.908745489952e-10 
 1070       1.900987603385e-10 
 1071       1.893110980184e-10 
 1072       1.885118863892e-10 
 1073       1.877014525200e-10 
 1074       1.868801262011e-10 
 1075       1.860482399507e-10 
 1076       1.852061290213e-10 
 1077       1.843541314063e-10 
 1078       1.834925878465e-10 
 1079       1.826218418367e-10 
 1080       1.817422396320e-10 
 1081       1.808541302544e-10 
 1082       1.799578654997e-10 
 1083       1.790537999432e-10 
 1084       1.781422909472e-10 
 1085       1.772236986666e-10 
 1086       1.762983860562e-10 
 1087       1.753667188767e-10 
 1088       1.744290657014e-10 
 1089       1.734857979226e-10 
 1090       1.725372801058e-10 
 1091       1.715838408962e-10 
 1092       1.706258017348e-10 
 1093       1.696634864815e-10 
 1094       1.686972214204e-10 
 1095       1.677273352655e-10 
 1096       1.667541591663e-10 
 1097       1.657780267129e-10 
 1098       1.647992739421e-10 
 1099       1.638182393428e-10 
 1100       1.628352638614e-10 
 1101       1.618506909072e-10 
 1102       1.608648663584e-10 
 1103       1.598781385674e-10 
 1104       1.588908583662e-10 
 1105       1.579033790723e-10 
 1106       1.569160564938e-10 
 1107       1.559292489353e-10 
 1108       1.549433172034e-10 
 1109       1.539586246121e-10 
 1110       1.529755369883e-10 
 1111       1.519944226778e-10 
 1112       1.510156525502e-10 
 1113       1.500396000048e-10 
 1114       1.490666409762e-10 
 1115       1.480971539398e-10 
 1116       1.471315199171e-10 
 1117       1.461701224815e-10 
 1118       1.452133477640e-10 
 1119       1.442615844582e-10 
 1120       1.433152238263e-10 
 1121       1.423746597047e-10 
 1122       1.414402885091e-10 
 1123       1.405125092405e-10 
 1124       1.395917234903e-10 
 1125       1.386783354465e-10 
 1126       1.377727518984e-10 
 1127       1.368753822430e-10 
 1128       1.359866384899e-10 
 1129       1.351068899521e-10 
 1130       1.342363266652e-10 
 1131       1.333750942109e-10 
 1132       1.325233388738e-10 
 1133       1.316812076419e-10 
 1134       1.308488482086e-10 
 1135       1.300264089734e-10 
 1136       1.292140390433e-10 
 1137       1.284118882344e-10 
 1138       1.276201070728e-10 
 1139       1.268388467961e-10 
 1140       1.260682593547e-10 
 1141       1.253084974129e-10 
 1142       1.245597143505e-10 
 1143       1.238220642635e-10 
 1144       1.230957019661e-10 
 1145       1.223807829916e-10 
 1146       1.216774635936e-10 
 1147       1.209859007474e-10 
 1148       1.203062521515e-10 
 1149       1.196386762284e-10 
 1150       1.189833321264e-10 
 1151       1.183403797205e-10 
 1152       1.177099796140e-10 
 1153       1.170922931393e-10 
 1154       1.164874823597e-10 
 1155       1.158957100706e-10 
 1156       1.153171398003e-10 
 1157       1.147519358120e-10 
 1158       1.142002631045e-10 
 1159       1.136622874137e-10 
 1160       1.131381752141e-10 
 1161       1.126280937197e-10 
 1162       1.121322108854e-10 
 1163       1.116506954086e-10 
 1164       1.111837167299e-10 
 1165       1.107314450349e-10 
 1166       1.102940512552e-10 
 1167       1.098717070699e-10 
 1168       1.094645397479e-10 
 1169       1.090724960542e-10 
 1170       1.086954766434e-10 
 1171       1.083333810610e-10 
 1172       1.079861077413e-10 
 1173       1.076535540040e-10 
 1174       1.073356160518e-10 
 1175       1.070321889682e-10 
 1176       1.067431667138e-10 
 1177       1.064684421247e-10 
 1178       1.062079069089e-10 
 1179       1.059614516444e-10 
 1180       1.057289657758e-10 
 1181       1.055103376120e-10 
 1182       1.053054543238e-10 
 1183       1.051142019404e-10 
 1184       1.049364653474e-10 
 1185       1.047721282841e-10 
 1186       1.046210733402e-10 
 1187       1.044831819540e-10 
 1188       1.043583344088e-10 
 1189       1.042464098310e-10 
 1190       1.041472861868e-10 
 1191       1.040608402801e-10 
 1192       1.039869477492e-10 
 1193       1.039254830645e-10 
 1194       1.038763195260e-10 
 1195       1.038393292600e-10 
 1196       1.038143832168e-10 
 1197       1.038013511681e-10 
 1198       1.038001017043e-10 
 1199       1.038105022313e-10 
 1200       1.038324189686e-10 
 1201       1.038657169461e-10 
 1202       1.039102600015e-10 
 1203       1.039659107777e-10 
 1204       1.040325307200e-10 
 1205       1.041099800736e-10 
 1206       1.041981178808e-10 
 1207       1.042967863326e-10 
 1208       1.044057636224e-10 
 1209       1.045248105162e-10 
 1210       1.046536859422e-10 
 1211       1.047921469870e-10 
 1212       1.049399488918e-10 
 1213       1.050968450481e-10 
 1214       1.052625869938e-10 
 1215       1.054369244095e-10 
 1216       1.056196051141e-10 
 1217       1.058103750613e-10 
 1218       1.060089783351e-10 
 1219       1.062151571463e-10 
 1220       1.064286518282e-10 
 1221       1.066492008329e-10 
 1222       1.068765407271e-10 
 1223       1.071104061880e-10 
 1224       1.073505299999e-10 
 1225       1.075966430497e-10 
 1226       1.078484743230e-10 
 1227       1.081057509004e-10 
 1228       1.083681979530e-10 
 1229       1.086355387393e-10 
 1230       1.089074946001e-10 
 1231       1.091837849556e-10 
 1232       1.094641273006e-10 
 1233       1.097482372012e-10 
 1234       1.100358282901e-10 
 1235       1.103266122634e-10 
 1236       1.106202988760e-10 
 1237       1.109165959381e-10 
 1238       1.112152093107e-10 
 1239       1.115158429023e-10 
 1240       1.118181986641e-10 
 1241       1.121219765870e-10 
 1242       1.124268746967e-10 
 1243       1.127325890503e-10 
 1244       1.130388137322e-10 
 1245       1.133452408500e-10 
 1246       1.136515795778e-10 
 1247       1.139576135381e-10 
 1248       1.142631440849e-10 
 1249       1.145679713159e-10 
 1250       1.148718940689e-10 
 1251       1.151747099205e-10 
 1252       1.154762151825e-10 
 1253       1.157762049003e-10 
 1254       1.160744728497e-10 
 1255       1.163708115350e-10 
 1256       1.166650121858e-10 
 1257       1.169568647553e-10 
 1258       1.172461579171e-10 
 1259       1.175326790631e-10 
 1260       1.178162143010e-10 
 1261       1.180965484513e-10 
 1262       1.183734650456e-10 
 1263       1.186467463236e-10 
 1264       1.189161732304e-10 
 1265       1.191815254145e-10 
 1266       1.194425812251e-10 
 1267       1.196991177094e-10 
 1268       1.199509106105e-10 
 1269       1.201977343644e-10 
 1270       1.204393620979e-10 
 1271       1.206755656259e-10 
 1272       1.209061154491e-10 
 1273       1.211307807512e-10 
 1274       1.213493293966e-10 
 1275       1.215615279278e-10 
 1276       1.217671415630e-10 
 1277       1.219659341936e-10 
 1278       1.221576683815e-10 
 1279       1.223421053568e-10 
 1280       1.225190050152e-10 
 1281       1.226881259157e-10 
 1282       1.228492252777e-10 
 1283       1.230020589789e-10 
 1284       1.231463815525e-10 
 1285       1.232819817989e-10 
 1286       1.234087900681e-10 
 1287       1.235267721929e-10 
 1288       1.236358939856e-10 
 1289       1.237361212383e-10 
 1290       1.238274197226e-10 
 1291       1.239097551901e-10 
 1292       1.239830933722e-10 
 1293       1.240473999803e-10 
 1294       1.241026407058e-10 
 1295       1.241487812205e-10 
 1296       1.241857871760e-10 
 1297       1.242136242046e-10 
 1298       1.242322579188e-10 
 1299       1.242416539118e-10 
 1300       1.242417777570e-10 
 1301       1.242325950087e-10 
 1302       1.242140712020e-10 
 1303       1.241861718525e-10 
 1304       1.241488624572e-10 
 1305       1.241021084935e-10 
 1306       1.240458754204e-10 
 1307       1.239801286777e-10 
 1308       1.239048336865e-10 
 1309       1.238199558493e-10 
 1310       1.237254605500e-10 
 1311       1.236213131539e-10 
 1312       1.235074790080e-10 
 1313       1.233839234409e-10 
 1314       1.232506117628e-10 
 1315       1.231075092659e-10 
 1316       1.229545812243e-10 
 1317       1.227917928940e-10 
 1318       1.226191095130e-10 
 1319       1.224364963017e-10 
 1320       1.222439184625e-10 
 1321       1.220413411804e-10 
 1322       1.218287296224e-10 
 1323       1.216060489384e-10 
 1324       1.213732908216e-10 
 1325       1.211305535132e-10 
 1326       1.208779626814e-10 
 1327       1.206156449430e-10 
 1328       1.203437278649e-10 
 1329       1.200623399660e-10 
 1330       1.197716107193e-10 
 1331       1.194716705537e-10 
 1332       1.191626508560e-10 
 1333       1.188446839725e-10 
 1334       1.185179032113e-10 
 1335       1.181824428438e-10 
 1336       1.178384381072e-10 
 1337       1.174860252056e-10 
 1338       1.171253413125e-10 
 1339       1.167565245726e-10 
 1340       1.163797141033e-10 
 1341       1.159950499973e-10 
 1342       1.156026733239e-10 
 1343       1.152027261311e-10 
 1344       1.147953514477e-10 
 1345       1.143806932847e-10 
 1346       1.139588966379e-10 
 1347       1.135301074890e-10 
 1348       1.130944728084e-10 
 1349       1.126521405562e-10 
 1350       1.122032596847e-10 
 1351       1.117479801401e-10 
 1352       1.112864528644e-10 
 1353       1.108188297975e-10 
 1354       1.103452638786e-10 
 1355       1.098659090486e-10 
 1356       1.093809202519e-10 
 1357       1.088904534381e-10 
 1358       1.083946655640e-10 
 1359       1.078937145957e-10 
 1360       1.073877595101e-10 
 1361       1.068769602972e-10 
 1362       1.063614779618e-10 
 1363       1.058414766147e-10 
 1364       1.053171297674e-10 
 1365       1.047886141090e-10 
 1366       1.042561074247e-10 
 1367       1.037197885978e-10 
 1368       1.031798376121e-10 
 1369       1.026364355534e-10 
 1370       1.020897646122e-10 
 1371       1.015400080851e-10 
 1372       1.009873503773e-10 
 1373       1.004319770042e-10 
 1374       9.987407459405e-11 
 1375       9.931383088924e-11 
 1376       9.875143474894e-11 
 1377       9.818707615083e-11 
 1378       9.762094619323e-11 
 1379       9.705323709713e-11 
 1380       9.648414220818e-11 
 1381       9.591385599880e-11 
 1382       9.534257407015e-11 
 1383       9.477049315419e-11 
 1384       9.419781111572e-11 
 1385       9.362472695443e-11 
 1386       9.305144080688e-11 
 1387       9.247815394861e-11 
 1388       9.190506879610e-11 
 1389       9.133238890888e-11 
 1390       9.076031899150e-11 
 1391       9.018906489561e-11 
 1392       8.961883362198e-11 
 1393       8.904983332251e-11 
 1394       8.848227330232e-11 
 1395       8.791636402174e-11 
 1396       8.735231709837e-11 
 1397       8.679034530910e-11 
 1398       8.623066259214e-11 
 1399       8.567348404910e-11 
 1400       8.511902594696e-11 
 1401       8.456750572015e-11 
 1402       8.401912281784e-11 
 1403       8.347400102308e-11 
 1404       8.293224553609e-11 
 1405       8.239396207521e-11 
 1406       8.185925687779e-11 
 1407       8.132823670107e-11 
 1408       8.080100882304e-11 
 1409       8.027768104329e-11 
 1410       7.975836168390e-11 
 1411       7.924315959030e-11 
 1412       7.873218413214e-11 
 1413       7.822554520412e-11 
 1414       7.772335322693e-11 
 1415       7.722571914804e-11 
 1416       7.673275444263e-11 
 1417       7.624457111440e-11 
 1418       7.576128169650e-11 
 1419       7.528299925232e-11 
 1420       7.480983737645e-11 
 1421       7.434191019544e-11 
 1422       7.387933236877e-11 
 1423       7.342221908965e-11 
 1424       7.297068608590e-11 
 1425       7.252484962084e-11 
 1426       7.208482649412e-11 
 1427       7.165073404263e-11 
 1428       7.122269014133e-11 
 1429       7.080081320413e-11 
 1430       7.038522218477e-11 
 1431       6.997603657766e-11 
 1432       6.957337641877e-11 
 1433       6.917736228648e-11 
 1434       6.878811530247e-11 
 1435       6.840575713257e-11 
 1436       6.803040998761e-11 
 1437       6.766219662432e-11 
 1438       6.730124034619e-11 
 1439       6.694766500431e-11 
 1440       6.660159499827e-11 
 1441       6.626313087792e-11 
 1442       6.593227587600e-11 
 1443       6.560900863160e-11 
 1444       6.529330752106e-11 
 1445       6.498515065741e-11 
 1446       6.468451588984e-11 
 1447       6.439138080316e-11 
 1448       6.410572271724e-11 
 1449       6.382751868651e-11 
 1450       6.355674549937e-11 
 1451       6.329337967765e-11 
 1452       6.303739747611e-11 
 1453       6.278877488188e-11 
 1454       6.254748761388e-11 
 1455       6.231351112232e-11 
 1456       6.208682058816e-11 
 1457       6.186739092255e-11 
 1458       6.165519676627e-11 
 1459       6.145021248923e-11 
 1460       6.125241218990e-11 
 1461       6.106176969478e-11 
 1462       6.087825855785e-11 
 1463       6.070185206003e-11 
 1464       6.053252320864e-11 
 1465       6.037024473685e-11 
 1466       6.021498910315e-11 
 1467       6.006672849081e-11 
 1468       5.992543480731e-11 
 1469       5.979107968383e-11 
 1470       5.966363447470e-11 
 1471       5.954307025685e-11 
 1472       5.942935782925e-11 
 1473       5.932246771242e-11 
 1474       5.922237014784e-11 
 1475       5.912903509742e-11 
 1476       5.904243224299e-11 
 1477       5.896253098569e-11 
 1478       5.888930044550e-11 
 1479       5.882270946064e-11 
 1480       5.876271352890e-11 
 1481       5.870921549137e-11 
 1482       5.866210445908e-11 
 1483       5.862126883462e-11 
 1484       5.858659631094e-11 
 1485       5.855797387004e-11 
 1486       5.853528778175e-11 
 1487       5.851842360246e-11 
 1488       5.850726617386e-11 
 1489       5.850169962168e-11 
 1490       5.850160735444e-11 
 1491       5.850687206219e-11 
 1492       5.851737571526e-11 
 1493       5.853299956300e-11 
 1494       5.855362413250e-11 
 1495       5.857912922737e-11 
 1496       5.860939392646e-11 
 1497       5.864429658261e-11 
 1498       5.868371482138e-11 
 1499       5.872752553984e-11 
 1500       5.877560490522e-11 
 1501       5.882782835377e-11 
 1502       5.888407058939e-11 
 1503       5.894420558246e-11 
 1504       5.900810656854e-11 
 1505       5.907564604712e-11 
 1506       5.914669578037e-11 
 1507       5.922112679186e-11 
 1508       5.929880936534e-11 
 1509       5.937961304345e-11 
 1510       5.946340662649e-11 
 1511       5.955005817114e-11 
 1512       5.963943498920e-11 
 1513       5.973140364638e-11 
 1514       5.982582996097e-11 
 1515       5.992257900264e-11 
 1516       6.002151509116e-11 
 1517       6.012250179514e-11 
 1518       6.022540193080e-11 
 1519       6.033008192996e-11 
 1520       6.043642499271e-11 
 1521       6.054431805891e-11 
 1522       6.065364744938e-11 
 1523       6.076429886483e-11 
 1524       6.087615738489e-11 
 1525       6.098910746703e-11 
 1526       6.110303294555e-11 
 1527       6.121781703054e-11 
 1528       6.133334230687e-11 
 1529       6.144949073314e-11 
 1530       6.156614364066e-11 
 1531       6.168318173241e-11 
 1532       6.180048508204e-11 
 1533       6.191793313278e-11 
 1534       6.203540469649e-11 
 1535       6.215277795255e-11 
 1536       6.226993044688e-11 
 1537       6.238673909092e-11 
 1538       6.250308016054e-11 
 1539       6.261882929508e-11 
 1540       6.273386149626e-11 
 1541       6.284805112719e-11 
 1542       6.296127191134e-11 
 1543       6.307339693147e-11 
 1544       6.318429862864e-11 
 1545       6.329384880119e-11 
 1546       6.340191860364e-11 
 1547       6.350837854575e-11 
 1548       6.361309849143e-11 
 1549       6.371594765772e-11 
 1550       6.381679461378e-11 
 1551       6.391550727984e-11 
 1552       6.401195292618e-11 
 1553       6.410599817210e-11 
 1554       6.419750898489e-11 
 1555       6.428635067878e-11 
 1556       6.437238791394e-11 
 1557       6.445548469543e-11 
 1558       6.453552023662e-11 
 1559       6.461243671429e-11 
 1560       6.468619195984e-11 
 1561       6.475674363530e-11 
 1562       6.482404923311e-11 
 1563       6.488806607584e-11 
 1564       6.494875131595e-11 
 1565       6.500606193558e-11 
 1566       6.505995474625e-11 
 1567       6.511038638864e-11 
 1568       6.515731333237e-11 
 1569       6.520069187570e-11 
 1570       6.524047814533e-11 
 1571       6.527662809611e-11 
 1572       6.530909751084e-11 
 1573       6.533784200000e-11 
 1574       6.536281700150e-11 
 1575       6.538397778044e-11 
 1576       6.540127942887e-11 
 1577       6.541467686553e-11 
 1578       6.542412483562e-11 
 1579       6.542957791053e-11 
 1580       6.543099048763e-11 
 1581       6.542831678998e-11 
 1582       6.542151086612e-11 
 1583       6.541052658981e-11 
 1584       6.539531765978e-11 
 1585       6.537583759948e-11 
 1586       6.535203975686e-11 
 1587       6.532387730409e-11 
 1588       6.529130323734e-11 
 1589       6.525427037651e-11 
 1590       6.521273136500e-11 
 1591       6.516663866947e-11 
 1592       6.511594457957e-11 
 1593       6.506060120771e-11 
 1594       6.500056048883e-11 
 1595       6.493577418012e-11 
 1596       6.486619386078e-11 
 1597       6.479178600669e-11 
 1598       6.471257736585e-11 
 1599       6.462860999810e-11 
 1600       6.453992623837e-11 
 1601       6.444656869720e-11 
 1602       6.434858026120e-11 
 1603       6.424600409344e-11 
 1604       6.413888363399e-11 
 1605       6.402726260038e-11 
 1606       6.391118498798e-11 
 1607       6.379069507058e-11 
 1608       6.366583740076e-11 
 1609       6.353665681040e-11 
 1610       6.340319841111e-11 
 1611       6.326550759474e-11 
 1612       6.312363003380e-11 
 1613       6.297761168192e-11 
 1614       6.282749877437e-11 
 1615       6.267333782844e-11 
 1616       6.251517564396e-11 
 1617       6.235305930377e-11 
 1618       6.218703617413e-11 
 1619       6.201715390522e-11 
 1620       6.184346043160e-11 
 1621       6.166600397266e-11 
 1622       6.148483303311e-11 
 1623       6.129999640341e-11 
 1624       6.111154316023e-11 
 1625       6.091952266695e-11 
 1626       6.072398457410e-11 
 1627       6.052497881981e-11 
 1628       6.032255563029e-11 
 1629       6.011676552031e-11 
 1630       5.990765929362e-11 
 1631       5.969528804342e-11 
 1632       5.947970315288e-11 
 1633       5.926095629551e-11 
 1634       5.903909943571e-11 
 1635       5.881418482918e-11 
 1636       5.858626999564e-11 
 1637       5.835543268462e-11 
 1638       5.812175604442e-11 
 1639       5.788532366271e-11 
 1640       5.764621956721e-11 
 1641       5.740452822636e-11 
 1642       5.716033455002e-11 
 1643       5.691372389016e-11 
 1644       5.666478204154e-11 
 1645       5.641359524239e-11 
 1646       5.616025017509e-11 
 1647       5.590483396688e-11 
 1648       5.564743419052e-11 
 1649       5.538813886500e-11 
 1650       5.512703645619e-11 
 1651       5.486421587757e-11 
 1652       5.459976649087e-11 
 1653       5.433377810679e-11 
 1654       5.406634098568e-11 
 1655       5.379754583819e-11 
 1656       5.352748382601e-11 
 1657       5.325624656252e-11 
 1658       5.298392611349e-11 
 1659       5.271061499775e-11 
 1660       5.243640618790e-11 
 1661       5.216139311095e-11 
 1662       5.188566964908e-11 
 1663       5.160933014025e-11 
 1664       5.133246937893e-11 
 1665       5.105518261676e-11 
 1666       5.077756556325e-11 
 1667       5.049971438649e-11 
 1668       5.022172571377e-11 
 1669       4.994369663233e-11 
 1670       4.966572469001e-11 
 1671       4.938790789595e-11 
 1672       4.911034472125e-11 
 1673       4.883313409971e-11 
 1674       4.855637542845e-11 
 1675       4.828016226839e-11 
 1676       4.800456338401e-11 
 1677       4.772964153930e-11 
 1678       4.745545978344e-11 
 1679       4.718208145119e-11 
 1680       4.690957016332e-11 
 1681       4.663798982701e-11 
 1682       4.636740463629e-11 
 1683       4.609787907243e-11 
 1684       4.582947790436e-11 
 1685       4.556226618912e-11 
 1686       4.529630927223e-11 
 1687       4.503167278812e-11 
 1688       4.476842266058e-11 
 1689       4.450662510312e-11 
 1690       4.424634661943e-11 
 1691       4.398765400377e-11 
 1692       4.373061434141e-11 
 1693       4.347529500903e-11 
 1694       4.322176367513e-11 
 1695       4.297008830045e-11 
 1696       4.272033713842e-11 
 1697       4.247257873551e-11 
 1698       4.222688193172e-11 
 1699       4.198331586092e-11 
 1700       4.174194995134e-11 
 1701       4.150285392594e-11 
 1702       4.126609780282e-11 
 1703       4.103175189569e-11 
 1704       4.079988681422e-11 
 1705       4.057057346448e-11 
 1706       4.034388304941e-11 
 1707       4.011988706912e-11 
 1708       3.989865732144e-11 
 1709       3.968026590222e-11 
 1710       3.946478520583e-11 
 1711       3.925228792552e-11 
 1712       3.904284705388e-11 
 1713       3.883653588321e-11 
 1714       3.863341668019e-11 
 1715       3.843350660314e-11 
 1716       3.823681149464e-11 
 1717       3.804333718084e-11 
 1718       3.785308947141e-11 
 1719       3.766607415950e-11 
 1720       3.748229702173e-11 
 1721       3.730176381808e-11 
 1722       3.712448029188e-11 
 1723       3.695045216978e-11 
 1724       3.677968516166e-11 
 1725       3.661218496062e-11 
 1726       3.644795724292e-11 
 1727       3.628700766792e-11 
 1728       3.612934187806e-11 
 1729       3.597496549881e-11 
 1730       3.582388413860e-11 
 1731       3.567610338879e-11 
 1732       3.553162882364e-11 
 1733       3.539046600024e-11 
 1734       3.525262045845e-11 
 1735       3.511809772090e-11 
 1736       3.498690329290e-11 
 1737       3.485904266243e-11 
 1738       3.473452130007e-11 
 1739       3.461334465894e-11 
 1740       3.449551817470e-11 
 1741       3.438104726546e-11 
 1742       3.426993733176e-11 
 1743       3.416219375650e-11 
 1744       3.405782190493e-11 
 1745       3.395682712457e-11 
 1746       3.385921474517e-11 
 1747       3.376499007868e-11 
 1748       3.367415841918e-11 
 1749       3.358672504286e-11 
 1750       3.350269520796e-11 
 1751       3.342207415472e-11 
 1752       3.334486710532e-11 
 1753       3.327107108091e-11 
 1754       3.320065027786e-11 
 1755       3.313356048586e-11 
 1756       3.306975725184e-11 
 1757       3.300919587966e-11 
 1758       3.295183142969e-11 
 1759       3.289761871847e-11 
 1760       3.284651231833e-11 
 1761       3.279846655706e-11 
 1762       3.275343551749e-11 
 1763       3.271137303718e-11 
 1764       3.267223270800e-11 
 1765       3.263596787582e-11 
 1766       3.260253164009e-11 
 1767       3.257187685353e-11 
 1768       3.254395612171e-11 
 1769       3.251872180271e-11 
 1770       3.249612600678e-11 
 1771       3.247612059593e-11 
 1772       3.245865718357e-11 
 1773       3.244368713417e-11 
 1774       3.243116156291e-11 
 1775       3.242103133523e-11 
 1776       3.241324706656e-11 
 1777       3.240775912190e-11 
 1778       3.240451761549e-11 
 1779       3.240347241038e-11 
 1780       3.240457311816e-11 
 1781       3.240776909849e-11 
 1782       3.241300945884e-11 
 1783       3.242024305403e-11 
 1784       3.242941848593e-11 
 1785       3.244048410305e-11 
 1786       3.245338800020e-11 
 1787       3.246807801814e-11 
 1788       3.248450174316e-11 
 1789       3.250260650677e-11 
 1790       3.252233938530e-11 
 1791       3.254364719957e-11 
 1792       3.256647607502e-11 
 1793       3.259077011923e-11 
 1794       3.261647273287e-11 
 1795       3.264352704786e-11 
 1796       3.267187592691e-11 
 1797       3.270146196322e-11 
 1798       3.273222748001e-11 
 1799       3.276411453022e-11 
 1800       3.279706489606e-11 
 1801       3.283102008868e-11 
 1802       3.286592134775e-11 
 1803       3.290170964110e-11 
 1804       3.293832566435e-11 
 1805       3.297570984047e-11 
 1806       3.301380231948e-11 
 1807       3.305254297800e-11 
 1808       3.309187141891e-11 
 1809       3.313172697092e-11 
 1810       3.317204868827e-11 
 1811       3.321277535026e-11 
 1812       3.325384546091e-11 
 1813       3.329519724860e-11 
 1814       3.333676866562e-11 
 1815       3.337849738787e-11 
 1816       3.342032081441e-11 
 1817       3.346217606712e-11 
 1818       3.350399999030e-11 
 1819       3.354572915029e-11 
 1820       3.358729983509e-11 
 1821       3.362864805399e-11 
 1822       3.366970953715e-11 
 1823       3.371041973526e-11 
 1824       3.375071381915e-11 
 1825       3.379052667937e-11 
 1826       3.382979292588e-11 
 1827       3.386844688759e-11 
 1828       3.390642261203e-11 
 1829       3.394365386494e-11 
 1830       3.398007412992e-11 
 1831       3.401562268563e-11 
 1832       3.405026289151e-11 
 1833       3.408396404745e-11 
 1834       3.411669532928e-11 
 1835       3.414842578863e-11 
 1836       3.417912435271e-11 
 1837       3.420875982422e-11 
 1838       3.423730088110e-11 
 1839       3.426471607644e-11 
 1840       3.429097383828e-11 
 1841       3.431604246943e-11 
 1842       3.433989014735e-11 
 1843       3.436248492394e-11 
 1844       3.438379472542e-11 
 1845       3.440378735213e-11 
 1846       3.442243047836e-11 
 1847       3.443969165223e-11 
 1848       3.445553829547e-11 
 1849       3.446993770332e-11 
 1850       3.448285704429e-11 
 1851       3.449426336006e-11 
 1852       3.450412356527e-11 
 1853       3.451240444739e-11 
 1854       3.451907266654e-11 
 1855       3.452409475532e-11 
 1856       3.452743711864e-11 
 1857       3.452906603358e-11 
 1858       3.452894764922e-11 
 1859       3.452704798645e-11 
 1860       3.452333293783e-11 
 1861       3.451776826741e-11 
 1862       3.451031961059e-11 
 1863       3.450095247392e-11 
 1864       3.448963223497e-11 
 1865       3.447632414214e-11 
 1866       3.446099331450e-11 
 1867       3.444360474165e-11 
 1868       3.442412328352e-11 
 1869       3.440251367021e-11 
 1870       3.437874800452e-11 
 1871       3.435282833385e-11 
 1872       3.432476425460e-11 
 1873       3.429456542564e-11 
 1874       3.426224156838e-11 
 1875       3.422780246690e-11 
 1876       3.419125796800e-11 
 1877       3.415261798134e-11 
 1878       3.411189247949e-11 
 1879       3.406909149804e-11 
 1880       3.402422513571e-11 
 1881       3.397730355440e-11 
 1882       3.392833697934e-11 
 1883       3.387733569912e-11 
 1884       3.382431006584e-11 
 1885       3.376927049516e-11 
 1886       3.371222746642e-11 
 1887       3.365319152272e-11 
 1888       3.359217327100e-11 
 1889       3.352918338218e-11 
 1890       3.346423259119e-11 
 1891       3.339733169711e-11 
 1892       3.332849156324e-11 
 1893       3.325772311720e-11 
 1894       3.318503735102e-11 
 1895       3.311044532124e-11 
 1896       3.303395814898e-11 
 1897       3.295558702007e-11 
 1898       3.287534318512e-11 
 1899       3.279323795959e-11 
 1900       3.270928272395e-11 
 1901       3.262348892370e-11 
 1902       3.253586806949e-11 
 1903       3.244643173724e-11 
 1904       3.235519156818e-11 
 1905       3.226215926901e-11 
 1906       3.216734661191e-11 
 1907       3.207076543470e-11 
 1908       3.197242764092e-11 
 1909       3.187234914040e-11 
 1910       3.177056170399e-11 
 1911       3.166710119990e-11 
 1912       3.156200366170e-11 
 1913       3.145530528852e-11 
 1914       3.134704244527e-11 
 1915       3.123725166289e-11 
 1916       3.112596963854e-11 
 1917       3.101323323581e-11 
 1918       3.089907948502e-11 
 1919       3.078354558334e-11 
 1920       3.066666889509e-11 
 1921       3.054848695193e-11 
 1922       3.042903745307e-11 
 1923       3.030835826553e-11 
 1924       3.018648742434e-11 
 1925       3.006346313275e-11 
 1926       2.993932376247e-11 
 1927       2.981410785389e-11 
 1928       2.968785411632e-11 
 1929       2.956060142816e-11 
 1930       2.943238883718e-11 
 1931       2.930325556071e-11 
 1932       2.917324098588e-11 
 1933       2.904238466981e-11 
 1934       2.891072633988e-11 
 1935       2.877830589391e-11 
 1936       2.864516340043e-11 
 1937       2.851133909882e-11 
 1938       2.837687339965e-11 
 1939       2.824180688478e-11 
 1940       2.810618030767e-11 
 1941       2.797003459358e-11 
 1942       2.783341083976e-11 
 1943       2.769635031571e-11 
 1944       2.755889446339e-11 
 1945       2.742108489743e-11 
 1946       2.728296340540e-11 
 1947       2.714457194796e-11 
 1948       2.700595129732e-11 
 1949       2.686713694094e-11 
 1950       2.672816314745e-11 
 1951       2.658906432592e-11 
 1952       2.644987502598e-11 
 1953       2.631062993801e-11 
 1954       2.617136389335e-11 
 1955       2.603211186446e-11 
 1956       2.589290896507e-11 
 1957       2.575379045042e-11 
 1958       2.561479171738e-11 
 1959       2.547594830467e-11 
 1960       2.533729589302e-11 
 1961       2.519887030536e-11 
 1962       2.506070750698e-11 
 1963       2.492284360575e-11 
 1964       2.478531485223e-11 
 1965       2.464815763995e-11 
 1966       2.451140850547e-11 
 1967       2.437510412866e-11 
 1968       2.423928133282e-11 
 1969       2.410397708491e-11 
 1970       2.396922849565e-11 
 1971       2.383507281980e-11 
 1972       2.370154745625e-11 
 1973       2.356868994824e-11 
 1974       2.343653798356e-11 
 1975       2.330512939469e-11 
 1976       2.317450215899e-11 
 1977       2.304469439889e-11 
 1978       2.291574438207e-11 
 1979       2.278769052162e-11 
 1980       2.266057137625e-11 
 1981       2.253442565042e-11 
 1982       2.240929219459e-11 
 1983       2.228521000534e-11 
 1984       2.216221822557e-11 
 1985       2.204035614468e-11 
 1986       2.191966319876e-11 
 1987       2.180017423183e-11 
 1988       2.168190524119e-11 
 1989       2.156486752746e-11 
 1990       2.144907242396e-11 
 1991       2.133453129677e-11 
 1992       2.122125554475e-11 
 1993       2.110925659960e-11 
 1994       2.099854592586e-11 
 1995       2.088913502098e-11 
 1996       2.078103541531e-11 
 1997       2.067425867220e-11 
 1998       2.056881638799e-11 
 1999       2.046472019203e-11 
 2000       2.036198174678e-11 
 2001       2.026061274778e-11 
 2002       2.016062492371e-11 
 2003       2.006203003645e-11 
 2004       1.996483988107e-11 
 2005       1.986906628589e-11 
 2006       1.977472111253e-11 
 2007       1.968181625591e-11 
 2008       1.959036364432e-11 
 2009       1.950037523942e-11 
 2010       1.941186303631e-11 
 2011       1.932483906355e-11 
 2012       1.923931538319e-11 
 2013       1.915530409081e-11 
 2014       1.907281731556e-11 
 2015       1.899186722019e-11 
 2016       1.891246600109e-11 
 2017       1.883462588832e-11 
 2018       1.875835914565e-11 
 2019       1.868367807060e-11 
 2020       1.861059499444e-11 
 2021       1.853912228230e-11 
 2022       1.846927233312e-11 
 2023       1.840105757974e-11 
 2024       1.833449048893e-11 
 2025       1.826958356141e-11 
 2026       1.820634487415e-11 
 2027       1.814476467211e-11 
 2028       1.808482867970e-11 
 2029       1.802652254962e-11 
 2030       1.796983186281e-11 
 2031       1.791474212830e-11 
 2032       1.786123878315e-11 
 2033       1.780930719233e-11 
 2034       1.775893264866e-11 
 2035       1.771010037267e-11 
 2036       1.766279551255e-11 
 2037       1.761700314401e-11 
 2038       1.757270827024e-11 
 2039       1.752989582177e-11 
 2040       1.748855065637e-11 
 2041       1.744865755900e-11 
 2042       1.741020124169e-11 
 2043       1.737316634342e-11 
 2044       1.733753743009e-11 
 2045       1.730329899434e-11 
 2046       1.727043545554e-11 
 2047       1.723893115963e-11 
 2048       1.720877037906e-11 
 2049       1.717993731269e-11 
 2050       1.715241608569e-11 
 2051       1.712619074942e-11 
 2052       1.710124528141e-11 
 2053       1.707756358518e-11 
 2054       1.705512949019e-11 
 2055       1.703392675174e-11 
 2056       1.701393905087e-11 
 2057       1.699514999426e-11 
 2058       1.697754311417e-11 
 2059       1.696110186828e-11 
 2060       1.694580963966e-11 
 2061       1.693164973663e-11 
 2062       1.691860539270e-11 
 2063       1.690665976643e-11 
 2064       1.689579594140e-11 
 2065       1.688599548509e-11 
 2066       1.687723411472e-11 
 2067       1.686948600053e-11 
 2068       1.686272520383e-11 
 2069       1.685692567681e-11 
 2070       1.685206126247e-11 
 2071       1.684810569445e-11 
 2072       1.684503259689e-11 
 2073       1.684281548432e-11 
 2074       1.684142776150e-11 
 2075       1.684084272329e-11 
 2076       1.684103355455e-11 
 2077       1.684197332992e-11 
 2078       1.684363501379e-11 
 2079       1.684599146009e-11 
 2080       1.684901541218e-11 
 2081       1.685267950270e-11 
 2082       1.685695625348e-11 
 2083       1.686181807533e-11 
 2084       1.686723726799e-11 
 2085       1.687318601991e-11 
 2086       1.687963640818e-11 
 2087       1.688656039836e-11 
 2088       1.689392984436e-11 
 2089       1.690171648830e-11 
 2090       1.690989196037e-11 
 2091       1.691842777870e-11 
 2092       1.692729534922e-11 
 2093       1.693646596553e-11 
 2094       1.694591080877e-11 
 2095       1.695560094747e-11 
 2096       1.696550733741e-11 
 2097       1.697560082152e-11 
 2098       1.698585212971e-11 
 2099       1.699623187873e-11 
 2100       1.700671057207e-11 
 2101       1.701725859981e-11 
 2102       1.702784623846e-11 
 2103       1.703844365085e-11 
 2104       1.704902275578e-11 
 2105       1.705956285146e-11 
 2106       1.707004503093e-11 
 2107       1.708045031570e-11 
 2108       1.709075965572e-11 
 2109       1.710095392928e-11 
 2110       1.711101394289e-11 
 2111       1.712092043123e-11 
 2112       1.713065405706e-11 
 2113       1.714019541115e-11 
 2114       1.714952501213e-11 
 2115       1.715862330650e-11 
 2116       1.716747066847e-11 
 2117       1.717604739991e-11 
 2118       1.718433373026e-11 
 2119       1.719230981645e-11 
 2120       1.719995574279e-11 
 2121       1.720725152092e-11 
 2122       1.721417708970e-11 
 2123       1.722071231515e-11 
 2124       1.722683699033e-11 
 2125       1.723253083529e-11 
 2126       1.723777349695e-11 
 2127       1.724254454907e-11 
 2128       1.724682349210e-11 
 2129       1.725058975313e-11 
 2130       1.725382268583e-11 
 2131       1.725650157029e-11 
 2132       1.725860561303e-11 
 2133       1.726011394683e-11 
 2134       1.726100563070e-11 
 2135       1.726125964978e-11 
 2136       1.726085491525e-11 
 2137       1.725977026424e-11 
 2138       1.725798445976e-11 
 2139       1.725547619062e-11 
 2140       1.725222407131e-11 
 2141       1.724820664197e-11 
 2142       1.724340236825e-11 
 2143       1.723779297518e-11 
 2144       1.723137347374e-11 
 2145       1.722414220262e-11 
 2146       1.721609750049e-11 
 2147       1.720723770602e-11 
 2148       1.719756115786e-11 
 2149       1.718706619468e-11 
 2150       1.717575115516e-11 
 2151       1.716361437796e-11 
 2152       1.715065420176e-11 
 2153       1.713686896524e-11 
 2154       1.712225700711e-11 
 2155       1.710681666608e-11 
 2156       1.709054628088e-11 
 2157       1.707344419026e-11 
 2158       1.705550873298e-11 
 2159       1.703673824784e-11 
 2160       1.701713107365e-11 
 2161       1.699668554927e-11 
 2162       1.697540001357e-11 
 2163       1.695327280546e-11 
 2164       1.693030226389e-11 
 2165       1.690648672783e-11 
 2166       1.688182453630e-11 
 2167       1.685631402839e-11 
 2168       1.682995354318e-11 
 2169       1.680274141984e-11 
 2170       1.677467599758e-11 
 2171       1.674575561564e-11 
 2172       1.671597861335e-11 
 2173       1.668534333006e-11 
 2174       1.665384810521e-11 
 2175       1.662149127828e-11 
 2176       1.658827118882e-11 
 2177       1.655418617644e-11 
 2178       1.651923458084e-11 
 2179       1.648341474177e-11 
 2180       1.644672499904e-11 
 2181       1.640916369258e-11 
 2182       1.637073159445e-11 
 2183       1.633143922304e-11 
 2184       1.629129957799e-11 
 2185       1.625032571261e-11 
 2186       1.620853073394e-11 
 2187       1.616592780283e-11 
 2188       1.612253013399e-11 
 2189       1.607835099604e-11 
 2190       1.603340371162e-11 
 2191       1.598770165740e-11 
 2192       1.594125826418e-11 
 2193       1.589408701694e-11 
 2194       1.584620145489e-11 
 2195       1.579761517157e-11 
 2196       1.574834181487e-11 
 2197       1.569839508715e-11 
 2198       1.564778874522e-11 
 2199       1.559653660049e-11 
 2200       1.554465251899e-11 
 2201       1.549215042143e-11 
 2202       1.543904428329e-11 
 2203       1.538534813484e-11 
 2204       1.533107606126e-11 
 2205       1.527624220266e-11 
 2206       1.522086075415e-11 
 2207       1.516494596594e-11 
 2208       1.510851214335e-11 
 2209       1.505157364691e-11 
 2210       1.499414489240e-11 
 2211       1.493624035094e-11 
 2212       1.487787454904e-11 
 2213       1.481906206866e-11 
 2214       1.475981754728e-11 
 2215       1.470015567794e-11 
 2216       1.464009120936e-11 
 2217       1.457963894594e-11 
 2218       1.451881374786e-11 
 2219       1.445763053115e-11 
 2220       1.439610426771e-11 
 2221       1.433425019553e-11 
 2222       1.427208445048e-11 
 2223       1.420962343881e-11 
 2224       1.414688362744e-11 
 2225       1.408388154410e-11 
 2226       1.402063377731e-11 
 2227       1.395715697654e-11 
 2228       1.389346785222e-11 
 2229       1.382958317581e-11 
 2230       1.376551977990e-11 
 2231       1.370129455827e-11 
 2232       1.363692446593e-11 
 2233       1.357242651922e-11 
 2234       1.350781779588e-11 
 2235       1.344311543508e-11 
 2236       1.337833663754e-11 
 2237       1.331349866557e-11 
 2238       1.324861884313e-11 
 2239       1.318371455592e-11 
 2240       1.311880325146e-11 
 2241       1.305390243910e-11 
 2242       1.298902969017e-11 
 2243       1.292420263797e-11 
 2244       1.285943897790e-11 
 2245       1.279475646751e-11 
 2246       1.273017292653e-11 
 2247       1.266570623701e-11 
 2248       1.260137434332e-11 
 2249       1.253719525227e-11 
 2250       1.247318703315e-11 
 2251       1.240936781782e-11 
 2252       1.234575580073e-11 
 2253       1.228236923907e-11 
 2254       1.221922645276e-11 
 2255       1.215634582456e-11 
 2256       1.209374580014e-11 
 2257       1.203144488814e-11 
 2258       1.196946166022e-11 
 2259       1.190781475116e-11 
 2260       1.184652118600e-11 
 2261       1.178559134945e-11 
 2262       1.172503398407e-11 
 2263       1.166485786018e-11 
 2264       1.160507177593e-11 
 2265       1.154568455733e-11 
 2266       1.148670505829e-11 
 2267       1.142814216059e-11 
 2268       1.137000477401e-11 
 2269       1.131230183625e-11 
 2270       1.125504231304e-11 
 2271       1.119823519813e-11 
 2272       1.114188951335e-11 
 2273       1.108601430859e-11 
 2274       1.103061866189e-11 
 2275       1.097571167941e-11 
 2276       1.092130249550e-11 
 2277       1.086740027274e-11 
 2278       1.081401420191e-11 
 2279       1.076115350208e-11 
 2280       1.070882742061e-11 
 2281       1.065704523319e-11 
 2282       1.060581624386e-11 
 2283       1.055514978503e-11 
 2284       1.050505521756e-11 
 2285       1.045554193073e-11 
 2286       1.040661934228e-11 
 2287       1.035829689849e-11 
 2288       1.031058407413e-11 
 2289       1.026349037256e-11 
 2290       1.021702532573e-11 
 2291       1.017119849418e-11 
 2292       1.012601946714e-11 
 2293       1.008149786250e-11 
 2294       1.003764332685e-11 
 2295       9.994465535523e-12 
 2296       9.951974192634e-12 
 2297       9.910179031078e-12 
 2298       9.869089812582e-12 
 2299       9.828714211747e-12 
 2300       9.789051453405e-12 
 2301       9.750098634801e-12 
 2302       9.711852837877e-12 
 2303       9.674311129258e-12 
 2304       9.637470560226e-12 
 2305       9.601328166708e-12 
 2306       9.565880969251e-12 
 2307       9.531125973012e-12 
 2308       9.497060167731e-12 
 2309       9.463680527716e-12 
 2310       9.430984011826e-12 
 2311       9.398967563449e-12 
 2312       9.367628110487e-12 
 2313       9.336962565334e-12 
 2314       9.306967824860e-12 
 2315       9.277640770391e-12 
 2316       9.248978267691e-12 
 2317       9.220977166944e-12 
 2318       9.193634302734e-12 
 2319       9.166946494027e-12 
 2320       9.140910544153e-12 
 2321       9.115523240786e-12 
 2322       9.090781355929e-12 
 2323       9.066681645890e-12 
 2324       9.043220851267e-12 
 2325       9.020395696931e-12 
 2326       8.998202892003e-12 
 2327       8.976639129837e-12 
 2328       8.955701088003e-12 
 2329       8.935385428268e-12 
 2330       8.915688796576e-12 
 2331       8.896607823030e-12 
 2332       8.878139121875e-12 
 2333       8.860279291478e-12 
 2334       8.843024914307e-12 
 2335       8.826372556918e-12 
 2336       8.810318769932e-12 
 2337       8.794860088019e-12 
 2338       8.779991890863e-12 
 2339       8.765704978315e-12 
 2340       8.751988973759e-12 
 2341       8.738833461131e-12 
 2342       8.726227984878e-12 
 2343       8.714162049917e-12 
 2344       8.702625121584e-12 
 2345       8.691606625598e-12 
 2346       8.681095948014e-12 
 2347       8.671082435179e-12 
 2348       8.661555393689e-12 
 2349       8.652504090347e-12 
 2350       8.643917752116e-12 
 2351       8.635785566080e-12 
 2352       8.628096679396e-12 
 2353       8.620840199253e-12 
 2354       8.614005192829e-12 
 2355       8.607580687243e-12 
 2356       8.601555669519e-12 
 2357       8.595919086535e-12 
 2358       8.590659844983e-12 
 2359       8.585766811325e-12 
 2360       8.581228811751e-12 
 2361       8.577034632133e-12 
 2362       8.573173017980e-12 
 2363       8.569632674400e-12 
 2364       8.566402266051e-12 
 2365       8.563470417100e-12 
 2366       8.560825711180e-12 
 2367       8.558456691345e-12 
 2368       8.556351860025e-12 
 2369       8.554499678987e-12 
 2370       8.552888569288e-12 
 2371       8.551506911230e-12 
 2372       8.550343044321e-12 
 2373       8.549385267229e-12 
 2374       8.548621837737e-12 
 2375       8.548040972701e-12 
 2376       8.547630848008e-12 
 2377       8.547379937738e-12 
 2378       8.547278034032e-12 
 2379       8.547315233421e-12 
 2380       8.547481598152e-12 
 2381       8.547767156149e-12 
 2382       8.548161900978e-12 
 2383       8.548655791813e-12 
 2384       8.549238753395e-12 
 2385       8.549900676000e-12 
 2386       8.550631415399e-12 
 2387       8.551420792825e-12 
 2388       8.552258594934e-12 
 2389       8.553134573770e-12 
 2390       8.554038446729e-12 
 2391       8.554959896519e-12 
 2392       8.555888571130e-12 
 2393       8.556814083793e-12 
 2394       8.557726012944e-12 
 2395       8.558613902190e-12 
 2396       8.559467260269e-12 
 2397       8.560275561017e-12 
 2398       8.561028243330e-12 
 2399       8.561714711129e-12 
 2400       8.562324333322e-12 
 2401       8.562846443766e-12 
 2402       8.563270341236e-12 
 2403       8.563585289384e-12 
 2404       8.563780516705e-12 
 2405       8.563845216499e-12 
 2406       8.563768546835e-12 
 2407       8.563539630516e-12 
 2408       8.563147555042e-12 
 2409       8.562581372572e-12 
 2410       8.561830099889e-12 
 2411       8.560882718364e-12 
 2412       8.559728173921e-12 
 2413       8.558355376995e-12 
 2414       8.556753202504e-12 
 2415       8.554910489803e-12 
 2416       8.552817334274e-12 
 2417       8.550468970689e-12 
 2418       8.547861913305e-12 
 2419       8.544992666374e-12 
 2420       8.541857724134e-12 
 2421       8.538453570798e-12 
 2422       8.534776680543e-12 
 2423       8.530823517504e-12 
 2424       8.526590535762e-12 
 2425       8.522074179331e-12 
 2426       8.517270882155e-12 
 2427       8.512177068093e-12 
 2428       8.506789150910e-12 
 2429       8.501103534268e-12 
 2430       8.495116611718e-12 
 2431       8.488824766684e-12 
 2432       8.482224372462e-12 
 2433       8.475311792203e-12 
 2434       8.468083378906e-12 
 2435       8.460535475407e-12 
 2436       8.452664414372e-12 
 2437       8.444466518284e-12 
 2438       8.435938099434e-12 
 2439       8.427075459913e-12 
 2440       8.417874891599e-12 
 2441       8.408332676151e-12 
 2442       8.398445084995e-12 
 2443       8.388208379318e-12 
 2444       8.377618810054e-12 
 2445       8.366672617880e-12 
 2446       8.355366033200e-12 
 2447       8.343695276139e-12 
 2448       8.331656556533e-12 
 2449       8.319246073917e-12 
 2450       8.306460017516e-12 
 2451       8.293294566239e-12 
 2452       8.279745888662e-12 
 2453       8.265810143023e-12 
 2454       8.251483477213e-12 
 2455       8.236763350541e-12 
 2456       8.221652507680e-12 
 2457       8.206155028405e-12 
 2458       8.190275007983e-12 
 2459       8.174016557189e-12 
 2460       8.157383802324e-12 
 2461       8.140380885229e-12 
 2462       8.123011963304e-12 
 2463       8.105281209524e-12 
 2464       8.087192812455e-12 
 2465       8.068750976268e-12 
 2466       8.049959920762e-12 
 2467       8.030823881372e-12 
 2468       8.011347109194e-12 
 2469       7.991533870994e-12 
 2470       7.971388449230e-12 
 2471       7.950915142065e-12 
 2472       7.930118263387e-12 
 2473       7.909002142820e-12 
 2474       7.887571125746e-12 
 2475       7.865829573319e-12 
 2476       7.843781862482e-12 
 2477       7.821432385981e-12 
 2478       7.798785552388e-12 
 2479       7.775845786109e-12 
 2480       7.752617527407e-12 
 2481       7.729105232415e-12 
 2482       7.705313373154e-12 
 2483       7.681246437549e-12 
 2484       7.656908929448e-12 
 2485       7.632305368631e-12 
 2486       7.607440290836e-12 
 2487       7.582318247770e-12 
 2488       7.556943807125e-12 
 2489       7.531321552597e-12 
 2490       7.505456083903e-12 
 2491       7.479352016793e-12 
 2492       7.453013983072e-12 
 2493       7.426446630612e-12 
 2494       7.399651583943e-12 
 2495       7.372618306483e-12 
 2496       7.345333184689e-12 
 2497       7.317782562576e-12 
 2498       7.289952741670e-12 
 2499       7.261829980969e-12 
 2500       7.233400496899e-12 
