# dimensionless total [l(l+1)/2pi] C_l's
# for l=2 to 2500, i.e. number of multipoles equal to 2499
#
# -> if you prefer output in CAMB/HealPix/LensPix units/order, set 'format' to 'camb' in input file
# -> if you don't want to see such a header, set 'headers' to 'no' in input file
#
# 1:l     2:TT                 
    2       2.802114567155e-10 
    3       2.516012638759e-10 
    4       2.291116391674e-10 
    5       2.122824541619e-10 
    6       1.996344836821e-10 
    7       1.899460129185e-10 
    8       1.824409233635e-10 
    9       1.765845166586e-10 
   10       1.719357524096e-10 
   11       1.682033163967e-10 
   12       1.652079278164e-10 
   13       1.628082749648e-10 
   14       1.609230167067e-10 
   15       1.595380769368e-10 
   16       1.584820285580e-10 
   17       1.577267129366e-10 
   18       1.572789012423e-10 
   19       1.571435894312e-10 
   20       1.572255593163e-10 
   21       1.575320215048e-10 
   22       1.580456545820e-10 
   23       1.587562259315e-10 
   24       1.596197224363e-10 
   25       1.606383273812e-10 
   26       1.618011620794e-10 
   27       1.630984557752e-10 
   28       1.645057990347e-10 
   29       1.660342421349e-10 
   30       1.676866399877e-10 
   31       1.694475261356e-10 
   32       1.713151174562e-10 
   33       1.732769602842e-10 
   34       1.753098248694e-10 
   35       1.774161783617e-10 
   36       1.795978834418e-10 
   37       1.818503987629e-10 
   38       1.841801427951e-10 
   39       1.865912221698e-10 
   40       1.890797357968e-10 
   41       1.916372610403e-10 
   42       1.942646464298e-10 
   43       1.969613301057e-10 
   44       1.997209082921e-10 
   45       2.025345904216e-10 
   46       2.054040302781e-10 
   47       2.083314401021e-10 
   48       2.113156579666e-10 
   49       2.143518532646e-10 
   50       2.174341164097e-10 
   51       2.205647399137e-10 
   52       2.237469474685e-10 
   53       2.269820748975e-10 
   54       2.302694113699e-10 
   55       2.336074332552e-10 
   56       2.369982283878e-10 
   57       2.404438927595e-10 
   58       2.439451319233e-10 
   59       2.475011564659e-10 
   60       2.511095774815e-10 
   61       2.547676145813e-10 
   62       2.584762732468e-10 
   63       2.622369239110e-10 
   64       2.660500105268e-10 
   65       2.699149876856e-10 
   66       2.738302577369e-10 
   67       2.777931079071e-10 
   68       2.818008242682e-10 
   69       2.858544363136e-10 
   70       2.899556216556e-10 
   71       2.941055641155e-10 
   72       2.983049209402e-10 
   73       3.025537900202e-10 
   74       3.068516771068e-10 
   75       3.111974630298e-10 
   76       3.155899056261e-10 
   77       3.200293236611e-10 
   78       3.245161618457e-10 
   79       3.290504619024e-10 
   80       3.336318407468e-10 
   81       3.382594686702e-10 
   82       3.429320475213e-10 
   83       3.476477888890e-10 
   84       3.524049315348e-10 
   85       3.572034400410e-10 
   86       3.620435490700e-10 
   87       3.669252365841e-10 
   88       3.718482110907e-10 
   89       3.768118988880e-10 
   90       3.818154313094e-10 
   91       3.868576319693e-10 
   92       3.919370040081e-10 
   93       3.970520552983e-10 
   94       4.022023577145e-10 
   95       4.073876243369e-10 
   96       4.126073776785e-10 
   97       4.178609415695e-10 
   98       4.231474330417e-10 
   99       4.284657542128e-10 
  100       4.338145841709e-10 
  101       4.391923708586e-10 
  102       4.445973229573e-10 
  103       4.500274017719e-10 
  104       4.554806252950e-10 
  105       4.609560446602e-10 
  106       4.664528850776e-10 
  107       4.719702408040e-10 
  108       4.775070704575e-10 
  109       4.830621923329e-10 
  110       4.886342797158e-10 
  111       4.942218561984e-10 
  112       4.998232909936e-10 
  113       5.054367942505e-10 
  114       5.110604123687e-10 
  115       5.166920233138e-10 
  116       5.223295476038e-10 
  117       5.279716203880e-10 
  118       5.336169926627e-10 
  119       5.392643201627e-10 
  120       5.449121605833e-10 
  121       5.505589708017e-10 
  122       5.562031040990e-10 
  123       5.618428073823e-10 
  124       5.674762184060e-10 
  125       5.731013629937e-10 
  126       5.787161522604e-10 
  127       5.843183798339e-10 
  128       5.899057190768e-10 
  129       5.954759071281e-10 
  130       6.010273257573e-10 
  131       6.065584792770e-10 
  132       6.120678120077e-10 
  133       6.175537068367e-10 
  134       6.230144837762e-10 
  135       6.284483985223e-10 
  136       6.338536410137e-10 
  137       6.392283339898e-10 
  138       6.445705315497e-10 
  139       6.498782177111e-10 
  140       6.551493049681e-10 
  141       6.603816328506e-10 
  142       6.655729664826e-10 
  143       6.707209951407e-10 
  144       6.758234863783e-10 
  145       6.808787685651e-10 
  146       6.858852934009e-10 
  147       6.908414840795e-10 
  148       6.957457347412e-10 
  149       7.005964099260e-10 
  150       7.053918440255e-10 
  151       7.101303407362e-10 
  152       7.148101725121e-10 
  153       7.194295800169e-10 
  154       7.239867715773e-10 
  155       7.284799226351e-10 
  156       7.329071752004e-10 
  157       7.372666373038e-10 
  158       7.415563824495e-10 
  159       7.457744490677e-10 
  160       7.499188399672e-10 
  161       7.539876474209e-10 
  162       7.579794420014e-10 
  163       7.618929172453e-10 
  164       7.657267671432e-10 
  165       7.694796861710e-10 
  166       7.731503693202e-10 
  167       7.767375121288e-10 
  168       7.802398107118e-10 
  169       7.836559617921e-10 
  170       7.869846627309e-10 
  171       7.902246115588e-10 
  172       7.933745070061e-10 
  173       7.964330485338e-10 
  174       7.993989363640e-10 
  175       8.022708715110e-10 
  176       8.050475558114e-10 
  177       8.077276919554e-10 
  178       8.103099835171e-10 
  179       8.127931349853e-10 
  180       8.151759385580e-10 
  181       8.174575421762e-10 
  182       8.196372029039e-10 
  183       8.217142024273e-10 
  184       8.236878474044e-10 
  185       8.255574698158e-10 
  186       8.273224273147e-10 
  187       8.289821035772e-10 
  188       8.305359086525e-10 
  189       8.319832793133e-10 
  190       8.333236794061e-10 
  191       8.345566002012e-10 
  192       8.356815607433e-10 
  193       8.366981082014e-10 
  194       8.376058182195e-10 
  195       8.384042952664e-10 
  196       8.390931729864e-10 
  197       8.396721145491e-10 
  198       8.401408130001e-10 
  199       8.404989916110e-10 
  200       8.407464042298e-10 
  201       8.408828705199e-10 
  202       8.409083837546e-10 
  203       8.408230114067e-10 
  204       8.406268614027e-10 
  205       8.403200825757e-10 
  206       8.399028651192e-10 
  207       8.393754410402e-10 
  208       8.387380846124e-10 
  209       8.379911128303e-10 
  210       8.371348858616e-10 
  211       8.361698075015e-10 
  212       8.350963256254e-10 
  213       8.339149326426e-10 
  214       8.326261659497e-10 
  215       8.312306083838e-10 
  216       8.297288886759e-10 
  217       8.281216819047e-10 
  218       8.264097099492e-10 
  219       8.245937419427e-10 
  220       8.226745947260e-10 
  221       8.206531333008e-10 
  222       8.185302712829e-10 
  223       8.163069713560e-10 
  224       8.139842149733e-10 
  225       8.115629083617e-10 
  226       8.090439713516e-10 
  227       8.064283679621e-10 
  228       8.037171067819e-10 
  229       8.009112413491e-10 
  230       7.980118705312e-10 
  231       7.950201389055e-10 
  232       7.919372371395e-10 
  233       7.887644023705e-10 
  234       7.855029185860e-10 
  235       7.821541170042e-10 
  236       7.787193764535e-10 
  237       7.752001237533e-10 
  238       7.715978340938e-10 
  239       7.679140314162e-10 
  240       7.641502887931e-10 
  241       7.603082288081e-10 
  242       7.563895239366e-10 
  243       7.523958969258e-10 
  244       7.483291211745e-10 
  245       7.441910211136e-10 
  246       7.399834725862e-10 
  247       7.357084032278e-10 
  248       7.313677928463e-10 
  249       7.269636738024e-10 
  250       7.224980279697e-10 
  251       7.179724702374e-10 
  252       7.133885474771e-10 
  253       7.087478405004e-10 
  254       7.040519642411e-10 
  255       6.993025679375e-10 
  256       6.945013353151e-10 
  257       6.896499847685e-10 
  258       6.847502695445e-10 
  259       6.798039779236e-10 
  260       6.748129334032e-10 
  261       6.697789948795e-10 
  262       6.647040568299e-10 
  263       6.595900494959e-10 
  264       6.544389390646e-10 
  265       6.492527278520e-10 
  266       6.440334544847e-10 
  267       6.387831940826e-10 
  268       6.335040584415e-10 
  269       6.281981962149e-10 
  270       6.228677930969e-10 
  271       6.175150720043e-10 
  272       6.121422932592e-10 
  273       6.067517547712e-10 
  274       6.013457922200e-10 
  275       5.959267792374e-10 
  276       5.904971275901e-10 
  277       5.850592873620e-10 
  278       5.796157471365e-10 
  279       5.741688722848e-10 
  280       5.687204101829e-10 
  281       5.632719597163e-10 
  282       5.578251307984e-10 
  283       5.523815443045e-10 
  284       5.469428320057e-10 
  285       5.415106365022e-10 
  286       5.360866111574e-10 
  287       5.306724200312e-10 
  288       5.252697378140e-10 
  289       5.198802497604e-10 
  290       5.145056516227e-10 
  291       5.091476495846e-10 
  292       5.038079601954e-10 
  293       4.984883103028e-10 
  294       4.931904369876e-10 
  295       4.879160874966e-10 
  296       4.826670191767e-10 
  297       4.774449994086e-10 
  298       4.722518055404e-10 
  299       4.670892248212e-10 
  300       4.619590543352e-10 
  301       4.568631009348e-10 
  302       4.518031811749e-10 
  303       4.467811212462e-10 
  304       4.417987569090e-10 
  305       4.368579334272e-10 
  306       4.319605055014e-10 
  307       4.271083372031e-10 
  308       4.223033019083e-10 
  309       4.175472822311e-10 
  310       4.128421699573e-10 
  311       4.081898659785e-10 
  312       4.035921220774e-10 
  313       3.990500583080e-10 
  314       3.945646230921e-10 
  315       3.901367490899e-10 
  316       3.857673529385e-10 
  317       3.814573349917e-10 
  318       3.772075790591e-10 
  319       3.730189521457e-10 
  320       3.688923041913e-10 
  321       3.648284678096e-10 
  322       3.608282580277e-10 
  323       3.568924720257e-10 
  324       3.530218888756e-10 
  325       3.492172692810e-10 
  326       3.454793553167e-10 
  327       3.418088701673e-10 
  328       3.382065178673e-10 
  329       3.346729830401e-10 
  330       3.312089306377e-10 
  331       3.278150056797e-10 
  332       3.244918329926e-10 
  333       3.212400169497e-10 
  334       3.180601412100e-10 
  335       3.149527684578e-10 
  336       3.119184401420e-10 
  337       3.089576762152e-10 
  338       3.060709748738e-10 
  339       3.032588122965e-10 
  340       3.005216423842e-10 
  341       2.978598964993e-10 
  342       2.952739832049e-10 
  343       2.927642880044e-10 
  344       2.903311730806e-10 
  345       2.879749770353e-10 
  346       2.856960146285e-10 
  347       2.834945765181e-10 
  348       2.813709289987e-10 
  349       2.793252678902e-10 
  350       2.773575786216e-10 
  351       2.754677698246e-10 
  352       2.736557183562e-10 
  353       2.719212689933e-10 
  354       2.702642341263e-10 
  355       2.686843934540e-10 
  356       2.671814936778e-10 
  357       2.657552481958e-10 
  358       2.644053367977e-10 
  359       2.631314053582e-10 
  360       2.619330655322e-10 
  361       2.608098944487e-10 
  362       2.597614344053e-10 
  363       2.587871925622e-10 
  364       2.578866406369e-10 
  365       2.570592145984e-10 
  366       2.563043143615e-10 
  367       2.556213034810e-10 
  368       2.550095088463e-10 
  369       2.544682203756e-10 
  370       2.539966907101e-10 
  371       2.535941349085e-10 
  372       2.532597301411e-10 
  373       2.529926153845e-10 
  374       2.527918911157e-10 
  375       2.526566190061e-10 
  376       2.525858216166e-10 
  377       2.525784820912e-10 
  378       2.526335438517e-10 
  379       2.527499102919e-10 
  380       2.529264444720e-10 
  381       2.531619688127e-10 
  382       2.534552647901e-10 
  383       2.538050726291e-10 
  384       2.542100909988e-10 
  385       2.546689767059e-10 
  386       2.551803443894e-10 
  387       2.557427662153e-10 
  388       2.563548947332e-10 
  389       2.570158371392e-10 
  390       2.577247944129e-10 
  391       2.584809392119e-10 
  392       2.592834156633e-10 
  393       2.601313391568e-10 
  394       2.610237961363e-10 
  395       2.619598438923e-10 
  396       2.629385103545e-10 
  397       2.639587938834e-10 
  398       2.650196630633e-10 
  399       2.661200564938e-10 
  400       2.672588825827e-10 
  401       2.684350193378e-10 
  402       2.696473141594e-10 
  403       2.708945836324e-10 
  404       2.721756133185e-10 
  405       2.734891575486e-10 
  406       2.748339392152e-10 
  407       2.762086495641e-10 
  408       2.776119479873e-10 
  409       2.790424618147e-10 
  410       2.804987861067e-10 
  411       2.819794834462e-10 
  412       2.834830837311e-10 
  413       2.850080839665e-10 
  414       2.865529480566e-10 
  415       2.881161065974e-10 
  416       2.896959566688e-10 
  417       2.912908616267e-10 
  418       2.928991508954e-10 
  419       2.945191197598e-10 
  420       2.961490291576e-10 
  421       2.977871054716e-10 
  422       2.994315403222e-10 
  423       3.010804903589e-10 
  424       3.027320770536e-10 
  425       3.043843864917e-10 
  426       3.060354691655e-10 
  427       3.076835601860e-10 
  428       3.093277485965e-10 
  429       3.109673304222e-10 
  430       3.126015902440e-10 
  431       3.142298011360e-10 
  432       3.158512246018e-10 
  433       3.174651105120e-10 
  434       3.190706970411e-10 
  435       3.206672106041e-10 
  436       3.222538657941e-10 
  437       3.238298653187e-10 
  438       3.253943999372e-10 
  439       3.269466483978e-10 
  440       3.284857773743e-10 
  441       3.300109414029e-10 
  442       3.315212828199e-10 
  443       3.330159316978e-10 
  444       3.344940057829e-10 
  445       3.359546104319e-10 
  446       3.373968385492e-10 
  447       3.388197705238e-10 
  448       3.402224741658e-10 
  449       3.416040046443e-10 
  450       3.429634044234e-10 
  451       3.442997031999e-10 
  452       3.456119178399e-10 
  453       3.468990523160e-10 
  454       3.481600976440e-10 
  455       3.493940318202e-10 
  456       3.505998197581e-10 
  457       3.517764132256e-10 
  458       3.529227507819e-10 
  459       3.540377577143e-10 
  460       3.551203459755e-10 
  461       3.561694141202e-10 
  462       3.571838472426e-10 
  463       3.581625169129e-10 
  464       3.591042811143e-10 
  465       3.600079841804e-10 
  466       3.608726464581e-10 
  467       3.616980399377e-10 
  468       3.624841304582e-10 
  469       3.632308896456e-10 
  470       3.639382949546e-10 
  471       3.646063297103e-10 
  472       3.652349831497e-10 
  473       3.658242504634e-10 
  474       3.663741328368e-10 
  475       3.668846374923e-10 
  476       3.673557777306e-10 
  477       3.677875729720e-10 
  478       3.681800487986e-10 
  479       3.685332369955e-10 
  480       3.688471755924e-10 
  481       3.691219089054e-10 
  482       3.693574875783e-10 
  483       3.695539686246e-10 
  484       3.697114154686e-10 
  485       3.698298979875e-10 
  486       3.699094925526e-10 
  487       3.699502820712e-10 
  488       3.699523560278e-10 
  489       3.699158105263e-10 
  490       3.698407483310e-10 
  491       3.697272789084e-10 
  492       3.695755184690e-10 
  493       3.693855900086e-10 
  494       3.691576233501e-10 
  495       3.688917551849e-10 
  496       3.685881291149e-10 
  497       3.682468956935e-10 
  498       3.678682124677e-10 
  499       3.674522440194e-10 
  500       3.669991620071e-10 
  501       3.665091452075e-10 
  502       3.659823795573e-10 
  503       3.654190581943e-10 
  504       3.648193814995e-10 
  505       3.641836161281e-10 
  506       3.635122738900e-10 
  507       3.628059381049e-10 
  508       3.620652051476e-10 
  509       3.612906845172e-10 
  510       3.604829989067e-10 
  511       3.596427842720e-10 
  512       3.587706899011e-10 
  513       3.578673784840e-10 
  514       3.569335261813e-10 
  515       3.559698226939e-10 
  516       3.549769713321e-10 
  517       3.539556890852e-10 
  518       3.529067066904e-10 
  519       3.518307687022e-10 
  520       3.507286335622e-10 
  521       3.496010736676e-10 
  522       3.484488754409e-10 
  523       3.472728393994e-10 
  524       3.460737802242e-10 
  525       3.448525268295e-10 
  526       3.436099224320e-10 
  527       3.423468246202e-10 
  528       3.410641054236e-10 
  529       3.397626513823e-10 
  530       3.384433636159e-10 
  531       3.371071578928e-10 
  532       3.357549647001e-10 
  533       3.343877293119e-10 
  534       3.330064118598e-10 
  535       3.316119874010e-10 
  536       3.302054459886e-10 
  537       3.287877927400e-10 
  538       3.273600479072e-10 
  539       3.259232469450e-10 
  540       3.244784405813e-10 
  541       3.230266948858e-10 
  542       3.215690913392e-10 
  543       3.201067269032e-10 
  544       3.186406349759e-10 
  545       3.171715457954e-10 
  546       3.157001197617e-10 
  547       3.142270260072e-10 
  548       3.127529424341e-10 
  549       3.112785557514e-10 
  550       3.098045615120e-10 
  551       3.083316641507e-10 
  552       3.068605770207e-10 
  553       3.053920224314e-10 
  554       3.039267316854e-10 
  555       3.024654451158e-10 
  556       3.010089121236e-10 
  557       2.995578912150e-10 
  558       2.981131500385e-10 
  559       2.966754654223e-10 
  560       2.952456234115e-10 
  561       2.938244193055e-10 
  562       2.924126576951e-10 
  563       2.910111525000e-10 
  564       2.896207270060e-10 
  565       2.882422139020e-10 
  566       2.868764553177e-10 
  567       2.855243028606e-10 
  568       2.841866176535e-10 
  569       2.828642703715e-10 
  570       2.815581412795e-10 
  571       2.802691202694e-10 
  572       2.789981068973e-10 
  573       2.777460104210e-10 
  574       2.765137498369e-10 
  575       2.753022539178e-10 
  576       2.741124612496e-10 
  577       2.729453202690e-10 
  578       2.718017893008e-10 
  579       2.706828365947e-10 
  580       2.695894403632e-10 
  581       2.685225888182e-10 
  582       2.674832802091e-10 
  583       2.664723862226e-10 
  584       2.654902383609e-10 
  585       2.645370313042e-10 
  586       2.636129586022e-10 
  587       2.627182126623e-10 
  588       2.618529847397e-10 
  589       2.610174649256e-10 
  590       2.602118421370e-10 
  591       2.594363041055e-10 
  592       2.586910373665e-10 
  593       2.579762272482e-10 
  594       2.572920578611e-10 
  595       2.566387120864e-10 
  596       2.560163715659e-10 
  597       2.554252166908e-10 
  598       2.548654265905e-10 
  599       2.543371791224e-10 
  600       2.538406508603e-10 
  601       2.533760170841e-10 
  602       2.529434517686e-10 
  603       2.525431275727e-10 
  604       2.521752158284e-10 
  605       2.518398865302e-10 
  606       2.515373083240e-10 
  607       2.512676484963e-10 
  608       2.510310729633e-10 
  609       2.508277462599e-10 
  610       2.506578315291e-10 
  611       2.505214905108e-10 
  612       2.504188835312e-10 
  613       2.503501694918e-10 
  614       2.503155058584e-10 
  615       2.503150486504e-10 
  616       2.503489524299e-10 
  617       2.504173702906e-10 
  618       2.505204538473e-10 
  619       2.506583532246e-10 
  620       2.508312170465e-10 
  621       2.510391924250e-10 
  622       2.512823361655e-10 
  623       2.515603461196e-10 
  624       2.518728235175e-10 
  625       2.522193611442e-10 
  626       2.525995433008e-10 
  627       2.530129457668e-10 
  628       2.534591357610e-10 
  629       2.539376719035e-10 
  630       2.544481041772e-10 
  631       2.549899738896e-10 
  632       2.555628136343e-10 
  633       2.561661472525e-10 
  634       2.567994897950e-10 
  635       2.574623474832e-10 
  636       2.581542176716e-10 
  637       2.588745888085e-10 
  638       2.596229403983e-10 
  639       2.603987429628e-10 
  640       2.612014580031e-10 
  641       2.620305379606e-10 
  642       2.628854261796e-10 
  643       2.637655568680e-10 
  644       2.646703550595e-10 
  645       2.655992365749e-10 
  646       2.665516079840e-10 
  647       2.675268665671e-10 
  648       2.685244002765e-10 
  649       2.695435876983e-10 
  650       2.705837980140e-10 
  651       2.716443909620e-10 
  652       2.727247167994e-10 
  653       2.738241162635e-10 
  654       2.749419205336e-10 
  655       2.760774511923e-10 
  656       2.772300201873e-10 
  657       2.783989297934e-10 
  658       2.795834725733e-10 
  659       2.807829313401e-10 
  660       2.819965791182e-10 
  661       2.832236960579e-10 
  662       2.844636206644e-10 
  663       2.857156996223e-10 
  664       2.869792709121e-10 
  665       2.882536637760e-10 
  666       2.895381986847e-10 
  667       2.908321873030e-10 
  668       2.921349324568e-10 
  669       2.934457280989e-10 
  670       2.947638592756e-10 
  671       2.960886020925e-10 
  672       2.974192236813e-10 
  673       2.987549821657e-10 
  674       3.000951266279e-10 
  675       3.014388970748e-10 
  676       3.027855244042e-10 
  677       3.041342303712e-10 
  678       3.054842275543e-10 
  679       3.068347193221e-10 
  680       3.081848997988e-10 
  681       3.095339538313e-10 
  682       3.108810569550e-10 
  683       3.122253753602e-10 
  684       3.135660658582e-10 
  685       3.149022758480e-10 
  686       3.162331432822e-10 
  687       3.175577966333e-10 
  688       3.188753548601e-10 
  689       3.201849273741e-10 
  690       3.214856140053e-10 
  691       3.227765049691e-10 
  692       3.240566808320e-10 
  693       3.253252124783e-10 
  694       3.265811610762e-10 
  695       3.278235780439e-10 
  696       3.290515050162e-10 
  697       3.302639738107e-10 
  698       3.314600063938e-10 
  699       3.326386148473e-10 
  700       3.337989018052e-10 
  701       3.349403641279e-10 
  702       3.360625954867e-10 
  703       3.371651864573e-10 
  704       3.382477245103e-10 
  705       3.393097940023e-10 
  706       3.403509761664e-10 
  707       3.413708491034e-10 
  708       3.423689877725e-10 
  709       3.433449639821e-10 
  710       3.442983463809e-10 
  711       3.452287004482e-10 
  712       3.461355884852e-10 
  713       3.470185696059e-10 
  714       3.478771997277e-10 
  715       3.487110315620e-10 
  716       3.495196146059e-10 
  717       3.503024951321e-10 
  718       3.510592161803e-10 
  719       3.517893175479e-10 
  720       3.524923357807e-10 
  721       3.531678041641e-10 
  722       3.538152527135e-10 
  723       3.544342081655e-10 
  724       3.550241939687e-10 
  725       3.555847302743e-10 
  726       3.561153339272e-10 
  727       3.566155184566e-10 
  728       3.570847940672e-10 
  729       3.575226676297e-10 
  730       3.579286426718e-10 
  731       3.583022193690e-10 
  732       3.586428945356e-10 
  733       3.589501616154e-10 
  734       3.592235106723e-10 
  735       3.594624283816e-10 
  736       3.596663980208e-10 
  737       3.598348994601e-10 
  738       3.599674091533e-10 
  739       3.600635076658e-10 
  740       3.601232046038e-10 
  741       3.601466200796e-10 
  742       3.601338777707e-10 
  743       3.600851049340e-10 
  744       3.600004324201e-10 
  745       3.598799946879e-10 
  746       3.597239298190e-10 
  747       3.595323795322e-10 
  748       3.593054891980e-10 
  749       3.590434078527e-10 
  750       3.587462882132e-10 
  751       3.584142866914e-10 
  752       3.580475634085e-10 
  753       3.576462822094e-10 
  754       3.572106106774e-10 
  755       3.567407201484e-10 
  756       3.562367857254e-10 
  757       3.556989862932e-10 
  758       3.551275045324e-10 
  759       3.545225269340e-10 
  760       3.538842438140e-10 
  761       3.532128493278e-10 
  762       3.525085414846e-10 
  763       3.517715221615e-10 
  764       3.510019971187e-10 
  765       3.502001760132e-10 
  766       3.493662724137e-10 
  767       3.485005038149e-10 
  768       3.476030916517e-10 
  769       3.466742613142e-10 
  770       3.457142421615e-10 
  771       3.447232675368e-10 
  772       3.437015747812e-10 
  773       3.426494052485e-10 
  774       3.415670043197e-10 
  775       3.404546214172e-10 
  776       3.393125100195e-10 
  777       3.381409276753e-10 
  778       3.369401775544e-10 
  779       3.357107339243e-10 
  780       3.344531190553e-10 
  781       3.331678619197e-10 
  782       3.318554982152e-10 
  783       3.305165703867e-10 
  784       3.291516276497e-10 
  785       3.277612260128e-10 
  786       3.263459282999e-10 
  787       3.249063041734e-10 
  788       3.234429301568e-10 
  789       3.219563896571e-10 
  790       3.204472729876e-10 
  791       3.189161773907e-10 
  792       3.173637070603e-10 
  793       3.157904731647e-10 
  794       3.141970938692e-10 
  795       3.125841943587e-10 
  796       3.109524068604e-10 
  797       3.093023706665e-10 
  798       3.076347321569e-10 
  799       3.059501448217e-10 
  800       3.042492692839e-10 
  801       3.025327733224e-10 
  802       3.008013318943e-10 
  803       2.990556271574e-10 
  804       2.972963484936e-10 
  805       2.955241925308e-10 
  806       2.937398631658e-10 
  807       2.919440715874e-10 
  808       2.901375362982e-10 
  809       2.883209831382e-10 
  810       2.864951453069e-10 
  811       2.846607633859e-10 
  812       2.828185853621e-10 
  813       2.809693666497e-10 
  814       2.791138701134e-10 
  815       2.772528660908e-10 
  816       2.753871324150e-10 
  817       2.735174107283e-10 
  818       2.716442745198e-10 
  819       2.697682587755e-10 
  820       2.678899034885e-10 
  821       2.660097536741e-10 
  822       2.641283593847e-10 
  823       2.622462757242e-10 
  824       2.603640628632e-10 
  825       2.584822860537e-10 
  826       2.566015156439e-10 
  827       2.547223270930e-10 
  828       2.528453009860e-10 
  829       2.509710230488e-10 
  830       2.491000841624e-10 
  831       2.472330803784e-10 
  832       2.453706129334e-10 
  833       2.435132882638e-10 
  834       2.416617180211e-10 
  835       2.398165190860e-10 
  836       2.379783135837e-10 
  837       2.361477288987e-10 
  838       2.343253976895e-10 
  839       2.325119579032e-10 
  840       2.307080527909e-10 
  841       2.289143309219e-10 
  842       2.271314461990e-10 
  843       2.253600578728e-10 
  844       2.236008305572e-10 
  845       2.218544342435e-10 
  846       2.201215443158e-10 
  847       2.184028415654e-10 
  848       2.166990122060e-10 
  849       2.150107478880e-10 
  850       2.133387457139e-10 
  851       2.116837082528e-10 
  852       2.100463435551e-10 
  853       2.084273651677e-10 
  854       2.068274921483e-10 
  855       2.052474490808e-10 
  856       2.036878756868e-10 
  857       2.021490539415e-10 
  858       2.006311763342e-10 
  859       1.991344358492e-10 
  860       1.976590259660e-10 
  861       1.962051406595e-10 
  862       1.947729743994e-10 
  863       1.933627221512e-10 
  864       1.919745793753e-10 
  865       1.906087420276e-10 
  866       1.892654065594e-10 
  867       1.879447699172e-10 
  868       1.866470295432e-10 
  869       1.853723833748e-10 
  870       1.841210298449e-10 
  871       1.828931678820e-10 
  872       1.816889969101e-10 
  873       1.805087168489e-10 
  874       1.793525281133e-10 
  875       1.782206316143e-10 
  876       1.771132287582e-10 
  877       1.760305214471e-10 
  878       1.749727120789e-10 
  879       1.739400035472e-10 
  880       1.729325992412e-10 
  881       1.719507030461e-10 
  882       1.709945193429e-10 
  883       1.700642530083e-10 
  884       1.691601094151e-10 
  885       1.682822944319e-10 
  886       1.674310144233e-10 
  887       1.666064762497e-10 
  888       1.658088872678e-10 
  889       1.650384553301e-10 
  890       1.642953887853e-10 
  891       1.635798964780e-10 
  892       1.628921877492e-10 
  893       1.622324724359e-10 
  894       1.616009608712e-10 
  895       1.609977917454e-10 
  896       1.604228143993e-10 
  897       1.598758029791e-10 
  898       1.593565282437e-10 
  899       1.588647575532e-10 
  900       1.584002548587e-10 
  901       1.579627806909e-10 
  902       1.575520921502e-10 
  903       1.571679428951e-10 
  904       1.568100831319e-10 
  905       1.564782596038e-10 
  906       1.561722155800e-10 
  907       1.558916908455e-10 
  908       1.556364216894e-10 
  909       1.554061408950e-10 
  910       1.552005777286e-10 
  911       1.550194579288e-10 
  912       1.548625036957e-10 
  913       1.547294336804e-10 
  914       1.546199629737e-10 
  915       1.545338030960e-10 
  916       1.544706619859e-10 
  917       1.544302439900e-10 
  918       1.544122498516e-10 
  919       1.544163767003e-10 
  920       1.544423180413e-10 
  921       1.544897637441e-10 
  922       1.545584000326e-10 
  923       1.546479094733e-10 
  924       1.547579709654e-10 
  925       1.548882597297e-10 
  926       1.550384472978e-10 
  927       1.552082015011e-10 
  928       1.553971864607e-10 
  929       1.556050625762e-10 
  930       1.558314865146e-10 
  931       1.560761112004e-10 
  932       1.563385858039e-10 
  933       1.566185557313e-10 
  934       1.569156521488e-10 
  935       1.572294604000e-10 
  936       1.575595510734e-10 
  937       1.579054904105e-10 
  938       1.582668402928e-10 
  939       1.586431582305e-10 
  940       1.590339973493e-10 
  941       1.594389063790e-10 
  942       1.598574296410e-10 
  943       1.602891070360e-10 
  944       1.607334740319e-10 
  945       1.611900616517e-10 
  946       1.616583964611e-10 
  947       1.621380005564e-10 
  948       1.626283915523e-10 
  949       1.631290825697e-10 
  950       1.636395822233e-10 
  951       1.641593946098e-10 
  952       1.646880192953e-10 
  953       1.652249513035e-10 
  954       1.657696811029e-10 
  955       1.663216945953e-10 
  956       1.668804731031e-10 
  957       1.674454933571e-10 
  958       1.680162274848e-10 
  959       1.685921429976e-10 
  960       1.691727027788e-10 
  961       1.697573650716e-10 
  962       1.703455834666e-10 
  963       1.709368068898e-10 
  964       1.715304795904e-10 
  965       1.721260411283e-10 
  966       1.727229263624e-10 
  967       1.733205654378e-10 
  968       1.739183837741e-10 
  969       1.745158020531e-10 
  970       1.751122362063e-10 
  971       1.757070974031e-10 
  972       1.762997920381e-10 
  973       1.768897702071e-10 
  974       1.774766719548e-10 
  975       1.780601831976e-10 
  976       1.786399874293e-10 
  977       1.792157657151e-10 
  978       1.797871966851e-10 
  979       1.803539565284e-10 
  980       1.809157189874e-10 
  981       1.814721553512e-10 
  982       1.820229344499e-10 
  983       1.825677226485e-10 
  984       1.831061838406e-10 
  985       1.836379794425e-10 
  986       1.841627683873e-10 
  987       1.846802071185e-10 
  988       1.851899495841e-10 
  989       1.856916472306e-10 
  990       1.861849489970e-10 
  991       1.866695013083e-10 
  992       1.871449480700e-10 
  993       1.876109306618e-10 
  994       1.880670879313e-10 
  995       1.885130561882e-10 
  996       1.889484691985e-10 
  997       1.893729581777e-10 
  998       1.897861517855e-10 
  999       1.901876761192e-10 
 1000       1.905771547078e-10 
 1001       1.909542085062e-10 
 1002       1.913184558887e-10 
 1003       1.916695126433e-10 
 1004       1.920069919653e-10 
 1005       1.923305044515e-10 
 1006       1.926396580941e-10 
 1007       1.929340582746e-10 
 1008       1.932133077576e-10 
 1009       1.934770066850e-10 
 1010       1.937247525696e-10 
 1011       1.939561402896e-10 
 1012       1.941708291006e-10 
 1013       1.943687447463e-10 
 1014       1.945498802538e-10 
 1015       1.947142291802e-10 
 1016       1.948617856153e-10 
 1017       1.949925441828e-10 
 1018       1.951065000423e-10 
 1019       1.952036488911e-10 
 1020       1.952839869658e-10 
 1021       1.953475110444e-10 
 1022       1.953942184476e-10 
 1023       1.954241070412e-10 
 1024       1.954371752374e-10 
 1025       1.954334219966e-10 
 1026       1.954128468294e-10 
 1027       1.953754497985e-10 
 1028       1.953212315199e-10 
 1029       1.952501931654e-10 
 1030       1.951623364639e-10 
 1031       1.950576637032e-10 
 1032       1.949361777320e-10 
 1033       1.947978819616e-10 
 1034       1.946427803677e-10 
 1035       1.944708774920e-10 
 1036       1.942821784443e-10 
 1037       1.940766889038e-10 
 1038       1.938544151217e-10 
 1039       1.936153639219e-10 
 1040       1.933595427036e-10 
 1041       1.930869594430e-10 
 1042       1.927976226946e-10 
 1043       1.924915415935e-10 
 1044       1.921687258568e-10 
 1045       1.918291857856e-10 
 1046       1.914729322670e-10 
 1047       1.910999767752e-10 
 1048       1.907103313739e-10 
 1049       1.903040087179e-10 
 1050       1.898810220548e-10 
 1051       1.894414247284e-10 
 1052       1.889854292859e-10 
 1053       1.885132900302e-10 
 1054       1.880252636739e-10 
 1055       1.875216093461e-10 
 1056       1.870025885977e-10 
 1057       1.864684654080e-10 
 1058       1.859195061907e-10 
 1059       1.853559797998e-10 
 1060       1.847781575357e-10 
 1061       1.841863131515e-10 
 1062       1.835807228588e-10 
 1063       1.829616653338e-10 
 1064       1.823294217234e-10 
 1065       1.816842756515e-10 
 1066       1.810265132247e-10 
 1067       1.803564230385e-10 
 1068       1.796742961836e-10 
 1069       1.789804262515e-10 
 1070       1.782751093411e-10 
 1071       1.775586440643e-10 
 1072       1.768313315524e-10 
 1073       1.760934754620e-10 
 1074       1.753453819811e-10 
 1075       1.745873598352e-10 
 1076       1.738197202934e-10 
 1077       1.730427771742e-10 
 1078       1.722568468521e-10 
 1079       1.714622482631e-10 
 1080       1.706593029111e-10 
 1081       1.698483348740e-10 
 1082       1.690296708095e-10 
 1083       1.682036399613e-10 
 1084       1.673705741654e-10 
 1085       1.665308078558e-10 
 1086       1.656846780707e-10 
 1087       1.648325244588e-10 
 1088       1.639746892848e-10 
 1089       1.631115174363e-10 
 1090       1.622433479783e-10 
 1091       1.613704886833e-10 
 1092       1.604932411720e-10 
 1093       1.596119093385e-10 
 1094       1.587267993558e-10 
 1095       1.578382196802e-10 
 1096       1.569464810573e-10 
 1097       1.560518965270e-10 
 1098       1.551547814285e-10 
 1099       1.542554534056e-10 
 1100       1.533542324122e-10 
 1101       1.524514407171e-10 
 1102       1.515474029095e-10 
 1103       1.506424459041e-10 
 1104       1.497368989464e-10 
 1105       1.488310936176e-10 
 1106       1.479253638405e-10 
 1107       1.470200458839e-10 
 1108       1.461154783685e-10 
 1109       1.452120022715e-10 
 1110       1.443099609323e-10 
 1111       1.434097000577e-10 
 1112       1.425115677268e-10 
 1113       1.416159143962e-10 
 1114       1.407230929058e-10 
 1115       1.398334584833e-10 
 1116       1.389473687498e-10 
 1117       1.380651837251e-10 
 1118       1.371872658324e-10 
 1119       1.363139799042e-10 
 1120       1.354456931871e-10 
 1121       1.345827753471e-10 
 1122       1.337255984747e-10 
 1123       1.328745370904e-10 
 1124       1.320299681497e-10 
 1125       1.311922710483e-10 
 1126       1.303618276274e-10 
 1127       1.295390221790e-10 
 1128       1.287242414509e-10 
 1129       1.279178322136e-10 
 1130       1.271199733491e-10 
 1131       1.263308021167e-10 
 1132       1.255504564425e-10 
 1133       1.247790749210e-10 
 1134       1.240167968159e-10 
 1135       1.232637620613e-10 
 1136       1.225201112633e-10 
 1137       1.217859857009e-10 
 1138       1.210615273276e-10 
 1139       1.203468787719e-10 
 1140       1.196421833394e-10 
 1141       1.189475850134e-10 
 1142       1.182632284564e-10 
 1143       1.175892590112e-10 
 1144       1.169258227021e-10 
 1145       1.162730662365e-10 
 1146       1.156311370056e-10 
 1147       1.150001830858e-10 
 1148       1.143803532401e-10 
 1149       1.137717969193e-10 
 1150       1.131746642628e-10 
 1151       1.125891061003e-10 
 1152       1.120152739531e-10 
 1153       1.114533200348e-10 
 1154       1.109033972529e-10 
 1155       1.103656592099e-10 
 1156       1.098402602047e-10 
 1157       1.093273552336e-10 
 1158       1.088270999915e-10 
 1159       1.083396508734e-10 
 1160       1.078651649755e-10 
 1161       1.074038000961e-10 
 1162       1.069557147374e-10 
 1163       1.065210681064e-10 
 1164       1.061000201159e-10 
 1165       1.056927313863e-10 
 1166       1.052993632463e-10 
 1167       1.049200777343e-10 
 1168       1.045549948886e-10 
 1169       1.042040640297e-10 
 1170       1.038671908696e-10 
 1171       1.035442800744e-10 
 1172       1.032352352617e-10 
 1173       1.029399589984e-10 
 1174       1.026583527977e-10 
 1175       1.023903171167e-10 
 1176       1.021357513543e-10 
 1177       1.018945538481e-10 
 1178       1.016666218721e-10 
 1179       1.014518516341e-10 
 1180       1.012501382735e-10 
 1181       1.010613758583e-10 
 1182       1.008854573828e-10 
 1183       1.007222747651e-10 
 1184       1.005717188445e-10 
 1185       1.004336793789e-10 
 1186       1.003080450426e-10 
 1187       1.001947034232e-10 
 1188       1.000935410196e-10 
 1189       1.000044432393e-10 
 1190       9.992729439581e-11 
 1191       9.986197770599e-11 
 1192       9.980837528784e-11 
 1193       9.976636815778e-11 
 1194       9.973583622812e-11 
 1195       9.971665830458e-11 
 1196       9.970871208372e-11 
 1197       9.971187415043e-11 
 1198       9.972601997542e-11 
 1199       9.975102391264e-11 
 1200       9.978675919678e-11 
 1201       9.983309794076e-11 
 1202       9.988991113315e-11 
 1203       9.995706863569e-11 
 1204       1.000344391807e-10 
 1205       1.001218903687e-10 
 1206       1.002192886655e-10 
 1207       1.003264845238e-10 
 1208       1.004432675533e-10 
 1209       1.005694108023e-10 
 1210       1.007046855813e-10 
 1211       1.008488614592e-10 
 1212       1.010017062594e-10 
 1213       1.011629860561e-10 
 1214       1.013324651708e-10 
 1215       1.015099061682e-10 
 1216       1.016950698525e-10 
 1217       1.018877152640e-10 
 1218       1.020875996748e-10 
 1219       1.022944785856e-10 
 1220       1.025081057213e-10 
 1221       1.027282330280e-10 
 1222       1.029546106686e-10 
 1223       1.031869870194e-10 
 1224       1.034251086663e-10 
 1225       1.036687204009e-10 
 1226       1.039175652169e-10 
 1227       1.041713843063e-10 
 1228       1.044299170556e-10 
 1229       1.046929010420e-10 
 1230       1.049600720299e-10 
 1231       1.052311639669e-10 
 1232       1.055059089801e-10 
 1233       1.057840373723e-10 
 1234       1.060652776185e-10 
 1235       1.063493563616e-10 
 1236       1.066359984094e-10 
 1237       1.069249267303e-10 
 1238       1.072158624495e-10 
 1239       1.075085248456e-10 
 1240       1.078026313468e-10 
 1241       1.080978975269e-10 
 1242       1.083940371016e-10 
 1243       1.086907619248e-10 
 1244       1.089877819852e-10 
 1245       1.092848054017e-10 
 1246       1.095815564537e-10 
 1247       1.098778299079e-10 
 1248       1.101734373208e-10 
 1249       1.104681890615e-10 
 1250       1.107618943089e-10 
 1251       1.110543610497e-10 
 1252       1.113453960756e-10 
 1253       1.116348049815e-10 
 1254       1.119223921625e-10 
 1255       1.122079608121e-10 
 1256       1.124913129195e-10 
 1257       1.127722492674e-10 
 1258       1.130505694295e-10 
 1259       1.133260717684e-10 
 1260       1.135985534328e-10 
 1261       1.138678103556e-10 
 1262       1.141336372513e-10 
 1263       1.143958276136e-10 
 1264       1.146541737131e-10 
 1265       1.149084665951e-10 
 1266       1.151584960769e-10 
 1267       1.154040507459e-10 
 1268       1.156449179565e-10 
 1269       1.158808838287e-10 
 1270       1.161117332450e-10 
 1271       1.163372498483e-10 
 1272       1.165572160395e-10 
 1273       1.167714129752e-10 
 1274       1.169796205653e-10 
 1275       1.171816174705e-10 
 1276       1.173771811004e-10 
 1277       1.175660876104e-10 
 1278       1.177481119001e-10 
 1279       1.179230276103e-10 
 1280       1.180906071212e-10 
 1281       1.182506215494e-10 
 1282       1.184028407464e-10 
 1283       1.185470332953e-10 
 1284       1.186829665090e-10 
 1285       1.188104404219e-10 
 1286       1.189293901929e-10 
 1287       1.190397848624e-10 
 1288       1.191415934646e-10 
 1289       1.192347850272e-10 
 1290       1.193193285716e-10 
 1291       1.193951931131e-10 
 1292       1.194623476608e-10 
 1293       1.195207612180e-10 
 1294       1.195704027820e-10 
 1295       1.196112413445e-10 
 1296       1.196432458914e-10 
 1297       1.196663854031e-10 
 1298       1.196806288548e-10 
 1299       1.196859452160e-10 
 1300       1.196823034514e-10 
 1301       1.196696725201e-10 
 1302       1.196480213768e-10 
 1303       1.196173189707e-10 
 1304       1.195775342467e-10 
 1305       1.195286361448e-10 
 1306       1.194705936003e-10 
 1307       1.194033755444e-10 
 1308       1.193269509036e-10 
 1309       1.192412886004e-10 
 1310       1.191463575529e-10 
 1311       1.190421266754e-10 
 1312       1.189285648781e-10 
 1313       1.188056410675e-10 
 1314       1.186733241463e-10 
 1315       1.185315830136e-10 
 1316       1.183803865651e-10 
 1317       1.182197036930e-10 
 1318       1.180495032861e-10 
 1319       1.178697542303e-10 
 1320       1.176804254083e-10 
 1321       1.174814856997e-10 
 1322       1.172729039814e-10 
 1323       1.170546491274e-10 
 1324       1.168267152220e-10 
 1325       1.165891975024e-10 
 1326       1.163422172548e-10 
 1327       1.160858966794e-10 
 1328       1.158203588927e-10 
 1329       1.155457279288e-10 
 1330       1.152621287413e-10 
 1331       1.149696872056e-10 
 1332       1.146685301201e-10 
 1333       1.143587852085e-10 
 1334       1.140405811214e-10 
 1335       1.137140474383e-10 
 1336       1.133793146692e-10 
 1337       1.130365142567e-10 
 1338       1.126857785774e-10 
 1339       1.123272409443e-10 
 1340       1.119610356084e-10 
 1341       1.115872977602e-10 
 1342       1.112061635320e-10 
 1343       1.108177699996e-10 
 1344       1.104222551840e-10 
 1345       1.100197580532e-10 
 1346       1.096104185243e-10 
 1347       1.091943774651e-10 
 1348       1.087717766962e-10 
 1349       1.083427589922e-10 
 1350       1.079074680845e-10 
 1351       1.074660486622e-10 
 1352       1.070186463744e-10 
 1353       1.065654078322e-10 
 1354       1.061064806100e-10 
 1355       1.056420132478e-10 
 1356       1.051721552528e-10 
 1357       1.046970571014e-10 
 1358       1.042168702406e-10 
 1359       1.037317470905e-10 
 1360       1.032418410457e-10 
 1361       1.027473064771e-10 
 1362       1.022482987339e-10 
 1363       1.017449760437e-10 
 1364       1.012375052312e-10 
 1365       1.007260560646e-10 
 1366       1.002107993644e-10 
 1367       9.969190700605e-11 
 1368       9.916955192117e-11 
 1369       9.864390809997e-11 
 1370       9.811515059305e-11 
 1371       9.758345551339e-11 
 1372       9.704900003827e-11 
 1373       9.651196241125e-11 
 1374       9.597252194410e-11 
 1375       9.543085901879e-11 
 1376       9.488715508942e-11 
 1377       9.434159268416e-11 
 1378       9.379435540724e-11 
 1379       9.324562794089e-11 
 1380       9.269559604728e-11 
 1381       9.214444657048e-11 
 1382       9.159236743842e-11 
 1383       9.103954766485e-11 
 1384       9.048617735129e-11 
 1385       8.993244768895e-11 
 1386       8.937855096076e-11 
 1387       8.882468054323e-11 
 1388       8.827103090850e-11 
 1389       8.771779762620e-11 
 1390       8.716517736549e-11 
 1391       8.661336789694e-11 
 1392       8.606256809455e-11 
 1393       8.551297793765e-11 
 1394       8.496479851288e-11 
 1395       8.441823201615e-11 
 1396       8.387348175457e-11 
 1397       8.333075214844e-11 
 1398       8.279024873315e-11 
 1399       8.225217816120e-11 
 1400       8.171674820410e-11 
 1401       8.118416775435e-11 
 1402       8.065462840170e-11 
 1403       8.012824894772e-11 
 1404       7.960513031639e-11 
 1405       7.908537392806e-11 
 1406       7.856908170029e-11 
 1407       7.805635604872e-11 
 1408       7.754729988785e-11 
 1409       7.704201663189e-11 
 1410       7.654061019558e-11 
 1411       7.604318499507e-11 
 1412       7.554984594866e-11 
 1413       7.506069847771e-11 
 1414       7.457584850743e-11 
 1415       7.409540246772e-11 
 1416       7.361946729399e-11 
 1417       7.314815042803e-11 
 1418       7.268155981876e-11 
 1419       7.221980392316e-11 
 1420       7.176299170702e-11 
 1421       7.131123264580e-11 
 1422       7.086463672546e-11 
 1423       7.042331444331e-11 
 1424       6.998737680878e-11 
 1425       6.955693534432e-11 
 1426       6.913210208620e-11 
 1427       6.871298958531e-11 
 1428       6.829971090804e-11 
 1429       6.789237963709e-11 
 1430       6.749110987230e-11 
 1431       6.709601623145e-11 
 1432       6.670721385116e-11 
 1433       6.632481838764e-11 
 1434       6.594894601760e-11 
 1435       6.557971343899e-11 
 1436       6.521723787191e-11 
 1437       6.486163705941e-11 
 1438       6.451302926830e-11 
 1439       6.417153329001e-11 
 1440       6.383726844139e-11 
 1441       6.351033111830e-11 
 1442       6.319072419411e-11 
 1443       6.287842690631e-11 
 1444       6.257341823818e-11 
 1445       6.227567691834e-11 
 1446       6.198518142015e-11 
 1447       6.170190996126e-11 
 1448       6.142584050303e-11 
 1449       6.115695075003e-11 
 1450       6.089521814952e-11 
 1451       6.064061989091e-11 
 1452       6.039313290525e-11 
 1453       6.015273386471e-11 
 1454       5.991939918203e-11 
 1455       5.969310501001e-11 
 1456       5.947382724100e-11 
 1457       5.926154150637e-11 
 1458       5.905622317595e-11 
 1459       5.885784735757e-11 
 1460       5.866638889648e-11 
 1461       5.848182237486e-11 
 1462       5.830412211126e-11 
 1463       5.813326216014e-11 
 1464       5.796921631125e-11 
 1465       5.781195808922e-11 
 1466       5.766146075293e-11 
 1467       5.751769729505e-11 
 1468       5.738064044150e-11 
 1469       5.725026265093e-11 
 1470       5.712653611418e-11 
 1471       5.700943275376e-11 
 1472       5.689892422334e-11 
 1473       5.679498190722e-11 
 1474       5.669757691980e-11 
 1475       5.660668010506e-11 
 1476       5.652226203603e-11 
 1477       5.644429301428e-11 
 1478       5.637274306939e-11 
 1479       5.630758195840e-11 
 1480       5.624876663138e-11 
 1481       5.619620349352e-11 
 1482       5.614978576901e-11 
 1483       5.610940599999e-11 
 1484       5.607495604528e-11 
 1485       5.604632707922e-11 
 1486       5.602340959042e-11 
 1487       5.600609338057e-11 
 1488       5.599426756325e-11 
 1489       5.598782056266e-11 
 1490       5.598664011248e-11 
 1491       5.599061325461e-11 
 1492       5.599962633797e-11 
 1493       5.601356501731e-11 
 1494       5.603231425197e-11 
 1495       5.605575830470e-11 
 1496       5.608378074042e-11 
 1497       5.611626442504e-11 
 1498       5.615309152422e-11 
 1499       5.619414350218e-11 
 1500       5.623930112048e-11 
 1501       5.628844443681e-11 
 1502       5.634145280379e-11 
 1503       5.639820486774e-11 
 1504       5.645857856751e-11 
 1505       5.652245113319e-11 
 1506       5.658969908501e-11 
 1507       5.666019823202e-11 
 1508       5.673382367097e-11 
 1509       5.681044978503e-11 
 1510       5.688995024263e-11 
 1511       5.697219799622e-11 
 1512       5.705706528106e-11 
 1513       5.714442361404e-11 
 1514       5.723414379242e-11 
 1515       5.732609589269e-11 
 1516       5.742014926927e-11 
 1517       5.751617255337e-11 
 1518       5.761403365177e-11 
 1519       5.771360405639e-11 
 1520       5.781477182100e-11 
 1521       5.791742870708e-11 
 1522       5.802146588337e-11 
 1523       5.812677392485e-11 
 1524       5.823324281180e-11 
 1525       5.834076192879e-11 
 1526       5.844922006368e-11 
 1527       5.855850540667e-11 
 1528       5.866850554926e-11 
 1529       5.877910748332e-11 
 1530       5.889019760009e-11 
 1531       5.900166168915e-11 
 1532       5.911338493748e-11 
 1533       5.922525192849e-11 
 1534       5.933714664095e-11 
 1535       5.944895244811e-11 
 1536       5.956055211663e-11 
 1537       5.967182780563e-11 
 1538       5.978266106571e-11 
 1539       5.989293283794e-11 
 1540       6.000252345289e-11 
 1541       6.011131262966e-11 
 1542       6.021917947484e-11 
 1543       6.032600248158e-11 
 1544       6.043165952858e-11 
 1545       6.053602787909e-11 
 1546       6.063898417995e-11 
 1547       6.074040446061e-11 
 1548       6.084016413209e-11 
 1549       6.093813798605e-11 
 1550       6.103420019379e-11 
 1551       6.112822430524e-11 
 1552       6.122008324800e-11 
 1553       6.130964932635e-11 
 1554       6.139679422024e-11 
 1555       6.148138898435e-11 
 1556       6.156330404705e-11 
 1557       6.164240920945e-11 
 1558       6.171858887755e-11 
 1559       6.179178791705e-11 
 1560       6.186196622713e-11 
 1561       6.192908354611e-11 
 1562       6.199309945122e-11 
 1563       6.205397335838e-11 
 1564       6.211166452197e-11 
 1565       6.216613203457e-11 
 1566       6.221733482676e-11 
 1567       6.226523166685e-11 
 1568       6.230978116068e-11 
 1569       6.235094175136e-11 
 1570       6.238867171906e-11 
 1571       6.242292918076e-11 
 1572       6.245367209002e-11 
 1573       6.248085823674e-11 
 1574       6.250444524694e-11 
 1575       6.252439058252e-11 
 1576       6.254065154104e-11 
 1577       6.255318525543e-11 
 1578       6.256194869384e-11 
 1579       6.256689865935e-11 
 1580       6.256799178975e-11 
 1581       6.256518455730e-11 
 1582       6.255843326852e-11 
 1583       6.254769406393e-11 
 1584       6.253292291781e-11 
 1585       6.251407563802e-11 
 1586       6.249110786570e-11 
 1587       6.246397507508e-11 
 1588       6.243263257321e-11 
 1589       6.239703549976e-11 
 1590       6.235713882679e-11 
 1591       6.231289735848e-11 
 1592       6.226426573091e-11 
 1593       6.221119841185e-11 
 1594       6.215364970052e-11 
 1595       6.209157372730e-11 
 1596       6.202492445359e-11 
 1597       6.195367014401e-11 
 1598       6.187783692878e-11 
 1599       6.179746563995e-11 
 1600       6.171259737554e-11 
 1601       6.162327350001e-11 
 1602       6.152953564468e-11 
 1603       6.143142570820e-11 
 1604       6.132898585699e-11 
 1605       6.122225852569e-11 
 1606       6.111128641759e-11 
 1607       6.099611250508e-11 
 1608       6.087678003013e-11 
 1609       6.075333250469e-11 
 1610       6.062581371117e-11 
 1611       6.049426770288e-11 
 1612       6.035873880445e-11 
 1613       6.021927161233e-11 
 1614       6.007591099518e-11 
 1615       5.992870209436e-11 
 1616       5.977769032434e-11 
 1617       5.962292137319e-11 
 1618       5.946444120299e-11 
 1619       5.930229605028e-11 
 1620       5.913653242655e-11 
 1621       5.896719711862e-11 
 1622       5.879433718913e-11 
 1623       5.861799997699e-11 
 1624       5.843823309780e-11 
 1625       5.825508444430e-11 
 1626       5.806860218687e-11 
 1627       5.787883477389e-11 
 1628       5.768583093225e-11 
 1629       5.748963966778e-11 
 1630       5.729031026568e-11 
 1631       5.708789229101e-11 
 1632       5.688243558909e-11 
 1633       5.667399028596e-11 
 1634       5.646260678884e-11 
 1635       5.624833578657e-11 
 1636       5.603123292385e-11 
 1637       5.581137286873e-11 
 1638       5.558883537184e-11 
 1639       5.536370060460e-11 
 1640       5.513604915993e-11 
 1641       5.490596205291e-11 
 1642       5.467352072139e-11 
 1643       5.443880702667e-11 
 1644       5.420190325418e-11 
 1645       5.396289211410e-11 
 1646       5.372185674204e-11 
 1647       5.347888069968e-11 
 1648       5.323404797544e-11 
 1649       5.298744298512e-11 
 1650       5.273915057258e-11 
 1651       5.248925601038e-11 
 1652       5.223784500043e-11 
 1653       5.198500367465e-11 
 1654       5.173081859566e-11 
 1655       5.147537675737e-11 
 1656       5.121876558571e-11 
 1657       5.096107293922e-11 
 1658       5.070238710975e-11 
 1659       5.044279682310e-11 
 1660       5.018239123969e-11 
 1661       4.992125995517e-11 
 1662       4.965949300116e-11 
 1663       4.939718084583e-11 
 1664       4.913441439457e-11 
 1665       4.887128499068e-11 
 1666       4.860788441601e-11 
 1667       4.834430489161e-11 
 1668       4.808063907836e-11 
 1669       4.781698007770e-11 
 1670       4.755342143220e-11 
 1671       4.729005712629e-11 
 1672       4.702698158686e-11 
 1673       4.676428968395e-11 
 1674       4.650207673140e-11 
 1675       4.624043234453e-11 
 1676       4.597942195324e-11 
 1677       4.571910512877e-11 
 1678       4.545954171234e-11 
 1679       4.520079181562e-11 
 1680       4.494291582105e-11 
 1681       4.468597438228e-11 
 1682       4.443002842456e-11 
 1683       4.417513914511e-11 
 1684       4.392136801353e-11 
 1685       4.366877677219e-11 
 1686       4.341742743665e-11 
 1687       4.316738229599e-11 
 1688       4.291870391327e-11 
 1689       4.267145512588e-11 
 1690       4.242569904596e-11 
 1691       4.218149906079e-11 
 1692       4.193891883317e-11 
 1693       4.169802230180e-11 
 1694       4.145887368173e-11 
 1695       4.122153746469e-11 
 1696       4.098607841953e-11 
 1697       4.075256159259e-11 
 1698       4.052105230810e-11 
 1699       4.029161616857e-11 
 1700       4.006431905517e-11 
 1701       3.983922712818e-11 
 1702       3.961640682731e-11 
 1703       3.939592487214e-11 
 1704       3.917784826250e-11 
 1705       3.896224427885e-11 
 1706       3.874918048272e-11 
 1707       3.853872471705e-11 
 1708       3.833094510659e-11 
 1709       3.812591005836e-11 
 1710       3.792368826193e-11 
 1711       3.772434868993e-11 
 1712       3.752796059836e-11 
 1713       3.733459352702e-11 
 1714       3.714430637993e-11 
 1715       3.695711456389e-11 
 1716       3.677302257018e-11 
 1717       3.659203486902e-11 
 1718       3.641415590951e-11 
 1719       3.623939011956e-11 
 1720       3.606774190589e-11 
 1721       3.589921565393e-11 
 1722       3.573381572777e-11 
 1723       3.557154647015e-11 
 1724       3.541241220235e-11 
 1725       3.525641722420e-11 
 1726       3.510356581397e-11 
 1727       3.495386222834e-11 
 1728       3.480731070236e-11 
 1729       3.466391544940e-11 
 1730       3.452368066107e-11 
 1731       3.438661050719e-11 
 1732       3.425270913573e-11 
 1733       3.412198067277e-11 
 1734       3.399442922241e-11 
 1735       3.387005886678e-11 
 1736       3.374887366594e-11 
 1737       3.363087765783e-11 
 1738       3.351607485825e-11 
 1739       3.340446926077e-11 
 1740       3.329606483670e-11 
 1741       3.319086553504e-11 
 1742       3.308887528241e-11 
 1743       3.299009798302e-11 
 1744       3.289453751859e-11 
 1745       3.280219774834e-11 
 1746       3.271308250889e-11 
 1747       3.262719561423e-11 
 1748       3.254454085569e-11 
 1749       3.246512200184e-11 
 1750       3.238894279847e-11 
 1751       3.231600696854e-11 
 1752       3.224631821212e-11 
 1753       3.217987243141e-11 
 1754       3.211663433497e-11 
 1755       3.205656063810e-11 
 1756       3.199960781970e-11 
 1757       3.194573212188e-11 
 1758       3.189488954965e-11 
 1759       3.184703587052e-11 
 1760       3.180212661417e-11 
 1761       3.176011707208e-11 
 1762       3.172096229721e-11 
 1763       3.168461710358e-11 
 1764       3.165103606597e-11 
 1765       3.162017351956e-11 
 1766       3.159198355953e-11 
 1767       3.156642004075e-11 
 1768       3.154343657741e-11 
 1769       3.152298654267e-11 
 1770       3.150502306828e-11 
 1771       3.148949904426e-11 
 1772       3.147636711852e-11 
 1773       3.146557969650e-11 
 1774       3.145708894085e-11 
 1775       3.145084677103e-11 
 1776       3.144680486297e-11 
 1777       3.144491464875e-11 
 1778       3.144512731617e-11 
 1779       3.144739380849e-11 
 1780       3.145166482396e-11 
 1781       3.145789081559e-11 
 1782       3.146602199068e-11 
 1783       3.147600831054e-11 
 1784       3.148779949011e-11 
 1785       3.150134499760e-11 
 1786       3.151659405414e-11 
 1787       3.153349563342e-11 
 1788       3.155199846134e-11 
 1789       3.157205101566e-11 
 1790       3.159360152561e-11 
 1791       3.161659797160e-11 
 1792       3.164098780735e-11 
 1793       3.166671712481e-11 
 1794       3.169373148173e-11 
 1795       3.172197617815e-11 
 1796       3.175139625599e-11 
 1797       3.178193649873e-11 
 1798       3.181354143104e-11 
 1799       3.184615531836e-11 
 1800       3.187972216660e-11 
 1801       3.191418572175e-11 
 1802       3.194948946949e-11 
 1803       3.198557663486e-11 
 1804       3.202239018189e-11 
 1805       3.205987281320e-11 
 1806       3.209796696966e-11 
 1807       3.213661483004e-11 
 1808       3.217575831062e-11 
 1809       3.221533906481e-11 
 1810       3.225529848283e-11 
 1811       3.229557769129e-11 
 1812       3.233611755289e-11 
 1813       3.237685866597e-11 
 1814       3.241774136424e-11 
 1815       3.245870571631e-11 
 1816       3.249969152542e-11 
 1817       3.254063832902e-11 
 1818       3.258148539840e-11 
 1819       3.262217173837e-11 
 1820       3.266263608685e-11 
 1821       3.270281691450e-11 
 1822       3.274265242440e-11 
 1823       3.278208055164e-11 
 1824       3.282103896298e-11 
 1825       3.285946505647e-11 
 1826       3.289729596110e-11 
 1827       3.293446853640e-11 
 1828       3.297091937211e-11 
 1829       3.300658478780e-11 
 1830       3.304140083252e-11 
 1831       3.307530925758e-11 
 1832       3.310827548805e-11 
 1833       3.314027079419e-11 
 1834       3.317126633115e-11 
 1835       3.320123313880e-11 
 1836       3.323014214163e-11 
 1837       3.325796414852e-11 
 1838       3.328466985266e-11 
 1839       3.331022983136e-11 
 1840       3.333461454590e-11 
 1841       3.335779434140e-11 
 1842       3.337973944661e-11 
 1843       3.340041997386e-11 
 1844       3.341980591879e-11 
 1845       3.343786716028e-11 
 1846       3.345457346027e-11 
 1847       3.346989446361e-11 
 1848       3.348379969791e-11 
 1849       3.349625857338e-11 
 1850       3.350724038268e-11 
 1851       3.351671430077e-11 
 1852       3.352464938477e-11 
 1853       3.353101457379e-11 
 1854       3.353577868878e-11 
 1855       3.353891043238e-11 
 1856       3.354037838879e-11 
 1857       3.354015102356e-11 
 1858       3.353819668351e-11 
 1859       3.353448359652e-11 
 1860       3.352897987141e-11 
 1861       3.352165349779e-11 
 1862       3.351247234586e-11 
 1863       3.350140416634e-11 
 1864       3.348841659023e-11 
 1865       3.347347712873e-11 
 1866       3.345655317303e-11 
 1867       3.343761199421e-11 
 1868       3.341662074305e-11 
 1869       3.339354644989e-11 
 1870       3.336836325507e-11 
 1871       3.334107416240e-11 
 1872       3.331168945564e-11 
 1873       3.328021948345e-11 
 1874       3.324667465947e-11 
 1875       3.321106546243e-11 
 1876       3.317340243625e-11 
 1877       3.313369619013e-11 
 1878       3.309195739862e-11 
 1879       3.304819680179e-11 
 1880       3.300242520522e-11 
 1881       3.295465348020e-11 
 1882       3.290489256375e-11 
 1883       3.285315345875e-11 
 1884       3.279944723403e-11 
 1885       3.274378502448e-11 
 1886       3.268617803110e-11 
 1887       3.262663752115e-11 
 1888       3.256517482822e-11 
 1889       3.250180135233e-11 
 1890       3.243652856001e-11 
 1891       3.236936798441e-11 
 1892       3.230033122542e-11 
 1893       3.222942994973e-11 
 1894       3.215667589091e-11 
 1895       3.208208084957e-11 
 1896       3.200565669340e-11 
 1897       3.192741535729e-11 
 1898       3.184736884341e-11 
 1899       3.176552922134e-11 
 1900       3.168190862810e-11 
 1901       3.159651926833e-11 
 1902       3.150937341431e-11 
 1903       3.142048340612e-11 
 1904       3.132986165167e-11 
 1905       3.123752062686e-11 
 1906       3.114347287563e-11 
 1907       3.104773101008e-11 
 1908       3.095030771054e-11 
 1909       3.085121942908e-11 
 1910       3.075049753074e-11 
 1911       3.064817723791e-11 
 1912       3.054429393486e-11 
 1913       3.043888316802e-11 
 1914       3.033198064618e-11 
 1915       3.022362224070e-11 
 1916       3.011384398570e-11 
 1917       3.000268207834e-11 
 1918       2.989017287899e-11 
 1919       2.977635291148e-11 
 1920       2.966125886327e-11 
 1921       2.954492758572e-11 
 1922       2.942739609427e-11 
 1923       2.930870156870e-11 
 1924       2.918888135328e-11 
 1925       2.906797295706e-11 
 1926       2.894601405404e-11 
 1927       2.882304248342e-11 
 1928       2.869909624978e-11 
 1929       2.857421352332e-11 
 1930       2.844843264010e-11 
 1931       2.832179210221e-11 
 1932       2.819433057801e-11 
 1933       2.806608690237e-11 
 1934       2.793710007685e-11 
 1935       2.780740926994e-11 
 1936       2.767705381726e-11 
 1937       2.754607322181e-11 
 1938       2.741450715416e-11 
 1939       2.728239545266e-11 
 1940       2.714977812369e-11 
 1941       2.701669534186e-11 
 1942       2.688318745021e-11 
 1943       2.674929496046e-11 
 1944       2.661505855322e-11 
 1945       2.648051907817e-11 
 1946       2.634571755435e-11 
 1947       2.621069517029e-11 
 1948       2.607549183837e-11 
 1949       2.594014184520e-11 
 1950       2.580467816900e-11 
 1951       2.566913392265e-11 
 1952       2.553354235395e-11 
 1953       2.539793684575e-11 
 1954       2.526235091612e-11 
 1955       2.512681821853e-11 
 1956       2.499137254204e-11 
 1957       2.485604781144e-11 
 1958       2.472087808744e-11 
 1959       2.458589756683e-11 
 1960       2.445114058268e-11 
 1961       2.431664160447e-11 
 1962       2.418243523830e-11 
 1963       2.404855622705e-11 
 1964       2.391503945051e-11 
 1965       2.378191992565e-11 
 1966       2.364923280669e-11 
 1967       2.351701338531e-11 
 1968       2.338529709086e-11 
 1969       2.325411949046e-11 
 1970       2.312351628924e-11 
 1971       2.299352333047e-11 
 1972       2.286417659573e-11 
 1973       2.273551220511e-11 
 1974       2.260756641737e-11 
 1975       2.248037563011e-11 
 1976       2.235397637991e-11 
 1977       2.222840534258e-11 
 1978       2.210369933326e-11 
 1979       2.197989530661e-11 
 1980       2.185703035700e-11 
 1981       2.173514171868e-11 
 1982       2.161426676591e-11 
 1983       2.149444301321e-11 
 1984       2.137570811544e-11 
 1985       2.125809986806e-11 
 1986       2.114165620723e-11 
 1987       2.102641055536e-11 
 1988       2.091237781980e-11 
 1989       2.079956829133e-11 
 1990       2.068799228952e-11 
 1991       2.057766016275e-11 
 1992       2.046858228823e-11 
 1993       2.036076907203e-11 
 1994       2.025423094915e-11 
 1995       2.014897838349e-11 
 1996       2.004502186791e-11 
 1997       1.994237192429e-11 
 1998       1.984103910351e-11 
 1999       1.974103398549e-11 
 2000       1.964236717926e-11 
 2001       1.954504932296e-11 
 2002       1.944909108384e-11 
 2003       1.935450315836e-11 
 2004       1.926129627217e-11 
 2005       1.916948118016e-11 
 2006       1.907906866648e-11 
 2007       1.899006954458e-11 
 2008       1.890249465723e-11 
 2009       1.881635487658e-11 
 2010       1.873166110412e-11 
 2011       1.864842427082e-11 
 2012       1.856665533704e-11 
 2013       1.848636529266e-11 
 2014       1.840756515706e-11 
 2015       1.833026597914e-11 
 2016       1.825447883740e-11 
 2017       1.818021483992e-11 
 2018       1.810748512443e-11 
 2019       1.803630085830e-11 
 2020       1.796667323861e-11 
 2021       1.789861349216e-11 
 2022       1.783213287550e-11 
 2023       1.776724267497e-11 
 2024       1.770395420671e-11 
 2025       1.764227881673e-11 
 2026       1.758222359452e-11 
 2027       1.752377848014e-11 
 2028       1.746692906406e-11 
 2029       1.741166086500e-11 
 2030       1.735795932981e-11 
 2031       1.730580983340e-11 
 2032       1.725519767864e-11 
 2033       1.720610809624e-11 
 2034       1.715852624469e-11 
 2035       1.711243721016e-11 
 2036       1.706782600638e-11 
 2037       1.702467757457e-11 
 2038       1.698297678333e-11 
 2039       1.694270842855e-11 
 2040       1.690385723334e-11 
 2041       1.686640784789e-11 
 2042       1.683034484939e-11 
 2043       1.679565274198e-11 
 2044       1.676231595658e-11 
 2045       1.673031885086e-11 
 2046       1.669964570910e-11 
 2047       1.667028074213e-11 
 2048       1.664220808720e-11 
 2049       1.661541180793e-11 
 2050       1.658987589417e-11 
 2051       1.656558426193e-11 
 2052       1.654252075329e-11 
 2053       1.652066913629e-11 
 2054       1.650001310483e-11 
 2055       1.648053627861e-11 
 2056       1.646222220298e-11 
 2057       1.644505434891e-11 
 2058       1.642901611285e-11 
 2059       1.641409081663e-11 
 2060       1.640026170740e-11 
 2061       1.638751195752e-11 
 2062       1.637582466447e-11 
 2063       1.636518285071e-11 
 2064       1.635556946368e-11 
 2065       1.634696606913e-11 
 2066       1.633934892159e-11 
 2067       1.633269286587e-11 
 2068       1.632697264093e-11 
 2069       1.632216287972e-11 
 2070       1.631823810905e-11 
 2071       1.631517274945e-11 
 2072       1.631294111506e-11 
 2073       1.631151741350e-11 
 2074       1.631087574570e-11 
 2075       1.631099010581e-11 
 2076       1.631183438105e-11 
 2077       1.631338235160e-11 
 2078       1.631560769041e-11 
 2079       1.631848396315e-11 
 2080       1.632198462801e-11 
 2081       1.632608303561e-11 
 2082       1.633075242886e-11 
 2083       1.633596594279e-11 
 2084       1.634169660450e-11 
 2085       1.634791733295e-11 
 2086       1.635460093885e-11 
 2087       1.636172012456e-11 
 2088       1.636924748394e-11 
 2089       1.637715550218e-11 
 2090       1.638541655573e-11 
 2091       1.639400291215e-11 
 2092       1.640288672993e-11 
 2093       1.641204005844e-11 
 2094       1.642143483774e-11 
 2095       1.643104289846e-11 
 2096       1.644083596169e-11 
 2097       1.645078563880e-11 
 2098       1.646086343138e-11 
 2099       1.647104073104e-11 
 2100       1.648128881933e-11 
 2101       1.649157886758e-11 
 2102       1.650188193675e-11 
 2103       1.651216897737e-11 
 2104       1.652241271826e-11 
 2105       1.653259334760e-11 
 2106       1.654269287118e-11 
 2107       1.655269322693e-11 
 2108       1.656257628488e-11 
 2109       1.657232384705e-11 
 2110       1.658191764739e-11 
 2111       1.659133935169e-11 
 2112       1.660057055749e-11 
 2113       1.660959279402e-11 
 2114       1.661838752212e-11 
 2115       1.662693613413e-11 
 2116       1.663521995386e-11 
 2117       1.664322023644e-11 
 2118       1.665091816831e-11 
 2119       1.665829486711e-11 
 2120       1.666533138157e-11 
 2121       1.667200869149e-11 
 2122       1.667830770762e-11 
 2123       1.668420927157e-11 
 2124       1.668969415577e-11 
 2125       1.669474306337e-11 
 2126       1.669933662812e-11 
 2127       1.670345541438e-11 
 2128       1.670707991694e-11 
 2129       1.671019056101e-11 
 2130       1.671276770213e-11 
 2131       1.671479162604e-11 
 2132       1.671624254865e-11 
 2133       1.671710061596e-11 
 2134       1.671734590395e-11 
 2135       1.671695841852e-11 
 2136       1.671591809539e-11 
 2137       1.671420480006e-11 
 2138       1.671179832768e-11 
 2139       1.670867840300e-11 
 2140       1.670482468030e-11 
 2141       1.670021674326e-11 
 2142       1.669483410494e-11 
 2143       1.668865946511e-11 
 2144       1.668168850682e-11 
 2145       1.667392016659e-11 
 2146       1.666535338307e-11 
 2147       1.665598709700e-11 
 2148       1.664582025128e-11 
 2149       1.663485179090e-11 
 2150       1.662308066300e-11 
 2151       1.661050581684e-11 
 2152       1.659712620386e-11 
 2153       1.658294077759e-11 
 2154       1.656794849376e-11 
 2155       1.655214831022e-11 
 2156       1.653553918701e-11 
 2157       1.651812008630e-11 
 2158       1.649988997246e-11 
 2159       1.648084781202e-11 
 2160       1.646099257369e-11 
 2161       1.644032322837e-11 
 2162       1.641883874914e-11 
 2163       1.639653811129e-11 
 2164       1.637342029228e-11 
 2165       1.634948427180e-11 
 2166       1.632472903173e-11 
 2167       1.629915355617e-11 
 2168       1.627275683144e-11 
 2169       1.624553784608e-11 
 2170       1.621749559086e-11 
 2171       1.618862905877e-11 
 2172       1.615893724505e-11 
 2173       1.612841914716e-11 
 2174       1.609707376485e-11 
 2175       1.606490010006e-11 
 2176       1.603189715705e-11 
 2177       1.599806394228e-11 
 2178       1.596339946452e-11 
 2179       1.592790273479e-11 
 2180       1.589157276638e-11 
 2181       1.585440857488e-11 
 2182       1.581641148694e-11 
 2183       1.577759208358e-11 
 2184       1.573796330350e-11 
 2185       1.569753813856e-11 
 2186       1.565632963387e-11 
 2187       1.561435088781e-11 
 2188       1.557161505214e-11 
 2189       1.552813533202e-11 
 2190       1.548392498611e-11 
 2191       1.543899732662e-11 
 2192       1.539336571935e-11 
 2193       1.534704358378e-11 
 2194       1.530004439314e-11 
 2195       1.525238167445e-11 
 2196       1.520406900859e-11 
 2197       1.515512003036e-11 
 2198       1.510554842855e-11 
 2199       1.505536794601e-11 
 2200       1.500459237968e-11 
 2201       1.495323558072e-11 
 2202       1.490131145447e-11 
 2203       1.484883396063e-11 
 2204       1.479581711322e-11 
 2205       1.474227498072e-11 
 2206       1.468822168608e-11 
 2207       1.463367140681e-11 
 2208       1.457863837505e-11 
 2209       1.452313687759e-11 
 2210       1.446718125600e-11 
 2211       1.441078590663e-11 
 2212       1.435396528070e-11 
 2213       1.429673388437e-11 
 2214       1.423910627880e-11 
 2215       1.418109708019e-11 
 2216       1.412272095988e-11 
 2217       1.406399264437e-11 
 2218       1.400492691542e-11 
 2219       1.394553861011e-11 
 2220       1.388584262088e-11 
 2221       1.382585402009e-11 
 2222       1.376558843447e-11 
 2223       1.370506167325e-11 
 2224       1.364428960400e-11 
 2225       1.358328815267e-11 
 2226       1.352207330365e-11 
 2227       1.346066109986e-11 
 2228       1.339906764279e-11 
 2229       1.333730909258e-11 
 2230       1.327540166810e-11 
 2231       1.321336164699e-11 
 2232       1.315120536572e-11 
 2233       1.308894921970e-11 
 2234       1.302660966331e-11 
 2235       1.296420320997e-11 
 2236       1.290174643220e-11 
 2237       1.283925596172e-11 
 2238       1.277674848948e-11 
 2239       1.271424076573e-11 
 2240       1.265174960012e-11 
 2241       1.258929186170e-11 
 2242       1.252688447906e-11 
 2243       1.246454444036e-11 
 2244       1.240228879338e-11 
 2245       1.234013464562e-11 
 2246       1.227809916433e-11 
 2247       1.221619957663e-11 
 2248       1.215445316950e-11 
 2249       1.209287728993e-11 
 2250       1.203148934491e-11 
 2251       1.197030680156e-11 
 2252       1.190934718713e-11 
 2253       1.184862808913e-11 
 2254       1.178816715536e-11 
 2255       1.172798209399e-11 
 2256       1.166809067360e-11 
 2257       1.160851072329e-11 
 2258       1.154926013271e-11 
 2259       1.149035685213e-11 
 2260       1.143181721950e-11 
 2261       1.137365092957e-11 
 2262       1.131586603231e-11 
 2263       1.125847060298e-11 
 2264       1.120147274218e-11 
 2265       1.114488057585e-11 
 2266       1.108870225533e-11 
 2267       1.103294595737e-11 
 2268       1.097761988414e-11 
 2269       1.092273226331e-11 
 2270       1.086829134798e-11 
 2271       1.081430541683e-11 
 2272       1.076078277405e-11 
 2273       1.070773174940e-11 
 2274       1.065516069824e-11 
 2275       1.060307800156e-11 
 2276       1.055149206599e-11 
 2277       1.050041132385e-11 
 2278       1.044984423316e-11 
 2279       1.039979927766e-11 
 2280       1.035028496685e-11 
 2281       1.030130983602e-11 
 2282       1.025288244626e-11 
 2283       1.020501138452e-11 
 2284       1.015770526359e-11 
 2285       1.011097272215e-11 
 2286       1.006482242481e-11 
 2287       1.001926306213e-11 
 2288       9.974303350607e-12 
 2289       9.929952032773e-12 
 2290       9.886217877163e-12 
 2291       9.843109678366e-12 
 2292       9.800636257050e-12 
 2293       9.758806459985e-12 
 2294       9.717629160072e-12 
 2295       9.677113256370e-12 
 2296       9.637267674120e-12 
 2297       9.598101364775e-12 
 2298       9.559623306025e-12 
 2299       9.521840458497e-12 
 2300       9.484751621589e-12 
 2301       9.448353538560e-12 
 2302       9.412642936289e-12 
 2303       9.377616525251e-12 
 2304       9.343270999499e-12 
 2305       9.309603036645e-12 
 2306       9.276609297836e-12 
 2307       9.244286427742e-12 
 2308       9.212631054530e-12 
 2309       9.181639789845e-12 
 2310       9.151309228794e-12 
 2311       9.121635949922e-12 
 2312       9.092616515195e-12 
 2313       9.064247469980e-12 
 2314       9.036525343024e-12 
 2315       9.009446646435e-12 
 2316       8.983007875663e-12 
 2317       8.957205509480e-12 
 2318       8.932036009959e-12 
 2319       8.907495822457e-12 
 2320       8.883581375592e-12 
 2321       8.860289081225e-12 
 2322       8.837615334443e-12 
 2323       8.815556513533e-12 
 2324       8.794108979968e-12 
 2325       8.773269078385e-12 
 2326       8.753033136565e-12 
 2327       8.733397465414e-12 
 2328       8.714358358945e-12 
 2329       8.695912094253e-12 
 2330       8.678054931501e-12 
 2331       8.660783113898e-12 
 2332       8.644092867679e-12 
 2333       8.627980402087e-12 
 2334       8.612441909349e-12 
 2335       8.597473564663e-12 
 2336       8.583071526171e-12 
 2337       8.569231934947e-12 
 2338       8.555949856995e-12 
 2339       8.543216102069e-12 
 2340       8.531020384898e-12 
 2341       8.519352381304e-12 
 2342       8.508201728164e-12 
 2343       8.497558023366e-12 
 2344       8.487410825763e-12 
 2345       8.477749655135e-12 
 2346       8.468563992142e-12 
 2347       8.459843278283e-12 
 2348       8.451576915853e-12 
 2349       8.443754267899e-12 
 2350       8.436364658180e-12 
 2351       8.429397371119e-12 
 2352       8.422841651765e-12 
 2353       8.416686705749e-12 
 2354       8.410921699239e-12 
 2355       8.405535758898e-12 
 2356       8.400517971843e-12 
 2357       8.395857385599e-12 
 2358       8.391543008060e-12 
 2359       8.387563807441e-12 
 2360       8.383908712239e-12 
 2361       8.380566611191e-12 
 2362       8.377526353225e-12 
 2363       8.374776747425e-12 
 2364       8.372306562982e-12 
 2365       8.370104529155e-12 
 2366       8.368159335224e-12 
 2367       8.366459630453e-12 
 2368       8.364994024040e-12 
 2369       8.363751085080e-12 
 2370       8.362719342519e-12 
 2371       8.361887285113e-12 
 2372       8.361243361383e-12 
 2373       8.360775979574e-12 
 2374       8.360473507609e-12 
 2375       8.360324273050e-12 
 2376       8.360316563055e-12 
 2377       8.360439020178e-12 
 2378       8.360681832534e-12 
 2379       8.361035550883e-12 
 2380       8.361490693412e-12 
 2381       8.362037745704e-12 
 2382       8.362667160698e-12 
 2383       8.363369358659e-12 
 2384       8.364134727142e-12 
 2385       8.364953620958e-12 
 2386       8.365816362139e-12 
 2387       8.366713239902e-12 
 2388       8.367634510618e-12 
 2389       8.368570397775e-12 
 2390       8.369511091943e-12 
 2391       8.370446750744e-12 
 2392       8.371367498809e-12 
 2393       8.372263427752e-12 
 2394       8.373124596132e-12 
 2395       8.373941029416e-12 
 2396       8.374702719951e-12 
 2397       8.375399626923e-12 
 2398       8.376021676324e-12 
 2399       8.376558760921e-12 
 2400       8.377000740219e-12 
 2401       8.377337440424e-12 
 2402       8.377558654414e-12 
 2403       8.377654141700e-12 
 2404       8.377613628393e-12 
 2405       8.377426807169e-12 
 2406       8.377083337238e-12 
 2407       8.376572844303e-12 
 2408       8.375884920530e-12 
 2409       8.375009124515e-12 
 2410       8.373934981243e-12 
 2411       8.372651982061e-12 
 2412       8.371149584638e-12 
 2413       8.369417212934e-12 
 2414       8.367444257162e-12 
 2415       8.365220073757e-12 
 2416       8.362735264385e-12 
 2417       8.359985521505e-12 
 2418       8.356967806048e-12 
 2419       8.353679070471e-12 
 2420       8.350116258756e-12 
 2421       8.346276306399e-12 
 2422       8.342156140401e-12 
 2423       8.337752679263e-12 
 2424       8.333062832975e-12 
 2425       8.328083503006e-12 
 2426       8.322811582302e-12 
 2427       8.317243955272e-12 
 2428       8.311377497783e-12 
 2429       8.305209077148e-12 
 2430       8.298735552123e-12 
 2431       8.291953772896e-12 
 2432       8.284860581077e-12 
 2433       8.277452809694e-12 
 2434       8.269727283182e-12 
 2435       8.261680817375e-12 
 2436       8.253310219496e-12 
 2437       8.244612288155e-12 
 2438       8.235583813334e-12 
 2439       8.226221576381e-12 
 2440       8.216522350004e-12 
 2441       8.206482898261e-12 
 2442       8.196099976549e-12 
 2443       8.185370331602e-12 
 2444       8.174290701477e-12 
 2445       8.162857815550e-12 
 2446       8.151068394504e-12 
 2447       8.138919150324e-12 
 2448       8.126406786287e-12 
 2449       8.113527996955e-12 
 2450       8.100279468164e-12 
 2451       8.086657877020e-12 
 2452       8.072659891888e-12 
 2453       8.058282172384e-12 
 2454       8.043521369367e-12 
 2455       8.028375402191e-12 
 2456       8.012847298794e-12 
 2457       7.996941378495e-12 
 2458       7.980661976833e-12 
 2459       7.964013445581e-12 
 2460       7.947000152767e-12 
 2461       7.929626482687e-12 
 2462       7.911896835928e-12 
 2463       7.893815629379e-12 
 2464       7.875387296251e-12 
 2465       7.856616286096e-12 
 2466       7.837507064822e-12 
 2467       7.818064114709e-12 
 2468       7.798291934429e-12 
 2469       7.778195039062e-12 
 2470       7.757777960113e-12 
 2471       7.737045245530e-12 
 2472       7.716001459719e-12 
 2473       7.694651183564e-12 
 2474       7.672999014443e-12 
 2475       7.651049566246e-12 
 2476       7.628807469389e-12 
 2477       7.606277370837e-12 
 2478       7.583463934114e-12 
 2479       7.560371839326e-12 
 2480       7.537005783178e-12 
 2481       7.513370478986e-12 
 2482       7.489470656699e-12 
 2483       7.465311062917e-12 
 2484       7.440896460902e-12 
 2485       7.416231630603e-12 
 2486       7.391321368667e-12 
 2487       7.366170488459e-12 
 2488       7.340783820080e-12 
 2489       7.315166210383e-12 
 2490       7.289322522988e-12 
 2491       7.263257638304e-12 
 2492       7.236976453542e-12 
 2493       7.210483882736e-12 
 2494       7.183781684408e-12 
 2495       7.156858924197e-12 
 2496       7.129701456270e-12 
 2497       7.102295090545e-12 
 2498       7.074625592642e-12 
 2499       7.046678683843e-12 
 2500       7.018440041046e-12 
