# dimensionless total [l(l+1)/2pi] C_l's
# for l=2 to 2500, i.e. number of multipoles equal to 2499
#
# -> if you prefer output in CAMB/HealPix/LensPix units/order, set 'format' to 'camb' in input file
# -> if you don't want to see such a header, set 'headers' to 'no' in input file
#
# 1:l     2:TT                 
    2       2.704303338809e-10 
    3       2.419992468486e-10 
    4       2.203281188747e-10 
    5       2.045663062548e-10 
    6       1.930915607308e-10 
    7       1.846451882355e-10 
    8       1.782776838554e-10 
    9       1.735098652430e-10 
   10       1.699328689242e-10 
   11       1.671499632297e-10 
   12       1.649743980859e-10 
   13       1.633451818734e-10 
   14       1.621408418497e-10 
   15       1.612761984605e-10 
   16       1.607156210317e-10 
   17       1.603016508922e-10 
   18       1.601364203837e-10 
   19       1.602403727906e-10 
   20       1.604784934806e-10 
   21       1.608448089675e-10 
   22       1.613266802330e-10 
   23       1.619495692854e-10 
   24       1.627103374682e-10 
   25       1.635872616696e-10 
   26       1.645323634780e-10 
   27       1.655615892063e-10 
   28       1.666866976475e-10 
   29       1.678961224746e-10 
   30       1.691948292305e-10 
   31       1.705742737800e-10 
   32       1.720116310153e-10 
   33       1.735139256265e-10 
   34       1.750865661426e-10 
   35       1.767254434215e-10 
   36       1.784353243864e-10 
   37       1.802154558329e-10 
   38       1.820531223662e-10 
   39       1.839304803837e-10 
   40       1.858508555222e-10 
   41       1.878193527271e-10 
   42       1.898349580486e-10 
   43       1.918938135050e-10 
   44       1.940017311865e-10 
   45       1.961645356522e-10 
   46       1.983841458557e-10 
   47       2.006582020728e-10 
   48       2.029821610735e-10 
   49       2.053571505295e-10 
   50       2.077836876884e-10 
   51       2.102591633789e-10 
   52       2.127775948698e-10 
   53       2.153324479322e-10 
   54       2.179265238604e-10 
   55       2.205641840964e-10 
   56       2.232483877757e-10 
   57       2.259805732747e-10 
   58       2.287605397570e-10 
   59       2.315872920644e-10 
   60       2.344620735428e-10 
   61       2.373858294314e-10 
   62       2.403582213984e-10 
   63       2.433775417439e-10 
   64       2.464406276019e-10 
   65       2.495442374599e-10 
   66       2.526897122668e-10 
   67       2.558791510124e-10 
   68       2.591139914603e-10 
   69       2.623949652539e-10 
   70       2.657220530229e-10 
   71       2.690944394897e-10 
   72       2.725111181617e-10 
   73       2.759729395491e-10 
   74       2.794808768035e-10 
   75       2.830353814142e-10 
   76       2.866363531463e-10 
   77       2.902831099769e-10 
   78       2.939743580324e-10 
   79       2.977081615259e-10 
   80       3.014826215341e-10 
   81       3.052981142249e-10 
   82       3.091553882734e-10 
   83       3.130548738710e-10 
   84       3.169966657890e-10 
   85       3.209805064421e-10 
   86       3.250057689523e-10 
   87       3.290714402127e-10 
   88       3.331761039509e-10 
   89       3.373183509413e-10 
   90       3.414981203041e-10 
   91       3.457155383875e-10 
   92       3.499704999604e-10 
   93       3.542626576749e-10 
   94       3.585914115297e-10 
   95       3.629558983325e-10 
   96       3.673549811633e-10 
   97       3.717872388374e-10 
   98       3.762509553678e-10 
   99       3.807444542394e-10 
  100       3.852671780305e-10 
  101       3.898187428468e-10 
  102       3.943986008762e-10 
  103       3.990060340308e-10 
  104       4.036401475897e-10 
  105       4.082998638415e-10 
  106       4.129839157265e-10 
  107       4.176908404791e-10 
  108       4.224189732707e-10 
  109       4.271664408516e-10 
  110       4.319314200587e-10 
  111       4.367129645783e-10 
  112       4.415102725853e-10 
  113       4.463224276255e-10 
  114       4.511483948607e-10 
  115       4.559870173146e-10 
  116       4.608370121183e-10 
  117       4.656969667556e-10 
  118       4.705653353087e-10 
  119       4.754404347038e-10 
  120       4.803204409568e-10 
  121       4.852033854182e-10 
  122       4.900871510194e-10 
  123       4.949696837793e-10 
  124       4.998496628352e-10 
  125       5.047259006693e-10 
  126       5.095971327022e-10 
  127       5.144620152317e-10 
  128       5.193191233725e-10 
  129       5.241669489949e-10 
  130       5.290038986645e-10 
  131       5.338282915808e-10 
  132       5.386383575168e-10 
  133       5.434322347581e-10 
  134       5.482079680421e-10 
  135       5.529635064968e-10 
  136       5.576967015806e-10 
  137       5.624054739066e-10 
  138       5.670883375623e-10 
  139       5.717439263911e-10 
  140       5.763708289958e-10 
  141       5.809675877492e-10 
  142       5.855326978057e-10 
  143       5.900646061120e-10 
  144       5.945617104186e-10 
  145       5.990223582907e-10 
  146       6.034448461193e-10 
  147       6.078274181328e-10 
  148       6.121682654072e-10 
  149       6.164655248783e-10 
  150       6.207172783521e-10 
  151       6.249215515161e-10 
  152       6.290763129505e-10 
  153       6.331796139817e-10 
  154       6.372300249481e-10 
  155       6.412262377831e-10 
  156       6.451669285472e-10 
  157       6.490507571563e-10 
  158       6.528763671107e-10 
  159       6.566423852232e-10 
  160       6.603474213473e-10 
  161       6.639900681061e-10 
  162       6.675689006203e-10 
  163       6.710824762371e-10 
  164       6.745293342581e-10 
  165       6.779079956682e-10 
  166       6.812169628636e-10 
  167       6.844547193808e-10 
  168       6.876197296245e-10 
  169       6.907104385961e-10 
  170       6.937252716224e-10 
  171       6.966627401495e-10 
  172       6.995217695909e-10 
  173       7.023013984229e-10 
  174       7.050006747392e-10 
  175       7.076186564122e-10 
  176       7.101544112543e-10 
  177       7.126070171789e-10 
  178       7.149755623618e-10 
  179       7.172591454021e-10 
  180       7.194568754836e-10 
  181       7.215678725360e-10 
  182       7.235912673958e-10 
  183       7.255262019677e-10 
  184       7.273718293857e-10 
  185       7.291273141743e-10 
  186       7.307918324098e-10 
  187       7.323645718812e-10 
  188       7.338447322516e-10 
  189       7.352315252192e-10 
  190       7.365241746787e-10 
  191       7.377219791562e-10 
  192       7.388245040085e-10 
  193       7.398314039840e-10 
  194       7.407423626072e-10 
  195       7.415570925440e-10 
  196       7.422753359665e-10 
  197       7.428968649179e-10 
  198       7.434214816778e-10 
  199       7.438490191267e-10 
  200       7.441793411111e-10 
  201       7.444123428087e-10 
  202       7.445479510930e-10 
  203       7.445861248984e-10 
  204       7.445268555852e-10 
  205       7.443701673045e-10 
  206       7.441161173632e-10 
  207       7.437647965888e-10 
  208       7.433163296944e-10 
  209       7.427708756440e-10 
  210       7.421286280168e-10 
  211       7.413898153728e-10 
  212       7.405547016173e-10 
  213       7.396235946509e-10 
  214       7.385968722122e-10 
  215       7.374749584861e-10 
  216       7.362583163603e-10 
  217       7.349474478123e-10 
  218       7.335428942958e-10 
  219       7.320452371277e-10 
  220       7.304550978748e-10 
  221       7.287731387405e-10 
  222       7.270000629516e-10 
  223       7.251366151452e-10 
  224       7.231835817552e-10 
  225       7.211417913993e-10 
  226       7.190121152656e-10 
  227       7.167954674994e-10 
  228       7.144928055900e-10 
  229       7.121051307576e-10 
  230       7.096334883397e-10 
  231       7.070789681781e-10 
  232       7.044427050059e-10 
  233       7.017258788336e-10 
  234       6.989297153365e-10 
  235       6.960554862413e-10 
  236       6.931045097125e-10 
  237       6.900781507398e-10 
  238       6.869777616672e-10 
  239       6.838044989855e-10 
  240       6.805594961909e-10 
  241       6.772439229026e-10 
  242       6.738589851234e-10 
  243       6.704059255004e-10 
  244       6.668860235850e-10 
  245       6.633005960939e-10 
  246       6.596509971691e-10 
  247       6.559386186390e-10 
  248       6.521648902781e-10 
  249       6.483312800683e-10 
  250       6.444392944587e-10 
  251       6.404904786266e-10 
  252       6.364864167376e-10 
  253       6.324287322063e-10 
  254       6.283190879569e-10 
  255       6.241591866833e-10 
  256       6.199507711100e-10 
  257       6.156956242522e-10 
  258       6.113955696767e-10 
  259       6.070524717621e-10 
  260       6.026682359593e-10 
  261       5.982448090521e-10 
  262       5.937841794175e-10 
  263       5.892883772866e-10 
  264       5.847594750046e-10 
  265       5.801995872915e-10 
  266       5.756107473651e-10 
  267       5.709945273220e-10 
  268       5.663523976491e-10 
  269       5.616858495555e-10 
  270       5.569963950236e-10 
  271       5.522855668595e-10 
  272       5.475549187439e-10 
  273       5.428060252828e-10 
  274       5.380404820581e-10 
  275       5.332599056788e-10 
  276       5.284659338312e-10 
  277       5.236602253298e-10 
  278       5.188444601684e-10 
  279       5.140203395702e-10 
  280       5.091895860392e-10 
  281       5.043539434105e-10 
  282       4.995151769011e-10 
  283       4.946750731608e-10 
  284       4.898354403230e-10 
  285       4.849981080551e-10 
  286       4.801649276094e-10 
  287       4.753377718740e-10 
  288       4.705185354235e-10 
  289       4.657091345696e-10 
  290       4.609115074117e-10 
  291       4.561276138882e-10 
  292       4.513594358267e-10 
  293       4.466089769948e-10 
  294       4.418782631513e-10 
  295       4.371693420963e-10 
  296       4.324842837225e-10 
  297       4.278250272685e-10 
  298       4.231929147467e-10 
  299       4.185891348876e-10 
  300       4.140148737321e-10 
  301       4.094713144756e-10 
  302       4.049596373116e-10 
  303       4.004810192749e-10 
  304       3.960366340856e-10 
  305       3.916276519923e-10 
  306       3.872552396159e-10 
  307       3.829205597932e-10 
  308       3.786247714203e-10 
  309       3.743690292963e-10 
  310       3.701544839668e-10 
  311       3.659822815674e-10 
  312       3.618535636678e-10 
  313       3.577694671144e-10 
  314       3.537311238747e-10 
  315       3.497396608808e-10 
  316       3.457961998723e-10 
  317       3.419018572408e-10 
  318       3.380577438728e-10 
  319       3.342649649934e-10 
  320       3.305246200101e-10 
  321       3.268378023563e-10 
  322       3.232055993347e-10 
  323       3.196290919610e-10 
  324       3.161093548074e-10 
  325       3.126474558464e-10 
  326       3.092444562941e-10 
  327       3.059014104537e-10 
  328       3.026193655596e-10 
  329       2.993993616203e-10 
  330       2.962424312625e-10 
  331       2.931495995745e-10 
  332       2.901217817515e-10 
  333       2.871594714212e-10 
  334       2.842630384110e-10 
  335       2.814328294536e-10 
  336       2.786691679192e-10 
  337       2.759723535482e-10 
  338       2.733426621839e-10 
  339       2.707803455052e-10 
  340       2.682856307592e-10 
  341       2.658587204938e-10 
  342       2.634997922902e-10 
  343       2.612089984961e-10 
  344       2.589864659577e-10 
  345       2.568322957527e-10 
  346       2.547465629227e-10 
  347       2.527293162062e-10 
  348       2.507805777710e-10 
  349       2.489003429468e-10 
  350       2.470885799581e-10 
  351       2.453452296564e-10 
  352       2.436702052535e-10 
  353       2.420633920535e-10 
  354       2.405246471858e-10 
  355       2.390537993377e-10 
  356       2.376506484869e-10 
  357       2.363149656343e-10 
  358       2.350464925366e-10 
  359       2.338449414391e-10 
  360       2.327099948079e-10 
  361       2.316413050630e-10 
  362       2.306384943107e-10 
  363       2.297011540765e-10 
  364       2.288288450374e-10 
  365       2.280210967546e-10 
  366       2.272774074066e-10 
  367       2.265972435212e-10 
  368       2.259800397085e-10 
  369       2.254251983936e-10 
  370       2.249320895492e-10 
  371       2.245000884704e-10 
  372       2.241286912757e-10 
  373       2.238174033986e-10 
  374       2.235657017184e-10 
  375       2.233730343268e-10 
  376       2.232388202934e-10 
  377       2.231624494310e-10 
  378       2.231432820620e-10 
  379       2.231806487835e-10 
  380       2.232738502336e-10 
  381       2.234221568564e-10 
  382       2.236248086684e-10 
  383       2.238810150242e-10 
  384       2.241899543814e-10 
  385       2.245507740675e-10 
  386       2.249625900446e-10 
  387       2.254244866758e-10 
  388       2.259355164906e-10 
  389       2.264946999508e-10 
  390       2.271010252158e-10 
  391       2.277534479091e-10 
  392       2.284508908833e-10 
  393       2.291922439860e-10 
  394       2.299763638259e-10 
  395       2.308020735380e-10 
  396       2.316681625497e-10 
  397       2.325733863463e-10 
  398       2.335164662368e-10 
  399       2.344960891197e-10 
  400       2.355109072486e-10 
  401       2.365595379979e-10 
  402       2.376405636287e-10 
  403       2.387525310544e-10 
  404       2.398939516065e-10 
  405       2.410633008000e-10 
  406       2.422590180997e-10 
  407       2.434795066855e-10 
  408       2.447231332180e-10 
  409       2.459882276049e-10 
  410       2.472732502646e-10 
  411       2.485773009254e-10 
  412       2.498996273872e-10 
  413       2.512394595361e-10 
  414       2.525960092293e-10 
  415       2.539684701802e-10 
  416       2.553560178432e-10 
  417       2.567578092991e-10 
  418       2.581729831397e-10 
  419       2.596006593529e-10 
  420       2.610399392080e-10 
  421       2.624899051402e-10 
  422       2.639496206359e-10 
  423       2.654181301179e-10 
  424       2.668944588299e-10 
  425       2.683776127219e-10 
  426       2.698665783351e-10 
  427       2.713603226868e-10 
  428       2.728577931554e-10 
  429       2.743579173658e-10 
  430       2.758596030738e-10 
  431       2.773617380514e-10 
  432       2.788631899718e-10 
  433       2.803628062947e-10 
  434       2.818594141504e-10 
  435       2.833518202260e-10 
  436       2.848388106494e-10 
  437       2.863191508749e-10 
  438       2.877915855678e-10 
  439       2.892548384900e-10 
  440       2.907076123841e-10 
  441       2.921485888592e-10 
  442       2.935764282757e-10 
  443       2.949897696300e-10 
  444       2.963872304398e-10 
  445       2.977674066290e-10 
  446       2.991288724129e-10 
  447       3.004701801827e-10 
  448       3.017898603911e-10 
  449       3.030866170166e-10 
  450       3.043599211572e-10 
  451       3.056094364254e-10 
  452       3.068348251053e-10 
  453       3.080357481548e-10 
  454       3.092118652060e-10 
  455       3.103628345668e-10 
  456       3.114883132217e-10 
  457       3.125879568333e-10 
  458       3.136614197434e-10 
  459       3.147083549738e-10 
  460       3.157284142280e-10 
  461       3.167212478920e-10 
  462       3.176865050354e-10 
  463       3.186238334130e-10 
  464       3.195328794654e-10 
  465       3.204132883207e-10 
  466       3.212647037951e-10 
  467       3.220867683946e-10 
  468       3.228791233158e-10 
  469       3.236414084471e-10 
  470       3.243732623700e-10 
  471       3.250743223603e-10 
  472       3.257442243890e-10 
  473       3.263826031236e-10 
  474       3.269890919294e-10 
  475       3.275633228704e-10 
  476       3.281049267106e-10 
  477       3.286135329153e-10 
  478       3.290887696519e-10 
  479       3.295302637914e-10 
  480       3.299376409093e-10 
  481       3.303105252871e-10 
  482       3.306485399130e-10 
  483       3.309513064835e-10 
  484       3.312184454042e-10 
  485       3.314495757913e-10 
  486       3.316443154724e-10 
  487       3.318022809880e-10 
  488       3.319232007130e-10 
  489       3.320072579282e-10 
  490       3.320547579765e-10 
  491       3.320660161240e-10 
  492       3.320413576189e-10 
  493       3.319811177488e-10 
  494       3.318856418992e-10 
  495       3.317552856114e-10 
  496       3.315904146406e-10 
  497       3.313914050137e-10 
  498       3.311586430878e-10 
  499       3.308925256078e-10 
  500       3.305934597646e-10 
  501       3.302618632534e-10 
  502       3.298981643313e-10 
  503       3.295028018757e-10 
  504       3.290762254420e-10 
  505       3.286188953220e-10 
  506       3.281312826019e-10 
  507       3.276138692201e-10 
  508       3.270671480252e-10 
  509       3.264916228346e-10 
  510       3.258878084920e-10 
  511       3.252562309254e-10 
  512       3.245974272058e-10 
  513       3.239119456044e-10 
  514       3.232003456512e-10 
  515       3.224631981930e-10 
  516       3.217010854511e-10 
  517       3.209146010798e-10 
  518       3.201043502241e-10 
  519       3.192709495778e-10 
  520       3.184150274418e-10 
  521       3.175372237819e-10 
  522       3.166381902867e-10 
  523       3.157185904261e-10 
  524       3.147790995089e-10 
  525       3.138204047413e-10 
  526       3.128432052843e-10 
  527       3.118481943108e-10 
  528       3.108360045123e-10 
  529       3.098072612015e-10 
  530       3.087626002280e-10 
  531       3.077026680287e-10 
  532       3.066281216776e-10 
  533       3.055396289368e-10 
  534       3.044378683062e-10 
  535       3.033235290740e-10 
  536       3.021973113669e-10 
  537       3.010599262005e-10 
  538       2.999120955295e-10 
  539       2.987545522982e-10 
  540       2.975880404902e-10 
  541       2.964133151794e-10 
  542       2.952311425798e-10 
  543       2.940423000958e-10 
  544       2.928475763729e-10 
  545       2.916477713475e-10 
  546       2.904436962974e-10 
  547       2.892361738919e-10 
  548       2.880260382426e-10 
  549       2.868141349530e-10 
  550       2.856013211691e-10 
  551       2.843884656299e-10 
  552       2.831764487172e-10 
  553       2.819661625062e-10 
  554       2.807585108158e-10 
  555       2.795544092587e-10 
  556       2.783547852919e-10 
  557       2.771605782667e-10 
  558       2.759727394793e-10 
  559       2.747922322208e-10 
  560       2.736200318276e-10 
  561       2.724571257317e-10 
  562       2.713045135110e-10 
  563       2.701632069395e-10 
  564       2.690342300376e-10 
  565       2.679186191225e-10 
  566       2.668173128298e-10 
  567       2.657308189675e-10 
  568       2.646595391908e-10 
  569       2.636038782641e-10 
  570       2.625642440698e-10 
  571       2.615410476183e-10 
  572       2.605347030560e-10 
  573       2.595456276755e-10 
  574       2.585742419240e-10 
  575       2.576209694129e-10 
  576       2.566862369267e-10 
  577       2.557704744320e-10 
  578       2.548741150871e-10 
  579       2.539975952508e-10 
  580       2.531413544915e-10 
  581       2.523058355965e-10 
  582       2.514914845812e-10 
  583       2.506987506979e-10 
  584       2.499280864453e-10 
  585       2.491799475775e-10 
  586       2.484547931131e-10 
  587       2.477530853445e-10 
  588       2.470752898467e-10 
  589       2.464218754868e-10 
  590       2.457933144330e-10 
  591       2.451900821637e-10 
  592       2.446126574766e-10 
  593       2.440615224981e-10 
  594       2.435371626920e-10 
  595       2.430400668690e-10 
  596       2.425707271958e-10 
  597       2.421296392042e-10 
  598       2.417173018000e-10 
  599       2.413342172724e-10 
  600       2.409808913032e-10 
  601       2.406578329758e-10 
  602       2.403655547842e-10 
  603       2.401045726424e-10 
  604       2.398754058936e-10 
  605       2.396784678355e-10 
  606       2.395137343846e-10 
  607       2.393810674518e-10 
  608       2.392803236774e-10 
  609       2.392113544038e-10 
  610       2.391740056493e-10 
  611       2.391681180815e-10 
  612       2.391935269898e-10 
  613       2.392500622599e-10 
  614       2.393375483460e-10 
  615       2.394558042447e-10 
  616       2.396046434682e-10 
  617       2.397838740176e-10 
  618       2.399932983562e-10 
  619       2.402327133827e-10 
  620       2.405019104046e-10 
  621       2.408006751116e-10 
  622       2.411287875487e-10 
  623       2.414860220896e-10 
  624       2.418721474100e-10 
  625       2.422869264611e-10 
  626       2.427301164423e-10 
  627       2.432014687755e-10 
  628       2.437007290772e-10 
  629       2.442276371330e-10 
  630       2.447819268698e-10 
  631       2.453633263302e-10 
  632       2.459715576446e-10 
  633       2.466063370058e-10 
  634       2.472673746411e-10 
  635       2.479543747866e-10 
  636       2.486670356596e-10 
  637       2.494050494328e-10 
  638       2.501681022068e-10 
  639       2.509558739841e-10 
  640       2.517680386419e-10 
  641       2.526042639055e-10 
  642       2.534642113218e-10 
  643       2.543475362324e-10 
  644       2.552538567511e-10 
  645       2.561826599784e-10 
  646       2.571333936117e-10 
  647       2.581054967137e-10 
  648       2.590983996766e-10 
  649       2.601115241863e-10 
  650       2.611442831873e-10 
  651       2.621960808464e-10 
  652       2.632663125175e-10 
  653       2.643543647057e-10 
  654       2.654596150319e-10 
  655       2.665814321969e-10 
  656       2.677191759457e-10 
  657       2.688721970324e-10 
  658       2.700398371836e-10 
  659       2.712214290637e-10 
  660       2.724162962388e-10 
  661       2.736237531410e-10 
  662       2.748431050327e-10 
  663       2.760736479714e-10 
  664       2.773146687735e-10 
  665       2.785654449791e-10 
  666       2.798252448160e-10 
  667       2.810933271642e-10 
  668       2.823689415202e-10 
  669       2.836513279616e-10 
  670       2.849397171109e-10 
  671       2.862333301006e-10 
  672       2.875313785368e-10 
  673       2.888330644639e-10 
  674       2.901375803293e-10 
  675       2.914441089470e-10 
  676       2.927518234625e-10 
  677       2.940598873169e-10 
  678       2.953674542115e-10 
  679       2.966736680719e-10 
  680       2.979776630124e-10 
  681       2.992785633003e-10 
  682       3.005754833206e-10 
  683       3.018675903634e-10 
  684       3.031542945306e-10 
  685       3.044350628126e-10 
  686       3.057093566123e-10 
  687       3.069766317256e-10 
  688       3.082363383220e-10 
  689       3.094879209250e-10 
  690       3.107308183925e-10 
  691       3.119644638975e-10 
  692       3.131882849084e-10 
  693       3.144017031696e-10 
  694       3.156041346819e-10 
  695       3.167949896831e-10 
  696       3.179736726283e-10 
  697       3.191395821705e-10 
  698       3.202921111412e-10 
  699       3.214306465308e-10 
  700       3.225545694690e-10 
  701       3.236632552051e-10 
  702       3.247560730893e-10 
  703       3.258323865521e-10 
  704       3.268915530855e-10 
  705       3.279329242233e-10 
  706       3.289558455217e-10 
  707       3.299596565395e-10 
  708       3.309436908188e-10 
  709       3.319072758654e-10 
  710       3.328497331295e-10 
  711       3.337703779858e-10 
  712       3.346685197144e-10 
  713       3.355434614809e-10 
  714       3.363945003172e-10 
  715       3.372209271019e-10 
  716       3.380220265406e-10 
  717       3.387970771467e-10 
  718       3.395453512216e-10 
  719       3.402661148354e-10 
  720       3.409586278073e-10 
  721       3.416221436859e-10 
  722       3.422560143636e-10 
  723       3.428600062755e-10 
  724       3.434339905488e-10 
  725       3.439778389518e-10 
  726       3.444914238992e-10 
  727       3.449746184559e-10 
  728       3.454272963421e-10 
  729       3.458493319374e-10 
  730       3.462406002856e-10 
  731       3.466009770994e-10 
  732       3.469303387643e-10 
  733       3.472285623441e-10 
  734       3.474955255844e-10 
  735       3.477311069179e-10 
  736       3.479351854688e-10 
  737       3.481076410569e-10 
  738       3.482483542028e-10 
  739       3.483572061319e-10 
  740       3.484340787792e-10 
  741       3.484788547938e-10 
  742       3.484914175434e-10 
  743       3.484716511189e-10 
  744       3.484194403389e-10 
  745       3.483346707543e-10 
  746       3.482172286527e-10 
  747       3.480670010630e-10 
  748       3.478838757602e-10 
  749       3.476677412693e-10 
  750       3.474184868707e-10 
  751       3.471360026039e-10 
  752       3.468201792728e-10 
  753       3.464709084496e-10 
  754       3.460880824796e-10 
  755       3.456715944860e-10 
  756       3.452213383739e-10 
  757       3.447372088353e-10 
  758       3.442191013534e-10 
  759       3.436669122073e-10 
  760       3.430805384764e-10 
  761       3.424599510514e-10 
  762       3.418054151939e-10 
  763       3.411172742135e-10 
  764       3.403958768648e-10 
  765       3.396415773664e-10 
  766       3.388547354206e-10 
  767       3.380357162334e-10 
  768       3.371848905337e-10 
  769       3.363026345936e-10 
  770       3.353893302471e-10 
  771       3.344453649107e-10 
  772       3.334711316025e-10 
  773       3.324670289618e-10 
  774       3.314334612692e-10 
  775       3.303708384657e-10 
  776       3.292795761729e-10 
  777       3.281600957122e-10 
  778       3.270128241246e-10 
  779       3.258381941905e-10 
  780       3.246366444490e-10 
  781       3.234086192179e-10 
  782       3.221545686132e-10 
  783       3.208749485688e-10 
  784       3.195702208560e-10 
  785       3.182408531033e-10 
  786       3.168873188160e-10 
  787       3.155100973958e-10 
  788       3.141096741606e-10 
  789       3.126865403640e-10 
  790       3.112411932150e-10 
  791       3.097741358975e-10 
  792       3.082858775903e-10 
  793       3.067769334864e-10 
  794       3.052478248129e-10 
  795       3.036990788504e-10 
  796       3.021312289528e-10 
  797       3.005448145670e-10 
  798       2.989403812525e-10 
  799       2.973184807010e-10 
  800       2.956796668424e-10 
  801       2.940244840462e-10 
  802       2.923534787442e-10 
  803       2.906672033427e-10 
  804       2.889662162424e-10 
  805       2.872510818565e-10 
  806       2.855223706300e-10 
  807       2.837806590585e-10 
  808       2.820265297073e-10 
  809       2.802605712302e-10 
  810       2.784833783880e-10 
  811       2.766955520683e-10 
  812       2.748976993037e-10 
  813       2.730904332909e-10 
  814       2.712743734096e-10 
  815       2.694501452416e-10 
  816       2.676183805896e-10 
  817       2.657797174960e-10 
  818       2.639348002619e-10 
  819       2.620842794660e-10 
  820       2.602288119838e-10 
  821       2.583690610059e-10 
  822       2.565056960575e-10 
  823       2.546393930169e-10 
  824       2.527708341349e-10 
  825       2.509007080531e-10 
  826       2.490297098233e-10 
  827       2.471585409263e-10 
  828       2.452879092905e-10 
  829       2.434185293114e-10 
  830       2.415511218699e-10 
  831       2.396864143518e-10 
  832       2.378251406663e-10 
  833       2.359680412648e-10 
  834       2.341158631604e-10 
  835       2.322693599464e-10 
  836       2.304292918151e-10 
  837       2.285964255771e-10 
  838       2.267715346799e-10 
  839       2.249553300745e-10 
  840       2.231482514589e-10 
  841       2.213506724403e-10 
  842       2.195629693661e-10 
  843       2.177855213304e-10 
  844       2.160187101818e-10 
  845       2.142629205303e-10 
  846       2.125185397540e-10 
  847       2.107859580069e-10 
  848       2.090655682259e-10 
  849       2.073577661373e-10 
  850       2.056629502650e-10 
  851       2.039815219368e-10 
  852       2.023138852918e-10 
  853       2.006604472876e-10 
  854       1.990216177075e-10 
  855       1.973978091674e-10 
  856       1.957894371232e-10 
  857       1.941969198778e-10 
  858       1.926206785882e-10 
  859       1.910611372728e-10 
  860       1.895187228183e-10 
  861       1.879938649873e-10 
  862       1.864869964247e-10 
  863       1.849985526657e-10 
  864       1.835289721421e-10 
  865       1.820786961901e-10 
  866       1.806481690573e-10 
  867       1.792378379094e-10 
  868       1.778481528378e-10 
  869       1.764795668669e-10 
  870       1.751325359605e-10 
  871       1.738075190296e-10 
  872       1.725049779395e-10 
  873       1.712253775164e-10 
  874       1.699691855553e-10 
  875       1.687368728266e-10 
  876       1.675289130832e-10 
  877       1.663457830682e-10 
  878       1.651878802055e-10 
  879       1.640552741599e-10 
  880       1.629479511606e-10 
  881       1.618658959370e-10 
  882       1.608090917132e-10 
  883       1.597775202024e-10 
  884       1.587711616009e-10 
  885       1.577899945829e-10 
  886       1.568339962945e-10 
  887       1.559031423480e-10 
  888       1.549974068166e-10 
  889       1.541167622284e-10 
  890       1.532611795610e-10 
  891       1.524306282356e-10 
  892       1.516250761114e-10 
  893       1.508444894802e-10 
  894       1.500888330603e-10 
  895       1.493580699913e-10 
  896       1.486521618281e-10 
  897       1.479710685352e-10 
  898       1.473147484816e-10 
  899       1.466831584343e-10 
  900       1.460762535534e-10 
  901       1.454939873861e-10 
  902       1.449363118608e-10 
  903       1.444031772820e-10 
  904       1.438945323243e-10 
  905       1.434103240266e-10 
  906       1.429504977869e-10 
  907       1.425149973562e-10 
  908       1.421037648329e-10 
  909       1.417167406577e-10 
  910       1.413538636070e-10 
  911       1.410150707880e-10 
  912       1.407002976328e-10 
  913       1.404094778925e-10 
  914       1.401425436321e-10 
  915       1.398994252242e-10 
  916       1.396800513438e-10 
  917       1.394843074381e-10 
  918       1.393119104230e-10 
  919       1.391625319804e-10 
  920       1.390358398899e-10 
  921       1.389314980170e-10 
  922       1.388491663021e-10 
  923       1.387885007485e-10 
  924       1.387491534110e-10 
  925       1.387307723841e-10 
  926       1.387330017907e-10 
  927       1.387554817704e-10 
  928       1.387978484679e-10 
  929       1.388597340215e-10 
  930       1.389407665513e-10 
  931       1.390405701480e-10 
  932       1.391587648610e-10 
  933       1.392949666870e-10 
  934       1.394487875583e-10 
  935       1.396198353312e-10 
  936       1.398077137747e-10 
  937       1.400120225585e-10 
  938       1.402323572418e-10 
  939       1.404683092616e-10 
  940       1.407194659210e-10 
  941       1.409854103776e-10 
  942       1.412657216323e-10 
  943       1.415599745172e-10 
  944       1.418677396844e-10 
  945       1.421885835944e-10 
  946       1.425220685042e-10 
  947       1.428677524562e-10 
  948       1.432251892660e-10 
  949       1.435939285115e-10 
  950       1.439735155210e-10 
  951       1.443634913614e-10 
  952       1.447633928271e-10 
  953       1.451727524281e-10 
  954       1.455910983783e-10 
  955       1.460179545845e-10 
  956       1.464528595908e-10 
  957       1.468954237547e-10 
  958       1.473452729215e-10 
  959       1.478020295383e-10 
  960       1.482653126444e-10 
  961       1.487347378626e-10 
  962       1.492099173895e-10 
  963       1.496904599873e-10 
  964       1.501759709740e-10 
  965       1.506660522145e-10 
  966       1.511603021117e-10 
  967       1.516583155971e-10 
  968       1.521596841219e-10 
  969       1.526639956479e-10 
  970       1.531708346385e-10 
  971       1.536797820493e-10 
  972       1.541904153192e-10 
  973       1.547023083615e-10 
  974       1.552150315544e-10 
  975       1.557281517323e-10 
  976       1.562412321764e-10 
  977       1.567538326057e-10 
  978       1.572655091682e-10 
  979       1.577758144313e-10 
  980       1.582842973730e-10 
  981       1.587905033730e-10 
  982       1.592939742031e-10 
  983       1.597942480185e-10 
  984       1.602908593486e-10 
  985       1.607833390880e-10 
  986       1.612712144872e-10 
  987       1.617540091436e-10 
  988       1.622312429926e-10 
  989       1.627024322981e-10 
  990       1.631670896439e-10 
  991       1.636247239241e-10 
  992       1.640748403346e-10 
  993       1.645169403633e-10 
  994       1.649505217818e-10 
  995       1.653751362648e-10 
  996       1.657905631970e-10 
  997       1.661966383999e-10 
  998       1.665931967317e-10 
  999       1.669800720855e-10 
 1000       1.673570973868e-10 
 1001       1.677241045916e-10 
 1002       1.680809246844e-10 
 1003       1.684273876757e-10 
 1004       1.687633226003e-10 
 1005       1.690885575149e-10 
 1006       1.694029194961e-10 
 1007       1.697062346384e-10 
 1008       1.699983280519e-10 
 1009       1.702790238601e-10 
 1010       1.705481451982e-10 
 1011       1.708055142106e-10 
 1012       1.710509520488e-10 
 1013       1.712842788697e-10 
 1014       1.715053138329e-10 
 1015       1.717138750990e-10 
 1016       1.719097798274e-10 
 1017       1.720928441741e-10 
 1018       1.722628832895e-10 
 1019       1.724197113166e-10 
 1020       1.725631413888e-10 
 1021       1.726929856274e-10 
 1022       1.728090551399e-10 
 1023       1.729111600180e-10 
 1024       1.729991093349e-10 
 1025       1.730727111437e-10 
 1026       1.731317724752e-10 
 1027       1.731760993356e-10 
 1028       1.732054967045e-10 
 1029       1.732197685329e-10 
 1030       1.732187177409e-10 
 1031       1.732021462156e-10 
 1032       1.731698548092e-10 
 1033       1.731216433366e-10 
 1034       1.730573637250e-10 
 1035       1.729770802887e-10 
 1036       1.728809117143e-10 
 1037       1.727689781188e-10 
 1038       1.726414010530e-10 
 1039       1.724983035053e-10 
 1040       1.723398099062e-10 
 1041       1.721660461312e-10 
 1042       1.719771395055e-10 
 1043       1.717732188073e-10 
 1044       1.715544142719e-10 
 1045       1.713208575955e-10 
 1046       1.710726819390e-10 
 1047       1.708100219318e-10 
 1048       1.705330136758e-10 
 1049       1.702417947492e-10 
 1050       1.699365042102e-10 
 1051       1.696172826011e-10 
 1052       1.692842719519e-10 
 1053       1.689376157842e-10 
 1054       1.685774591152e-10 
 1055       1.682039484615e-10 
 1056       1.678172318427e-10 
 1057       1.674174587857e-10 
 1058       1.670047803279e-10 
 1059       1.665793490219e-10 
 1060       1.661413189385e-10 
 1061       1.656908456711e-10 
 1062       1.652280863393e-10 
 1063       1.647531995929e-10 
 1064       1.642663456155e-10 
 1065       1.637676861288e-10 
 1066       1.632573843959e-10 
 1067       1.627356052254e-10 
 1068       1.622025149754e-10 
 1069       1.616582815572e-10 
 1070       1.611030744389e-10 
 1071       1.605370646498e-10 
 1072       1.599604247838e-10 
 1073       1.593733446367e-10 
 1074       1.587760783441e-10 
 1075       1.581688978927e-10 
 1076       1.575520775512e-10 
 1077       1.569258938757e-10 
 1078       1.562906257146e-10 
 1079       1.556465542149e-10 
 1080       1.549939628268e-10 
 1081       1.543331373100e-10 
 1082       1.536643657387e-10 
 1083       1.529879385071e-10 
 1084       1.523041483350e-10 
 1085       1.516132902733e-10 
 1086       1.509156617091e-10 
 1087       1.502115623719e-10 
 1088       1.495012943384e-10 
 1089       1.487851620382e-10 
 1090       1.480634722595e-10 
 1091       1.473365341540e-10 
 1092       1.466046592432e-10 
 1093       1.458681614231e-10 
 1094       1.451273569701e-10 
 1095       1.443825645463e-10 
 1096       1.436341052053e-10 
 1097       1.428823023970e-10 
 1098       1.421274819739e-10 
 1099       1.413699721958e-10 
 1100       1.406101037360e-10 
 1101       1.398482096862e-10 
 1102       1.390846255621e-10 
 1103       1.383196893093e-10 
 1104       1.375537413081e-10 
 1105       1.367871243795e-10 
 1106       1.360201837904e-10 
 1107       1.352532672592e-10 
 1108       1.344867249613e-10 
 1109       1.337209095345e-10 
 1110       1.329561760842e-10 
 1111       1.321928821897e-10 
 1112       1.314313628792e-10 
 1113       1.306718551876e-10 
 1114       1.299145726187e-10 
 1115       1.291597300878e-10 
 1116       1.284075439246e-10 
 1117       1.276582318763e-10 
 1118       1.269120131108e-10 
 1119       1.261691082197e-10 
 1120       1.254297392212e-10 
 1121       1.246941295631e-10 
 1122       1.239625041263e-10 
 1123       1.232350892274e-10 
 1124       1.225121126217e-10 
 1125       1.217938035068e-10 
 1126       1.210803925249e-10 
 1127       1.203721117664e-10 
 1128       1.196691947728e-10 
 1129       1.189718765398e-10 
 1130       1.182803935200e-10 
 1131       1.175949836265e-10 
 1132       1.169158862354e-10 
 1133       1.162433421894e-10 
 1134       1.155775938004e-10 
 1135       1.149188848526e-10 
 1136       1.142674606058e-10 
 1137       1.136235677984e-10 
 1138       1.129874546501e-10 
 1139       1.123593708654e-10 
 1140       1.117395676363e-10 
 1141       1.111282976456e-10 
 1142       1.105258150699e-10 
 1143       1.099323755824e-10 
 1144       1.093482363562e-10 
 1145       1.087736560674e-10 
 1146       1.082088948978e-10 
 1147       1.076542145386e-10 
 1148       1.071098781925e-10 
 1149       1.065761505776e-10 
 1150       1.060532979301e-10 
 1151       1.055415460590e-10 
 1152       1.050409539215e-10 
 1153       1.045515384484e-10 
 1154       1.040733163464e-10 
 1155       1.036063040967e-10 
 1156       1.031505179549e-10 
 1157       1.027059739499e-10 
 1158       1.022726878833e-10 
 1159       1.018506753285e-10 
 1160       1.014399516302e-10 
 1161       1.010405319034e-10 
 1162       1.006524310326e-10 
 1163       1.002756636715e-10 
 1164       9.991024424162e-11 
 1165       9.955618693220e-11 
 1166       9.921350569891e-11 
 1167       9.888221426342e-11 
 1168       9.856232611250e-11 
 1169       9.825385449738e-11 
 1170       9.795681243290e-11 
 1171       9.767121269683e-11 
 1172       9.739706782910e-11 
 1173       9.713439013105e-11 
 1174       9.688319166468e-11 
 1175       9.664348425189e-11 
 1176       9.641527947377e-11 
 1177       9.619858866981e-11 
 1178       9.599342293716e-11 
 1179       9.579979312991e-11 
 1180       9.561770985831e-11 
 1181       9.544718348801e-11 
 1182       9.528822413938e-11 
 1183       9.514084168666e-11 
 1184       9.500504575730e-11 
 1185       9.488084573117e-11 
 1186       9.476825073981e-11 
 1187       9.466726966570e-11 
 1188       9.457791114148e-11 
 1189       9.450018354925e-11 
 1190       9.443406674404e-11 
 1191       9.437942684573e-11 
 1192       9.433610039910e-11 
 1193       9.430392255146e-11 
 1194       9.428272704954e-11 
 1195       9.427234623636e-11 
 1196       9.427261104802e-11 
 1197       9.428335101062e-11 
 1198       9.430439423711e-11 
 1199       9.433556742412e-11 
 1200       9.437669584883e-11 
 1201       9.442760336584e-11 
 1202       9.448811240401e-11 
 1203       9.455804396333e-11 
 1204       9.463721761177e-11 
 1205       9.472545148212e-11 
 1206       9.482256226889e-11 
 1207       9.492836522513e-11 
 1208       9.504267415932e-11 
 1209       9.516530143217e-11 
 1210       9.529605795354e-11 
 1211       9.543475317928e-11 
 1212       9.558119510806e-11 
 1213       9.573519027824e-11 
 1214       9.589654376477e-11 
 1215       9.606505917597e-11 
 1216       9.624053865045e-11 
 1217       9.642278285394e-11 
 1218       9.661159097615e-11 
 1219       9.680676072765e-11 
 1220       9.700808833667e-11 
 1221       9.721536854602e-11 
 1222       9.742839460991e-11 
 1223       9.764695829084e-11 
 1224       9.787084985641e-11 
 1225       9.809985807621e-11 
 1226       9.833377021868e-11 
 1227       9.857237204796e-11 
 1228       9.881544782071e-11 
 1229       9.906278226101e-11 
 1230       9.931416651677e-11 
 1231       9.956939226787e-11 
 1232       9.982824975165e-11 
 1233       1.000905277599e-10 
 1234       1.003560136360e-10 
 1235       1.006244932716e-10 
 1236       1.008957511041e-10 
 1237       1.011695701133e-10 
 1238       1.014457318185e-10 
 1239       1.017240162758e-10 
 1240       1.020042020746e-10 
 1241       1.022860663349e-10 
 1242       1.025693847044e-10 
 1243       1.028539313555e-10 
 1244       1.031394789820e-10 
 1245       1.034257987965e-10 
 1246       1.037126605273e-10 
 1247       1.039998324150e-10 
 1248       1.042870812105e-10 
 1249       1.045741721708e-10 
 1250       1.048608690570e-10 
 1251       1.051469341307e-10 
 1252       1.054321281515e-10 
 1253       1.057162103734e-10 
 1254       1.059989385425e-10 
 1255       1.062800688935e-10 
 1256       1.065593561469e-10 
 1257       1.068365535061e-10 
 1258       1.071114126542e-10 
 1259       1.073836837513e-10 
 1260       1.076531154313e-10 
 1261       1.079194547988e-10 
 1262       1.081824474266e-10 
 1263       1.084418373520e-10 
 1264       1.086973670747e-10 
 1265       1.089487775528e-10 
 1266       1.091958082008e-10 
 1267       1.094381968858e-10 
 1268       1.096757061098e-10 
 1269       1.099082018913e-10 
 1270       1.101355757867e-10 
 1271       1.103577187877e-10 
 1272       1.105745213197e-10 
 1273       1.107858732412e-10 
 1274       1.109916638424e-10 
 1275       1.111917818445e-10 
 1276       1.113861153982e-10 
 1277       1.115745520834e-10 
 1278       1.117569789074e-10 
 1279       1.119332823042e-10 
 1280       1.121033481338e-10 
 1281       1.122670616804e-10 
 1282       1.124243076521e-10 
 1283       1.125749701796e-10 
 1284       1.127189328148e-10 
 1285       1.128560785305e-10 
 1286       1.129862897187e-10 
 1287       1.131094481900e-10 
 1288       1.132254351723e-10 
 1289       1.133341313098e-10 
 1290       1.134354166624e-10 
 1291       1.135291707039e-10 
 1292       1.136152723215e-10 
 1293       1.136935998148e-10 
 1294       1.137640308944e-10 
 1295       1.138264426811e-10 
 1296       1.138807117050e-10 
 1297       1.139267139041e-10 
 1298       1.139643246236e-10 
 1299       1.139934186148e-10 
 1300       1.140138700338e-10 
 1301       1.140255524409e-10 
 1302       1.140283387993e-10 
 1303       1.140221014739e-10 
 1304       1.140067122307e-10 
 1305       1.139820422355e-10 
 1306       1.139479620529e-10 
 1307       1.139043713314e-10 
 1308       1.138512882243e-10 
 1309       1.137887609671e-10 
 1310       1.137168382832e-10 
 1311       1.136355693848e-10 
 1312       1.135450039739e-10 
 1313       1.134451922437e-10 
 1314       1.133361848795e-10 
 1315       1.132180330594e-10 
 1316       1.130907884557e-10 
 1317       1.129545032362e-10 
 1318       1.128092300645e-10 
 1319       1.126550221018e-10 
 1320       1.124919330075e-10 
 1321       1.123200169404e-10 
 1322       1.121393285598e-10 
 1323       1.119499230263e-10 
 1324       1.117518560034e-10 
 1325       1.115451836579e-10 
 1326       1.113299626613e-10 
 1327       1.111062501908e-10 
 1328       1.108741039304e-10 
 1329       1.106335820719e-10 
 1330       1.103847433159e-10 
 1331       1.101276468728e-10 
 1332       1.098623524641e-10 
 1333       1.095889203233e-10 
 1334       1.093074111969e-10 
 1335       1.090178863454e-10 
 1336       1.087204075447e-10 
 1337       1.084150370866e-10 
 1338       1.081018377805e-10 
 1339       1.077808729537e-10 
 1340       1.074522064532e-10 
 1341       1.071159026462e-10 
 1342       1.067720264214e-10 
 1343       1.064206431901e-10 
 1344       1.060618188871e-10 
 1345       1.056956199718e-10 
 1346       1.053221269694e-10 
 1347       1.049414752535e-10 
 1348       1.045538147088e-10 
 1349       1.041592962328e-10 
 1350       1.037580717378e-10 
 1351       1.033502941531e-10 
 1352       1.029361174266e-10 
 1353       1.025156965271e-10 
 1354       1.020891874460e-10 
 1355       1.016567471991e-10 
 1356       1.012185338290e-10 
 1357       1.007747064068e-10 
 1358       1.003254250339e-10 
 1359       9.987085084407e-11 
 1360       9.941114600566e-11 
 1361       9.894647372311e-11 
 1362       9.847699823915e-11 
 1363       9.800288483671e-11 
 1364       9.752429984082e-11 
 1365       9.704141062061e-11 
 1366       9.655438559123e-11 
 1367       9.606339421578e-11 
 1368       9.556860700732e-11 
 1369       9.507019553074e-11 
 1370       9.456833240475e-11 
 1371       9.406319130382e-11 
 1372       9.355494696014e-11 
 1373       9.304377516553e-11 
 1374       9.252985277342e-11 
 1375       9.201335770079e-11 
 1376       9.149446893011e-11 
 1377       9.097336651129e-11 
 1378       9.045023156363e-11 
 1379       8.992524627777e-11 
 1380       8.939859391762e-11 
 1381       8.887045882233e-11 
 1382       8.834102640822e-11 
 1383       8.781048317072e-11 
 1384       8.727901668636e-11 
 1385       8.674680721909e-11 
 1386       8.621400243861e-11 
 1387       8.568074243901e-11 
 1388       8.514716811152e-11 
 1389       8.461342114596e-11 
 1390       8.407964403217e-11 
 1391       8.354598006138e-11 
 1392       8.301257332769e-11 
 1393       8.247956872946e-11 
 1394       8.194711197074e-11 
 1395       8.141534956269e-11 
 1396       8.088442882501e-11 
 1397       8.035449788735e-11 
 1398       7.982570569075e-11 
 1399       7.929820198905e-11 
 1400       7.877213735029e-11 
 1401       7.824766315818e-11 
 1402       7.772493161349e-11 
 1403       7.720409573548e-11 
 1404       7.668530936333e-11 
 1405       7.616872715752e-11 
 1406       7.565450460133e-11 
 1407       7.514279800220e-11 
 1408       7.463376449315e-11 
 1409       7.412756203426e-11 
 1410       7.362434941403e-11 
 1411       7.312428625082e-11 
 1412       7.262753299431e-11 
 1413       7.213425092686e-11 
 1414       7.164460216498e-11 
 1415       7.115874966072e-11 
 1416       7.067685720313e-11 
 1417       7.019908941964e-11 
 1418       6.972561177750e-11 
 1419       6.925659058523e-11 
 1420       6.879219299399e-11 
 1421       6.833258699903e-11 
 1422       6.787794144113e-11 
 1423       6.742842600798e-11 
 1424       6.698418991320e-11 
 1425       6.654529769093e-11 
 1426       6.611179274467e-11 
 1427       6.568371861004e-11 
 1428       6.526111895493e-11 
 1429       6.484403757970e-11 
 1430       6.443251841731e-11 
 1431       6.402660553346e-11 
 1432       6.362634312681e-11 
 1433       6.323177552911e-11 
 1434       6.284294720533e-11 
 1435       6.245990275388e-11 
 1436       6.208268690673e-11 
 1437       6.171134452959e-11 
 1438       6.134592062206e-11 
 1439       6.098646031781e-11 
 1440       6.063300888471e-11 
 1441       6.028561172502e-11 
 1442       5.994431437554e-11 
 1443       5.960916250776e-11 
 1444       5.928020192804e-11 
 1445       5.895747857778e-11 
 1446       5.864103853354e-11 
 1447       5.833092800724e-11 
 1448       5.802719334630e-11 
 1449       5.772988103382e-11 
 1450       5.743903768871e-11 
 1451       5.715471006590e-11 
 1452       5.687694505645e-11 
 1453       5.660578968774e-11 
 1454       5.634129112362e-11 
 1455       5.608349666459e-11 
 1456       5.583245374793e-11 
 1457       5.558820994789e-11 
 1458       5.535081297583e-11 
 1459       5.512031068040e-11 
 1460       5.489675104769e-11 
 1461       5.468018220140e-11 
 1462       5.447065240297e-11 
 1463       5.426819164933e-11 
 1464       5.407275626440e-11 
 1465       5.388428375395e-11 
 1466       5.370271115698e-11 
 1467       5.352797504478e-11 
 1468       5.336001152011e-11 
 1469       5.319875621632e-11 
 1470       5.304414429645e-11 
 1471       5.289611045241e-11 
 1472       5.275458890407e-11 
 1473       5.261951339843e-11 
 1474       5.249081720869e-11 
 1475       5.236843313344e-11 
 1476       5.225229349576e-11 
 1477       5.214233014235e-11 
 1478       5.203847444268e-11 
 1479       5.194065728808e-11 
 1480       5.184880909093e-11 
 1481       5.176285978374e-11 
 1482       5.168273881829e-11 
 1483       5.160837516477e-11 
 1484       5.153969731093e-11 
 1485       5.147663326115e-11 
 1486       5.141911053564e-11 
 1487       5.136705616951e-11 
 1488       5.132039671196e-11 
 1489       5.127905822535e-11 
 1490       5.124296628437e-11 
 1491       5.121204597516e-11 
 1492       5.118622189443e-11 
 1493       5.116541814861e-11 
 1494       5.114955835296e-11 
 1495       5.113856563072e-11 
 1496       5.113236261221e-11 
 1497       5.113087143400e-11 
 1498       5.113401373800e-11 
 1499       5.114171067064e-11 
 1500       5.115388288194e-11 
 1501       5.117045052468e-11 
 1502       5.119132869204e-11 
 1503       5.121641368366e-11 
 1504       5.124559660413e-11 
 1505       5.127876791117e-11 
 1506       5.131581741456e-11 
 1507       5.135663427501e-11 
 1508       5.140110700305e-11 
 1509       5.144912345792e-11 
 1510       5.150057084645e-11 
 1511       5.155533572198e-11 
 1512       5.161330398319e-11 
 1513       5.167436087303e-11 
 1514       5.173839097761e-11 
 1515       5.180527822507e-11 
 1516       5.187490588447e-11 
 1517       5.194715656467e-11 
 1518       5.202191221324e-11 
 1519       5.209905411535e-11 
 1520       5.217846289261e-11 
 1521       5.226001850202e-11 
 1522       5.234360023482e-11 
 1523       5.242908671538e-11 
 1524       5.251635590011e-11 
 1525       5.260528507632e-11 
 1526       5.269575086113e-11 
 1527       5.278762920033e-11 
 1528       5.288079536730e-11 
 1529       5.297512396188e-11 
 1530       5.307048890927e-11 
 1531       5.316676345889e-11 
 1532       5.326382018330e-11 
 1533       5.336153097707e-11 
 1534       5.345976705567e-11 
 1535       5.355839895435e-11 
 1536       5.365729652707e-11 
 1537       5.375632894532e-11 
 1538       5.385536469706e-11 
 1539       5.395427158558e-11 
 1540       5.405291672841e-11 
 1541       5.415117614857e-11 
 1542       5.424896365016e-11 
 1543       5.434620221470e-11 
 1544       5.444281443291e-11 
 1545       5.453872250417e-11 
 1546       5.463384823582e-11 
 1547       5.472811304258e-11 
 1548       5.482143794589e-11 
 1549       5.491374357331e-11 
 1550       5.500495015787e-11 
 1551       5.509497753745e-11 
 1552       5.518374515417e-11 
 1553       5.527117205372e-11 
 1554       5.535717688478e-11 
 1555       5.544167789835e-11 
 1556       5.552459294716e-11 
 1557       5.560583948500e-11 
 1558       5.568533456614e-11 
 1559       5.576299484467e-11 
 1560       5.583873657388e-11 
 1561       5.591247560562e-11 
 1562       5.598412738970e-11 
 1563       5.605360697325e-11 
 1564       5.612082900006e-11 
 1565       5.618570771002e-11 
 1566       5.624815693842e-11 
 1567       5.630809011537e-11 
 1568       5.636542026516e-11 
 1569       5.642006000563e-11 
 1570       5.647192154752e-11 
 1571       5.652091669388e-11 
 1572       5.656695683944e-11 
 1573       5.660995296994e-11 
 1574       5.664981566154e-11 
 1575       5.668645508020e-11 
 1576       5.671978098100e-11 
 1577       5.674970270757e-11 
 1578       5.677612919143e-11 
 1579       5.679896895138e-11 
 1580       5.681814504481e-11 
 1581       5.683364007440e-11 
 1582       5.684545159691e-11 
 1583       5.685357720906e-11 
 1584       5.685801454769e-11 
 1585       5.685876128982e-11 
 1586       5.685581515274e-11 
 1587       5.684917389409e-11 
 1588       5.683883531198e-11 
 1589       5.682479724506e-11 
 1590       5.680705757260e-11 
 1591       5.678561421463e-11 
 1592       5.676046513195e-11 
 1593       5.673160832629e-11 
 1594       5.669904184039e-11 
 1595       5.666276375804e-11 
 1596       5.662277220423e-11 
 1597       5.657906534521e-11 
 1598       5.653164138860e-11 
 1599       5.648049858345e-11 
 1600       5.642563522036e-11 
 1601       5.636704963154e-11 
 1602       5.630474019095e-11 
 1603       5.623870531433e-11 
 1604       5.616894345934e-11 
 1605       5.609545312561e-11 
 1606       5.601823285488e-11 
 1607       5.593728123103e-11 
 1608       5.585259688022e-11 
 1609       5.576417847096e-11 
 1610       5.567202471419e-11 
 1611       5.557613436339e-11 
 1612       5.547650621467e-11 
 1613       5.537313910685e-11 
 1614       5.526603192154e-11 
 1615       5.515518358327e-11 
 1616       5.504059305952e-11 
 1617       5.492225936088e-11 
 1618       5.480018154108e-11 
 1619       5.467436858066e-11 
 1620       5.454486913534e-11 
 1621       5.441174205663e-11 
 1622       5.427504653322e-11 
 1623       5.413484209152e-11 
 1624       5.399118859625e-11 
 1625       5.384414625090e-11 
 1626       5.369377559833e-11 
 1627       5.354013752132e-11 
 1628       5.338329324308e-11 
 1629       5.322330432778e-11 
 1630       5.306023268116e-11 
 1631       5.289414055100e-11 
 1632       5.272509052770e-11 
 1633       5.255314554481e-11 
 1634       5.237836887960e-11 
 1635       5.220082415356e-11 
 1636       5.202057533295e-11 
 1637       5.183768672940e-11 
 1638       5.165222300036e-11 
 1639       5.146424914971e-11 
 1640       5.127383052830e-11 
 1641       5.108103283445e-11 
 1642       5.088592211453e-11 
 1643       5.068856476349e-11 
 1644       5.048902752540e-11 
 1645       5.028737749401e-11 
 1646       5.008368211327e-11 
 1647       4.987800917786e-11 
 1648       4.967042683379e-11 
 1649       4.946100357889e-11 
 1650       4.924980826337e-11 
 1651       4.903691009035e-11 
 1652       4.882237861644e-11 
 1653       4.860628375225e-11 
 1654       4.838869576291e-11 
 1655       4.816968526868e-11 
 1656       4.794932324544e-11 
 1657       4.772768102525e-11 
 1658       4.750482984322e-11 
 1659       4.728083947276e-11 
 1660       4.705577957934e-11 
 1661       4.682972017365e-11 
 1662       4.660273161209e-11 
 1663       4.637488459725e-11 
 1664       4.614625017854e-11 
 1665       4.591689975259e-11 
 1666       4.568690506386e-11 
 1667       4.545633820512e-11 
 1668       4.522527161801e-11 
 1669       4.499377809352e-11 
 1670       4.476193077252e-11 
 1671       4.452980314632e-11 
 1672       4.429746905716e-11 
 1673       4.406500269872e-11 
 1674       4.383247861670e-11 
 1675       4.359997170928e-11 
 1676       4.336755722767e-11 
 1677       4.313531077663e-11 
 1678       4.290330831502e-11 
 1679       4.267162615626e-11 
 1680       4.244034096892e-11 
 1681       4.220952977719e-11 
 1682       4.197926996144e-11 
 1683       4.174963925873e-11 
 1684       4.152071576332e-11 
 1685       4.129257792720e-11 
 1686       4.106530456065e-11 
 1687       4.083897483268e-11 
 1688       4.061366827164e-11 
 1689       4.038946476570e-11 
 1690       4.016644456336e-11 
 1691       3.994468827401e-11 
 1692       3.972427686842e-11 
 1693       3.950529167929e-11 
 1694       3.928781440175e-11 
 1695       3.907192709388e-11 
 1696       3.885771217728e-11 
 1697       3.864524404824e-11 
 1698       3.843456383139e-11 
 1699       3.822570440946e-11 
 1700       3.801869879295e-11 
 1701       3.781358012037e-11 
 1702       3.761038165832e-11 
 1703       3.740913680176e-11 
 1704       3.720987907412e-11 
 1705       3.701264212748e-11 
 1706       3.681745974277e-11 
 1707       3.662436582993e-11 
 1708       3.643339442808e-11 
 1709       3.624457970568e-11 
 1710       3.605795596074e-11 
 1711       3.587355762096e-11 
 1712       3.569141924392e-11 
 1713       3.551157551725e-11 
 1714       3.533406125879e-11 
 1715       3.515891141681e-11 
 1716       3.498616107011e-11 
 1717       3.481584542825e-11 
 1718       3.464799983170e-11 
 1719       3.448265975205e-11 
 1720       3.431986079210e-11 
 1721       3.415963868613e-11 
 1722       3.400202930002e-11 
 1723       3.384706863141e-11 
 1724       3.369479280994e-11 
 1725       3.354523809734e-11 
 1726       3.339844088766e-11 
 1727       3.325443770744e-11 
 1728       3.311326521585e-11 
 1729       3.297496020488e-11 
 1730       3.283955959956e-11 
 1731       3.270710045803e-11 
 1732       3.257761997183e-11 
 1733       3.245115546597e-11 
 1734       3.232774439920e-11 
 1735       3.220742436409e-11 
 1736       3.209022366966e-11 
 1737       3.197613300192e-11 
 1738       3.186513352477e-11 
 1739       3.175720627577e-11 
 1740       3.165233216591e-11 
 1741       3.155049197940e-11 
 1742       3.145166637351e-11 
 1743       3.135583587833e-11 
 1744       3.126298089659e-11 
 1745       3.117308170344e-11 
 1746       3.108611844627e-11 
 1747       3.100207114450e-11 
 1748       3.092091968936e-11 
 1749       3.084264384374e-11 
 1750       3.076722324191e-11 
 1751       3.069463738939e-11 
 1752       3.062486566273e-11 
 1753       3.055788730927e-11 
 1754       3.049368144700e-11 
 1755       3.043222706431e-11 
 1756       3.037350301982e-11 
 1757       3.031748804213e-11 
 1758       3.026416072970e-11 
 1759       3.021349955058e-11 
 1760       3.016548284223e-11 
 1761       3.012008881133e-11 
 1762       3.007729553354e-11 
 1763       3.003708095337e-11 
 1764       2.999942288390e-11 
 1765       2.996429900663e-11 
 1766       2.993168687127e-11 
 1767       2.990156389551e-11 
 1768       2.987390736486e-11 
 1769       2.984869443242e-11 
 1770       2.982590211868e-11 
 1771       2.980550731136e-11 
 1772       2.978748676512e-11 
 1773       2.977181710147e-11 
 1774       2.975847480847e-11 
 1775       2.974743205835e-11 
 1776       2.973864412287e-11 
 1777       2.973206185379e-11 
 1778       2.972763585534e-11 
 1779       2.972531648386e-11 
 1780       2.972505384741e-11 
 1781       2.972679780547e-11 
 1782       2.973049796853e-11 
 1783       2.973610369774e-11 
 1784       2.974356410455e-11 
 1785       2.975282805038e-11 
 1786       2.976384414620e-11 
 1787       2.977656075221e-11 
 1788       2.979092597749e-11 
 1789       2.980688767959e-11 
 1790       2.982439346424e-11 
 1791       2.984339068490e-11 
 1792       2.986382644250e-11 
 1793       2.988564758500e-11 
 1794       2.990880070705e-11 
 1795       2.993323214967e-11 
 1796       2.995888799983e-11 
 1797       2.998571409012e-11 
 1798       3.001365599839e-11 
 1799       3.004265904740e-11 
 1800       3.007266830441e-11 
 1801       3.010362858090e-11 
 1802       3.013548443212e-11 
 1803       3.016818015679e-11 
 1804       3.020165979675e-11 
 1805       3.023586713652e-11 
 1806       3.027074570304e-11 
 1807       3.030623876522e-11 
 1808       3.034228933366e-11 
 1809       3.037884016022e-11 
 1810       3.041583373771e-11 
 1811       3.045321229948e-11 
 1812       3.049091781913e-11 
 1813       3.052889201008e-11 
 1814       3.056707907384e-11 
 1815       3.060543396977e-11 
 1816       3.064391421131e-11 
 1817       3.068247712316e-11 
 1818       3.072107984106e-11 
 1819       3.075967931149e-11 
 1820       3.079823229143e-11 
 1821       3.083669534811e-11 
 1822       3.087502485870e-11 
 1823       3.091317701013e-11 
 1824       3.095110779874e-11 
 1825       3.098877303010e-11 
 1826       3.102612831868e-11 
 1827       3.106312908766e-11 
 1828       3.109973056860e-11 
 1829       3.113588780122e-11 
 1830       3.117155563314e-11 
 1831       3.120668871962e-11 
 1832       3.124124152327e-11 
 1833       3.127516831383e-11 
 1834       3.130842316786e-11 
 1835       3.134095996855e-11 
 1836       3.137273240539e-11 
 1837       3.140369397396e-11 
 1838       3.143379797563e-11 
 1839       3.146299751734e-11 
 1840       3.149124551129e-11 
 1841       3.151849467473e-11 
 1842       3.154469752968e-11 
 1843       3.156980640265e-11 
 1844       3.159377342441e-11 
 1845       3.161655052971e-11 
 1846       3.163808945702e-11 
 1847       3.165834174830e-11 
 1848       3.167725874869e-11 
 1849       3.169479160629e-11 
 1850       3.171089127187e-11 
 1851       3.172550849864e-11 
 1852       3.173859384197e-11 
 1853       3.175010430533e-11 
 1854       3.176002333606e-11 
 1855       3.176834098700e-11 
 1856       3.177504728461e-11 
 1857       3.178013222892e-11 
 1858       3.178358579353e-11 
 1859       3.178539792554e-11 
 1860       3.178555854558e-11 
 1861       3.178405754773e-11 
 1862       3.178088479950e-11 
 1863       3.177603014185e-11 
 1864       3.176948338909e-11 
 1865       3.176123432891e-11 
 1866       3.175127272230e-11 
 1867       3.173958830358e-11 
 1868       3.172617078032e-11 
 1869       3.171100983335e-11 
 1870       3.169409511671e-11 
 1871       3.167541625762e-11 
 1872       3.165496285647e-11 
 1873       3.163272448678e-11 
 1874       3.160869069516e-11 
 1875       3.158285100130e-11 
 1876       3.155519489795e-11 
 1877       3.152571185086e-11 
 1878       3.149439129878e-11 
 1879       3.146122265342e-11 
 1880       3.142619529941e-11 
 1881       3.138929859432e-11 
 1882       3.135052186856e-11 
 1883       3.130985442540e-11 
 1884       3.126728554094e-11 
 1885       3.122280446406e-11 
 1886       3.117640041642e-11 
 1887       3.112806259239e-11 
 1888       3.107778015909e-11 
 1889       3.102554225626e-11 
 1890       3.097133799635e-11 
 1891       3.091515646440e-11 
 1892       3.085699234424e-11 
 1893       3.079686284460e-11 
 1894       3.073479090385e-11 
 1895       3.067079957589e-11 
 1896       3.060491203029e-11 
 1897       3.053715155243e-11 
 1898       3.046754154370e-11 
 1899       3.039610552164e-11 
 1900       3.032286712009e-11 
 1901       3.024785008938e-11 
 1902       3.017107829645e-11 
 1903       3.009257572505e-11 
 1904       3.001236647589e-11 
 1905       2.993047476676e-11 
 1906       2.984692493277e-11 
 1907       2.976174142642e-11 
 1908       2.967494881783e-11 
 1909       2.958657179487e-11 
 1910       2.949663516333e-11 
 1911       2.940516384705e-11 
 1912       2.931218288814e-11 
 1913       2.921771744708e-11 
 1914       2.912179280292e-11 
 1915       2.902443435342e-11 
 1916       2.892566761522e-11 
 1917       2.882551822399e-11 
 1918       2.872401193461e-11 
 1919       2.862117462131e-11 
 1920       2.851703227783e-11 
 1921       2.841161101759e-11 
 1922       2.830493707388e-11 
 1923       2.819703679993e-11 
 1924       2.808793666919e-11 
 1925       2.797766327539e-11 
 1926       2.786624333274e-11 
 1927       2.775370367612e-11 
 1928       2.764007126117e-11 
 1929       2.752537316453e-11 
 1930       2.740963658393e-11 
 1931       2.729289010895e-11 
 1932       2.717516754334e-11 
 1933       2.705650411197e-11 
 1934       2.693693519313e-11 
 1935       2.681649631868e-11 
 1936       2.669522317433e-11 
 1937       2.657315159975e-11 
 1938       2.645031758885e-11 
 1939       2.632675728993e-11 
 1940       2.620250700590e-11 
 1941       2.607760319448e-11 
 1942       2.595208246842e-11 
 1943       2.582598159565e-11 
 1944       2.569933749954e-11 
 1945       2.557218725907e-11 
 1946       2.544456810903e-11 
 1947       2.531651744021e-11 
 1948       2.518807279966e-11 
 1949       2.505927189082e-11 
 1950       2.493015257376e-11 
 1951       2.480075286536e-11 
 1952       2.467111093954e-11 
 1953       2.454126512742e-11 
 1954       2.441125391758e-11 
 1955       2.428111595620e-11 
 1956       2.415089004730e-11 
 1957       2.402061515292e-11 
 1958       2.389033039333e-11 
 1959       2.376007504723e-11 
 1960       2.362988855197e-11 
 1961       2.349981050372e-11 
 1962       2.336988065767e-11 
 1963       2.324013892827e-11 
 1964       2.311062538940e-11 
 1965       2.298138027458e-11 
 1966       2.285244397715e-11 
 1967       2.272385705051e-11 
 1968       2.259566020830e-11 
 1969       2.246789432460e-11 
 1970       2.234059741332e-11 
 1971       2.221379554143e-11 
 1972       2.208751184862e-11 
 1973       2.196176956210e-11 
 1974       2.183659199670e-11 
 1975       2.171200255497e-11 
 1976       2.158802472731e-11 
 1977       2.146468209205e-11 
 1978       2.134199831558e-11 
 1979       2.121999715246e-11 
 1980       2.109870244549e-11 
 1981       2.097813812587e-11 
 1982       2.085832821328e-11 
 1983       2.073929681598e-11 
 1984       2.062106813093e-11 
 1985       2.050366644392e-11 
 1986       2.038711612962e-11 
 1987       2.027144165175e-11 
 1988       2.015666756315e-11 
 1989       2.004281850589e-11 
 1990       1.992991921139e-11 
 1991       1.981799450053e-11 
 1992       1.970706928376e-11 
 1993       1.959716856117e-11 
 1994       1.948831742265e-11 
 1995       1.938054104797e-11 
 1996       1.927386470690e-11 
 1997       1.916831375929e-11 
 1998       1.906391365521e-11 
 1999       1.896068993505e-11 
 2000       1.885866822962e-11 
 2001       1.875787426026e-11 
 2002       1.865833383895e-11 
 2003       1.856007286843e-11 
 2004       1.846311734227e-11 
 2005       1.836749334501e-11 
 2006       1.827322705228e-11 
 2007       1.818034473088e-11 
 2008       1.808887273887e-11 
 2009       1.799883294688e-11 
 2010       1.791022896504e-11 
 2011       1.782305981591e-11 
 2012       1.773732450416e-11 
 2013       1.765302201656e-11 
 2014       1.757015132195e-11 
 2015       1.748871137122e-11 
 2016       1.740870109727e-11 
 2017       1.733011941497e-11 
 2018       1.725296522115e-11 
 2019       1.717723739460e-11 
 2020       1.710293479597e-11 
 2021       1.703005626781e-11 
 2022       1.695860063449e-11 
 2023       1.688856670222e-11 
 2024       1.681995325897e-11 
 2025       1.675275907450e-11 
 2026       1.668698290027e-11 
 2027       1.662262346947e-11 
 2028       1.655967949694e-11 
 2029       1.649814967918e-11 
 2030       1.643803269431e-11 
 2031       1.637932720203e-11 
 2032       1.632203184361e-11 
 2033       1.626614524183e-11 
 2034       1.621166600101e-11 
 2035       1.615859270692e-11 
 2036       1.610692392679e-11 
 2037       1.605665820926e-11 
 2038       1.600779408438e-11 
 2039       1.596033006353e-11 
 2040       1.591426463947e-11 
 2041       1.586959628622e-11 
 2042       1.582632345911e-11 
 2043       1.578444459472e-11 
 2044       1.574395811082e-11 
 2045       1.570486240642e-11 
 2046       1.566715586165e-11 
 2047       1.563083683782e-11 
 2048       1.559590069558e-11 
 2049       1.556233082647e-11 
 2050       1.553010755725e-11 
 2051       1.549921112570e-11 
 2052       1.546962168050e-11 
 2053       1.544131928112e-11 
 2054       1.541428389773e-11 
 2055       1.538849541105e-11 
 2056       1.536393361226e-11 
 2057       1.534057820287e-11 
 2058       1.531840879463e-11 
 2059       1.529740490938e-11 
 2060       1.527754597898e-11 
 2061       1.525881134517e-11 
 2062       1.524118025945e-11 
 2063       1.522463188299e-11 
 2064       1.520914528651e-11 
 2065       1.519469945014e-11 
 2066       1.518127326334e-11 
 2067       1.516884552477e-11 
 2068       1.515739494219e-11 
 2069       1.514690013233e-11 
 2070       1.513733962078e-11 
 2071       1.512869184189e-11 
 2072       1.512093513862e-11 
 2073       1.511404776249e-11 
 2074       1.510800787341e-11 
 2075       1.510279353957e-11 
 2076       1.509838273738e-11 
 2077       1.509475335128e-11 
 2078       1.509188317368e-11 
 2079       1.508974990485e-11 
 2080       1.508833115275e-11 
 2081       1.508760443300e-11 
 2082       1.508754716867e-11 
 2083       1.508813669026e-11 
 2084       1.508935023552e-11 
 2085       1.509116494938e-11 
 2086       1.509355788378e-11 
 2087       1.509650614696e-11 
 2088       1.509998735238e-11 
 2089       1.510397917268e-11 
 2090       1.510845919055e-11 
 2091       1.511340489857e-11 
 2092       1.511879369917e-11 
 2093       1.512460290446e-11 
 2094       1.513080973615e-11 
 2095       1.513739132545e-11 
 2096       1.514432471293e-11 
 2097       1.515158684844e-11 
 2098       1.515915459096e-11 
 2099       1.516700470854e-11 
 2100       1.517511387818e-11 
 2101       1.518345868569e-11 
 2102       1.519201562560e-11 
 2103       1.520076110104e-11 
 2104       1.520967142368e-11 
 2105       1.521872281354e-11 
 2106       1.522789139895e-11 
 2107       1.523715321639e-11 
 2108       1.524648421041e-11 
 2109       1.525586023353e-11 
 2110       1.526525704609e-11 
 2111       1.527465031619e-11 
 2112       1.528401561952e-11 
 2113       1.529332843933e-11 
 2114       1.530256416624e-11 
 2115       1.531169809819e-11 
 2116       1.532070544030e-11 
 2117       1.532956130476e-11 
 2118       1.533824071074e-11 
 2119       1.534671858426e-11 
 2120       1.535496975810e-11 
 2121       1.536296897168e-11 
 2122       1.537069087095e-11 
 2123       1.537811000827e-11 
 2124       1.538520084232e-11 
 2125       1.539193773800e-11 
 2126       1.539829750860e-11 
 2127       1.540426706191e-11 
 2128       1.540983580654e-11 
 2129       1.541499311436e-11 
 2130       1.541972832049e-11 
 2131       1.542403072319e-11 
 2132       1.542788958388e-11 
 2133       1.543129412705e-11 
 2134       1.543423354025e-11 
 2135       1.543669697404e-11 
 2136       1.543867354194e-11 
 2137       1.544015232041e-11 
 2138       1.544112234876e-11 
 2139       1.544157262917e-11 
 2140       1.544149212661e-11 
 2141       1.544086976879e-11 
 2142       1.543969444616e-11 
 2143       1.543795501183e-11 
 2144       1.543564028153e-11 
 2145       1.543273903360e-11 
 2146       1.542924000890e-11 
 2147       1.542513191082e-11 
 2148       1.542040340520e-11 
 2149       1.541504312029e-11 
 2150       1.540903964675e-11 
 2151       1.540238153754e-11 
 2152       1.539505730794e-11 
 2153       1.538705543547e-11 
 2154       1.537836435986e-11 
 2155       1.536897248302e-11 
 2156       1.535886816898e-11 
 2157       1.534803974385e-11 
 2158       1.533647549580e-11 
 2159       1.532416367497e-11 
 2160       1.531109249349e-11 
 2161       1.529725012540e-11 
 2162       1.528262470659e-11 
 2163       1.526720433482e-11 
 2164       1.525097706961e-11 
 2165       1.523393379867e-11 
 2166       1.521607685823e-11 
 2167       1.519741147091e-11 
 2168       1.517794288460e-11 
 2169       1.515767637248e-11 
 2170       1.513661723310e-11 
 2171       1.511477079036e-11 
 2172       1.509214239356e-11 
 2173       1.506873741745e-11 
 2174       1.504456126225e-11 
 2175       1.501961935364e-11 
 2176       1.499391714288e-11 
 2177       1.496746010674e-11 
 2178       1.494025374761e-11 
 2179       1.491230359350e-11 
 2180       1.488361519807e-11 
 2181       1.485419414066e-11 
 2182       1.482404602633e-11 
 2183       1.479317648590e-11 
 2184       1.476159117594e-11 
 2185       1.472929577886e-11 
 2186       1.469629600291e-11 
 2187       1.466259758218e-11 
 2188       1.462820627672e-11 
 2189       1.459312787246e-11 
 2190       1.455736818134e-11 
 2191       1.452093304127e-11 
 2192       1.448382831621e-11 
 2193       1.444605989618e-11 
 2194       1.440763369729e-11 
 2195       1.436855566175e-11 
 2196       1.432883175798e-11 
 2197       1.428846798053e-11 
 2198       1.424747035022e-11 
 2199       1.420584491407e-11 
 2200       1.416359774543e-11 
 2201       1.412073494392e-11 
 2202       1.407726263555e-11 
 2203       1.403318697266e-11 
 2204       1.398851547076e-11 
 2205       1.394326102849e-11 
 2206       1.389743793438e-11 
 2207       1.385106053263e-11 
 2208       1.380414322316e-11 
 2209       1.375670046168e-11 
 2210       1.370874675977e-11 
 2211       1.366029668489e-11 
 2212       1.361136486053e-11 
 2213       1.356196596618e-11 
 2214       1.351211473748e-11 
 2215       1.346182596621e-11 
 2216       1.341111450042e-11 
 2217       1.335999524444e-11 
 2218       1.330848315899e-11 
 2219       1.325659326121e-11 
 2220       1.320434062474e-11 
 2221       1.315174037977e-11 
 2222       1.309880771315e-11 
 2223       1.304555786837e-11 
 2224       1.299200614572e-11 
 2225       1.293816790229e-11 
 2226       1.288405855206e-11 
 2227       1.282969356594e-11 
 2228       1.277508847188e-11 
 2229       1.272025885488e-11 
 2230       1.266522035711e-11 
 2231       1.260998867792e-11 
 2232       1.255457957394e-11 
 2233       1.249900885913e-11 
 2234       1.244329240486e-11 
 2235       1.238744613996e-11 
 2236       1.233148605079e-11 
 2237       1.227542818128e-11 
 2238       1.221928863304e-11 
 2239       1.216308356539e-11 
 2240       1.210682919545e-11 
 2241       1.205054179817e-11 
 2242       1.199423770643e-11 
 2243       1.193793262088e-11 
 2244       1.188163953446e-11 
 2245       1.182537079450e-11 
 2246       1.176913879169e-11 
 2247       1.171295596015e-11 
 2248       1.165683477746e-11 
 2249       1.160078776475e-11 
 2250       1.154482748669e-11 
 2251       1.148896655160e-11 
 2252       1.143321761144e-11 
 2253       1.137759336190e-11 
 2254       1.132210654242e-11 
 2255       1.126676993626e-11 
 2256       1.121159637052e-11 
 2257       1.115659871624e-11 
 2258       1.110178988838e-11 
 2259       1.104718284592e-11 
 2260       1.099279059188e-11 
 2261       1.093862617339e-11 
 2262       1.088470268171e-11 
 2263       1.083103325230e-11 
 2264       1.077763106488e-11 
 2265       1.072450934342e-11 
 2266       1.067168135626e-11 
 2267       1.061916041611e-11 
 2268       1.056695988013e-11 
 2269       1.051509314994e-11 
 2270       1.046357367170e-11 
 2271       1.041241493615e-11 
 2272       1.036163047864e-11 
 2273       1.031123387922e-11 
 2274       1.026123876263e-11 
 2275       1.021165879840e-11 
 2276       1.016250770088e-11 
 2277       1.011379922926e-11 
 2278       1.006554718766e-11 
 2279       1.001776542517e-11 
 2280       9.970467835869e-12 
 2281       9.923668358904e-12 
 2282       9.877379126083e-12 
 2283       9.831604891613e-12 
 2284       9.786348566726e-12 
 2285       9.741613068876e-12 
 2286       9.697401321750e-12 
 2287       9.653716255264e-12 
 2288       9.610560805580e-12 
 2289       9.567937915100e-12 
 2290       9.525850532480e-12 
 2291       9.484301612630e-12 
 2292       9.443294116722e-12 
 2293       9.402831012194e-12 
 2294       9.362915272755e-12 
 2295       9.323549878392e-12 
 2296       9.284737815373e-12 
 2297       9.246482076255e-12 
 2298       9.208785659885e-12 
 2299       9.171651571411e-12 
 2300       9.135082822283e-12 
 2301       9.099082430260e-12 
 2302       9.063653419413e-12 
 2303       9.028798820135e-12 
 2304       8.994521669140e-12 
 2305       8.960825009476e-12 
 2306       8.927711890522e-12 
 2307       8.895185368000e-12 
 2308       8.863248503976e-12 
 2309       8.831904366866e-12 
 2310       8.801156031445e-12 
 2311       8.771006578846e-12 
 2312       8.741459096572e-12 
 2313       8.712516678495e-12 
 2314       8.684182424865e-12 
 2315       8.656459442316e-12 
 2316       8.629350843868e-12 
 2317       8.602859748935e-12 
 2318       8.576989283329e-12 
 2319       8.551742579266e-12 
 2320       8.527122775369e-12 
 2321       8.503131397072e-12 
 2322       8.479763486634e-12 
 2323       8.457012442415e-12 
 2324       8.434871635659e-12 
 2325       8.413334410465e-12 
 2326       8.392394083754e-12 
 2327       8.372043945239e-12 
 2328       8.352277257397e-12 
 2329       8.333087255433e-12 
 2330       8.314467147256e-12 
 2331       8.296410113441e-12 
 2332       8.278909307202e-12 
 2333       8.261957854363e-12 
 2334       8.245548853323e-12 
 2335       8.229675375028e-12 
 2336       8.214330462938e-12 
 2337       8.199507133001e-12 
 2338       8.185198373616e-12 
 2339       8.171397145606e-12 
 2340       8.158096382186e-12 
 2341       8.145288988933e-12 
 2342       8.132967843756e-12 
 2343       8.121125796861e-12 
 2344       8.109755670725e-12 
 2345       8.098850260064e-12 
 2346       8.088402331800e-12 
 2347       8.078404625034e-12 
 2348       8.068849851011e-12 
 2349       8.059730693092e-12 
 2350       8.051039806723e-12 
 2351       8.042769819404e-12 
 2352       8.034913330657e-12 
 2353       8.027462911995e-12 
 2354       8.020411106896e-12 
 2355       8.013750430765e-12 
 2356       8.007473370909e-12 
 2357       8.001572386503e-12 
 2358       7.996039908561e-12 
 2359       7.990868339903e-12 
 2360       7.986049672969e-12 
 2361       7.981574340717e-12 
 2362       7.977432358533e-12 
 2363       7.973613705703e-12 
 2364       7.970108325374e-12 
 2365       7.966906124515e-12 
 2366       7.963996973878e-12 
 2367       7.961370707959e-12 
 2368       7.959017124961e-12 
 2369       7.956925986750e-12 
 2370       7.955087018820e-12 
 2371       7.953489910253e-12 
 2372       7.952124313682e-12 
 2373       7.950979845247e-12 
 2374       7.950046084561e-12 
 2375       7.949312574667e-12 
 2376       7.948768822003e-12 
 2377       7.948404296359e-12 
 2378       7.948208430842e-12 
 2379       7.948170621833e-12 
 2380       7.948280228952e-12 
 2381       7.948526575014e-12 
 2382       7.948898945994e-12 
 2383       7.949386590989e-12 
 2384       7.949978722174e-12 
 2385       7.950664514767e-12 
 2386       7.951433106989e-12 
 2387       7.952273600024e-12 
 2388       7.953175057982e-12 
 2389       7.954126507857e-12 
 2390       7.955116939490e-12 
 2391       7.956135305533e-12 
 2392       7.957170521402e-12 
 2393       7.958211465247e-12 
 2394       7.959246977904e-12 
 2395       7.960265862866e-12 
 2396       7.961256886234e-12 
 2397       7.962208776685e-12 
 2398       7.963110225431e-12 
 2399       7.963950641998e-12 
 2400       7.964722426685e-12 
 2401       7.965418711900e-12 
 2402       7.966032607571e-12 
 2403       7.966557201129e-12 
 2404       7.966985557480e-12 
 2405       7.967310718983e-12 
 2406       7.967525705430e-12 
 2407       7.967623514018e-12 
 2408       7.967597119328e-12 
 2409       7.967439473302e-12 
 2410       7.967143505218e-12 
 2411       7.966702121670e-12 
 2412       7.966108206542e-12 
 2413       7.965354620984e-12 
 2414       7.964434203392e-12 
 2415       7.963339769383e-12 
 2416       7.962064111769e-12 
 2417       7.960600000541e-12 
 2418       7.958940182838e-12 
 2419       7.957077382926e-12 
 2420       7.955004302179e-12 
 2421       7.952713619050e-12 
 2422       7.950197989051e-12 
 2423       7.947450044729e-12 
 2424       7.944462395641e-12 
 2425       7.941227628335e-12 
 2426       7.937738306321e-12 
 2427       7.933986970055e-12 
 2428       7.929966136908e-12 
 2429       7.925668301147e-12 
 2430       7.921085933912e-12 
 2431       7.916211483191e-12 
 2432       7.911037373799e-12 
 2433       7.905556007350e-12 
 2434       7.899759762242e-12 
 2435       7.893640993623e-12 
 2436       7.887192033379e-12 
 2437       7.880405190101e-12 
 2438       7.873274248948e-12 
 2439       7.865798981109e-12 
 2440       7.857980661371e-12 
 2441       7.849820570715e-12 
 2442       7.841319996313e-12 
 2443       7.832480231543e-12 
 2444       7.823302575990e-12 
 2445       7.813788335458e-12 
 2446       7.803938821974e-12 
 2447       7.793755353794e-12 
 2448       7.783239255414e-12 
 2449       7.772391857573e-12 
 2450       7.761214497263e-12 
 2451       7.749708517734e-12 
 2452       7.737875268501e-12 
 2453       7.725716105354e-12 
 2454       7.713232390361e-12 
 2455       7.700425491876e-12 
 2456       7.687296784549e-12 
 2457       7.673847649328e-12 
 2458       7.660079473472e-12 
 2459       7.645993650553e-12 
 2460       7.631591580464e-12 
 2461       7.616874669429e-12 
 2462       7.601844330005e-12 
 2463       7.586501981094e-12 
 2464       7.570849047947e-12 
 2465       7.554886962173e-12 
 2466       7.538617161743e-12 
 2467       7.522041090999e-12 
 2468       7.505160200664e-12 
 2469       7.487975947841e-12 
 2470       7.470489796028e-12 
 2471       7.452703215121e-12 
 2472       7.434617681423e-12 
 2473       7.416234677649e-12 
 2474       7.397555692933e-12 
 2475       7.378582222837e-12 
 2476       7.359315769357e-12 
 2477       7.339757259693e-12 
 2478       7.319905298791e-12 
 2479       7.299757906486e-12 
 2480       7.279313097794e-12 
 2481       7.258568882912e-12 
 2482       7.237523267208e-12 
 2483       7.216174251222e-12 
 2484       7.194519830658e-12 
 2485       7.172557996382e-12 
 2486       7.150286734414e-12 
 2487       7.127704025930e-12 
 2488       7.104807847251e-12 
 2489       7.081596169842e-12 
 2490       7.058066960308e-12 
 2491       7.034218180388e-12 
 2492       7.010047786953e-12 
 2493       6.985553731997e-12 
 2494       6.960733962638e-12 
 2495       6.935586421111e-12 
 2496       6.910109044765e-12 
 2497       6.884299766055e-12 
 2498       6.858156512543e-12 
 2499       6.831677206888e-12 
 2500       6.804859766849e-12 
