# dimensionless total [l(l+1)/2pi] C_l's
# for l=2 to 2500, i.e. number of multipoles equal to 2499
#
# -> if you prefer output in CAMB/HealPix/LensPix units/order, set 'format' to 'camb' in input file
# -> if you don't want to see such a header, set 'headers' to 'no' in input file
#
# 1:l     2:TT                 
    2       2.756652755198e-10 
    3       2.464510561419e-10 
    4       2.236468950821e-10 
    5       2.066283596141e-10 
    6       1.939054013685e-10 
    7       1.842555223006e-10 
    8       1.768331559006e-10 
    9       1.710884602654e-10 
   10       1.665631771895e-10 
   11       1.630032490514e-10 
   12       1.602381077752e-10 
   13       1.580138597381e-10 
   14       1.563473363112e-10 
   15       1.551657041097e-10 
   16       1.543631914234e-10 
   17       1.538464558883e-10 
   18       1.536128594046e-10 
   19       1.536961033511e-10 
   20       1.540304117781e-10 
   21       1.545924767324e-10 
   22       1.553209066576e-10 
   23       1.562230911095e-10 
   24       1.572920352503e-10 
   25       1.585250038542e-10 
   26       1.598974866155e-10 
   27       1.614144151446e-10 
   28       1.630615930519e-10 
   29       1.648019852441e-10 
   30       1.666415101919e-10 
   31       1.685837726614e-10 
   32       1.706182897658e-10 
   33       1.727475273584e-10 
   34       1.749663572521e-10 
   35       1.772613353482e-10 
   36       1.796387903610e-10 
   37       1.821042605382e-10 
   38       1.846537323081e-10 
   39       1.872769806354e-10 
   40       1.899714785003e-10 
   41       1.927314970459e-10 
   42       1.955434460068e-10 
   43       1.983920365595e-10 
   44       2.012827410316e-10 
   45       2.042251445071e-10 
   46       2.072264202380e-10 
   47       2.102910579950e-10 
   48       2.134210986573e-10 
   49       2.166175500276e-10 
   50       2.198789033936e-10 
   51       2.232004223644e-10 
   52       2.265738970490e-10 
   53       2.299907129789e-10 
   54       2.334525501935e-10 
   55       2.369630069179e-10 
   56       2.405244212020e-10 
   57       2.441377640827e-10 
   58       2.478025327464e-10 
   59       2.515176151536e-10 
   60       2.552843610356e-10 
   61       2.591040365217e-10 
   62       2.629768429848e-10 
   63       2.669018431353e-10 
   64       2.708768871137e-10 
   65       2.748996139039e-10 
   66       2.789708680809e-10 
   67       2.830918766940e-10 
   68       2.872631947882e-10 
   69       2.914846615766e-10 
   70       2.957553566122e-10 
   71       3.000735559601e-10 
   72       3.044374886504e-10 
   73       3.088478715340e-10 
   74       3.133057840536e-10 
   75       3.178118859529e-10 
   76       3.223663917192e-10 
   77       3.269690450274e-10 
   78       3.316190931831e-10 
   79       3.363152615655e-10 
   80       3.410562189455e-10 
   81       3.458421227260e-10 
   82       3.506732966598e-10 
   83       3.555497475972e-10 
   84       3.604711490205e-10 
   85       3.654368245771e-10 
   86       3.704457316130e-10 
   87       3.754964447069e-10 
   88       3.805871392031e-10 
   89       3.857160316875e-10 
   90       3.908828164941e-10 
   91       3.960874252502e-10 
   92       4.013295805077e-10 
   93       4.066087861221e-10 
   94       4.119243176321e-10 
   95       4.172752126383e-10 
   96       4.226602611826e-10 
   97       4.280779961274e-10 
   98       4.335266835343e-10 
   99       4.390046068309e-10 
  100       4.445109860318e-10 
  101       4.500451714499e-10 
  102       4.556063555420e-10 
  103       4.611935668491e-10 
  104       4.668056639361e-10 
  105       4.724413293324e-10 
  106       4.780990634722e-10 
  107       4.837771786342e-10 
  108       4.894737928824e-10 
  109       4.951868240056e-10 
  110       5.009142368418e-10 
  111       5.066548342231e-10 
  112       5.124075563850e-10 
  113       5.181712331024e-10 
  114       5.239445801204e-10 
  115       5.297261955845e-10 
  116       5.355145564712e-10 
  117       5.413080150186e-10 
  118       5.471047951564e-10 
  119       5.529029889370e-10 
  120       5.587005529652e-10 
  121       5.644953048294e-10 
  122       5.702849195314e-10 
  123       5.760671310154e-10 
  124       5.818403705725e-10 
  125       5.876031953914e-10 
  126       5.933540880937e-10 
  127       5.990914547783e-10 
  128       6.048136230652e-10 
  129       6.105188401397e-10 
  130       6.162052707968e-10 
  131       6.218709954850e-10 
  132       6.275140083503e-10 
  133       6.331322152810e-10 
  134       6.387234319512e-10 
  135       6.442853818649e-10 
  136       6.498156944008e-10 
  137       6.553120685576e-10 
  138       6.607727874563e-10 
  139       6.661962536179e-10 
  140       6.715808271426e-10 
  141       6.769248248060e-10 
  142       6.822265191549e-10 
  143       6.874841376027e-10 
  144       6.926958615260e-10 
  145       6.978598253599e-10 
  146       7.029741156942e-10 
  147       7.080367703691e-10 
  148       7.130457775712e-10 
  149       7.179990749292e-10 
  150       7.228945486099e-10 
  151       7.277300324141e-10 
  152       7.325033068723e-10 
  153       7.372122396391e-10 
  154       7.418552232611e-10 
  155       7.464307765592e-10 
  156       7.509374068040e-10 
  157       7.553736095314e-10 
  158       7.597378683579e-10 
  159       7.640286547963e-10 
  160       7.682444280709e-10 
  161       7.723836349334e-10 
  162       7.764447094781e-10 
  163       7.804260729574e-10 
  164       7.843261335974e-10 
  165       7.881432864134e-10 
  166       7.918759130254e-10 
  167       7.955223814734e-10 
  168       7.990810460332e-10 
  169       8.025502470317e-10 
  170       8.059283106626e-10 
  171       8.092136527875e-10 
  172       8.124051004402e-10 
  173       8.155015969010e-10 
  174       8.185021003621e-10 
  175       8.214055841670e-10 
  176       8.242110370505e-10 
  177       8.269174633783e-10 
  178       8.295238833867e-10 
  179       8.320293334228e-10 
  180       8.344328661834e-10 
  181       8.367335509559e-10 
  182       8.389304738568e-10 
  183       8.410227380726e-10 
  184       8.430094640988e-10 
  185       8.448897899799e-10 
  186       8.466628715492e-10 
  187       8.483278826686e-10 
  188       8.498840154681e-10 
  189       8.513304805859e-10 
  190       8.526665074079e-10 
  191       8.538914065081e-10 
  192       8.550047617015e-10 
  193       8.560062528911e-10 
  194       8.568955956032e-10 
  195       8.576725414310e-10 
  196       8.583368784774e-10 
  197       8.588884317988e-10 
  198       8.593270638477e-10 
  199       8.596526749169e-10 
  200       8.598652035819e-10 
  201       8.599646271449e-10 
  202       8.599509620776e-10 
  203       8.598242644647e-10 
  204       8.595846304474e-10 
  205       8.592321966661e-10 
  206       8.587671407043e-10 
  207       8.581896815318e-10 
  208       8.575000799474e-10 
  209       8.566986390231e-10 
  210       8.557857045467e-10 
  211       8.547616654653e-10 
  212       8.536269543287e-10 
  213       8.523820464237e-10 
  214       8.510274561920e-10 
  215       8.495637414270e-10 
  216       8.479915049981e-10 
  217       8.463113952904e-10 
  218       8.445241066447e-10 
  219       8.426303797976e-10 
  220       8.406310023207e-10 
  221       8.385268090611e-10 
  222       8.363186825808e-10 
  223       8.340075535967e-10 
  224       8.315944014207e-10 
  225       8.290802543991e-10 
  226       8.264661903526e-10 
  227       8.237533370165e-10 
  228       8.209428724798e-10 
  229       8.180360256260e-10 
  230       8.150340765720e-10 
  231       8.119383571088e-10 
  232       8.087502511405e-10 
  233       8.054711951249e-10 
  234       8.021026785129e-10 
  235       7.986462441886e-10 
  236       7.951034889089e-10 
  237       7.914760637434e-10 
  238       7.877656004914e-10 
  239       7.839734850763e-10 
  240       7.801010712750e-10 
  241       7.761497537896e-10 
  242       7.721209685298e-10 
  243       7.680161928976e-10 
  244       7.638369460704e-10 
  245       7.595847892848e-10 
  246       7.552613261205e-10 
  247       7.508682027836e-10 
  248       7.464071083907e-10 
  249       7.418797752524e-10 
  250       7.372879791569e-10 
  251       7.326335396537e-10 
  252       7.279183203375e-10 
  253       7.231442291316e-10 
  254       7.183132185720e-10 
  255       7.134272860904e-10 
  256       7.084884742986e-10 
  257       7.034988712718e-10 
  258       6.984606108323e-10 
  259       6.933758728333e-10 
  260       6.882468834426e-10 
  261       6.830759154260e-10 
  262       6.778652884315e-10 
  263       6.726173692725e-10 
  264       6.673345722118e-10 
  265       6.620193592450e-10 
  266       6.566740953975e-10 
  267       6.513006053257e-10 
  268       6.459005931901e-10 
  269       6.404757855129e-10 
  270       6.350279312164e-10 
  271       6.295588016624e-10 
  272       6.240701906902e-10 
  273       6.185639146558e-10 
  274       6.130418124703e-10 
  275       6.075057456388e-10 
  276       6.019575982991e-10 
  277       5.963992772603e-10 
  278       5.908327120417e-10 
  279       5.852598549113e-10 
  280       5.796826809246e-10 
  281       5.741031879634e-10 
  282       5.685233967744e-10 
  283       5.629453510079e-10 
  284       5.573711172567e-10 
  285       5.518027850945e-10 
  286       5.462424671150e-10 
  287       5.406922989701e-10 
  288       5.351544394092e-10 
  289       5.296310703176e-10 
  290       5.241243967551e-10 
  291       5.186366469948e-10 
  292       5.131700725621e-10 
  293       5.077269482731e-10 
  294       5.023095722732e-10 
  295       4.969202660763e-10 
  296       4.915613746030e-10 
  297       4.862350930171e-10 
  298       4.809429378253e-10 
  299       4.756862500898e-10 
  300       4.704663661131e-10 
  301       4.652846172426e-10 
  302       4.601423296739e-10 
  303       4.550408242548e-10 
  304       4.499814162895e-10 
  305       4.449654153422e-10 
  306       4.399941250408e-10 
  307       4.350688428814e-10 
  308       4.301908600314e-10 
  309       4.253614611340e-10 
  310       4.205819241118e-10 
  311       4.158535199706e-10 
  312       4.111775126035e-10 
  313       4.065551585947e-10 
  314       4.019877070232e-10 
  315       3.974763992670e-10 
  316       3.930224688067e-10 
  317       3.886271410295e-10 
  318       3.842916330331e-10 
  319       3.800171534295e-10 
  320       3.758049021490e-10 
  321       3.716560702438e-10 
  322       3.675718396923e-10 
  323       3.635533832025e-10 
  324       3.596018640164e-10 
  325       3.557184357135e-10 
  326       3.519042420147e-10 
  327       3.481604165863e-10 
  328       3.444880828439e-10 
  329       3.408883537562e-10 
  330       3.373623316488e-10 
  331       3.339111080083e-10 
  332       3.305356540370e-10 
  333       3.272364874454e-10 
  334       3.240139907352e-10 
  335       3.208685188235e-10 
  336       3.178003987283e-10 
  337       3.148099292531e-10 
  338       3.118973806731e-10 
  339       3.090629944197e-10 
  340       3.063069827662e-10 
  341       3.036295285131e-10 
  342       3.010307846733e-10 
  343       2.985108741574e-10 
  344       2.960698894589e-10 
  345       2.937078923399e-10 
  346       2.914249135159e-10 
  347       2.892209523412e-10 
  348       2.870959764946e-10 
  349       2.850499216642e-10 
  350       2.830826912329e-10 
  351       2.811941559637e-10 
  352       2.793841536851e-10 
  353       2.776524889760e-10 
  354       2.759989328517e-10 
  355       2.744232224485e-10 
  356       2.729250607092e-10 
  357       2.715041160688e-10 
  358       2.701600221390e-10 
  359       2.688923773944e-10 
  360       2.677007448571e-10 
  361       2.665846517825e-10 
  362       2.655435893439e-10 
  363       2.645770123188e-10 
  364       2.636843387733e-10 
  365       2.628649497478e-10 
  366       2.621181889422e-10 
  367       2.614433624015e-10 
  368       2.608397382004e-10 
  369       2.603065461295e-10 
  370       2.598429773796e-10 
  371       2.594482371498e-10 
  372       2.591217053796e-10 
  373       2.588627816842e-10 
  374       2.586708327319e-10 
  375       2.585451919760e-10 
  376       2.584851593855e-10 
  377       2.584900011768e-10 
  378       2.585589495450e-10 
  379       2.586912023948e-10 
  380       2.588859230725e-10 
  381       2.591422400967e-10 
  382       2.594592468899e-10 
  383       2.598360015097e-10 
  384       2.602715263803e-10 
  385       2.607648080235e-10 
  386       2.613147967905e-10 
  387       2.619204065924e-10 
  388       2.625805146326e-10 
  389       2.632939611370e-10 
  390       2.640595490862e-10 
  391       2.648760439462e-10 
  392       2.657421734002e-10 
  393       2.666566270795e-10 
  394       2.676180562949e-10 
  395       2.686250737684e-10 
  396       2.696762533639e-10 
  397       2.707701298191e-10 
  398       2.719051984761e-10 
  399       2.730799150136e-10 
  400       2.742926951775e-10 
  401       2.755419145126e-10 
  402       2.768259080935e-10 
  403       2.781429702566e-10 
  404       2.794913543305e-10 
  405       2.808692723684e-10 
  406       2.822748948782e-10 
  407       2.837063505550e-10 
  408       2.851617260114e-10 
  409       2.866390655094e-10 
  410       2.881365689634e-10 
  411       2.896531942242e-10 
  412       2.911880755989e-10 
  413       2.927403273790e-10 
  414       2.943090437133e-10 
  415       2.958932984798e-10 
  416       2.974921451585e-10 
  417       2.991046167042e-10 
  418       3.007297254182e-10 
  419       3.023664628218e-10 
  420       3.040137995281e-10 
  421       3.056706851146e-10 
  422       3.073360479960e-10 
  423       3.090087952965e-10 
  424       3.106878127223e-10 
  425       3.123719644342e-10 
  426       3.140600929200e-10 
  427       3.157510188669e-10 
  428       3.174435410346e-10 
  429       3.191364361268e-10 
  430       3.208284586646e-10 
  431       3.225183408588e-10 
  432       3.242047924819e-10 
  433       3.258865007413e-10 
  434       3.275621301513e-10 
  435       3.292303224060e-10 
  436       3.308896962513e-10 
  437       3.325388473580e-10 
  438       3.341763481939e-10 
  439       3.358007478963e-10 
  440       3.374105721448e-10 
  441       3.390043230337e-10 
  442       3.405804789441e-10 
  443       3.421374944171e-10 
  444       3.436738000257e-10 
  445       3.451878022476e-10 
  446       3.466778833378e-10 
  447       3.481424012008e-10 
  448       3.495796892634e-10 
  449       3.509882805543e-10 
  450       3.523675881881e-10 
  451       3.537172466578e-10 
  452       3.550368896237e-10 
  453       3.563261499189e-10 
  454       3.575846595554e-10 
  455       3.588120497295e-10 
  456       3.600079508272e-10 
  457       3.611719924304e-10 
  458       3.623038033224e-10 
  459       3.634030114932e-10 
  460       3.644692441456e-10 
  461       3.655021277007e-10 
  462       3.665012878036e-10 
  463       3.674663493290e-10 
  464       3.683969363868e-10 
  465       3.692926723282e-10 
  466       3.701531797506e-10 
  467       3.709780805040e-10 
  468       3.717669956963e-10 
  469       3.725195456989e-10 
  470       3.732353501527e-10 
  471       3.739140279735e-10 
  472       3.745551973575e-10 
  473       3.751584757876e-10 
  474       3.757234800382e-10 
  475       3.762498261817e-10 
  476       3.767371295935e-10 
  477       3.771850049582e-10 
  478       3.775930662748e-10 
  479       3.779609268628e-10 
  480       3.782881993674e-10 
  481       3.785744957655e-10 
  482       3.788194273714e-10 
  483       3.790226048422e-10 
  484       3.791836381836e-10 
  485       3.793021367556e-10 
  486       3.793777092783e-10 
  487       3.794099638371e-10 
  488       3.793986331178e-10 
  489       3.793439542054e-10 
  490       3.792463001155e-10 
  491       3.791060556582e-10 
  492       3.789236175061e-10 
  493       3.786993942630e-10 
  494       3.784338065328e-10 
  495       3.781272869878e-10 
  496       3.777802804379e-10 
  497       3.773932438984e-10 
  498       3.769666466594e-10 
  499       3.765009703541e-10 
  500       3.759967090274e-10 
  501       3.754543692046e-10 
  502       3.748744699602e-10 
  503       3.742575429862e-10 
  504       3.736041326611e-10 
  505       3.729147961184e-10 
  506       3.721901033149e-10 
  507       3.714306371001e-10 
  508       3.706369932839e-10 
  509       3.698097807062e-10 
  510       3.689496213048e-10 
  511       3.680571501842e-10 
  512       3.671330156846e-10 
  513       3.661778794502e-10 
  514       3.651924164978e-10 
  515       3.641773152856e-10 
  516       3.631332777819e-10 
  517       3.620610195335e-10 
  518       3.609612697347e-10 
  519       3.598347712953e-10 
  520       3.586822809100e-10 
  521       3.575045691267e-10 
  522       3.563024204148e-10 
  523       3.550766332344e-10 
  524       3.538280201048e-10 
  525       3.525574076728e-10 
  526       3.512656367818e-10 
  527       3.499535364938e-10 
  528       3.486218452291e-10 
  529       3.472712875846e-10 
  530       3.459026002398e-10 
  531       3.445165320145e-10 
  532       3.431138439265e-10 
  533       3.416953092485e-10 
  534       3.402617135655e-10 
  535       3.388138548327e-10 
  536       3.373525434326e-10 
  537       3.358786022323e-10 
  538       3.343928666410e-10 
  539       3.328961846676e-10 
  540       3.313894169777e-10 
  541       3.298734369516e-10 
  542       3.283491307410e-10 
  543       3.268173973270e-10 
  544       3.252791485770e-10 
  545       3.237353093027e-10 
  546       3.221868173168e-10 
  547       3.206346234912e-10 
  548       3.190796918137e-10 
  549       3.175229994456e-10 
  550       3.159655367796e-10 
  551       3.144083074964e-10 
  552       3.128523286228e-10 
  553       3.112986305885e-10 
  554       3.097482572842e-10 
  555       3.082022661183e-10 
  556       3.066617280748e-10 
  557       3.051277277706e-10 
  558       3.036013635126e-10 
  559       3.020837473556e-10 
  560       3.005760051594e-10 
  561       2.990792766461e-10 
  562       2.975947154579e-10 
  563       2.961234892141e-10 
  564       2.946667795687e-10 
  565       2.932257822680e-10 
  566       2.918015790524e-10 
  567       2.903947496268e-10 
  568       2.890057498212e-10 
  569       2.876350388516e-10 
  570       2.862830793304e-10 
  571       2.849503372749e-10 
  572       2.836372821173e-10 
  573       2.823443867142e-10 
  574       2.810721273560e-10 
  575       2.798209837762e-10 
  576       2.785914391611e-10 
  577       2.773839801594e-10 
  578       2.761990968913e-10 
  579       2.750372829584e-10 
  580       2.738990354529e-10 
  581       2.727848549672e-10 
  582       2.716952456034e-10 
  583       2.706307149826e-10 
  584       2.695917742548e-10 
  585       2.685789381079e-10 
  586       2.675927247775e-10 
  587       2.666336560564e-10 
  588       2.657022573038e-10 
  589       2.647990574551e-10 
  590       2.639245890311e-10 
  591       2.630793881479e-10 
  592       2.622639945258e-10 
  593       2.614789514994e-10 
  594       2.607248060267e-10 
  595       2.600021086986e-10 
  596       2.593114137486e-10 
  597       2.586532790620e-10 
  598       2.580282661857e-10 
  599       2.574369403375e-10 
  600       2.568798704155e-10 
  601       2.563576290078e-10 
  602       2.558707924019e-10 
  603       2.554199405941e-10 
  604       2.550056572990e-10 
  605       2.546284063695e-10 
  606       2.542881577683e-10 
  607       2.539847526084e-10 
  608       2.537180258974e-10 
  609       2.534878065056e-10 
  610       2.532939171362e-10 
  611       2.531361742932e-10 
  612       2.530143882511e-10 
  613       2.529283630238e-10 
  614       2.528778963337e-10 
  615       2.528627795805e-10 
  616       2.528827978103e-10 
  617       2.529377296849e-10 
  618       2.530273474506e-10 
  619       2.531514169071e-10 
  620       2.533096973770e-10 
  621       2.535019416743e-10 
  622       2.537278960738e-10 
  623       2.539873002800e-10 
  624       2.542798873961e-10 
  625       2.546053838931e-10 
  626       2.549635095788e-10 
  627       2.553539775670e-10 
  628       2.557764942463e-10 
  629       2.562307592489e-10 
  630       2.567164654206e-10 
  631       2.572332987885e-10 
  632       2.577809385313e-10 
  633       2.583590569474e-10 
  634       2.589673194244e-10 
  635       2.596053844080e-10 
  636       2.602729033711e-10 
  637       2.609695207827e-10 
  638       2.616948740773e-10 
  639       2.624485936232e-10 
  640       2.632303026924e-10 
  641       2.640396174290e-10 
  642       2.648761468187e-10 
  643       2.657394926573e-10 
  644       2.666292175390e-10 
  645       2.675447480874e-10 
  646       2.684854694730e-10 
  647       2.694507571563e-10 
  648       2.704399768476e-10 
  649       2.714524844665e-10 
  650       2.724876261021e-10 
  651       2.735447379725e-10 
  652       2.746231463847e-10 
  653       2.757221676943e-10 
  654       2.768411082655e-10 
  655       2.779792644307e-10 
  656       2.791359224504e-10 
  657       2.803103584730e-10 
  658       2.815018384945e-10 
  659       2.827096183182e-10 
  660       2.839329435151e-10 
  661       2.851710493827e-10 
  662       2.864231609057e-10 
  663       2.876884927153e-10 
  664       2.889662490492e-10 
  665       2.902556237111e-10 
  666       2.915558000312e-10 
  667       2.928659508249e-10 
  668       2.941852383537e-10 
  669       2.955128142842e-10 
  670       2.968478196485e-10 
  671       2.981893848033e-10 
  672       2.995366293904e-10 
  673       3.008886622961e-10 
  674       3.022445816110e-10 
  675       3.036034745900e-10 
  676       3.049644176118e-10 
  677       3.063264761392e-10 
  678       3.076887046781e-10 
  679       3.090501467381e-10 
  680       3.104098347918e-10 
  681       3.117667902348e-10 
  682       3.131200233454e-10 
  683       3.144686063141e-10 
  684       3.158118941242e-10 
  685       3.171493083065e-10 
  686       3.184802642750e-10 
  687       3.198041713059e-10 
  688       3.211204325159e-10 
  689       3.224284448406e-10 
  690       3.237275990135e-10 
  691       3.250172795442e-10 
  692       3.262968646970e-10 
  693       3.275657264698e-10 
  694       3.288232305722e-10 
  695       3.300687364043e-10 
  696       3.313015970353e-10 
  697       3.325211591821e-10 
  698       3.337267631875e-10 
  699       3.349177429993e-10 
  700       3.360934261484e-10 
  701       3.372531337278e-10 
  702       3.383961803706e-10 
  703       3.395218742292e-10 
  704       3.406295169535e-10 
  705       3.417184036692e-10 
  706       3.427878229572e-10 
  707       3.438370568312e-10 
  708       3.448653807170e-10 
  709       3.458720634305e-10 
  710       3.468563671569e-10 
  711       3.478175474286e-10 
  712       3.487548531043e-10 
  713       3.496675263470e-10 
  714       3.505548026033e-10 
  715       3.514159105813e-10 
  716       3.522500722295e-10 
  717       3.530565027152e-10 
  718       3.538344104034e-10 
  719       3.545829968348e-10 
  720       3.553014567049e-10 
  721       3.559889778423e-10 
  722       3.566448582206e-10 
  723       3.572688596306e-10 
  724       3.578608611098e-10 
  725       3.584207425613e-10 
  726       3.589483847591e-10 
  727       3.594436693542e-10 
  728       3.599064788795e-10 
  729       3.603366967554e-10 
  730       3.607342072954e-10 
  731       3.610988957114e-10 
  732       3.614306481194e-10 
  733       3.617293515447e-10 
  734       3.619948939275e-10 
  735       3.622271641285e-10 
  736       3.624260519340e-10 
  737       3.625914480617e-10 
  738       3.627232441661e-10 
  739       3.628213328440e-10 
  740       3.628856076397e-10 
  741       3.629159630507e-10 
  742       3.629122945334e-10 
  743       3.628744985079e-10 
  744       3.628024723642e-10 
  745       3.626961144672e-10 
  746       3.625553241623e-10 
  747       3.623800017809e-10 
  748       3.621700486459e-10 
  749       3.619253670769e-10 
  750       3.616458603962e-10 
  751       3.613314329337e-10 
  752       3.609819900327e-10 
  753       3.605974380552e-10 
  754       3.601776843877e-10 
  755       3.597226374461e-10 
  756       3.592322066818e-10 
  757       3.587063025865e-10 
  758       3.581448366983e-10 
  759       3.575477216068e-10 
  760       3.569148709587e-10 
  761       3.562462774611e-10 
  762       3.555422485210e-10 
  763       3.548031751335e-10 
  764       3.540294543153e-10 
  765       3.532214891257e-10 
  766       3.523796886886e-10 
  767       3.515044682139e-10 
  768       3.505962490193e-10 
  769       3.496554585515e-10 
  770       3.486825304085e-10 
  771       3.476779043604e-10 
  772       3.466420263717e-10 
  773       3.455753486225e-10 
  774       3.444783295302e-10 
  775       3.433514337713e-10 
  776       3.421951323027e-10 
  777       3.410099023834e-10 
  778       3.397962275964e-10 
  779       3.385545978699e-10 
  780       3.372855094992e-10 
  781       3.359894651679e-10 
  782       3.346669739702e-10 
  783       3.333185514319e-10 
  784       3.319447195322e-10 
  785       3.305460067254e-10 
  786       3.291229479624e-10 
  787       3.276760847123e-10 
  788       3.262059649843e-10 
  789       3.247131433487e-10 
  790       3.231981809592e-10 
  791       3.216616455738e-10 
  792       3.201041115773e-10 
  793       3.185261600019e-10 
  794       3.169283785496e-10 
  795       3.153113616135e-10 
  796       3.136757102992e-10 
  797       3.120220324470e-10 
  798       3.103509426528e-10 
  799       3.086630622903e-10 
  800       3.069590108926e-10 
  801       3.052393800821e-10 
  802       3.035047592081e-10 
  803       3.017557439634e-10 
  804       2.999929364037e-10 
  805       2.982169449685e-10 
  806       2.964283845004e-10 
  807       2.946278762652e-10 
  808       2.928160479723e-10 
  809       2.909935337940e-10 
  810       2.891609743862e-10 
  811       2.873190169080e-10 
  812       2.854683150417e-10 
  813       2.836095290127e-10 
  814       2.817433256100e-10 
  815       2.798703782057e-10 
  816       2.779913667748e-10 
  817       2.761069779161e-10 
  818       2.742179048711e-10 
  819       2.723248475447e-10 
  820       2.704285125250e-10 
  821       2.685296131033e-10 
  822       2.666288692941e-10 
  823       2.647270078548e-10 
  824       2.628247623063e-10 
  825       2.609228729525e-10 
  826       2.590220869003e-10 
  827       2.571231580799e-10 
  828       2.552268472647e-10 
  829       2.533339220908e-10 
  830       2.514451570779e-10 
  831       2.495613336485e-10 
  832       2.476832401481e-10 
  833       2.458116718657e-10 
  834       2.439474310528e-10 
  835       2.420913269443e-10 
  836       2.402441757781e-10 
  837       2.384068008151e-10 
  838       2.365800323592e-10 
  839       2.347646290912e-10 
  840       2.329610405294e-10 
  841       2.311696404765e-10 
  842       2.293908053376e-10 
  843       2.276249141269e-10 
  844       2.258723484743e-10 
  845       2.241334926321e-10 
  846       2.224087334813e-10 
  847       2.206984605387e-10 
  848       2.190030659628e-10 
  849       2.173229445611e-10 
  850       2.156584937961e-10 
  851       2.140101137923e-10 
  852       2.123782073426e-10 
  853       2.107631799150e-10 
  854       2.091654396591e-10 
  855       2.075853974126e-10 
  856       2.060234667083e-10 
  857       2.044800637802e-10 
  858       2.029556075703e-10 
  859       2.014505197354e-10 
  860       1.999652246531e-10 
  861       1.985001494293e-10 
  862       1.970557239039e-10 
  863       1.956323806579e-10 
  864       1.942305550198e-10 
  865       1.928506850724e-10 
  866       1.914932116590e-10 
  867       1.901585783906e-10 
  868       1.888472316518e-10 
  869       1.875596206078e-10 
  870       1.862961972112e-10 
  871       1.850574162080e-10 
  872       1.838437351445e-10 
  873       1.826556143741e-10 
  874       1.814935170637e-10 
  875       1.803579092000e-10 
  876       1.792492595967e-10 
  877       1.781680399006e-10 
  878       1.771146357395e-10 
  879       1.760890785331e-10 
  880       1.750913092358e-10 
  881       1.741212667845e-10 
  882       1.731788880914e-10 
  883       1.722641080365e-10 
  884       1.713768594606e-10 
  885       1.705170731581e-10 
  886       1.696846778696e-10 
  887       1.688796002747e-10 
  888       1.681017649851e-10 
  889       1.673510945369e-10 
  890       1.666275093837e-10 
  891       1.659309278892e-10 
  892       1.652612663202e-10 
  893       1.646184388391e-10 
  894       1.640023574969e-10 
  895       1.634129322257e-10 
  896       1.628500708319e-10 
  897       1.623136789886e-10 
  898       1.618036602285e-10 
  899       1.613199159369e-10 
  900       1.608623453439e-10 
  901       1.604308455179e-10 
  902       1.600253113578e-10 
  903       1.596456355860e-10 
  904       1.592917087414e-10 
  905       1.589634191716e-10 
  906       1.586606530264e-10 
  907       1.583832942498e-10 
  908       1.581312245735e-10 
  909       1.579043235092e-10 
  910       1.577024683417e-10 
  911       1.575255341212e-10 
  912       1.573733936566e-10 
  913       1.572459175082e-10 
  914       1.571429739799e-10 
  915       1.570644291129e-10 
  916       1.570101466776e-10 
  917       1.569799480692e-10 
  918       1.569734913067e-10 
  919       1.569903900928e-10 
  920       1.570302537237e-10 
  921       1.570926870768e-10 
  922       1.571772905971e-10 
  923       1.572836602847e-10 
  924       1.574113876818e-10 
  925       1.575600598595e-10 
  926       1.577292594053e-10 
  927       1.579185644097e-10 
  928       1.581275484535e-10 
  929       1.583557805949e-10 
  930       1.586028253565e-10 
  931       1.588682427122e-10 
  932       1.591515880747e-10 
  933       1.594524122819e-10 
  934       1.597702615847e-10 
  935       1.601046776335e-10 
  936       1.604551974653e-10 
  937       1.608213534914e-10 
  938       1.612026734833e-10 
  939       1.615986805611e-10 
  940       1.620088931795e-10 
  941       1.624328251154e-10 
  942       1.628699854546e-10 
  943       1.633198785794e-10 
  944       1.637820041552e-10 
  945       1.642558571176e-10 
  946       1.647409276597e-10 
  947       1.652367012189e-10 
  948       1.657426584643e-10 
  949       1.662582752831e-10 
  950       1.667830227687e-10 
  951       1.673163672066e-10 
  952       1.678577700624e-10 
  953       1.684066879683e-10 
  954       1.689625727104e-10 
  955       1.695248712157e-10 
  956       1.700930523886e-10 
  957       1.706666880955e-10 
  958       1.712453733918e-10 
  959       1.718286997749e-10 
  960       1.724162551751e-10 
  961       1.730076239460e-10 
  962       1.736023868550e-10 
  963       1.742001210740e-10 
  964       1.748004001702e-10 
  965       1.754027940962e-10 
  966       1.760068691808e-10 
  967       1.766121881200e-10 
  968       1.772183099668e-10 
  969       1.778247901224e-10 
  970       1.784311803264e-10 
  971       1.790370286477e-10 
  972       1.796418794750e-10 
  973       1.802452735070e-10 
  974       1.808467477437e-10 
  975       1.814458354762e-10 
  976       1.820420662780e-10 
  977       1.826349659948e-10 
  978       1.832240567361e-10 
  979       1.838088568647e-10 
  980       1.843888809881e-10 
  981       1.849636399486e-10 
  982       1.855326408142e-10 
  983       1.860953868688e-10 
  984       1.866513776033e-10 
  985       1.872001087057e-10 
  986       1.877410720519e-10 
  987       1.882737556965e-10 
  988       1.887976438627e-10 
  989       1.893122169337e-10 
  990       1.898169514428e-10 
  991       1.903113200641e-10 
  992       1.907947916030e-10 
  993       1.912668309869e-10 
  994       1.917268992558e-10 
  995       1.921745197116e-10 
  996       1.926094774489e-10 
  997       1.930316227346e-10 
  998       1.934408051134e-10 
  999       1.938368734061e-10 
 1000       1.942196757085e-10 
 1001       1.945890593897e-10 
 1002       1.949448710909e-10 
 1003       1.952869567239e-10 
 1004       1.956151614699e-10 
 1005       1.959293297775e-10 
 1006       1.962293053622e-10 
 1007       1.965149312042e-10 
 1008       1.967860495473e-10 
 1009       1.970425018975e-10 
 1010       1.972841290218e-10 
 1011       1.975107709462e-10 
 1012       1.977222669551e-10 
 1013       1.979184555890e-10 
 1014       1.980991746439e-10 
 1015       1.982642611694e-10 
 1016       1.984135514675e-10 
 1017       1.985468810910e-10 
 1018       1.986640848423e-10 
 1019       1.987649967721e-10 
 1020       1.988494501775e-10 
 1021       1.989172776011e-10 
 1022       1.989683108293e-10 
 1023       1.990023808911e-10 
 1024       1.990193180566e-10 
 1025       1.990189518353e-10 
 1026       1.990011109753e-10 
 1027       1.989656234614e-10 
 1028       1.989123165139e-10 
 1029       1.988410165871e-10 
 1030       1.987515493680e-10 
 1031       1.986437397748e-10 
 1032       1.985174119555e-10 
 1033       1.983723892867e-10 
 1034       1.982085510908e-10 
 1035       1.980260036693e-10 
 1036       1.978249116836e-10 
 1037       1.976054416595e-10 
 1038       1.973677619927e-10 
 1039       1.971120429532e-10 
 1040       1.968384566907e-10 
 1041       1.965471772395e-10 
 1042       1.962383805233e-10 
 1043       1.959122443600e-10 
 1044       1.955689484671e-10 
 1045       1.952086744662e-10 
 1046       1.948316058885e-10 
 1047       1.944379281791e-10 
 1048       1.940278287024e-10 
 1049       1.936014967468e-10 
 1050       1.931591235300e-10 
 1051       1.927009022036e-10 
 1052       1.922270278581e-10 
 1053       1.917376975280e-10 
 1054       1.912331101969e-10 
 1055       1.907134668018e-10 
 1056       1.901789702390e-10 
 1057       1.896298253681e-10 
 1058       1.890662390176e-10 
 1059       1.884884199898e-10 
 1060       1.878965790653e-10 
 1061       1.872909290085e-10 
 1062       1.866716845721e-10 
 1063       1.860390625026e-10 
 1064       1.853932815445e-10 
 1065       1.847345624459e-10 
 1066       1.840631279633e-10 
 1067       1.833792028664e-10 
 1068       1.826830139429e-10 
 1069       1.819747900042e-10 
 1070       1.812547618892e-10 
 1071       1.805231624704e-10 
 1072       1.797802266582e-10 
 1073       1.790262039645e-10 
 1074       1.782613963715e-10 
 1075       1.774861209882e-10 
 1076       1.767006975454e-10 
 1077       1.759054484015e-10 
 1078       1.751006985490e-10 
 1079       1.742867756206e-10 
 1080       1.734640098954e-10 
 1081       1.726327343057e-10 
 1082       1.717932844425e-10 
 1083       1.709459985621e-10 
 1084       1.700912175926e-10 
 1085       1.692292851399e-10 
 1086       1.683605474938e-10 
 1087       1.674853536347e-10 
 1088       1.666040552394e-10 
 1089       1.657170066877e-10 
 1090       1.648245650686e-10 
 1091       1.639270901864e-10 
 1092       1.630249445670e-10 
 1093       1.621184934644e-10 
 1094       1.612081048667e-10 
 1095       1.602941495024e-10 
 1096       1.593770008468e-10 
 1097       1.584570351281e-10 
 1098       1.575346313337e-10 
 1099       1.566101712165e-10 
 1100       1.556840393012e-10 
 1101       1.547566228905e-10 
 1102       1.538283120714e-10 
 1103       1.528994997213e-10 
 1104       1.519705815145e-10 
 1105       1.510419559283e-10 
 1106       1.501140242494e-10 
 1107       1.491871905800e-10 
 1108       1.482618618440e-10 
 1109       1.473384477938e-10 
 1110       1.464173610156e-10 
 1111       1.454990169368e-10 
 1112       1.445838019594e-10 
 1113       1.436719773936e-10 
 1114       1.427637742744e-10 
 1115       1.418594251226e-10 
 1116       1.409591639477e-10 
 1117       1.400632262510e-10 
 1118       1.391718490291e-10 
 1119       1.382852707766e-10 
 1120       1.374037314898e-10 
 1121       1.365274726694e-10 
 1122       1.356567373240e-10 
 1123       1.347917699729e-10 
 1124       1.339328166499e-10 
 1125       1.330801249057e-10 
 1126       1.322339438117e-10 
 1127       1.313945239628e-10 
 1128       1.305621174808e-10 
 1129       1.297369780173e-10 
 1130       1.289193607572e-10 
 1131       1.281095224215e-10 
 1132       1.273077212710e-10 
 1133       1.265142171089e-10 
 1134       1.257292712841e-10 
 1135       1.249531466949e-10 
 1136       1.241861077913e-10 
 1137       1.234284205789e-10 
 1138       1.226803526218e-10 
 1139       1.219421730457e-10 
 1140       1.212141525410e-10 
 1141       1.204965633664e-10 
 1142       1.197896793516e-10 
 1143       1.190937759006e-10 
 1144       1.184091299952e-10 
 1145       1.177360201974e-10 
 1146       1.170747266536e-10 
 1147       1.164255310969e-10 
 1148       1.157887168507e-10 
 1149       1.151645688318e-10 
 1150       1.145533735534e-10 
 1151       1.139553714598e-10 
 1152       1.133706132602e-10 
 1153       1.127991017768e-10 
 1154       1.122408394472e-10 
 1155       1.116958283229e-10 
 1156       1.111640700685e-10 
 1157       1.106455659604e-10 
 1158       1.101403168858e-10 
 1159       1.096483233412e-10 
 1160       1.091695854318e-10 
 1161       1.087041028698e-10 
 1162       1.082518749737e-10 
 1163       1.078129006668e-10 
 1164       1.073871784763e-10 
 1165       1.069747065322e-10 
 1166       1.065754825658e-10 
 1167       1.061895039089e-10 
 1168       1.058167674928e-10 
 1169       1.054572698464e-10 
 1170       1.051110070960e-10 
 1171       1.047779749636e-10 
 1172       1.044581687657e-10 
 1173       1.041515834126e-10 
 1174       1.038582134068e-10 
 1175       1.035780528421e-10 
 1176       1.033110954025e-10 
 1177       1.030573343608e-10 
 1178       1.028167625776e-10 
 1179       1.025893725005e-10 
 1180       1.023751561622e-10 
 1181       1.021741051800e-10 
 1182       1.019862107545e-10 
 1183       1.018114636682e-10 
 1184       1.016498542847e-10 
 1185       1.015013725475e-10 
 1186       1.013660079784e-10 
 1187       1.012437496773e-10 
 1188       1.011345863198e-10 
 1189       1.010385061574e-10 
 1190       1.009554674329e-10 
 1191       1.008853092355e-10 
 1192       1.008278395491e-10 
 1193       1.007828647312e-10 
 1194       1.007501895099e-10 
 1195       1.007296169797e-10 
 1196       1.007209485983e-10 
 1197       1.007239841824e-10 
 1198       1.007385219048e-10 
 1199       1.007643582900e-10 
 1200       1.008012882110e-10 
 1201       1.008491048855e-10 
 1202       1.009075998723e-10 
 1203       1.009765630678e-10 
 1204       1.010557827019e-10 
 1205       1.011450453349e-10 
 1206       1.012441358535e-10 
 1207       1.013528374671e-10 
 1208       1.014709317045e-10 
 1209       1.015981984100e-10 
 1210       1.017344157397e-10 
 1211       1.018793601582e-10 
 1212       1.020328064344e-10 
 1213       1.021945276384e-10 
 1214       1.023642951375e-10 
 1215       1.025418785926e-10 
 1216       1.027270459547e-10 
 1217       1.029195634612e-10 
 1218       1.031191956321e-10 
 1219       1.033257052666e-10 
 1220       1.035388534392e-10 
 1221       1.037583994963e-10 
 1222       1.039841010522e-10 
 1223       1.042157139860e-10 
 1224       1.044529924372e-10 
 1225       1.046956888030e-10 
 1226       1.049435537337e-10 
 1227       1.051963361297e-10 
 1228       1.054537831376e-10 
 1229       1.057156450392e-10 
 1230       1.059816899903e-10 
 1231       1.062516894499e-10 
 1232       1.065254133003e-10 
 1233       1.068026298440e-10 
 1234       1.070831058001e-10 
 1235       1.073666063012e-10 
 1236       1.076528948901e-10 
 1237       1.079417335168e-10 
 1238       1.082328825347e-10 
 1239       1.085261006979e-10 
 1240       1.088211451576e-10 
 1241       1.091177714590e-10 
 1242       1.094157335378e-10 
 1243       1.097147837174e-10 
 1244       1.100146727052e-10 
 1245       1.103151495895e-10 
 1246       1.106159618362e-10 
 1247       1.109168552857e-10 
 1248       1.112175741494e-10 
 1249       1.115178610067e-10 
 1250       1.118174568015e-10 
 1251       1.121161008390e-10 
 1252       1.124135307826e-10 
 1253       1.127094826504e-10 
 1254       1.130036908122e-10 
 1255       1.132958879859e-10 
 1256       1.135858052347e-10 
 1257       1.138731719634e-10 
 1258       1.141577159154e-10 
 1259       1.144391631693e-10 
 1260       1.147172381357e-10 
 1261       1.149916635540e-10 
 1262       1.152621604891e-10 
 1263       1.155284483281e-10 
 1264       1.157902447769e-10 
 1265       1.160472658575e-10 
 1266       1.162992259038e-10 
 1267       1.165458375594e-10 
 1268       1.167868422829e-10 
 1269       1.170221022575e-10 
 1270       1.172515095352e-10 
 1271       1.174749556220e-10 
 1272       1.176923314773e-10 
 1273       1.179035275127e-10 
 1274       1.181084335911e-10 
 1275       1.183069390257e-10 
 1276       1.184989325792e-10 
 1277       1.186843024625e-10 
 1278       1.188629363339e-10 
 1279       1.190347212980e-10 
 1280       1.191995439049e-10 
 1281       1.193572901490e-10 
 1282       1.195078454684e-10 
 1283       1.196510947433e-10 
 1284       1.197869222956e-10 
 1285       1.199152118874e-10 
 1286       1.200358467206e-10 
 1287       1.201487094355e-10 
 1288       1.202536821097e-10 
 1289       1.203506462577e-10 
 1290       1.204394828292e-10 
 1291       1.205200722088e-10 
 1292       1.205922942143e-10 
 1293       1.206560280965e-10 
 1294       1.207111525376e-10 
 1295       1.207575456503e-10 
 1296       1.207950849771e-10 
 1297       1.208236474893e-10 
 1298       1.208431095855e-10 
 1299       1.208533470914e-10 
 1300       1.208542352581e-10 
 1301       1.208456487615e-10 
 1302       1.208274617013e-10 
 1303       1.207995475998e-10 
 1304       1.207617794014e-10 
 1305       1.207140294709e-10 
 1306       1.206561695930e-10 
 1307       1.205881030789e-10 
 1308       1.205098614810e-10 
 1309       1.204215089579e-10 
 1310       1.203231102665e-10 
 1311       1.202147307631e-10 
 1312       1.200964364046e-10 
 1313       1.199682937500e-10 
 1314       1.198303699617e-10 
 1315       1.196827328063e-10 
 1316       1.195254506564e-10 
 1317       1.193585924916e-10 
 1318       1.191822278998e-10 
 1319       1.189964270786e-10 
 1320       1.188012608364e-10 
 1321       1.185968005937e-10 
 1322       1.183831183844e-10 
 1323       1.181602868572e-10 
 1324       1.179283792766e-10 
 1325       1.176874695244e-10 
 1326       1.174376321008e-10 
 1327       1.171789421259e-10 
 1328       1.169114753406e-10 
 1329       1.166353081083e-10 
 1330       1.163505174158e-10 
 1331       1.160571808748e-10 
 1332       1.157553767231e-10 
 1333       1.154451838260e-10 
 1334       1.151266816771e-10 
 1335       1.147999504001e-10 
 1336       1.144650707500e-10 
 1337       1.141221241140e-10 
 1338       1.137711925133e-10 
 1339       1.134123586036e-10 
 1340       1.130457056775e-10 
 1341       1.126713176645e-10 
 1342       1.122892791333e-10 
 1343       1.118996752926e-10 
 1344       1.115025919921e-10 
 1345       1.110981157246e-10 
 1346       1.106863465166e-10 
 1347       1.102674367540e-10 
 1348       1.098415527814e-10 
 1349       1.094088620515e-10 
 1350       1.089695331280e-10 
 1351       1.085237356872e-10 
 1352       1.080716405204e-10 
 1353       1.076134195359e-10 
 1354       1.071492457613e-10 
 1355       1.066792933453e-10 
 1356       1.062037375600e-10 
 1357       1.057227548033e-10 
 1358       1.052365226004e-10 
 1359       1.047452196064e-10 
 1360       1.042490256085e-10 
 1361       1.037481215276e-10 
 1362       1.032426894209e-10 
 1363       1.027329124838e-10 
 1364       1.022189750522e-10 
 1365       1.017010626044e-10 
 1366       1.011793617634e-10 
 1367       1.006540602989e-10 
 1368       1.001253471294e-10 
 1369       9.959341232456e-11 
 1370       9.905844710706e-11 
 1371       9.852064385483e-11 
 1372       9.798019610319e-11 
 1373       9.743729854691e-11 
 1374       9.689214704239e-11 
 1375       9.634493860976e-11 
 1376       9.579587143499e-11 
 1377       9.524514487204e-11 
 1378       9.469295944495e-11 
 1379       9.413951684999e-11 
 1380       9.358501995777e-11 
 1381       9.302967281537e-11 
 1382       9.247368064844e-11 
 1383       9.191724986335e-11 
 1384       9.136058804931e-11 
 1385       9.080389286503e-11 
 1386       9.024731856623e-11 
 1387       8.969100912892e-11 
 1388       8.913510933426e-11 
 1389       8.857976476994e-11 
 1390       8.802512183165e-11 
 1391       8.747132772445e-11 
 1392       8.691853046425e-11 
 1393       8.636687887921e-11 
 1394       8.581652261119e-11 
 1395       8.526761211713e-11 
 1396       8.472029867055e-11 
 1397       8.417473436290e-11 
 1398       8.363107210506e-11 
 1399       8.308946562870e-11 
 1400       8.255006948776e-11 
 1401       8.201303905985e-11 
 1402       8.147853054768e-11 
 1403       8.094670098052e-11 
 1404       8.041770821556e-11 
 1405       7.989171093941e-11 
 1406       7.936886866946e-11 
 1407       7.884934175538e-11 
 1408       7.833329138050e-11 
 1409       7.782087956322e-11 
 1410       7.731226915849e-11 
 1411       7.680762385922e-11 
 1412       7.630710819768e-11 
 1413       7.581088754695e-11 
 1414       7.531912812236e-11 
 1415       7.483199698288e-11 
 1416       7.434966203259e-11 
 1417       7.387229202207e-11 
 1418       7.340005654986e-11 
 1419       7.293312606386e-11 
 1420       7.247167186278e-11 
 1421       7.201586609755e-11 
 1422       7.156588177275e-11 
 1423       7.112189274807e-11 
 1424       7.068404993237e-11 
 1425       7.025240959576e-11 
 1426       6.982700432416e-11 
 1427       6.940786675983e-11 
 1428       6.899502960135e-11 
 1429       6.858852560369e-11 
 1430       6.818838757819e-11 
 1431       6.779464839262e-11 
 1432       6.740734097115e-11 
 1433       6.702649829441e-11 
 1434       6.665215339949e-11 
 1435       6.628433937996e-11 
 1436       6.592308938592e-11 
 1437       6.556843662395e-11 
 1438       6.522041435721e-11 
 1439       6.487905590542e-11 
 1440       6.454439464485e-11 
 1441       6.421646400842e-11 
 1442       6.389529748563e-11 
 1443       6.358092862265e-11 
 1444       6.327339102230e-11 
 1445       6.297271834408e-11 
 1446       6.267894430419e-11 
 1447       6.239210267556e-11 
 1448       6.211222728783e-11 
 1449       6.183935202745e-11 
 1450       6.157351083760e-11 
 1451       6.131473771828e-11 
 1452       6.106306672631e-11 
 1453       6.081853197535e-11 
 1454       6.058116763590e-11 
 1455       6.035100793535e-11 
 1456       6.012808715799e-11 
 1457       5.991243964502e-11 
 1458       5.970409979457e-11 
 1459       5.950310206173e-11 
 1460       5.930948095858e-11 
 1461       5.912327105417e-11 
 1462       5.894450697458e-11 
 1463       5.877320452276e-11 
 1464       5.860930383159e-11 
 1465       5.845272564260e-11 
 1466       5.830339013344e-11 
 1467       5.816121691692e-11 
 1468       5.802612503993e-11 
 1469       5.789803298242e-11 
 1470       5.777685865634e-11 
 1471       5.766251940463e-11 
 1472       5.755493200016e-11 
 1473       5.745401264471e-11 
 1474       5.735967696790e-11 
 1475       5.727184002620e-11 
 1476       5.719041630185e-11 
 1477       5.711531970183e-11 
 1478       5.704646355685e-11 
 1479       5.698376062027e-11 
 1480       5.692712306709e-11 
 1481       5.687646249291e-11 
 1482       5.683168991289e-11 
 1483       5.679271576068e-11 
 1484       5.675944988744e-11 
 1485       5.673180156076e-11 
 1486       5.670967946363e-11 
 1487       5.669299169341e-11 
 1488       5.668164576079e-11 
 1489       5.667554858874e-11 
 1490       5.667460651148e-11 
 1491       5.667872527345e-11 
 1492       5.668781002827e-11 
 1493       5.670176533768e-11 
 1494       5.672049517053e-11 
 1495       5.674390290171e-11 
 1496       5.677189131116e-11 
 1497       5.680436258279e-11 
 1498       5.684121830345e-11 
 1499       5.688235946190e-11 
 1500       5.692768644778e-11 
 1501       5.697709905053e-11 
 1502       5.703049351909e-11 
 1503       5.708775371146e-11 
 1504       5.714875985687e-11 
 1505       5.721339148607e-11 
 1506       5.728152743012e-11 
 1507       5.735304581925e-11 
 1508       5.742782408161e-11 
 1509       5.750573894210e-11 
 1510       5.758666642119e-11 
 1511       5.767048183368e-11 
 1512       5.775705978756e-11 
 1513       5.784627418278e-11 
 1514       5.793799821007e-11 
 1515       5.803210434974e-11 
 1516       5.812846437047e-11 
 1517       5.822694932816e-11 
 1518       5.832742956469e-11 
 1519       5.842977470674e-11 
 1520       5.853385366463e-11 
 1521       5.863953463106e-11 
 1522       5.874668507996e-11 
 1523       5.885517176528e-11 
 1524       5.896486071983e-11 
 1525       5.907561725403e-11 
 1526       5.918730595474e-11 
 1527       5.929979068409e-11 
 1528       5.941293457824e-11 
 1529       5.952660004623e-11 
 1530       5.964064876875e-11 
 1531       5.975494169696e-11 
 1532       5.986933905131e-11 
 1533       5.998370032032e-11 
 1534       6.009788425940e-11 
 1535       6.021174888966e-11 
 1536       6.032515149669e-11 
 1537       6.043794862939e-11 
 1538       6.054999609880e-11 
 1539       6.066114897682e-11 
 1540       6.077126159511e-11 
 1541       6.088019946509e-11 
 1542       6.098787516416e-11 
 1543       6.109421278777e-11 
 1544       6.119913605848e-11 
 1545       6.130256832538e-11 
 1546       6.140443256347e-11 
 1547       6.150465137311e-11 
 1548       6.160314697939e-11 
 1549       6.169984123157e-11 
 1550       6.179465560244e-11 
 1551       6.188751118780e-11 
 1552       6.197832870579e-11 
 1553       6.206702849636e-11 
 1554       6.215353052063e-11 
 1555       6.223775436034e-11 
 1556       6.231961921721e-11 
 1557       6.239904391240e-11 
 1558       6.247594688587e-11 
 1559       6.255024619583e-11 
 1560       6.262185951812e-11 
 1561       6.269070414561e-11 
 1562       6.275669698763e-11 
 1563       6.281975456939e-11 
 1564       6.287979303134e-11 
 1565       6.293672812862e-11 
 1566       6.299047523043e-11 
 1567       6.304094931950e-11 
 1568       6.308806499142e-11 
 1569       6.313173645410e-11 
 1570       6.317187752718e-11 
 1571       6.320840164138e-11 
 1572       6.324122183799e-11 
 1573       6.327025076820e-11 
 1574       6.329540069257e-11 
 1575       6.331658348041e-11 
 1576       6.333371060916e-11 
 1577       6.334669316385e-11 
 1578       6.335544183649e-11 
 1579       6.335986692545e-11 
 1580       6.335989478574e-11 
 1581       6.335551734753e-11 
 1582       6.334674305489e-11 
 1583       6.333358045680e-11 
 1584       6.331603820733e-11 
 1585       6.329412506583e-11 
 1586       6.326784989712e-11 
 1587       6.323722167173e-11 
 1588       6.320224946604e-11 
 1589       6.316294246254e-11 
 1590       6.311930994997e-11 
 1591       6.307136132355e-11 
 1592       6.301910608517e-11 
 1593       6.296255384360e-11 
 1594       6.290171431466e-11 
 1595       6.283659732146e-11 
 1596       6.276721279453e-11 
 1597       6.269357077211e-11 
 1598       6.261568140027e-11 
 1599       6.253355493313e-11 
 1600       6.244720173309e-11 
 1601       6.235663227098e-11 
 1602       6.226185712630e-11 
 1603       6.216288698737e-11 
 1604       6.205973265158e-11 
 1605       6.195240502556e-11 
 1606       6.184091512537e-11 
 1607       6.172527407671e-11 
 1608       6.160549311514e-11 
 1609       6.148158358623e-11 
 1610       6.135355694579e-11 
 1611       6.122142476007e-11 
 1612       6.108519870593e-11 
 1613       6.094489057108e-11 
 1614       6.080051225423e-11 
 1615       6.065207576534e-11 
 1616       6.049959322576e-11 
 1617       6.034307686848e-11 
 1618       6.018253903830e-11 
 1619       6.001800187105e-11 
 1620       5.984952642649e-11 
 1621       5.967718381904e-11 
 1622       5.950104556333e-11 
 1623       5.932118357481e-11 
 1624       5.913767017041e-11 
 1625       5.895057806916e-11 
 1626       5.875998039286e-11 
 1627       5.856595066668e-11 
 1628       5.836856281985e-11 
 1629       5.816789118626e-11 
 1630       5.796401050511e-11 
 1631       5.775699592158e-11 
 1632       5.754692298744e-11 
 1633       5.733386766167e-11 
 1634       5.711790631117e-11 
 1635       5.689911571134e-11 
 1636       5.667757304673e-11 
 1637       5.645335591171e-11 
 1638       5.622654231109e-11 
 1639       5.599721066074e-11 
 1640       5.576543978829e-11 
 1641       5.553130893370e-11 
 1642       5.529489774995e-11 
 1643       5.505628630367e-11 
 1644       5.481555507577e-11 
 1645       5.457278496209e-11 
 1646       5.432805727402e-11 
 1647       5.408145373919e-11 
 1648       5.383305650205e-11 
 1649       5.358294812456e-11 
 1650       5.333121158680e-11 
 1651       5.307793028762e-11 
 1652       5.282318804529e-11 
 1653       5.256706909812e-11 
 1654       5.230965810513e-11 
 1655       5.205104014667e-11 
 1656       5.179130072504e-11 
 1657       5.153052576520e-11 
 1658       5.126879970894e-11 
 1659       5.100619977809e-11 
 1660       5.074280166198e-11 
 1661       5.047868141981e-11 
 1662       5.021391548122e-11 
 1663       4.994858064685e-11 
 1664       4.968275408885e-11 
 1665       4.941651335150e-11 
 1666       4.914993635173e-11 
 1667       4.888310137968e-11 
 1668       4.861608709927e-11 
 1669       4.834897254876e-11 
 1670       4.808183714128e-11 
 1671       4.781476066542e-11 
 1672       4.754782328578e-11 
 1673       4.728110554351e-11 
 1674       4.701468835687e-11 
 1675       4.674865302183e-11 
 1676       4.648308121256e-11 
 1677       4.621805498205e-11 
 1678       4.595365676261e-11 
 1679       4.568996936649e-11 
 1680       4.542707598639e-11 
 1681       4.516506019601e-11 
 1682       4.490400595067e-11 
 1683       4.464399758781e-11 
 1684       4.438511982755e-11 
 1685       4.412745777328e-11 
 1686       4.387109691220e-11 
 1687       4.361612311587e-11 
 1688       4.336262264078e-11 
 1689       4.311068212890e-11 
 1690       4.286038860824e-11 
 1691       4.261182949342e-11 
 1692       4.236509258619e-11 
 1693       4.212026607605e-11 
 1694       4.187743854072e-11 
 1695       4.163669894680e-11 
 1696       4.139813665023e-11 
 1697       4.116183144146e-11 
 1698       4.092782358563e-11 
 1699       4.069614352517e-11 
 1700       4.046682181193e-11 
 1701       4.023988910735e-11 
 1702       4.001537618263e-11 
 1703       3.979331391880e-11 
 1704       3.957373330694e-11 
 1705       3.935666544824e-11 
 1706       3.914214155425e-11 
 1707       3.893019294691e-11 
 1708       3.872085105879e-11 
 1709       3.851414743315e-11 
 1710       3.831011372415e-11 
 1711       3.810878169696e-11 
 1712       3.791018322789e-11 
 1713       3.771435030458e-11 
 1714       3.752131502609e-11 
 1715       3.733110960308e-11 
 1716       3.714376635794e-11 
 1717       3.695931772492e-11 
 1718       3.677779625029e-11 
 1719       3.659923459250e-11 
 1720       3.642366552227e-11 
 1721       3.625112192279e-11 
 1722       3.608163678983e-11 
 1723       3.591524323187e-11 
 1724       3.575197447030e-11 
 1725       3.559186383950e-11 
 1726       3.543494478702e-11 
 1727       3.528125087371e-11 
 1728       3.513081577386e-11 
 1729       3.498367327536e-11 
 1730       3.483985727983e-11 
 1731       3.469940180275e-11 
 1732       3.456234097363e-11 
 1733       3.442870903613e-11 
 1734       3.429854034824e-11 
 1735       3.417186938235e-11 
 1736       3.404872063475e-11 
 1737       3.392907826050e-11 
 1738       3.381291618286e-11 
 1739       3.370020816056e-11 
 1740       3.359092778752e-11 
 1741       3.348504849255e-11 
 1742       3.338254353920e-11 
 1743       3.328338602537e-11 
 1744       3.318754888317e-11 
 1745       3.309500487857e-11 
 1746       3.300572661119e-11 
 1747       3.291968651405e-11 
 1748       3.283685685325e-11 
 1749       3.275720972781e-11 
 1750       3.268071706929e-11 
 1751       3.260735064165e-11 
 1752       3.253708204091e-11 
 1753       3.246988269492e-11 
 1754       3.240572386312e-11 
 1755       3.234457663623e-11 
 1756       3.228641193605e-11 
 1757       3.223120051515e-11 
 1758       3.217891295667e-11 
 1759       3.212951967399e-11 
 1760       3.208299091053e-11 
 1761       3.203929673947e-11 
 1762       3.199840706348e-11 
 1763       3.196029161449e-11 
 1764       3.192491995339e-11 
 1765       3.189226146981e-11 
 1766       3.186228538186e-11 
 1767       3.183496073583e-11 
 1768       3.181025640598e-11 
 1769       3.178814109424e-11 
 1770       3.176858333001e-11 
 1771       3.175155146983e-11 
 1772       3.173701369717e-11 
 1773       3.172493802214e-11 
 1774       3.171529228127e-11 
 1775       3.170804037867e-11 
 1776       3.170313097621e-11 
 1777       3.170050870960e-11 
 1778       3.170011793807e-11 
 1779       3.170190274397e-11 
 1780       3.170580693238e-11 
 1781       3.171177403068e-11 
 1782       3.171974728820e-11 
 1783       3.172966967574e-11 
 1784       3.174148388526e-11 
 1785       3.175513232939e-11 
 1786       3.177055714109e-11 
 1787       3.178770017324e-11 
 1788       3.180650299820e-11 
 1789       3.182690690746e-11 
 1790       3.184885291119e-11 
 1791       3.187228173788e-11 
 1792       3.189713383392e-11 
 1793       3.192334936318e-11 
 1794       3.195086820664e-11 
 1795       3.197962996198e-11 
 1796       3.200957394316e-11 
 1797       3.204063918003e-11 
 1798       3.207276441796e-11 
 1799       3.210588811737e-11 
 1800       3.213994845338e-11 
 1801       3.217488331541e-11 
 1802       3.221063030674e-11 
 1803       3.224712674414e-11 
 1804       3.228430965746e-11 
 1805       3.232211578924e-11 
 1806       3.236048159428e-11 
 1807       3.239934323926e-11 
 1808       3.243863660233e-11 
 1809       3.247829727272e-11 
 1810       3.251826055033e-11 
 1811       3.255846144531e-11 
 1812       3.259883467769e-11 
 1813       3.263931467697e-11 
 1814       3.267983933635e-11 
 1815       3.272036130939e-11 
 1816       3.276083680371e-11 
 1817       3.280122183430e-11 
 1818       3.284147222332e-11 
 1819       3.288154359977e-11 
 1820       3.292139139927e-11 
 1821       3.296097086379e-11 
 1822       3.300023704136e-11 
 1823       3.303914478583e-11 
 1824       3.307764875659e-11 
 1825       3.311570341833e-11 
 1826       3.315326304074e-11 
 1827       3.319028169827e-11 
 1828       3.322671326984e-11 
 1829       3.326251143863e-11 
 1830       3.329762969173e-11 
 1831       3.333202131997e-11 
 1832       3.336563941758e-11 
 1833       3.339843688195e-11 
 1834       3.343036641338e-11 
 1835       3.346138051482e-11 
 1836       3.349143149155e-11 
 1837       3.352047145098e-11 
 1838       3.354845230236e-11 
 1839       3.357532575651e-11 
 1840       3.360104332554e-11 
 1841       3.362555632264e-11 
 1842       3.364881586175e-11 
 1843       3.367077285734e-11 
 1844       3.369137802413e-11 
 1845       3.371058187683e-11 
 1846       3.372833472984e-11 
 1847       3.374458669706e-11 
 1848       3.375928769156e-11 
 1849       3.377238742532e-11 
 1850       3.378383540900e-11 
 1851       3.379358095166e-11 
 1852       3.380157316048e-11 
 1853       3.380776839278e-11 
 1854       3.381215267694e-11 
 1855       3.381471946799e-11 
 1856       3.381546221147e-11 
 1857       3.381437434338e-11 
 1858       3.381144929019e-11 
 1859       3.380668046885e-11 
 1860       3.380006128676e-11 
 1861       3.379158514178e-11 
 1862       3.378124542222e-11 
 1863       3.376903550683e-11 
 1864       3.375494876483e-11 
 1865       3.373897855586e-11 
 1866       3.372111822999e-11 
 1867       3.370136112774e-11 
 1868       3.367970058003e-11 
 1869       3.365612990822e-11 
 1870       3.363064242408e-11 
 1871       3.360323142979e-11 
 1872       3.357389021794e-11 
 1873       3.354261207152e-11 
 1874       3.350939026393e-11 
 1875       3.347421805895e-11 
 1876       3.343708871076e-11 
 1877       3.339799546390e-11 
 1878       3.335693155332e-11 
 1879       3.331389020434e-11 
 1880       3.326886463264e-11 
 1881       3.322184804427e-11 
 1882       3.317283363564e-11 
 1883       3.312181459354e-11 
 1884       3.306878409508e-11 
 1885       3.301373530773e-11 
 1886       3.295666138932e-11 
 1887       3.289755548800e-11 
 1888       3.283641074227e-11 
 1889       3.277322028094e-11 
 1890       3.270797722316e-11 
 1891       3.264067467840e-11 
 1892       3.257131146800e-11 
 1893       3.249990933817e-11 
 1894       3.242649588012e-11 
 1895       3.235109882079e-11 
 1896       3.227374602303e-11 
 1897       3.219446548580e-11 
 1898       3.211328534435e-11 
 1899       3.203023387040e-11 
 1900       3.194533947231e-11 
 1901       3.185863069535e-11 
 1902       3.177013622176e-11 
 1903       3.167988487104e-11 
 1904       3.158790560011e-11 
 1905       3.149422750347e-11 
 1906       3.139887981341e-11 
 1907       3.130189190019e-11 
 1908       3.120329327224e-11 
 1909       3.110311357633e-11 
 1910       3.100138259778e-11 
 1911       3.089813026060e-11 
 1912       3.079338662773e-11 
 1913       3.068718190122e-11 
 1914       3.057954642238e-11 
 1915       3.047051067200e-11 
 1916       3.036010527052e-11 
 1917       3.024836097824e-11 
 1918       3.013530869548e-11 
 1919       3.002097946278e-11 
 1920       2.990540446109e-11 
 1921       2.978861501196e-11 
 1922       2.967064257770e-11 
 1923       2.955151876161e-11 
 1924       2.943127530814e-11 
 1925       2.930994410307e-11 
 1926       2.918755717372e-11 
 1927       2.906414668913e-11 
 1928       2.893974496024e-11 
 1929       2.881438444008e-11 
 1930       2.868809772395e-11 
 1931       2.856091830651e-11 
 1932       2.843288285886e-11 
 1933       2.830402896906e-11 
 1934       2.817439438706e-11 
 1935       2.804401702490e-11 
 1936       2.791293495690e-11 
 1937       2.778118641991e-11 
 1938       2.764880981350e-11 
 1939       2.751584370015e-11 
 1940       2.738232680552e-11 
 1941       2.724829801858e-11 
 1942       2.711379639191e-11 
 1943       2.697886114185e-11 
 1944       2.684353164872e-11 
 1945       2.670784745707e-11 
 1946       2.657184827584e-11 
 1947       2.643557397860e-11 
 1948       2.629906460377e-11 
 1949       2.616236035479e-11 
 1950       2.602550160039e-11 
 1951       2.588852887474e-11 
 1952       2.575148287773e-11 
 1953       2.561440447511e-11 
 1954       2.547733469876e-11 
 1955       2.534031474685e-11 
 1956       2.520338598411e-11 
 1957       2.506658994199e-11 
 1958       2.492996831889e-11 
 1959       2.479356298039e-11 
 1960       2.465741595942e-11 
 1961       2.452156945652e-11 
 1962       2.438606584003e-11 
 1963       2.425094764626e-11 
 1964       2.411625757979e-11 
 1965       2.398203851360e-11 
 1966       2.384833348932e-11 
 1967       2.371518571745e-11 
 1968       2.358263857755e-11 
 1969       2.345073561844e-11 
 1970       2.331951686671e-11 
 1971       2.318900772171e-11 
 1972       2.305922997848e-11 
 1973       2.293020551205e-11 
 1974       2.280195627757e-11 
 1975       2.267450431040e-11 
 1976       2.254787172619e-11 
 1977       2.242208072103e-11 
 1978       2.229715357146e-11 
 1979       2.217311263467e-11 
 1980       2.204998034851e-11 
 1981       2.192777923164e-11 
 1982       2.180653188361e-11 
 1983       2.168626098493e-11 
 1984       2.156698929725e-11 
 1985       2.144873966335e-11 
 1986       2.133153500732e-11 
 1987       2.121539833461e-11 
 1988       2.110035273217e-11 
 1989       2.098642136850e-11 
 1990       2.087362749378e-11 
 1991       2.076199443994e-11 
 1992       2.065154562081e-11 
 1993       2.054230453214e-11 
 1994       2.043429475178e-11 
 1995       2.032753993971e-11 
 1996       2.022206383817e-11 
 1997       2.011789027176e-11 
 1998       2.001504314752e-11 
 1999       1.991354645504e-11 
 2000       1.981342426655e-11 
 2001       1.971470073704e-11 
 2002       1.961740010431e-11 
 2003       1.952154668913e-11 
 2004       1.942716489527e-11 
 2005       1.933427920965e-11 
 2006       1.924291420242e-11 
 2007       1.915309452705e-11 
 2008       1.906484492043e-11 
 2009       1.897818528708e-11 
 2010       1.889311591234e-11 
 2011       1.880963214162e-11 
 2012       1.872772928651e-11 
 2013       1.864740262467e-11 
 2014       1.856864739987e-11 
 2015       1.849145882183e-11 
 2016       1.841583206628e-11 
 2017       1.834176227484e-11 
 2018       1.826924455500e-11 
 2019       1.819827398005e-11 
 2020       1.812884558906e-11 
 2021       1.806095438682e-11 
 2022       1.799459534378e-11 
 2023       1.792976339602e-11 
 2024       1.786645344518e-11 
 2025       1.780466035843e-11 
 2026       1.774437896842e-11 
 2027       1.768560407321e-11 
 2028       1.762833043625e-11 
 2029       1.757255278632e-11 
 2030       1.751826581746e-11 
 2031       1.746546418896e-11 
 2032       1.741414252529e-11 
 2033       1.736429541605e-11 
 2034       1.731591741593e-11 
 2035       1.726900304464e-11 
 2036       1.722354678689e-11 
 2037       1.717954309235e-11 
 2038       1.713698637553e-11 
 2039       1.709587101583e-11 
 2040       1.705619135742e-11 
 2041       1.701794170921e-11 
 2042       1.698111634482e-11 
 2043       1.694570950252e-11 
 2044       1.691171538515e-11 
 2045       1.687912816013e-11 
 2046       1.684794195937e-11 
 2047       1.681815087923e-11 
 2048       1.678974617043e-11 
 2049       1.676270778589e-11 
 2050       1.673701277240e-11 
 2051       1.671263807500e-11 
 2052       1.668956053692e-11 
 2053       1.666775689939e-11 
 2054       1.664720380157e-11 
 2055       1.662787778035e-11 
 2056       1.660975527029e-11 
 2057       1.659281260345e-11 
 2058       1.657702600926e-11 
 2059       1.656237161442e-11 
 2060       1.654882544275e-11 
 2061       1.653636341506e-11 
 2062       1.652496134902e-11 
 2063       1.651459495906e-11 
 2064       1.650523985619e-11 
 2065       1.649687154790e-11 
 2066       1.648946543806e-11 
 2067       1.648299682674e-11 
 2068       1.647744091008e-11 
 2069       1.647277278022e-11 
 2070       1.646896742511e-11 
 2071       1.646599972842e-11 
 2072       1.646384446938e-11 
 2073       1.646247632267e-11 
 2074       1.646186985830e-11 
 2075       1.646199954146e-11 
 2076       1.646283973239e-11 
 2077       1.646436468627e-11 
 2078       1.646654855308e-11 
 2079       1.646936537748e-11 
 2080       1.647278909866e-11 
 2081       1.647679355022e-11 
 2082       1.648135246007e-11 
 2083       1.648643945026e-11 
 2084       1.649202803686e-11 
 2085       1.649809162985e-11 
 2086       1.650460353297e-11 
 2087       1.651153757674e-11 
 2088       1.651887002250e-11 
 2089       1.652657767147e-11 
 2090       1.653463723270e-11 
 2091       1.654302532296e-11 
 2092       1.655171846666e-11 
 2093       1.656069309568e-11 
 2094       1.656992554932e-11 
 2095       1.657939207415e-11 
 2096       1.658906882391e-11 
 2097       1.659893185940e-11 
 2098       1.660895714837e-11 
 2099       1.661912056540e-11 
 2100       1.662939789179e-11 
 2101       1.663976481545e-11 
 2102       1.665019693080e-11 
 2103       1.666066973864e-11 
 2104       1.667115864605e-11 
 2105       1.668163896629e-11 
 2106       1.669208591864e-11 
 2107       1.670247462834e-11 
 2108       1.671278012647e-11 
 2109       1.672297734983e-11 
 2110       1.673304114080e-11 
 2111       1.674294624727e-11 
 2112       1.675266732254e-11 
 2113       1.676217892514e-11 
 2114       1.677145551878e-11 
 2115       1.678047147224e-11 
 2116       1.678920105920e-11 
 2117       1.679761845819e-11 
 2118       1.680569775245e-11 
 2119       1.681341292981e-11 
 2120       1.682073788263e-11 
 2121       1.682764640759e-11 
 2122       1.683411220570e-11 
 2123       1.684010888209e-11 
 2124       1.684560994593e-11 
 2125       1.685058881035e-11 
 2126       1.685502177148e-11 
 2127       1.685889696828e-11 
 2128       1.686220548423e-11 
 2129       1.686493837365e-11 
 2130       1.686708666168e-11 
 2131       1.686864134427e-11 
 2132       1.686959338812e-11 
 2133       1.686993373068e-11 
 2134       1.686965328009e-11 
 2135       1.686874291513e-11 
 2136       1.686719348526e-11 
 2137       1.686499581050e-11 
 2138       1.686214068146e-11 
 2139       1.685861885927e-11 
 2140       1.685442107559e-11 
 2141       1.684953803252e-11 
 2142       1.684396040261e-11 
 2143       1.683767882882e-11 
 2144       1.683068392449e-11 
 2145       1.682296627326e-11 
 2146       1.681451642914e-11 
 2147       1.680532491636e-11 
 2148       1.679538222943e-11 
 2149       1.678467883304e-11 
 2150       1.677320516208e-11 
 2151       1.676095162159e-11 
 2152       1.674790858669e-11 
 2153       1.673406640262e-11 
 2154       1.671941538464e-11 
 2155       1.670394581803e-11 
 2156       1.668764795806e-11 
 2157       1.667051202995e-11 
 2158       1.665252822884e-11 
 2159       1.663368671973e-11 
 2160       1.661397763751e-11 
 2161       1.659339108687e-11 
 2162       1.657191714227e-11 
 2163       1.654954584797e-11 
 2164       1.652626721791e-11 
 2165       1.650207422752e-11 
 2166       1.647697181114e-11 
 2167       1.645096792535e-11 
 2168       1.642407056276e-11 
 2169       1.639628775205e-11 
 2170       1.636762755803e-11 
 2171       1.633809808166e-11 
 2172       1.630770746011e-11 
 2173       1.627646386680e-11 
 2174       1.624437551145e-11 
 2175       1.621145064010e-11 
 2176       1.617769753521e-11 
 2177       1.614312451562e-11 
 2178       1.610773993667e-11 
 2179       1.607155219021e-11 
 2180       1.603456970464e-11 
 2181       1.599680094497e-11 
 2182       1.595825441286e-11 
 2183       1.591893864665e-11 
 2184       1.587886222141e-11 
 2185       1.583803374901e-11 
 2186       1.579646187813e-11 
 2187       1.575415529431e-11 
 2188       1.571112272001e-11 
 2189       1.566737291465e-11 
 2190       1.562291467464e-11 
 2191       1.557775683342e-11 
 2192       1.553190826155e-11 
 2193       1.548537786669e-11 
 2194       1.543817459369e-11 
 2195       1.539030742462e-11 
 2196       1.534178537881e-11 
 2197       1.529261751288e-11 
 2198       1.524281292083e-11 
 2199       1.519238073405e-11 
 2200       1.514133012134e-11 
 2201       1.508967028902e-11 
 2202       1.503741048092e-11 
 2203       1.498455997844e-11 
 2204       1.493112923741e-11 
 2205       1.487713330682e-11 
 2206       1.482258843288e-11 
 2207       1.476751092434e-11 
 2208       1.471191715258e-11 
 2209       1.465582355167e-11 
 2210       1.459924661842e-11 
 2211       1.454220291249e-11 
 2212       1.448470905644e-11 
 2213       1.442678173582e-11 
 2214       1.436843769921e-11 
 2215       1.430969375832e-11 
 2216       1.425056678806e-11 
 2217       1.419107372659e-11 
 2218       1.413123157543e-11 
 2219       1.407105739950e-11 
 2220       1.401056832718e-11 
 2221       1.394978155045e-11 
 2222       1.388871432487e-11 
 2223       1.382738396973e-11 
 2224       1.376580786808e-11 
 2225       1.370400346681e-11 
 2226       1.364198827673e-11 
 2227       1.357977987264e-11 
 2228       1.351739589338e-11 
 2229       1.345485404195e-11 
 2230       1.339217208552e-11 
 2231       1.332936785557e-11 
 2232       1.326645924790e-11 
 2233       1.320346422275e-11 
 2234       1.314040080483e-11 
 2235       1.307728708343e-11 
 2236       1.301414121248e-11 
 2237       1.295098141060e-11 
 2238       1.288782596121e-11 
 2239       1.282469321256e-11 
 2240       1.276160157783e-11 
 2241       1.269856953522e-11 
 2242       1.263561562798e-11 
 2243       1.257275742978e-11 
 2244       1.251000843331e-11 
 2245       1.244738114154e-11 
 2246       1.238488810060e-11 
 2247       1.232254189986e-11 
 2248       1.226035517194e-11 
 2249       1.219834059282e-11 
 2250       1.213651088182e-11 
 2251       1.207487880169e-11 
 2252       1.201345715864e-11 
 2253       1.195225880240e-11 
 2254       1.189129662624e-11 
 2255       1.183058356706e-11 
 2256       1.177013260540e-11 
 2257       1.170995676551e-11 
 2258       1.165006911537e-11 
 2259       1.159048276678e-11 
 2260       1.153121087537e-11 
 2261       1.147226664066e-11 
 2262       1.141366330613e-11 
 2263       1.135541415922e-11 
 2264       1.129753253141e-11 
 2265       1.124003179828e-11 
 2266       1.118292537950e-11 
 2267       1.112622673895e-11 
 2268       1.106994938473e-11 
 2269       1.101410686919e-11 
 2270       1.095871278903e-11 
 2271       1.090378078527e-11 
 2272       1.084932454339e-11 
 2273       1.079535779331e-11 
 2274       1.074189430945e-11 
 2275       1.068894791079e-11 
 2276       1.063653246093e-11 
 2277       1.058466186810e-11 
 2278       1.053335008524e-11 
 2279       1.048261111002e-11 
 2280       1.043245898492e-11 
 2281       1.038290779724e-11 
 2282       1.033396958694e-11 
 2283       1.028564805517e-11 
 2284       1.023794481546e-11 
 2285       1.019086148229e-11 
 2286       1.014439967109e-11 
 2287       1.009856099823e-11 
 2288       1.005334708107e-11 
 2289       1.000875953787e-11 
 2290       9.964799987866e-12 
 2291       9.921470051249e-12 
 2292       9.878771349146e-12 
 2293       9.836705503634e-12 
 2294       9.795274137736e-12 
 2295       9.754478875421e-12 
 2296       9.714321341605e-12 
 2297       9.674803162146e-12 
 2298       9.635925963846e-12 
 2299       9.597691374451e-12 
 2300       9.560101022647e-12 
 2301       9.523156538062e-12 
 2302       9.486859551264e-12 
 2303       9.451211693764e-12 
 2304       9.416214598006e-12 
 2305       9.381869897377e-12 
 2306       9.348179226200e-12 
 2307       9.315144219734e-12 
 2308       9.282766514174e-12 
 2309       9.251047746652e-12 
 2310       9.219989555232e-12 
 2311       9.189593578912e-12 
 2312       9.159861457625e-12 
 2313       9.130794832234e-12 
 2314       9.102395344534e-12 
 2315       9.074664637250e-12 
 2316       9.047604354039e-12 
 2317       9.021216139485e-12 
 2318       8.995501639102e-12 
 2319       8.970462499328e-12 
 2320       8.946100367533e-12 
 2321       8.922415262569e-12 
 2322       8.899400675213e-12 
 2323       8.877048436824e-12 
 2324       8.855350345932e-12 
 2325       8.834298168205e-12 
 2326       8.813883636415e-12 
 2327       8.794098450395e-12 
 2328       8.774934277005e-12 
 2329       8.756382750097e-12 
 2330       8.738435470473e-12 
 2331       8.721084005852e-12 
 2332       8.704319890832e-12 
 2333       8.688134626852e-12 
 2334       8.672519682157e-12 
 2335       8.657466491757e-12 
 2336       8.642966457394e-12 
 2337       8.629010947505e-12 
 2338       8.615591297181e-12 
 2339       8.602698808133e-12 
 2340       8.590324748655e-12 
 2341       8.578460353586e-12 
 2342       8.567096824273e-12 
 2343       8.556225328536e-12 
 2344       8.545837000627e-12 
 2345       8.535922941196e-12 
 2346       8.526474217253e-12 
 2347       8.517481862132e-12 
 2348       8.508936875452e-12 
 2349       8.500830223082e-12 
 2350       8.493152837102e-12 
 2351       8.485895615767e-12 
 2352       8.479049423472e-12 
 2353       8.472605090710e-12 
 2354       8.466553414040e-12 
 2355       8.460885156046e-12 
 2356       8.455591045303e-12 
 2357       8.450661776339e-12 
 2358       8.446088009598e-12 
 2359       8.441860371400e-12 
 2360       8.437969237979e-12 
 2361       8.434404086185e-12 
 2362       8.431154138675e-12 
 2363       8.428208579440e-12 
 2364       8.425556553761e-12 
 2365       8.423187168167e-12 
 2366       8.421089490397e-12 
 2367       8.419252549351e-12 
 2368       8.417665335057e-12 
 2369       8.416316798623e-12 
 2370       8.415195852197e-12 
 2371       8.414291368926e-12 
 2372       8.413592182915e-12 
 2373       8.413087089184e-12 
 2374       8.412764843626e-12 
 2375       8.412614162966e-12 
 2376       8.412623724719e-12 
 2377       8.412782167151e-12 
 2378       8.413078089231e-12 
 2379       8.413500050596e-12 
 2380       8.414036571506e-12 
 2381       8.414676132803e-12 
 2382       8.415407175867e-12 
 2383       8.416218102580e-12 
 2384       8.417097275277e-12 
 2385       8.418033016712e-12 
 2386       8.419013610009e-12 
 2387       8.420027298625e-12 
 2388       8.421062286308e-12 
 2389       8.422106737053e-12 
 2390       8.423148775062e-12 
 2391       8.424176484702e-12 
 2392       8.425177910463e-12 
 2393       8.426141056917e-12 
 2394       8.427053888676e-12 
 2395       8.427904330350e-12 
 2396       8.428680266505e-12 
 2397       8.429369541623e-12 
 2398       8.429959960057e-12 
 2399       8.430440239994e-12 
 2400       8.430802881767e-12 
 2401       8.431041316964e-12 
 2402       8.431148955995e-12 
 2403       8.431119188070e-12 
 2404       8.430945381179e-12 
 2405       8.430620882066e-12 
 2406       8.430139016213e-12 
 2407       8.429493087814e-12 
 2408       8.428676379752e-12 
 2409       8.427682153584e-12 
 2410       8.426503649510e-12 
 2411       8.425134086360e-12 
 2412       8.423566661566e-12 
 2413       8.421794551143e-12 
 2414       8.419810909665e-12 
 2415       8.417608870247e-12 
 2416       8.415181544519e-12 
 2417       8.412522022607e-12 
 2418       8.409623373111e-12 
 2419       8.406478643082e-12 
 2420       8.403080857999e-12 
 2421       8.399423021751e-12 
 2422       8.395498116612e-12 
 2423       8.391299103221e-12 
 2424       8.386818920559e-12 
 2425       8.382050485928e-12 
 2426       8.376986694928e-12 
 2427       8.371620421437e-12 
 2428       8.365944517589e-12 
 2429       8.359951813748e-12 
 2430       8.353635118495e-12 
 2431       8.346987218595e-12 
 2432       8.340000878986e-12 
 2433       8.332668842749e-12 
 2434       8.324983831090e-12 
 2435       8.316938543320e-12 
 2436       8.308525656828e-12 
 2437       8.299737827064e-12 
 2438       8.290569318262e-12 
 2439       8.281020906377e-12 
 2440       8.271095005552e-12 
 2441       8.260794040054e-12 
 2442       8.250120444286e-12 
 2443       8.239076662797e-12 
 2444       8.227665150295e-12 
 2445       8.215888371657e-12 
 2446       8.203748801940e-12 
 2447       8.191248926390e-12 
 2448       8.178391240457e-12 
 2449       8.165178249806e-12 
 2450       8.151612470323e-12 
 2451       8.137696428133e-12 
 2452       8.123432659604e-12 
 2453       8.108823711365e-12 
 2454       8.093872140313e-12 
 2455       8.078580513624e-12 
 2456       8.062951408765e-12 
 2457       8.046987413507e-12 
 2458       8.030691125934e-12 
 2459       8.014065154451e-12 
 2460       7.997112117804e-12 
 2461       7.979834645081e-12 
 2462       7.962235375731e-12 
 2463       7.944316959569e-12 
 2464       7.926082056791e-12 
 2465       7.907533337986e-12 
 2466       7.888673484143e-12 
 2467       7.869505186664e-12 
 2468       7.850031147376e-12 
 2469       7.830254078543e-12 
 2470       7.810176702872e-12 
 2471       7.789801753532e-12 
 2472       7.769131974158e-12 
 2473       7.748170118865e-12 
 2474       7.726918952259e-12 
 2475       7.705381249450e-12 
 2476       7.683559796059e-12 
 2477       7.661456467251e-12 
 2478       7.639069458858e-12 
 2479       7.616396039907e-12 
 2480       7.593433472112e-12 
 2481       7.570179009867e-12 
 2482       7.546629900233e-12 
 2483       7.522783382942e-12 
 2484       7.498636690378e-12 
 2485       7.474187047579e-12 
 2486       7.449431672227e-12 
 2487       7.424367774640e-12 
 2488       7.398992557766e-12 
 2489       7.373303217178e-12 
 2490       7.347296941065e-12 
 2491       7.320970910223e-12 
 2492       7.294322298054e-12 
 2493       7.267348270553e-12 
 2494       7.240045986306e-12 
 2495       7.212412596480e-12 
 2496       7.184445244815e-12 
 2497       7.156141067623e-12 
 2498       7.127497193775e-12 
 2499       7.098510744696e-12 
 2500       7.069178834358e-12 
