# dimensionless total [l(l+1)/2pi] C_l's
# for l=2 to 2500, i.e. number of multipoles equal to 2499
#
# -> if you prefer output in CAMB/HealPix/LensPix units/order, set 'format' to 'camb' in input file
# -> if you don't want to see such a header, set 'headers' to 'no' in input file
#
# 1:l     2:TT                 
    2       3.066891676630e-10 
    3       2.816012186938e-10 
    4       2.611217653481e-10 
    5       2.454236050648e-10 
    6       2.332784846070e-10 
    7       2.237299000362e-10 
    8       2.160412377794e-10 
    9       2.097955505511e-10 
   10       2.046201973543e-10 
   11       2.002166885114e-10 
   12       1.963785389897e-10 
   13       1.930647944960e-10 
   14       1.902737779589e-10 
   15       1.879052601985e-10 
   16       1.858317681134e-10 
   17       1.839916980898e-10 
   18       1.824611100066e-10 
   19       1.812766483875e-10 
   20       1.803222959334e-10 
   21       1.795784200768e-10 
   22       1.789954621719e-10 
   23       1.786087500535e-10 
   24       1.784303243996e-10 
   25       1.784420537254e-10 
   26       1.785871581339e-10 
   27       1.788699537524e-10 
   28       1.792920667664e-10 
   29       1.798635165579e-10 
   30       1.805698793048e-10 
   31       1.813758345500e-10 
   32       1.822908558343e-10 
   33       1.833231749164e-10 
   34       1.844659925834e-10 
   35       1.857171093637e-10 
   36       1.870627510048e-10 
   37       1.884813262948e-10 
   38       1.899804364737e-10 
   39       1.915699680058e-10 
   40       1.932509911317e-10 
   41       1.950184951938e-10 
   42       1.968729102936e-10 
   43       1.988107646119e-10 
   44       2.008206698853e-10 
   45       2.028885793796e-10 
   46       2.050170435210e-10 
   47       2.072105507767e-10 
   48       2.094697563018e-10 
   49       2.117911419987e-10 
   50       2.141696371580e-10 
   51       2.166081076496e-10 
   52       2.191098548569e-10 
   53       2.216756843563e-10 
   54       2.243037052978e-10 
   55       2.269908623225e-10 
   56       2.297384365658e-10 
   57       2.325475598208e-10 
   58       2.354174715118e-10 
   59       2.383453855762e-10 
   60       2.413263573467e-10 
   61       2.443552755813e-10 
   62       2.474336622038e-10 
   63       2.505641695643e-10 
   64       2.537485255855e-10 
   65       2.569874680739e-10 
   66       2.602806790317e-10 
   67       2.636267189683e-10 
   68       2.670238854910e-10 
   69       2.704731379339e-10 
   70       2.739756500528e-10 
   71       2.775318968842e-10 
   72       2.811416126950e-10 
   73       2.848037489333e-10 
   74       2.885164321786e-10 
   75       2.922769220924e-10 
   76       2.960825396360e-10 
   77       2.999337400912e-10 
   78       3.038315266280e-10 
   79       3.077765079548e-10 
   80       3.117688761654e-10 
   81       3.158083845850e-10 
   82       3.198943256174e-10 
   83       3.240255085908e-10 
   84       3.282006751853e-10 
   85       3.324198733682e-10 
   86       3.366832716697e-10 
   87       3.409907272725e-10 
   88       3.453417712129e-10 
   89       3.497355935816e-10 
   90       3.541710287243e-10 
   91       3.586465404425e-10 
   92       3.631602071947e-10 
   93       3.677101652982e-10 
   94       3.722960469305e-10 
   95       3.769177320477e-10 
   96       3.815749012555e-10 
   97       3.862670272968e-10 
   98       3.909933665392e-10 
   99       3.957529504631e-10 
  100       4.005445771493e-10 
  101       4.053668027666e-10 
  102       4.102179330595e-10 
  103       4.150960148363e-10 
  104       4.199991488962e-10 
  105       4.249264952899e-10 
  106       4.298773886180e-10 
  107       4.348510237979e-10 
  108       4.398464510834e-10 
  109       4.448625710848e-10 
  110       4.498981297892e-10 
  111       4.549517135802e-10 
  112       4.600217442582e-10 
  113       4.651064740602e-10 
  114       4.702039806800e-10 
  115       4.753121622880e-10 
  116       4.804289715862e-10 
  117       4.855531609016e-10 
  118       4.906836187522e-10 
  119       4.958191360826e-10 
  120       5.009584033973e-10 
  121       5.061000078945e-10 
  122       5.112424305994e-10 
  123       5.163840434979e-10 
  124       5.215231066701e-10 
  125       5.266577654234e-10 
  126       5.317860474266e-10 
  127       5.369058598431e-10 
  128       5.420149864642e-10 
  129       5.471112748694e-10 
  130       5.521932272076e-10 
  131       5.572594691096e-10 
  132       5.623085639796e-10 
  133       5.673390114885e-10 
  134       5.723492460666e-10 
  135       5.773376353976e-10 
  136       5.823024789114e-10 
  137       5.872420062775e-10 
  138       5.921543758983e-10 
  139       5.970376734024e-10 
  140       6.018899101375e-10 
  141       6.067090216644e-10 
  142       6.114928662494e-10 
  143       6.162392233582e-10 
  144       6.209459521232e-10 
  145       6.256114875342e-10 
  146       6.302343905292e-10 
  147       6.348131918300e-10 
  148       6.393463913555e-10 
  149       6.438324576338e-10 
  150       6.482698272154e-10 
  151       6.526569040852e-10 
  152       6.569920590759e-10 
  153       6.612736292799e-10 
  154       6.654999174626e-10 
  155       6.696691914747e-10 
  156       6.737796836650e-10 
  157       6.778295902929e-10 
  158       6.818170709412e-10 
  159       6.857402479288e-10 
  160       6.895972057231e-10 
  161       6.933861157175e-10 
  162       6.971056241961e-10 
  163       7.007544977147e-10 
  164       7.043315008117e-10 
  165       7.078353959976e-10 
  166       7.112649437443e-10 
  167       7.146189024745e-10 
  168       7.178960285513e-10 
  169       7.210950762676e-10 
  170       7.242147978355e-10 
  171       7.272539433757e-10 
  172       7.302112609071e-10 
  173       7.330854963362e-10 
  174       7.358753934462e-10 
  175       7.385796938871e-10 
  176       7.411971371645e-10 
  177       7.437264606295e-10 
  178       7.461663994678e-10 
  179       7.485156866895e-10 
  180       7.507731408217e-10 
  181       7.529379368042e-10 
  182       7.550093566572e-10 
  183       7.569867040222e-10 
  184       7.588693044753e-10 
  185       7.606565058394e-10 
  186       7.623476784966e-10 
  187       7.639422157005e-10 
  188       7.654395338891e-10 
  189       7.668390729972e-10 
  190       7.681402967685e-10 
  191       7.693426930685e-10 
  192       7.704457741966e-10 
  193       7.714490771989e-10 
  194       7.723521641807e-10 
  195       7.731546226186e-10 
  196       7.738560656732e-10 
  197       7.744561325018e-10 
  198       7.749544885705e-10 
  199       7.753508259669e-10 
  200       7.756448637124e-10 
  201       7.758363849437e-10 
  202       7.759253507664e-10 
  203       7.759117951461e-10 
  204       7.757957891891e-10 
  205       7.755774415643e-10 
  206       7.752568989241e-10 
  207       7.748343463261e-10 
  208       7.743100076547e-10 
  209       7.736841460422e-10 
  210       7.729570642904e-10 
  211       7.721291052923e-10 
  212       7.712006524531e-10 
  213       7.701721301118e-10 
  214       7.690440039629e-10 
  215       7.678167814773e-10 
  216       7.664910123244e-10 
  217       7.650672887930e-10 
  218       7.635462462131e-10 
  219       7.619285633772e-10 
  220       7.602149629615e-10 
  221       7.584062119479e-10 
  222       7.565031220449e-10 
  223       7.545065501094e-10 
  224       7.524173724261e-10 
  225       7.502364048358e-10 
  226       7.479644782872e-10 
  227       7.456024648740e-10 
  228       7.431512781940e-10 
  229       7.406118737087e-10 
  230       7.379852491021e-10 
  231       7.352724446401e-10 
  232       7.324745435296e-10 
  233       7.295926722781e-10 
  234       7.266280010520e-10 
  235       7.235817440369e-10 
  236       7.204551597959e-10 
  237       7.172495516293e-10 
  238       7.139662679337e-10 
  239       7.106067025612e-10 
  240       7.071722951783e-10 
  241       7.036645316258e-10 
  242       7.000849442770e-10 
  243       6.964351123980e-10 
  244       6.927166625061e-10 
  245       6.889312687293e-10 
  246       6.850806531654e-10 
  247       6.811665862414e-10 
  248       6.771908870724e-10 
  249       6.731554238212e-10 
  250       6.690620189900e-10 
  251       6.649121584952e-10 
  252       6.607072664974e-10 
  253       6.564487991343e-10 
  254       6.521382446977e-10 
  255       6.477771238113e-10 
  256       6.433669896077e-10 
  257       6.389094279061e-10 
  258       6.344060573896e-10 
  259       6.298585297824e-10 
  260       6.252685300277e-10 
  261       6.206377764644e-10 
  262       6.159680210051e-10 
  263       6.112610493133e-10 
  264       6.065186809807e-10 
  265       6.017427697046e-10 
  266       5.969352034655e-10 
  267       5.920979047044e-10 
  268       5.872328305001e-10 
  269       5.823419727465e-10 
  270       5.774273583305e-10 
  271       5.724910493087e-10 
  272       5.675351430856e-10 
  273       5.625617725902e-10 
  274       5.575731064538e-10 
  275       5.525713491876e-10 
  276       5.475587413596e-10 
  277       5.425375597724e-10 
  278       5.375101176403e-10 
  279       5.324786134585e-10 
  280       5.274446685768e-10 
  281       5.224097660138e-10 
  282       5.173753995523e-10 
  283       5.123430736848e-10 
  284       5.073143035581e-10 
  285       5.022906149182e-10 
  286       4.972735440558e-10 
  287       4.922646377508e-10 
  288       4.872654532171e-10 
  289       4.822775580484e-10 
  290       4.773025301623e-10 
  291       4.723419577457e-10 
  292       4.673974391998e-10 
  293       4.624705830848e-10 
  294       4.575630080651e-10 
  295       4.526763428544e-10 
  296       4.478122261603e-10 
  297       4.429723066294e-10 
  298       4.381582427927e-10 
  299       4.333717030097e-10 
  300       4.286143654144e-10 
  301       4.238879178595e-10 
  302       4.191940578615e-10 
  303       4.145344925462e-10 
  304       4.099109385929e-10 
  305       4.053251221800e-10 
  306       4.007787789296e-10 
  307       3.962736538527e-10 
  308       3.918115012940e-10 
  309       3.873940848771e-10 
  310       3.830231774491e-10 
  311       3.787005610259e-10 
  312       3.744278777262e-10 
  313       3.702061750416e-10 
  314       3.660363393596e-10 
  315       3.619192428352e-10 
  316       3.578557431529e-10 
  317       3.538466832881e-10 
  318       3.498928912695e-10 
  319       3.459951799408e-10 
  320       3.421543467223e-10 
  321       3.383711733731e-10 
  322       3.346464257531e-10 
  323       3.309808535841e-10 
  324       3.273751902128e-10 
  325       3.238301523715e-10 
  326       3.203464399410e-10 
  327       3.169247357118e-10 
  328       3.135657051460e-10 
  329       3.102699961396e-10 
  330       3.070382387841e-10 
  331       3.038710451282e-10 
  332       3.007690089399e-10 
  333       2.977327054685e-10 
  334       2.947626912060e-10 
  335       2.918595036495e-10 
  336       2.890236610626e-10 
  337       2.862556622377e-10 
  338       2.835559862574e-10 
  339       2.809250922569e-10 
  340       2.783634191854e-10 
  341       2.758713855682e-10 
  342       2.734493892686e-10 
  343       2.710978072497e-10 
  344       2.688169953362e-10 
  345       2.666072879762e-10 
  346       2.644689980036e-10 
  347       2.624024163991e-10 
  348       2.604078120530e-10 
  349       2.584853863454e-10 
  350       2.566351352945e-10 
  351       2.548569812163e-10 
  352       2.531508171073e-10 
  353       2.515165063619e-10 
  354       2.499538824900e-10 
  355       2.484627488344e-10 
  356       2.470428782883e-10 
  357       2.456940130129e-10 
  358       2.444158641548e-10 
  359       2.432081115632e-10 
  360       2.420704035080e-10 
  361       2.410023563967e-10 
  362       2.400035544921e-10 
  363       2.390735496301e-10 
  364       2.382118609365e-10 
  365       2.374179745450e-10 
  366       2.366913433147e-10 
  367       2.360313865473e-10 
  368       2.354374897047e-10 
  369       2.349090041265e-10 
  370       2.344452467474e-10 
  371       2.340454998150e-10 
  372       2.337090106069e-10 
  373       2.334349911483e-10 
  374       2.332226179295e-10 
  375       2.330710316234e-10 
  376       2.329793368031e-10 
  377       2.329466016592e-10 
  378       2.329718577172e-10 
  379       2.330540995553e-10 
  380       2.331922845216e-10 
  381       2.333853324518e-10 
  382       2.336321253865e-10 
  383       2.339315072887e-10 
  384       2.342822837614e-10 
  385       2.346832217652e-10 
  386       2.351330493352e-10 
  387       2.356304552992e-10 
  388       2.361742020805e-10 
  389       2.367634693354e-10 
  390       2.373975226153e-10 
  391       2.380756012498e-10 
  392       2.387969181539e-10 
  393       2.395606596360e-10 
  394       2.403659852042e-10 
  395       2.412120273749e-10 
  396       2.420978914793e-10 
  397       2.430226554713e-10 
  398       2.439853697346e-10 
  399       2.449850568902e-10 
  400       2.460207116040e-10 
  401       2.470913003937e-10 
  402       2.481957614367e-10 
  403       2.493330043773e-10 
  404       2.505019101338e-10 
  405       2.517013307066e-10 
  406       2.529300889847e-10 
  407       2.541869785539e-10 
  408       2.554707635037e-10 
  409       2.567801782347e-10 
  410       2.581139272665e-10 
  411       2.594706850443e-10 
  412       2.608490957471e-10 
  413       2.622477730943e-10 
  414       2.636653001539e-10 
  415       2.651002291493e-10 
  416       2.665510812668e-10 
  417       2.680163464633e-10 
  418       2.694944832732e-10 
  419       2.709839186164e-10 
  420       2.724830476050e-10 
  421       2.739902333514e-10 
  422       2.755038067750e-10 
  423       2.770220664102e-10 
  424       2.785432782133e-10 
  425       2.800656753705e-10 
  426       2.815874581044e-10 
  427       2.831069975506e-10 
  428       2.846234554159e-10 
  429       2.861361850230e-10 
  430       2.876445290882e-10 
  431       2.891478196635e-10 
  432       2.906453780769e-10 
  433       2.921365148749e-10 
  434       2.936205297631e-10 
  435       2.950967115479e-10 
  436       2.965643380781e-10 
  437       2.980226761856e-10 
  438       2.994709816277e-10 
  439       3.009084990278e-10 
  440       3.023344618168e-10 
  441       3.037480921750e-10 
  442       3.051486009732e-10 
  443       3.065351877137e-10 
  444       3.079070404724e-10 
  445       3.092633358398e-10 
  446       3.106032388621e-10 
  447       3.119259029834e-10 
  448       3.132304699862e-10 
  449       3.145160699334e-10 
  450       3.157818211093e-10 
  451       3.170268299614e-10 
  452       3.182501910413e-10 
  453       3.194509869464e-10 
  454       3.206282882613e-10 
  455       3.217811534991e-10 
  456       3.229086290426e-10 
  457       3.240097490862e-10 
  458       3.250835355766e-10 
  459       3.261289981548e-10 
  460       3.271451340971e-10 
  461       3.281309282568e-10 
  462       3.290853530052e-10 
  463       3.300073681734e-10 
  464       3.308959209933e-10 
  465       3.317499460392e-10 
  466       3.325685412959e-10 
  467       3.333515025273e-10 
  468       3.340988054641e-10 
  469       3.348104312227e-10 
  470       3.354863663436e-10 
  471       3.361266028302e-10 
  472       3.367311381870e-10 
  473       3.372999754581e-10 
  474       3.378331232660e-10 
  475       3.383305958498e-10 
  476       3.387924131038e-10 
  477       3.392186006162e-10 
  478       3.396091897073e-10 
  479       3.399642174681e-10 
  480       3.402837267989e-10 
  481       3.405677664478e-10 
  482       3.408163910491e-10 
  483       3.410296611620e-10 
  484       3.412076433087e-10 
  485       3.413504100133e-10 
  486       3.414580398404e-10 
  487       3.415306174330e-10 
  488       3.415682335516e-10 
  489       3.415709851126e-10 
  490       3.415389752265e-10 
  491       3.414723132367e-10 
  492       3.413711147578e-10 
  493       3.412355017145e-10 
  494       3.410656023795e-10 
  495       3.408615514125e-10 
  496       3.406234898986e-10 
  497       3.403515653865e-10 
  498       3.400459319274e-10 
  499       3.397067501135e-10 
  500       3.393341871161e-10 
  501       3.389284167245e-10 
  502       3.384896193842e-10 
  503       3.380179822359e-10 
  504       3.375136991534e-10 
  505       3.369770243203e-10 
  506       3.364084345783e-10 
  507       3.358084718318e-10 
  508       3.351776899965e-10 
  509       3.345166550633e-10 
  510       3.338259451614e-10 
  511       3.331061506227e-10 
  512       3.323578740446e-10 
  513       3.315817303545e-10 
  514       3.307783468727e-10 
  515       3.299483633765e-10 
  516       3.290924321639e-10 
  517       3.282112181167e-10 
  518       3.273053987650e-10 
  519       3.263756643499e-10 
  520       3.254227178879e-10 
  521       3.244472752342e-10 
  522       3.234500651464e-10 
  523       3.224318293482e-10 
  524       3.213933225930e-10 
  525       3.203353127274e-10 
  526       3.192585807552e-10 
  527       3.181639209007e-10 
  528       3.170521406728e-10 
  529       3.159240609279e-10 
  530       3.147805159344e-10 
  531       3.136223534356e-10 
  532       3.124504347140e-10 
  533       3.112656346544e-10 
  534       3.100688418078e-10 
  535       3.088609584553e-10 
  536       3.076429006710e-10 
  537       3.064155983867e-10 
  538       3.051799954545e-10 
  539       3.039370497111e-10 
  540       3.026877330413e-10 
  541       3.014330314416e-10 
  542       3.001739450839e-10 
  543       2.989114883789e-10 
  544       2.976466158413e-10 
  545       2.963799973733e-10 
  546       2.951122370934e-10 
  547       2.938439470244e-10 
  548       2.925757471277e-10 
  549       2.913082653362e-10 
  550       2.900421375882e-10 
  551       2.887780078613e-10 
  552       2.875165282056e-10 
  553       2.862583587775e-10 
  554       2.850041678732e-10 
  555       2.837546319627e-10 
  556       2.825104357228e-10 
  557       2.812722720711e-10 
  558       2.800408421998e-10 
  559       2.788168556088e-10 
  560       2.776010301397e-10 
  561       2.763940920092e-10 
  562       2.751967758431e-10 
  563       2.740098247092e-10 
  564       2.728339901518e-10 
  565       2.716700322246e-10 
  566       2.705187195245e-10 
  567       2.693808292255e-10 
  568       2.682571471121e-10 
  569       2.671484676128e-10 
  570       2.660555938340e-10 
  571       2.649793375932e-10 
  572       2.639205194532e-10 
  573       2.628799687551e-10 
  574       2.618585236525e-10 
  575       2.608570311444e-10 
  576       2.598763471098e-10 
  577       2.589173363402e-10 
  578       2.579808725741e-10 
  579       2.570678385301e-10 
  580       2.561791259410e-10 
  581       2.553156355867e-10 
  582       2.544782773285e-10 
  583       2.536678428349e-10 
  584       2.528846201982e-10 
  585       2.521287697572e-10 
  586       2.514004505216e-10 
  587       2.506998201611e-10 
  588       2.500270349942e-10 
  589       2.493822499766e-10 
  590       2.487656186904e-10 
  591       2.481772933324e-10 
  592       2.476174247033e-10 
  593       2.470861621961e-10 
  594       2.465836537848e-10 
  595       2.461100460136e-10 
  596       2.456654839851e-10 
  597       2.452501113494e-10 
  598       2.448640702927e-10 
  599       2.445075015262e-10 
  600       2.441805442745e-10 
  601       2.438833362649e-10 
  602       2.436160137154e-10 
  603       2.433787113242e-10 
  604       2.431715622581e-10 
  605       2.429946981411e-10 
  606       2.428482490433e-10 
  607       2.427323434698e-10 
  608       2.426471083492e-10 
  609       2.425926690225e-10 
  610       2.425691492318e-10 
  611       2.425766711088e-10 
  612       2.426153551641e-10 
  613       2.426853202754e-10 
  614       2.427866836767e-10 
  615       2.429195609465e-10 
  616       2.430840659971e-10 
  617       2.432803110631e-10 
  618       2.435084066901e-10 
  619       2.437684617234e-10 
  620       2.440605832970e-10 
  621       2.443848768221e-10 
  622       2.447413650837e-10 
  623       2.451297434715e-10 
  624       2.455496189928e-10 
  625       2.460005906096e-10 
  626       2.464822492024e-10 
  627       2.469941775337e-10 
  628       2.475359502119e-10 
  629       2.481071336548e-10 
  630       2.487072860536e-10 
  631       2.493359573360e-10 
  632       2.499926891306e-10 
  633       2.506770147301e-10 
  634       2.513884590554e-10 
  635       2.521265386187e-10 
  636       2.528907614880e-10 
  637       2.536806272499e-10 
  638       2.544956269742e-10 
  639       2.553352431768e-10 
  640       2.561989497839e-10 
  641       2.570862120956e-10 
  642       2.579964867494e-10 
  643       2.589292216841e-10 
  644       2.598838561035e-10 
  645       2.608598204397e-10 
  646       2.618565363177e-10 
  647       2.628734165179e-10 
  648       2.639098649408e-10 
  649       2.649652765702e-10 
  650       2.660390374370e-10 
  651       2.671305245828e-10 
  652       2.682391060240e-10 
  653       2.693641407147e-10 
  654       2.705049785114e-10 
  655       2.716609601358e-10 
  656       2.728314171391e-10 
  657       2.740156718653e-10 
  658       2.752130374152e-10 
  659       2.764228176100e-10 
  660       2.776443069547e-10 
  661       2.788768091939e-10 
  662       2.801196934999e-10 
  663       2.813723394516e-10 
  664       2.826341185239e-10 
  665       2.839043940564e-10 
  666       2.851825212227e-10 
  667       2.864678469986e-10 
  668       2.877597101311e-10 
  669       2.890574411072e-10 
  670       2.903603621229e-10 
  671       2.916677870516e-10 
  672       2.929790214132e-10 
  673       2.942933623428e-10 
  674       2.956100985595e-10 
  675       2.969285103352e-10 
  676       2.982478694632e-10 
  677       2.995674392273e-10 
  678       3.008864743706e-10 
  679       3.022042210639e-10 
  680       3.035199168750e-10 
  681       3.048327907371e-10 
  682       3.061420629176e-10 
  683       3.074469449875e-10 
  684       3.087466397891e-10 
  685       3.100403414061e-10 
  686       3.113272351311e-10 
  687       3.126064974354e-10 
  688       3.138772959373e-10 
  689       3.151387893711e-10 
  690       3.163901275554e-10 
  691       3.176304513629e-10 
  692       3.188588926881e-10 
  693       3.200745744167e-10 
  694       3.212766103944e-10 
  695       3.224641053954e-10 
  696       3.236361550915e-10 
  697       3.247918460206e-10 
  698       3.259302555559e-10 
  699       3.270504518741e-10 
  700       3.281515901253e-10 
  701       3.292332032016e-10 
  702       3.302949169636e-10 
  703       3.313363545801e-10 
  704       3.323571365211e-10 
  705       3.333568805495e-10 
  706       3.343352017140e-10 
  707       3.352917123408e-10 
  708       3.362260220267e-10 
  709       3.371377376307e-10 
  710       3.380264632665e-10 
  711       3.388918002951e-10 
  712       3.397333473169e-10 
  713       3.405507001641e-10 
  714       3.413434518928e-10 
  715       3.421111927757e-10 
  716       3.428535102941e-10 
  717       3.435699891304e-10 
  718       3.442602111603e-10 
  719       3.449237554452e-10 
  720       3.455601982245e-10 
  721       3.461691129079e-10 
  722       3.467500700677e-10 
  723       3.473026374312e-10 
  724       3.478263798730e-10 
  725       3.483208594073e-10 
  726       3.487856351801e-10 
  727       3.492202634617e-10 
  728       3.496242976390e-10 
  729       3.499972882078e-10 
  730       3.503387827649e-10 
  731       3.506483260008e-10 
  732       3.509254596918e-10 
  733       3.511697226923e-10 
  734       3.513806509271e-10 
  735       3.515577773840e-10 
  736       3.517006321059e-10 
  737       3.518087421828e-10 
  738       3.518816317448e-10 
  739       3.519189229917e-10 
  740       3.519206414868e-10 
  741       3.518869168735e-10 
  742       3.518178823980e-10 
  743       3.517136749238e-10 
  744       3.515744349461e-10 
  745       3.514003066062e-10 
  746       3.511914377062e-10 
  747       3.509479797235e-10 
  748       3.506700878250e-10 
  749       3.503579208819e-10 
  750       3.500116414841e-10 
  751       3.496314159545e-10 
  752       3.492174143638e-10 
  753       3.487698105448e-10 
  754       3.482887821070e-10 
  755       3.477745104508e-10 
  756       3.472271807826e-10 
  757       3.466469821285e-10 
  758       3.460341073495e-10 
  759       3.453887531556e-10 
  760       3.447111201202e-10 
  761       3.440014126951e-10 
  762       3.432598392245e-10 
  763       3.424866119595e-10 
  764       3.416819470731e-10 
  765       3.408460646739e-10 
  766       3.399791888215e-10 
  767       3.390815475401e-10 
  768       3.381533728336e-10 
  769       3.371949007001e-10 
  770       3.362063711457e-10 
  771       3.351880281999e-10 
  772       3.341401199296e-10 
  773       3.330628984535e-10 
  774       3.319566199569e-10 
  775       3.308215447059e-10 
  776       3.296579370623e-10 
  777       3.284660654976e-10 
  778       3.272462401727e-10 
  779       3.259989264204e-10 
  780       3.247246334194e-10 
  781       3.234238768446e-10 
  782       3.220971788886e-10 
  783       3.207450682839e-10 
  784       3.193680803248e-10 
  785       3.179667568889e-10 
  786       3.165416464599e-10 
  787       3.150933041487e-10 
  788       3.136222917156e-10 
  789       3.121291775925e-10 
  790       3.106145369044e-10 
  791       3.090789514916e-10 
  792       3.075230099317e-10 
  793       3.059473075611e-10 
  794       3.043524464974e-10 
  795       3.027390356612e-10 
  796       3.011076907978e-10 
  797       2.994590344995e-10 
  798       2.977936962271e-10 
  799       2.961123123323e-10 
  800       2.944155260792e-10 
  801       2.927039876666e-10 
  802       2.909783542495e-10 
  803       2.892392899615e-10 
  804       2.874874659365e-10 
  805       2.857235603305e-10 
  806       2.839482583437e-10 
  807       2.821622522424e-10 
  808       2.803662413810e-10 
  809       2.785609322237e-10 
  810       2.767470383668e-10 
  811       2.749252805602e-10 
  812       2.730963867296e-10 
  813       2.712610919984e-10 
  814       2.694201387095e-10 
  815       2.675742764475e-10 
  816       2.657242620602e-10 
  817       2.638708158031e-10 
  818       2.620144888672e-10 
  819       2.601557935286e-10 
  820       2.582952468252e-10 
  821       2.564333705715e-10 
  822       2.545706913721e-10 
  823       2.527077406361e-10 
  824       2.508450545910e-10 
  825       2.489831742969e-10 
  826       2.471226456603e-10 
  827       2.452640194484e-10 
  828       2.434078513029e-10 
  829       2.415547017543e-10 
  830       2.397051362358e-10 
  831       2.378597250973e-10 
  832       2.360190436198e-10 
  833       2.341836720289e-10 
  834       2.323541955092e-10 
  835       2.305312042185e-10 
  836       2.287152933014e-10 
  837       2.269070629037e-10 
  838       2.251071181862e-10 
  839       2.233160693391e-10 
  840       2.215345315958e-10 
  841       2.197631252468e-10 
  842       2.180024756541e-10 
  843       2.162532132651e-10 
  844       2.145159736266e-10 
  845       2.127913973988e-10 
  846       2.110801303697e-10 
  847       2.093828234686e-10 
  848       2.077001327805e-10 
  849       2.060327195603e-10 
  850       2.043812502464e-10 
  851       2.027463964752e-10 
  852       2.011288350947e-10 
  853       1.995292481789e-10 
  854       1.979483230419e-10 
  855       1.963867522516e-10 
  856       1.948451469931e-10 
  857       1.933237755107e-10 
  858       1.918228202336e-10 
  859       1.903424640223e-10 
  860       1.888828901688e-10 
  861       1.874442823960e-10 
  862       1.860268248582e-10 
  863       1.846307021403e-10 
  864       1.832560992582e-10 
  865       1.819032016584e-10 
  866       1.805721952181e-10 
  867       1.792632662446e-10 
  868       1.779766014759e-10 
  869       1.767123880799e-10 
  870       1.754708136546e-10 
  871       1.742520662282e-10 
  872       1.730563342583e-10 
  873       1.718838066326e-10 
  874       1.707346726679e-10 
  875       1.696091221109e-10 
  876       1.685073451373e-10 
  877       1.674295323521e-10 
  878       1.663758747894e-10 
  879       1.653465639122e-10 
  880       1.643417916123e-10 
  881       1.633617502102e-10 
  882       1.624066324551e-10 
  883       1.614766315245e-10 
  884       1.605719410241e-10 
  885       1.596927549882e-10 
  886       1.588392678787e-10 
  887       1.580116745859e-10 
  888       1.572101704275e-10 
  889       1.564349511492e-10 
  890       1.556862129242e-10 
  891       1.549641523532e-10 
  892       1.542689664640e-10 
  893       1.536008527119e-10 
  894       1.529600089791e-10 
  895       1.523465647927e-10 
  896       1.517603737478e-10 
  897       1.512012176982e-10 
  898       1.506688752209e-10 
  899       1.501631216055e-10 
  900       1.496837288446e-10 
  901       1.492304656223e-10 
  902       1.488030973048e-10 
  903       1.484013859291e-10 
  904       1.480250901933e-10 
  905       1.476739654458e-10 
  906       1.473477636748e-10 
  907       1.470462334983e-10 
  908       1.467691201533e-10 
  909       1.465161654854e-10 
  910       1.462871079387e-10 
  911       1.460816825451e-10 
  912       1.458996209140e-10 
  913       1.457406512217e-10 
  914       1.456044982013e-10 
  915       1.454908831321e-10 
  916       1.453995238291e-10 
  917       1.453301346326e-10 
  918       1.452824263982e-10 
  919       1.452561064857e-10 
  920       1.452508787491e-10 
  921       1.452664435264e-10 
  922       1.453024976285e-10 
  923       1.453587343294e-10 
  924       1.454348433554e-10 
  925       1.455305108752e-10 
  926       1.456454194887e-10 
  927       1.457792482172e-10 
  928       1.459316724929e-10 
  929       1.461023641482e-10 
  930       1.462909914056e-10 
  931       1.464972188670e-10 
  932       1.467207075036e-10 
  933       1.469611146452e-10 
  934       1.472180848541e-10 
  935       1.474912224117e-10 
  936       1.477801183809e-10 
  937       1.480843596714e-10 
  938       1.484035290282e-10 
  939       1.487372050197e-10 
  940       1.490849620261e-10 
  941       1.494463702278e-10 
  942       1.498209955937e-10 
  943       1.502083998693e-10 
  944       1.506081405654e-10 
  945       1.510197709463e-10 
  946       1.514428400180e-10 
  947       1.518768925166e-10 
  948       1.523214688968e-10 
  949       1.527761053199e-10 
  950       1.532403336424e-10 
  951       1.537136814044e-10 
  952       1.541956718176e-10 
  953       1.546858237537e-10 
  954       1.551836517332e-10 
  955       1.556886659130e-10 
  956       1.562003720754e-10 
  957       1.567182716158e-10 
  958       1.572418615318e-10 
  959       1.577706344106e-10 
  960       1.583040784183e-10 
  961       1.588416772874e-10 
  962       1.593829103056e-10 
  963       1.599272523042e-10 
  964       1.604741736459e-10 
  965       1.610231402137e-10 
  966       1.615736133990e-10 
  967       1.621250500899e-10 
  968       1.626769026596e-10 
  969       1.632286189547e-10 
  970       1.637796422834e-10 
  971       1.643294114041e-10 
  972       1.648773605137e-10 
  973       1.654229659448e-10 
  974       1.659658870499e-10 
  975       1.665058274090e-10 
  976       1.670424883066e-10 
  977       1.675755687254e-10 
  978       1.681047653409e-10 
  979       1.686297725157e-10 
  980       1.691502822934e-10 
  981       1.696659843934e-10 
  982       1.701765662046e-10 
  983       1.706817127799e-10 
  984       1.711811068304e-10 
  985       1.716744287198e-10 
  986       1.721613564583e-10 
  987       1.726415656972e-10 
  988       1.731147297230e-10 
  989       1.735805194514e-10 
  990       1.740386034221e-10 
  991       1.744886477926e-10 
  992       1.749303163325e-10 
  993       1.753632704179e-10 
  994       1.757871690256e-10 
  995       1.762016687271e-10 
  996       1.766064236834e-10 
  997       1.770010856387e-10 
  998       1.773853039147e-10 
  999       1.777587254053e-10 
 1000       1.781209945704e-10 
 1001       1.784717534301e-10 
 1002       1.788106415594e-10 
 1003       1.791372960820e-10 
 1004       1.794513516648e-10 
 1005       1.797524405121e-10 
 1006       1.800401923597e-10 
 1007       1.803142344692e-10 
 1008       1.805741916225e-10 
 1009       1.808196861157e-10 
 1010       1.810503377534e-10 
 1011       1.812657638434e-10 
 1012       1.814656428916e-10 
 1013       1.816499067089e-10 
 1014       1.818185510659e-10 
 1015       1.819715722452e-10 
 1016       1.821089670426e-10 
 1017       1.822307327690e-10 
 1018       1.823368672520e-10 
 1019       1.824273688379e-10 
 1020       1.825022363929e-10 
 1021       1.825614693052e-10 
 1022       1.826050674866e-10 
 1023       1.826330313742e-10 
 1024       1.826453619321e-10 
 1025       1.826420606528e-10 
 1026       1.826231295597e-10 
 1027       1.825885712078e-10 
 1028       1.825383886861e-10 
 1029       1.824725856192e-10 
 1030       1.823911661687e-10 
 1031       1.822941350353e-10 
 1032       1.821814974599e-10 
 1033       1.820532592263e-10 
 1034       1.819094266617e-10 
 1035       1.817500066394e-10 
 1036       1.815750065799e-10 
 1037       1.813844344530e-10 
 1038       1.811782987791e-10 
 1039       1.809566086312e-10 
 1040       1.807193736366e-10 
 1041       1.804666039783e-10 
 1042       1.801983103971e-10 
 1043       1.799145041930e-10 
 1044       1.796151972271e-10 
 1045       1.793004019231e-10 
 1046       1.789701312694e-10 
 1047       1.786243988202e-10 
 1048       1.782632186977e-10 
 1049       1.778866055935e-10 
 1050       1.774945747706e-10 
 1051       1.770871791128e-10 
 1052       1.766646208341e-10 
 1053       1.762271413260e-10 
 1054       1.757749842552e-10 
 1055       1.753083955701e-10 
 1056       1.748276235061e-10 
 1057       1.743329185916e-10 
 1058       1.738245336534e-10 
 1059       1.733027238225e-10 
 1060       1.727677465402e-10 
 1061       1.722198615632e-10 
 1062       1.716593309700e-10 
 1063       1.710864191660e-10 
 1064       1.705013928896e-10 
 1065       1.699045212179e-10 
 1066       1.692960755722e-10 
 1067       1.686763297239e-10 
 1068       1.680455598002e-10 
 1069       1.674040442900e-10 
 1070       1.667520640491e-10 
 1071       1.660899023065e-10 
 1072       1.654178446699e-10 
 1073       1.647361791311e-10 
 1074       1.640451960725e-10 
 1075       1.633451882718e-10 
 1076       1.626364509088e-10 
 1077       1.619192815703e-10 
 1078       1.611939802560e-10 
 1079       1.604608493848e-10 
 1080       1.597201937995e-10 
 1081       1.589723207735e-10 
 1082       1.582175400159e-10 
 1083       1.574561636776e-10 
 1084       1.566885063567e-10 
 1085       1.559148851043e-10 
 1086       1.551356194306e-10 
 1087       1.543510313101e-10 
 1088       1.535614451874e-10 
 1089       1.527671879835e-10 
 1090       1.519685804160e-10 
 1091       1.511659108239e-10 
 1092       1.503594610036e-10 
 1093       1.495495148665e-10 
 1094       1.487363584444e-10 
 1095       1.479202798937e-10 
 1096       1.471015695006e-10 
 1097       1.462805196860e-10 
 1098       1.454574250099e-10 
 1099       1.446325821768e-10 
 1100       1.438062900404e-10 
 1101       1.429788496081e-10 
 1102       1.421505640462e-10 
 1103       1.413217386848e-10 
 1104       1.404926810222e-10 
 1105       1.396637007303e-10 
 1106       1.388351096591e-10 
 1107       1.380072218415e-10 
 1108       1.371803534986e-10 
 1109       1.363548230439e-10 
 1110       1.355309510885e-10 
 1111       1.347090604463e-10 
 1112       1.338894761379e-10 
 1113       1.330725253964e-10 
 1114       1.322585376718e-10 
 1115       1.314478446358e-10 
 1116       1.306407801868e-10 
 1117       1.298376804546e-10 
 1118       1.290388838057e-10 
 1119       1.282447308473e-10 
 1120       1.274555644329e-10 
 1121       1.266717296669e-10 
 1122       1.258935739093e-10 
 1123       1.251214467808e-10 
 1124       1.243557001675e-10 
 1125       1.235966882257e-10 
 1126       1.228447673867e-10 
 1127       1.221002963622e-10 
 1128       1.213636361481e-10 
 1129       1.206351095344e-10 
 1130       1.199148790475e-10 
 1131       1.192030674372e-10 
 1132       1.184997980303e-10 
 1133       1.178051947319e-10 
 1134       1.171193820265e-10 
 1135       1.164424849786e-10 
 1136       1.157746292340e-10 
 1137       1.151159410211e-10 
 1138       1.144665471514e-10 
 1139       1.138265750209e-10 
 1140       1.131961526111e-10 
 1141       1.125754084899e-10 
 1142       1.119644718128e-10 
 1143       1.113634723238e-10 
 1144       1.107725403565e-10 
 1145       1.101918068352e-10 
 1146       1.096214032758e-10 
 1147       1.090614617869e-10 
 1148       1.085121150709e-10 
 1149       1.079734964249e-10 
 1150       1.074457397419e-10 
 1151       1.069289795118e-10 
 1152       1.064233508223e-10 
 1153       1.059289893600e-10 
 1154       1.054460314116e-10 
 1155       1.049746138646e-10 
 1156       1.045148742088e-10 
 1157       1.040669505368e-10 
 1158       1.036309815457e-10 
 1159       1.032071065373e-10 
 1160       1.027954654199e-10 
 1161       1.023961987089e-10 
 1162       1.020094475281e-10 
 1163       1.016353536105e-10 
 1164       1.012740592993e-10 
 1165       1.009257075494e-10 
 1166       1.005904419278e-10 
 1167       1.002684066152e-10 
 1168       9.995970636073e-11 
 1169       9.966428579669e-11 
 1170       9.938204861591e-11 
 1171       9.911289747815e-11 
 1172       9.885673400765e-11 
 1173       9.861345879060e-11 
 1174       9.838297137273e-11 
 1175       9.816517025676e-11 
 1176       9.795995289999e-11 
 1177       9.776721571172e-11 
 1178       9.758685405088e-11 
 1179       9.741876222345e-11 
 1180       9.726283348003e-11 
 1181       9.711896001337e-11 
 1182       9.698703295583e-11 
 1183       9.686694237695e-11 
 1184       9.675857728095e-11 
 1185       9.666182560424e-11 
 1186       9.657657421296e-11 
 1187       9.650270890047e-11 
 1188       9.644011438488e-11 
 1189       9.638867430658e-11 
 1190       9.634827122573e-11 
 1191       9.631878661981e-11 
 1192       9.630010088112e-11 
 1193       9.629209331428e-11 
 1194       9.629464213378e-11 
 1195       9.630762446150e-11 
 1196       9.633091632418e-11 
 1197       9.636439265101e-11 
 1198       9.640792727106e-11 
 1199       9.646139291088e-11 
 1200       9.652466119199e-11 
 1201       9.659760262835e-11 
 1202       9.668008662395e-11 
 1203       9.677198147030e-11 
 1204       9.687315434392e-11 
 1205       9.698347130390e-11 
 1206       9.710279728940e-11 
 1207       9.723098298055e-11 
 1208       9.736782521208e-11 
 1209       9.751310607536e-11 
 1210       9.766660600798e-11 
 1211       9.782810379017e-11 
 1212       9.799737654125e-11 
 1213       9.817419971604e-11 
 1214       9.835834710135e-11 
 1215       9.854959081235e-11 
 1216       9.874770128905e-11 
 1217       9.895244729274e-11 
 1218       9.916359590240e-11 
 1219       9.938091251114e-11 
 1220       9.960416082266e-11 
 1221       9.983310284768e-11 
 1222       1.000674989003e-10 
 1223       1.003071075947e-10 
 1224       1.005516858411e-10 
 1225       1.008009888426e-10 
 1226       1.010547700917e-10 
 1227       1.013127813661e-10 
 1228       1.015747727261e-10 
 1229       1.018404925099e-10 
 1230       1.021096873312e-10 
 1231       1.023821020748e-10 
 1232       1.026574798932e-10 
 1233       1.029355622035e-10 
 1234       1.032160886832e-10 
 1235       1.034987972669e-10 
 1236       1.037834241431e-10 
 1237       1.040697037499e-10 
 1238       1.043573687720e-10 
 1239       1.046461501371e-10 
 1240       1.049357770119e-10 
 1241       1.052259767992e-10 
 1242       1.055164751337e-10 
 1243       1.058069958788e-10 
 1244       1.060972611230e-10 
 1245       1.063869911763e-10 
 1246       1.066759226886e-10 
 1247       1.069638632457e-10 
 1248       1.072506374069e-10 
 1249       1.075360686388e-10 
 1250       1.078199793129e-10 
 1251       1.081021907042e-10 
 1252       1.083825229880e-10 
 1253       1.086607952387e-10 
 1254       1.089368254269e-10 
 1255       1.092104304176e-10 
 1256       1.094814259682e-10 
 1257       1.097496267257e-10 
 1258       1.100148462253e-10 
 1259       1.102768968877e-10 
 1260       1.105355900172e-10 
 1261       1.107907357995e-10 
 1262       1.110421432992e-10 
 1263       1.112896204583e-10 
 1264       1.115329740935e-10 
 1265       1.117720098940e-10 
 1266       1.120065324200e-10 
 1267       1.122363450996e-10 
 1268       1.124612502273e-10 
 1269       1.126810489618e-10 
 1270       1.128955413234e-10 
 1271       1.131045261922e-10 
 1272       1.133078013060e-10 
 1273       1.135051632579e-10 
 1274       1.136964074940e-10 
 1275       1.138813283119e-10 
 1276       1.140597188577e-10 
 1277       1.142313711243e-10 
 1278       1.143960759495e-10 
 1279       1.145536230131e-10 
 1280       1.147038008353e-10 
 1281       1.148463967743e-10 
 1282       1.149811970245e-10 
 1283       1.151079866136e-10 
 1284       1.152265494013e-10 
 1285       1.153367005783e-10 
 1286       1.154383845749e-10 
 1287       1.155315782624e-10 
 1288       1.156162585525e-10 
 1289       1.156924023971e-10 
 1290       1.157599867891e-10 
 1291       1.158189887621e-10 
 1292       1.158693853910e-10 
 1293       1.159111537918e-10 
 1294       1.159442711221e-10 
 1295       1.159687145811e-10 
 1296       1.159844614100e-10 
 1297       1.159914888920e-10 
 1298       1.159897743526e-10 
 1299       1.159792951598e-10 
 1300       1.159600287241e-10 
 1301       1.159319524990e-10 
 1302       1.158950439812e-10 
 1303       1.158492807104e-10 
 1304       1.157946402699e-10 
 1305       1.157311002867e-10 
 1306       1.156586384313e-10 
 1307       1.155772324187e-10 
 1308       1.154868600079e-10 
 1309       1.153874990024e-10 
 1310       1.152791272502e-10 
 1311       1.151617226443e-10 
 1312       1.150352631227e-10 
 1313       1.148997266684e-10 
 1314       1.147550913102e-10 
 1315       1.146013351222e-10 
 1316       1.144384362244e-10 
 1317       1.142663727828e-10 
 1318       1.140851230096e-10 
 1319       1.138946651635e-10 
 1320       1.136949775497e-10 
 1321       1.134860385201e-10 
 1322       1.132678264738e-10 
 1323       1.130403198569e-10 
 1324       1.128035207698e-10 
 1325       1.125575260730e-10 
 1326       1.123024570671e-10 
 1327       1.120384359584e-10 
 1328       1.117655858615e-10 
 1329       1.114840308003e-10 
 1330       1.111938957104e-10 
 1331       1.108953064407e-10 
 1332       1.105883897551e-10 
 1333       1.102732733347e-10 
 1334       1.099500857790e-10 
 1335       1.096189566083e-10 
 1336       1.092800162652e-10 
 1337       1.089333961165e-10 
 1338       1.085792284549e-10 
 1339       1.082176465010e-10 
 1340       1.078487844049e-10 
 1341       1.074727772483e-10 
 1342       1.070897610459e-10 
 1343       1.066998727477e-10 
 1344       1.063032502403e-10 
 1345       1.059000323491e-10 
 1346       1.054903588401e-10 
 1347       1.050743704213e-10 
 1348       1.046522087450e-10 
 1349       1.042240164094e-10 
 1350       1.037899369603e-10 
 1351       1.033501148932e-10 
 1352       1.029046956549e-10 
 1353       1.024538256452e-10 
 1354       1.019976522191e-10 
 1355       1.015363236882e-10 
 1356       1.010699893227e-10 
 1357       1.005987993533e-10 
 1358       1.001229049729e-10 
 1359       9.964245833836e-11 
 1360       9.915761257237e-11 
 1361       9.866852176529e-11 
 1362       9.817534097696e-11 
 1363       9.767822715876e-11 
 1364       9.717734192723e-11 
 1365       9.667284882389e-11 
 1366       9.616491239940e-11 
 1367       9.565369821551e-11 
 1368       9.513937284691e-11 
 1369       9.462210388308e-11 
 1370       9.410205993019e-11 
 1371       9.357941061293e-11 
 1372       9.305432657644e-11 
 1373       9.252697948813e-11 
 1374       9.199754203955e-11 
 1375       9.146618794832e-11 
 1376       9.093309195991e-11 
 1377       9.039842984960e-11 
 1378       8.986237842428e-11 
 1379       8.932511552437e-11 
 1380       8.878682002566e-11 
 1381       8.824767184119e-11 
 1382       8.770785192313e-11 
 1383       8.716754226463e-11 
 1384       8.662692590171e-11 
 1385       8.608618691513e-11 
 1386       8.554551043224e-11 
 1387       8.500508262887e-11 
 1388       8.446509073119e-11 
 1389       8.392572301760e-11 
 1390       8.338716882057e-11 
 1391       8.284961852853e-11 
 1392       8.231326358773e-11 
 1393       8.177829650414e-11 
 1394       8.124491084528e-11 
 1395       8.071330124210e-11 
 1396       8.018366339088e-11 
 1397       7.965619405507e-11 
 1398       7.913109106716e-11 
 1399       7.860855333058e-11 
 1400       7.808878082153e-11 
 1401       7.757197459089e-11 
 1402       7.705831854466e-11 
 1403       7.654792457372e-11 
 1404       7.604088685545e-11 
 1405       7.553730002402e-11 
 1406       7.503725917104e-11 
 1407       7.454085984644e-11 
 1408       7.404819805913e-11 
 1409       7.355937027784e-11 
 1410       7.307447343179e-11 
 1411       7.259360491155e-11 
 1412       7.211686256970e-11 
 1413       7.164434472168e-11 
 1414       7.117615014646e-11 
 1415       7.071237808739e-11 
 1416       7.025312825287e-11 
 1417       6.979850081719e-11 
 1418       6.934859642122e-11 
 1419       6.890351617321e-11 
 1420       6.846336164954e-11 
 1421       6.802823489548e-11 
 1422       6.759823842594e-11 
 1423       6.717347522623e-11 
 1424       6.675404875285e-11 
 1425       6.634006293419e-11 
 1426       6.593162217134e-11 
 1427       6.552883133883e-11 
 1428       6.513179578537e-11 
 1429       6.474062133466e-11 
 1430       6.435541428610e-11 
 1431       6.397628141556e-11 
 1432       6.360332997616e-11 
 1433       6.323666769899e-11 
 1434       6.287640279393e-11 
 1435       6.252264395034e-11 
 1436       6.217550033787e-11 
 1437       6.183508160718e-11 
 1438       6.150149789074e-11 
 1439       6.117485980354e-11 
 1440       6.085527844392e-11 
 1441       6.054284287248e-11 
 1442       6.023755229766e-11 
 1443       5.993938320340e-11 
 1444       5.964831180801e-11 
 1445       5.936431406355e-11 
 1446       5.908736565531e-11 
 1447       5.881744200128e-11 
 1448       5.855451825160e-11 
 1449       5.829856928802e-11 
 1450       5.804956972336e-11 
 1451       5.780749390095e-11 
 1452       5.757231589411e-11 
 1453       5.734400950561e-11 
 1454       5.712254826711e-11 
 1455       5.690790543864e-11 
 1456       5.670005400803e-11 
 1457       5.649896669039e-11 
 1458       5.630461592757e-11 
 1459       5.611697388761e-11 
 1460       5.593601246419e-11 
 1461       5.576170327611e-11 
 1462       5.559401766671e-11 
 1463       5.543292670340e-11 
 1464       5.527840117703e-11 
 1465       5.513041160141e-11 
 1466       5.498892821274e-11 
 1467       5.485392096909e-11 
 1468       5.472535954984e-11 
 1469       5.460321335513e-11 
 1470       5.448745150536e-11 
 1471       5.437804284059e-11 
 1472       5.427495592005e-11 
 1473       5.417815902157e-11 
 1474       5.408762014104e-11 
 1475       5.400330699189e-11 
 1476       5.392518700450e-11 
 1477       5.385322732572e-11 
 1478       5.378739481830e-11 
 1479       5.372765606031e-11 
 1480       5.367396580833e-11 
 1481       5.362623226308e-11 
 1482       5.358435145939e-11 
 1483       5.354821877027e-11 
 1484       5.351772890570e-11 
 1485       5.349277591146e-11 
 1486       5.347325316799e-11 
 1487       5.345905338914e-11 
 1488       5.345006862110e-11 
 1489       5.344619024114e-11 
 1490       5.344730895648e-11 
 1491       5.345331480312e-11 
 1492       5.346409714463e-11 
 1493       5.347954467101e-11 
 1494       5.349954539751e-11 
 1495       5.352398666346e-11 
 1496       5.355275513107e-11 
 1497       5.358573678430e-11 
 1498       5.362281692765e-11 
 1499       5.366388018499e-11 
 1500       5.370881049844e-11 
 1501       5.375749112709e-11 
 1502       5.380980464595e-11 
 1503       5.386563294468e-11 
 1504       5.392485722646e-11 
 1505       5.398735800683e-11 
 1506       5.405301511247e-11 
 1507       5.412170768007e-11 
 1508       5.419331415515e-11 
 1509       5.426771229084e-11 
 1510       5.434477914679e-11 
 1511       5.442439108791e-11 
 1512       5.450642378327e-11 
 1513       5.459075220488e-11 
 1514       5.467725062652e-11 
 1515       5.476579262259e-11 
 1516       5.485625106692e-11 
 1517       5.494849813161e-11 
 1518       5.504240528583e-11 
 1519       5.513784788487e-11 
 1520       5.523471898785e-11 
 1521       5.533291567072e-11 
 1522       5.543233444721e-11 
 1523       5.553287126788e-11 
 1524       5.563442151921e-11 
 1525       5.573688002265e-11 
 1526       5.584014103369e-11 
 1527       5.594409824090e-11 
 1528       5.604864476506e-11 
 1529       5.615367315815e-11 
 1530       5.625907540245e-11 
 1531       5.636474290963e-11 
 1532       5.647056651976e-11 
 1533       5.657643650042e-11 
 1534       5.668224254575e-11 
 1535       5.678787377551e-11 
 1536       5.689321873415e-11 
 1537       5.699816538988e-11 
 1538       5.710260113373e-11 
 1539       5.720641277861e-11 
 1540       5.730948655838e-11 
 1541       5.741170812693e-11 
 1542       5.751296255722e-11 
 1543       5.761313434036e-11 
 1544       5.771210738468e-11 
 1545       5.780976501477e-11 
 1546       5.790598997057e-11 
 1547       5.800066440645e-11 
 1548       5.809366989021e-11 
 1549       5.818488740223e-11 
 1550       5.827419733446e-11 
 1551       5.836147948956e-11 
 1552       5.844661307987e-11 
 1553       5.852947672658e-11 
 1554       5.860994845871e-11 
 1555       5.868790571223e-11 
 1556       5.876322532910e-11 
 1557       5.883578355633e-11 
 1558       5.890547089066e-11 
 1559       5.897223676676e-11 
 1560       5.903604528676e-11 
 1561       5.909686041248e-11 
 1562       5.915464596528e-11 
 1563       5.920936562584e-11 
 1564       5.926098293395e-11 
 1565       5.930946128831e-11 
 1566       5.935476394636e-11 
 1567       5.939685402402e-11 
 1568       5.943569449554e-11 
 1569       5.947124819329e-11 
 1570       5.950347780755e-11 
 1571       5.953234588628e-11 
 1572       5.955781483497e-11 
 1573       5.957984691642e-11 
 1574       5.959840425052e-11 
 1575       5.961344881408e-11 
 1576       5.962494244060e-11 
 1577       5.963284682008e-11 
 1578       5.963712349882e-11 
 1579       5.963773387922e-11 
 1580       5.963463921958e-11 
 1581       5.962780063390e-11 
 1582       5.961717909166e-11 
 1583       5.960273541764e-11 
 1584       5.958443029172e-11 
 1585       5.956222424864e-11 
 1586       5.953607767788e-11 
 1587       5.950595082335e-11 
 1588       5.947180378330e-11 
 1589       5.943359651002e-11 
 1590       5.939128880971e-11 
 1591       5.934484034224e-11 
 1592       5.929421062098e-11 
 1593       5.923935901255e-11 
 1594       5.918024473668e-11 
 1595       5.911682686595e-11 
 1596       5.904906432563e-11 
 1597       5.897692961302e-11 
 1598       5.890045009340e-11 
 1599       5.881966708193e-11 
 1600       5.873462215895e-11 
 1601       5.864535717036e-11 
 1602       5.855191422805e-11 
 1603       5.845433571043e-11 
 1604       5.835266426278e-11 
 1605       5.824694279775e-11 
 1606       5.813721449577e-11 
 1607       5.802352280554e-11 
 1608       5.790591144440e-11 
 1609       5.778442439886e-11 
 1610       5.765910592499e-11 
 1611       5.753000054885e-11 
 1612       5.739715306700e-11 
 1613       5.726060854687e-11 
 1614       5.712041232726e-11 
 1615       5.697661001874e-11 
 1616       5.682924750414e-11 
 1617       5.667837093894e-11 
 1618       5.652402675176e-11 
 1619       5.636626164479e-11 
 1620       5.620512259421e-11 
 1621       5.604065685067e-11 
 1622       5.587291193972e-11 
 1623       5.570193566223e-11 
 1624       5.552777609488e-11 
 1625       5.535048159057e-11 
 1626       5.517010077886e-11 
 1627       5.498668256645e-11 
 1628       5.480027613758e-11 
 1629       5.461093095450e-11 
 1630       5.441869675792e-11 
 1631       5.422362356741e-11 
 1632       5.402576168192e-11 
 1633       5.382516168015e-11 
 1634       5.362187442102e-11 
 1635       5.341595104413e-11 
 1636       5.320744702688e-11 
 1637       5.299643439462e-11 
 1638       5.278298962057e-11 
 1639       5.256718957969e-11 
 1640       5.234911154925e-11 
 1641       5.212883320952e-11 
 1642       5.190643264435e-11 
 1643       5.168198834182e-11 
 1644       5.145557919486e-11 
 1645       5.122728450186e-11 
 1646       5.099718396731e-11 
 1647       5.076535770243e-11 
 1648       5.053188622580e-11 
 1649       5.029685046394e-11 
 1650       5.006033175202e-11 
 1651       4.982241183439e-11 
 1652       4.958317286528e-11 
 1653       4.934269740938e-11 
 1654       4.910106844250e-11 
 1655       4.885836935216e-11 
 1656       4.861468393825e-11 
 1657       4.837009641363e-11 
 1658       4.812469140478e-11 
 1659       4.787855395238e-11 
 1660       4.763176951199e-11 
 1661       4.738442395466e-11 
 1662       4.713660356752e-11 
 1663       4.688839505445e-11 
 1664       4.663988553669e-11 
 1665       4.639116255346e-11 
 1666       4.614231406258e-11 
 1667       4.589342844113e-11 
 1668       4.564459448603e-11 
 1669       4.539590141469e-11 
 1670       4.514743886564e-11 
 1671       4.489929689913e-11 
 1672       4.465156599780e-11 
 1673       4.440433706726e-11 
 1674       4.415770143674e-11 
 1675       4.391174464702e-11 
 1676       4.366652775370e-11 
 1677       4.342210586187e-11 
 1678       4.317853432434e-11 
 1679       4.293586874196e-11 
 1680       4.269416496403e-11 
 1681       4.245347908866e-11 
 1682       4.221386746306e-11 
 1683       4.197538668400e-11 
 1684       4.173809359809e-11 
 1685       4.150204530218e-11 
 1686       4.126729914371e-11 
 1687       4.103391272107e-11 
 1688       4.080194388395e-11 
 1689       4.057145073372e-11 
 1690       4.034249162378e-11 
 1691       4.011512515993e-11 
 1692       3.988941020069e-11 
 1693       3.966540585773e-11 
 1694       3.944317149615e-11 
 1695       3.922276673490e-11 
 1696       3.900425144714e-11 
 1697       3.878768576053e-11 
 1698       3.857313005769e-11 
 1699       3.836064497648e-11 
 1700       3.815029141041e-11 
 1701       3.794213050895e-11 
 1702       3.773622367796e-11 
 1703       3.753263257998e-11 
 1704       3.733141913464e-11 
 1705       3.713264551897e-11 
 1706       3.693637416784e-11 
 1707       3.674266777421e-11 
 1708       3.655158928961e-11 
 1709       3.636320192439e-11 
 1710       3.617756914816e-11 
 1711       3.599475469011e-11 
 1712       3.581482253939e-11 
 1713       3.563783694544e-11 
 1714       3.546385189988e-11 
 1715       3.529287948305e-11 
 1716       3.512492124800e-11 
 1717       3.495997871431e-11 
 1718       3.479805336810e-11 
 1719       3.463914666194e-11 
 1720       3.448326001474e-11 
 1721       3.433039481175e-11 
 1722       3.418055240443e-11 
 1723       3.403373411043e-11 
 1724       3.388994121346e-11 
 1725       3.374917496330e-11 
 1726       3.361143657564e-11 
 1727       3.347672723209e-11 
 1728       3.334504808008e-11 
 1729       3.321640023277e-11 
 1730       3.309078476901e-11 
 1731       3.296820273326e-11 
 1732       3.284865513552e-11 
 1733       3.273214295125e-11 
 1734       3.261866712133e-11 
 1735       3.250822855197e-11 
 1736       3.240082811464e-11 
 1737       3.229646664599e-11 
 1738       3.219514494781e-11 
 1739       3.209686378694e-11 
 1740       3.200162389522e-11 
 1741       3.190942596938e-11 
 1742       3.182027067102e-11 
 1743       3.173415862649e-11 
 1744       3.165109042689e-11 
 1745       3.157106662791e-11 
 1746       3.149408774986e-11 
 1747       3.142015427750e-11 
 1748       3.134926666006e-11 
 1749       3.128142531110e-11 
 1750       3.121663060850e-11 
 1751       3.115488289435e-11 
 1752       3.109618247489e-11 
 1753       3.104052242941e-11 
 1754       3.098786697144e-11 
 1755       3.093817290683e-11 
 1756       3.089139680799e-11 
 1757       3.084749501355e-11 
 1758       3.080642362803e-11 
 1759       3.076813852150e-11 
 1760       3.073259532917e-11 
 1761       3.069974945112e-11 
 1762       3.066955605189e-11 
 1763       3.064197006015e-11 
 1764       3.061694616835e-11 
 1765       3.059443883237e-11 
 1766       3.057440227118e-11 
 1767       3.055679046648e-11 
 1768       3.054155716232e-11 
 1769       3.052865586482e-11 
 1770       3.051803984175e-11 
 1771       3.050966212224e-11 
 1772       3.050347549636e-11 
 1773       3.049943251485e-11 
 1774       3.049748548870e-11 
 1775       3.049758648884e-11 
 1776       3.049968734578e-11 
 1777       3.050373964927e-11 
 1778       3.050969474793e-11 
 1779       3.051750374889e-11 
 1780       3.052711751750e-11 
 1781       3.053848667690e-11 
 1782       3.055156160774e-11 
 1783       3.056629244778e-11 
 1784       3.058262909157e-11 
 1785       3.060052119008e-11 
 1786       3.061991815037e-11 
 1787       3.064076913522e-11 
 1788       3.066302306280e-11 
 1789       3.068662860629e-11 
 1790       3.071153419357e-11 
 1791       3.073768800684e-11 
 1792       3.076503808433e-11 
 1793       3.079353262709e-11 
 1794       3.082311969397e-11 
 1795       3.085374709954e-11 
 1796       3.088536241365e-11 
 1797       3.091791296114e-11 
 1798       3.095134582149e-11 
 1799       3.098560782845e-11 
 1800       3.102064556972e-11 
 1801       3.105640538657e-11 
 1802       3.109283337353e-11 
 1803       3.112987537802e-11 
 1804       3.116747700003e-11 
 1805       3.120558359174e-11 
 1806       3.124414025718e-11 
 1807       3.128309185192e-11 
 1808       3.132238298268e-11 
 1809       3.136195800699e-11 
 1810       3.140176103289e-11 
 1811       3.144173591852e-11 
 1812       3.148182627180e-11 
 1813       3.152197545010e-11 
 1814       3.156212655989e-11 
 1815       3.160222245635e-11 
 1816       3.164220574309e-11 
 1817       3.168201877174e-11 
 1818       3.172160364167e-11 
 1819       3.176090219959e-11 
 1820       3.179985603922e-11 
 1821       3.183840650095e-11 
 1822       3.187649467149e-11 
 1823       3.191406138352e-11 
 1824       3.195104721536e-11 
 1825       3.198739249059e-11 
 1826       3.202303727776e-11 
 1827       3.205792138997e-11 
 1828       3.209198438458e-11 
 1829       3.212516556286e-11 
 1830       3.215740396960e-11 
 1831       3.218864435713e-11 
 1832       3.221885512996e-11 
 1833       3.224801054286e-11 
 1834       3.227608474940e-11 
 1835       3.230305180185e-11 
 1836       3.232888565103e-11 
 1837       3.235356014617e-11 
 1838       3.237704903482e-11 
 1839       3.239932596264e-11 
 1840       3.242036447335e-11 
 1841       3.244013800854e-11 
 1842       3.245861990757e-11 
 1843       3.247578340740e-11 
 1844       3.249160164252e-11 
 1845       3.250604764473e-11 
 1846       3.251909434310e-11 
 1847       3.253071456375e-11 
 1848       3.254088102981e-11 
 1849       3.254956636119e-11 
 1850       3.255674307451e-11 
 1851       3.256238358297e-11 
 1852       3.256646019617e-11 
 1853       3.256894512002e-11 
 1854       3.256981045658e-11 
 1855       3.256902820396e-11 
 1856       3.256657025615e-11 
 1857       3.256240840291e-11 
 1858       3.255651432963e-11 
 1859       3.254885961720e-11 
 1860       3.253941574186e-11 
 1861       3.252815407512e-11 
 1862       3.251504588355e-11 
 1863       3.250006232870e-11 
 1864       3.248317446696e-11 
 1865       3.246435324941e-11 
 1866       3.244356952172e-11 
 1867       3.242079402397e-11 
 1868       3.239599739055e-11 
 1869       3.236915015002e-11 
 1870       3.234022964838e-11 
 1871       3.230924087829e-11 
 1872       3.227619581262e-11 
 1873       3.224110649589e-11 
 1874       3.220398504442e-11 
 1875       3.216484364642e-11 
 1876       3.212369456211e-11 
 1877       3.208055012379e-11 
 1878       3.203542273599e-11 
 1879       3.198832487552e-11 
 1880       3.193926909164e-11 
 1881       3.188826800610e-11 
 1882       3.183533431330e-11 
 1883       3.178048078035e-11 
 1884       3.172372024719e-11 
 1885       3.166506562673e-11 
 1886       3.160452990490e-11 
 1887       3.154212614076e-11 
 1888       3.147786746666e-11 
 1889       3.141176708828e-11 
 1890       3.134383828478e-11 
 1891       3.127409440886e-11 
 1892       3.120254888693e-11 
 1893       3.112921521913e-11 
 1894       3.105410697951e-11 
 1895       3.097723781609e-11 
 1896       3.089862145100e-11 
 1897       3.081827168054e-11 
 1898       3.073620237531e-11 
 1899       3.065242748033e-11 
 1900       3.056696101512e-11 
 1901       3.047981707380e-11 
 1902       3.039100982521e-11 
 1903       3.030055351304e-11 
 1904       3.020846245586e-11 
 1905       3.011475104730e-11 
 1906       3.001943375613e-11 
 1907       2.992252512633e-11 
 1908       2.982403977725e-11 
 1909       2.972399572376e-11 
 1910       2.962242436444e-11 
 1911       2.951936057019e-11 
 1912       2.941483937128e-11 
 1913       2.930889595762e-11 
 1914       2.920156567892e-11 
 1915       2.909288404495e-11 
 1916       2.898288672570e-11 
 1917       2.887160955167e-11 
 1918       2.875908851399e-11 
 1919       2.864535976471e-11 
 1920       2.853045961700e-11 
 1921       2.841442454532e-11 
 1922       2.829729118568e-11 
 1923       2.817909633583e-11 
 1924       2.805987695551e-11 
 1925       2.793967016660e-11 
 1926       2.781851325338e-11 
 1927       2.769644366275e-11 
 1928       2.757349900442e-11 
 1929       2.744971705112e-11 
 1930       2.732513573884e-11 
 1931       2.719979316702e-11 
 1932       2.707372759878e-11 
 1933       2.694697746112e-11 
 1934       2.681958134515e-11 
 1935       2.669157800629e-11 
 1936       2.656300636449e-11 
 1937       2.643390550443e-11 
 1938       2.630431467578e-11 
 1939       2.617427329333e-11 
 1940       2.604382093730e-11 
 1941       2.591299735349e-11 
 1942       2.578184245352e-11 
 1943       2.565039631500e-11 
 1944       2.551869918184e-11 
 1945       2.538679146435e-11 
 1946       2.525471373954e-11 
 1947       2.512250675129e-11 
 1948       2.499020975544e-11 
 1949       2.485785554102e-11 
 1950       2.472547537207e-11 
 1951       2.459310063947e-11 
 1952       2.446076286117e-11 
 1953       2.432849368231e-11 
 1954       2.419632487541e-11 
 1955       2.406428834050e-11 
 1956       2.393241610530e-11 
 1957       2.380074032538e-11 
 1958       2.366929328433e-11 
 1959       2.353810739391e-11 
 1960       2.340721519420e-11 
 1961       2.327664935379e-11 
 1962       2.314644266993e-11 
 1963       2.301662806867e-11 
 1964       2.288723860505e-11 
 1965       2.275830746327e-11 
 1966       2.262986795680e-11 
 1967       2.250195352859e-11 
 1968       2.237459775124e-11 
 1969       2.224783432709e-11 
 1970       2.212169708848e-11 
 1971       2.199621999781e-11 
 1972       2.187143714781e-11 
 1973       2.174738276158e-11 
 1974       2.162409119288e-11 
 1975       2.150159692618e-11 
 1976       2.137993457689e-11 
 1977       2.125913889150e-11 
 1978       2.113924474773e-11 
 1979       2.102028715471e-11 
 1980       2.090230125315e-11 
 1981       2.078532231546e-11 
 1982       2.066938574596e-11 
 1983       2.055452708100e-11 
 1984       2.044078198917e-11 
 1985       2.032818627141e-11 
 1986       2.021677586119e-11 
 1987       2.010658222652e-11 
 1988       1.999761853850e-11 
 1989       1.988989340119e-11 
 1990       1.978341544056e-11 
 1991       1.967819330452e-11 
 1992       1.957423566290e-11 
 1993       1.947155120753e-11 
 1994       1.937014865223e-11 
 1995       1.927003673283e-11 
 1996       1.917122420719e-11 
 1997       1.907371985524e-11 
 1998       1.897753247900e-11 
 1999       1.888267090258e-11 
 2000       1.878914397222e-11 
 2001       1.869696055630e-11 
 2002       1.860612954539e-11 
 2003       1.851665985223e-11 
 2004       1.842856041178e-11 
 2005       1.834184018123e-11 
 2006       1.825650814004e-11 
 2007       1.817257328993e-11 
 2008       1.809004465494e-11 
 2009       1.800893128143e-11 
 2010       1.792924223808e-11 
 2011       1.785098661596e-11 
 2012       1.777417352853e-11 
 2013       1.769881211164e-11 
 2014       1.762491152358e-11 
 2015       1.755248094511e-11 
 2016       1.748152957943e-11 
 2017       1.741206665228e-11 
 2018       1.734410141189e-11 
 2019       1.727764312903e-11 
 2020       1.721270109705e-11 
 2021       1.714928463187e-11 
 2022       1.708740307204e-11 
 2023       1.702706577870e-11 
 2024       1.696828213567e-11 
 2025       1.691106154943e-11 
 2026       1.685540939081e-11 
 2027       1.680131478786e-11 
 2028       1.674876274485e-11 
 2029       1.669773819247e-11 
 2030       1.664822598776e-11 
 2031       1.660021091402e-11 
 2032       1.655367768069e-11 
 2033       1.650861092328e-11 
 2034       1.646499520324e-11 
 2035       1.642281500790e-11 
 2036       1.638205475035e-11 
 2037       1.634269876935e-11 
 2038       1.630473132924e-11 
 2039       1.626813661981e-11 
 2040       1.623289875627e-11 
 2041       1.619900177907e-11 
 2042       1.616642965387e-11 
 2043       1.613516627143e-11 
 2044       1.610519544746e-11 
 2045       1.607650092262e-11 
 2046       1.604906636232e-11 
 2047       1.602287535670e-11 
 2048       1.599791142050e-11 
 2049       1.597415799297e-11 
 2050       1.595159843776e-11 
 2051       1.593021604286e-11 
 2052       1.590999402044e-11 
 2053       1.589091550684e-11 
 2054       1.587296356238e-11 
 2055       1.585612117134e-11 
 2056       1.584037124182e-11 
 2057       1.582569660564e-11 
 2058       1.581208001829e-11 
 2059       1.579950415878e-11 
 2060       1.578795162957e-11 
 2061       1.577740495646e-11 
 2062       1.576784658852e-11 
 2063       1.575925889795e-11 
 2064       1.575162418003e-11 
 2065       1.574492357251e-11 
 2066       1.573913380572e-11 
 2067       1.573423042921e-11 
 2068       1.573018889009e-11 
 2069       1.572698453281e-11 
 2070       1.572459259911e-11 
 2071       1.572298822785e-11 
 2072       1.572214645489e-11 
 2073       1.572204221299e-11 
 2074       1.572265033163e-11 
 2075       1.572394553694e-11 
 2076       1.572590245152e-11 
 2077       1.572849559437e-11 
 2078       1.573169938070e-11 
 2079       1.573548812186e-11 
 2080       1.573983602518e-11 
 2081       1.574471719384e-11 
 2082       1.575010562677e-11 
 2083       1.575597521850e-11 
 2084       1.576229975904e-11 
 2085       1.576905293375e-11 
 2086       1.577620832321e-11 
 2087       1.578373940311e-11 
 2088       1.579161954411e-11 
 2089       1.579982201170e-11 
 2090       1.580831996610e-11 
 2091       1.581708646212e-11 
 2092       1.582609444903e-11 
 2093       1.583531677042e-11 
 2094       1.584472616412e-11 
 2095       1.585429526201e-11 
 2096       1.586399658995e-11 
 2097       1.587380256760e-11 
 2098       1.588368550835e-11 
 2099       1.589361761913e-11 
 2100       1.590357100035e-11 
 2101       1.591351764571e-11 
 2102       1.592342944212e-11 
 2103       1.593327816954e-11 
 2104       1.594303746957e-11 
 2105       1.595268876634e-11 
 2106       1.596221538653e-11 
 2107       1.597160059438e-11 
 2108       1.598082759161e-11 
 2109       1.598987951730e-11 
 2110       1.599873944788e-11 
 2111       1.600739039703e-11 
 2112       1.601581531560e-11 
 2113       1.602399709152e-11 
 2114       1.603191854979e-11 
 2115       1.603956245232e-11 
 2116       1.604691149793e-11 
 2117       1.605394832223e-11 
 2118       1.606065549756e-11 
 2119       1.606701553294e-11 
 2120       1.607301087396e-11 
 2121       1.607862390270e-11 
 2122       1.608383693772e-11 
 2123       1.608863223391e-11 
 2124       1.609299198247e-11 
 2125       1.609689831080e-11 
 2126       1.610033328245e-11 
 2127       1.610327889703e-11 
 2128       1.610571709016e-11 
 2129       1.610762973338e-11 
 2130       1.610899863405e-11 
 2131       1.610980553534e-11 
 2132       1.611003211608e-11 
 2133       1.610965999077e-11 
 2134       1.610867070943e-11 
 2135       1.610704575757e-11 
 2136       1.610476655609e-11 
 2137       1.610181446125e-11 
 2138       1.609817076454e-11 
 2139       1.609381669264e-11 
 2140       1.608873340734e-11 
 2141       1.608290200548e-11 
 2142       1.607630351883e-11 
 2143       1.606892207998e-11 
 2144       1.606075444354e-11 
 2145       1.605180052982e-11 
 2146       1.604206026481e-11 
 2147       1.603153358021e-11 
 2148       1.602022041342e-11 
 2149       1.600812070757e-11 
 2150       1.599523441153e-11 
 2151       1.598156147988e-11 
 2152       1.596710187298e-11 
 2153       1.595185555693e-11 
 2154       1.593582250358e-11 
 2155       1.591900269058e-11 
 2156       1.590139610135e-11 
 2157       1.588300272510e-11 
 2158       1.586382255686e-11 
 2159       1.584385559744e-11 
 2160       1.582310185349e-11 
 2161       1.580156133748e-11 
 2162       1.577923406772e-11 
 2163       1.575612006836e-11 
 2164       1.573221936941e-11 
 2165       1.570753200673e-11 
 2166       1.568205802208e-11 
 2167       1.565579746308e-11 
 2168       1.562875038323e-11 
 2169       1.560091684196e-11 
 2170       1.557229690458e-11 
 2171       1.554289064233e-11 
 2172       1.551269813237e-11 
 2173       1.548171945780e-11 
 2174       1.544995470767e-11 
 2175       1.541740397696e-11 
 2176       1.538406736663e-11 
 2177       1.534994498361e-11 
 2178       1.531503694079e-11 
 2179       1.527934335708e-11 
 2180       1.524286435736e-11 
 2181       1.520560007253e-11 
 2182       1.516755277371e-11 
 2183       1.512873329056e-11 
 2184       1.508915463606e-11 
 2185       1.504882987624e-11 
 2186       1.500777213027e-11 
 2187       1.496599457050e-11 
 2188       1.492351042255e-11 
 2189       1.488033296534e-11 
 2190       1.483647553118e-11 
 2191       1.479195150581e-11 
 2192       1.474677432849e-11 
 2193       1.470095749203e-11 
 2194       1.465451454289e-11 
 2195       1.460745908120e-11 
 2196       1.455980476087e-11 
 2197       1.451156528961e-11 
 2198       1.446275442901e-11 
 2199       1.441338599460e-11 
 2200       1.436347385595e-11 
 2201       1.431303193665e-11 
 2202       1.426207421446e-11 
 2203       1.421061472131e-11 
 2204       1.415866754339e-11 
 2205       1.410624682122e-11 
 2206       1.405336674971e-11 
 2207       1.400004157817e-11 
 2208       1.394628561048e-11 
 2209       1.389211320504e-11 
 2210       1.383753877491e-11 
 2211       1.378257678783e-11 
 2212       1.372724176631e-11 
 2213       1.367154828768e-11 
 2214       1.361551098413e-11 
 2215       1.355914454284e-11 
 2216       1.350246370596e-11 
 2217       1.344548327073e-11 
 2218       1.338821808953e-11 
 2219       1.333068306991e-11 
 2220       1.327289317470e-11 
 2221       1.321486340969e-11 
 2222       1.315660878652e-11 
 2223       1.309814435965e-11 
 2224       1.303948523880e-11 
 2225       1.298064658900e-11 
 2226       1.292164363061e-11 
 2227       1.286249163948e-11 
 2228       1.280320594690e-11 
 2229       1.274380193973e-11 
 2230       1.268429506047e-11 
 2231       1.262470080727e-11 
 2232       1.256503473403e-11 
 2233       1.250531245046e-11 
 2234       1.244554962214e-11 
 2235       1.238576197057e-11 
 2236       1.232596527323e-11 
 2237       1.226617536368e-11 
 2238       1.220640813158e-11 
 2239       1.214667952278e-11 
 2240       1.208700553935e-11 
 2241       1.202740223969e-11 
 2242       1.196788573854e-11 
 2243       1.190847220708e-11 
 2244       1.184917787299e-11 
 2245       1.179001902049e-11 
 2246       1.173101199041e-11 
 2247       1.167217318027e-11 
 2248       1.161351904434e-11 
 2249       1.155506609365e-11 
 2250       1.149683089615e-11 
 2251       1.143883007667e-11 
 2252       1.138108031707e-11 
 2253       1.132359835622e-11 
 2254       1.126640099013e-11 
 2255       1.120950507199e-11 
 2256       1.115292751222e-11 
 2257       1.109668527854e-11 
 2258       1.104079539604e-11 
 2259       1.098527494722e-11 
 2260       1.093013937913e-11 
 2261       1.087539741247e-11 
 2262       1.082105609964e-11 
 2263       1.076712251468e-11 
 2264       1.071360375332e-11 
 2265       1.066050693301e-11 
 2266       1.060783919292e-11 
 2267       1.055560769398e-11 
 2268       1.050381961889e-11 
 2269       1.045248217215e-11 
 2270       1.040160258009e-11 
 2271       1.035118809087e-11 
 2272       1.030124597453e-11 
 2273       1.025178352298e-11 
 2274       1.020280805008e-11 
 2275       1.015432689158e-11 
 2276       1.010634740521e-11 
 2277       1.005887697069e-11 
 2278       1.001192298972e-11 
 2279       9.965492886042e-12 
 2280       9.919594105432e-12 
 2281       9.874234115747e-12 
 2282       9.829420406932e-12 
 2283       9.785160491050e-12 
 2284       9.741461902302e-12 
 2285       9.698332197049e-12 
 2286       9.655778953836e-12 
 2287       9.613809773414e-12 
 2288       9.572432278762e-12 
 2289       9.531654115112e-12 
 2290       9.491482949970e-12 
 2291       9.451926473136e-12 
 2292       9.412992396733e-12 
 2293       9.374688455224e-12 
 2294       9.337022405435e-12 
 2295       9.300002026583e-12 
 2296       9.263635120291e-12 
 2297       9.227929510617e-12 
 2298       9.192893044073e-12 
 2299       9.158531634334e-12 
 2300       9.124843382713e-12 
 2301       9.091824420292e-12 
 2302       9.059470859808e-12 
 2303       9.027778795638e-12 
 2304       8.996744303775e-12 
 2305       8.966363441803e-12 
 2306       8.936632248882e-12 
 2307       8.907546745720e-12 
 2308       8.879102934554e-12 
 2309       8.851296799127e-12 
 2310       8.824124304668e-12 
 2311       8.797581397871e-12 
 2312       8.771664006869e-12 
 2313       8.746368041217e-12 
 2314       8.721689391865e-12 
 2315       8.697623931143e-12 
 2316       8.674167512733e-12 
 2317       8.651315971652e-12 
 2318       8.629065124227e-12 
 2319       8.607410768073e-12 
 2320       8.586348682076e-12 
 2321       8.565874626365e-12 
 2322       8.545984342294e-12 
 2323       8.526673552420e-12 
 2324       8.507937960479e-12 
 2325       8.489773251369e-12 
 2326       8.472175091121e-12 
 2327       8.455139126885e-12 
 2328       8.438660986902e-12 
 2329       8.422736280487e-12 
 2330       8.407360598004e-12 
 2331       8.392529510846e-12 
 2332       8.378238571411e-12 
 2333       8.364483313085e-12 
 2334       8.351259250214e-12 
 2335       8.338561878086e-12 
 2336       8.326386672911e-12 
 2337       8.314729091795e-12 
 2338       8.303583643631e-12 
 2339       8.292941095459e-12 
 2340       8.282791248565e-12 
 2341       8.273123865945e-12 
 2342       8.263928672263e-12 
 2343       8.255195353802e-12 
 2344       8.246913558431e-12 
 2345       8.239072895554e-12 
 2346       8.231662936075e-12 
 2347       8.224673212352e-12 
 2348       8.218093218157e-12 
 2349       8.211912408631e-12 
 2350       8.206120200244e-12 
 2351       8.200705970754e-12 
 2352       8.195659059162e-12 
 2353       8.190968765671e-12 
 2354       8.186624351646e-12 
 2355       8.182615039566e-12 
 2356       8.178930012991e-12 
 2357       8.175558416510e-12 
 2358       8.172489355706e-12 
 2359       8.169711897111e-12 
 2360       8.167215068164e-12 
 2361       8.164987857169e-12 
 2362       8.163019213254e-12 
 2363       8.161298046326e-12 
 2364       8.159813227032e-12 
 2365       8.158553586715e-12 
 2366       8.157507917374e-12 
 2367       8.156664971617e-12 
 2368       8.156013462626e-12 
 2369       8.155542064109e-12 
 2370       8.155239410258e-12 
 2371       8.155094095714e-12 
 2372       8.155094675513e-12 
 2373       8.155229665057e-12 
 2374       8.155487540060e-12 
 2375       8.155856736514e-12 
 2376       8.156325650645e-12 
 2377       8.156883117753e-12 
 2378       8.157519852064e-12 
 2379       8.158227015663e-12 
 2380       8.158995740386e-12 
 2381       8.159817127787e-12 
 2382       8.160682249104e-12 
 2383       8.161582145227e-12 
 2384       8.162507826671e-12 
 2385       8.163450273536e-12 
 2386       8.164400435483e-12 
 2387       8.165349231696e-12 
 2388       8.166287550854e-12 
 2389       8.167206251096e-12 
 2390       8.168096159991e-12 
 2391       8.168948074506e-12 
 2392       8.169752760973e-12 
 2393       8.170500955058e-12 
 2394       8.171183361728e-12 
 2395       8.171790655220e-12 
 2396       8.172313479009e-12 
 2397       8.172742445775e-12 
 2398       8.173068137373e-12 
 2399       8.173281104797e-12 
 2400       8.173371868153e-12 
 2401       8.173330916625e-12 
 2402       8.173148708442e-12 
 2403       8.172815670846e-12 
 2404       8.172322200064e-12 
 2405       8.171658661268e-12 
 2406       8.170815388553e-12 
 2407       8.169782684898e-12 
 2408       8.168550822134e-12 
 2409       8.167110040916e-12 
 2410       8.165450550690e-12 
 2411       8.163562529659e-12 
 2412       8.161436124751e-12 
 2413       8.159061451591e-12 
 2414       8.156428594462e-12 
 2415       8.153527606282e-12 
 2416       8.150349781204e-12 
 2417       8.146891480935e-12 
 2418       8.143150331545e-12 
 2419       8.139123952928e-12 
 2420       8.134809958795e-12 
 2421       8.130205956668e-12 
 2422       8.125309547875e-12 
 2423       8.120118327544e-12 
 2424       8.114629884599e-12 
 2425       8.108841801748e-12 
 2426       8.102751655485e-12 
 2427       8.096357016080e-12 
 2428       8.089655447573e-12 
 2429       8.082644507770e-12 
 2430       8.075321748234e-12 
 2431       8.067684714285e-12 
 2432       8.059730944987e-12 
 2433       8.051457973148e-12 
 2434       8.042863325312e-12 
 2435       8.033944521751e-12 
 2436       8.024699076464e-12 
 2437       8.015124497167e-12 
 2438       8.005218285287e-12 
 2439       7.994977935962e-12 
 2440       7.984400938027e-12 
 2441       7.973484774015e-12 
 2442       7.962226920147e-12 
 2443       7.950624846327e-12 
 2444       7.938676016139e-12 
 2445       7.926377886837e-12 
 2446       7.913727909341e-12 
 2447       7.900723528233e-12 
 2448       7.887362181747e-12 
 2449       7.873641301769e-12 
 2450       7.859558313824e-12 
 2451       7.845110637078e-12 
 2452       7.830295684325e-12 
 2453       7.815110861986e-12 
 2454       7.799553570101e-12 
 2455       7.783622409964e-12 
 2456       7.767320814903e-12 
 2457       7.750653441146e-12 
 2458       7.733624962158e-12 
 2459       7.716240068669e-12 
 2460       7.698503468683e-12 
 2461       7.680419887501e-12 
 2462       7.661994067741e-12 
 2463       7.643230769352e-12 
 2464       7.624134769632e-12 
 2465       7.604710863252e-12 
 2466       7.584963862268e-12 
 2467       7.564898596142e-12 
 2468       7.544519911760e-12 
 2469       7.523832673450e-12 
 2470       7.502841763000e-12 
 2471       7.481552079677e-12 
 2472       7.459968540245e-12 
 2473       7.438096078981e-12 
 2474       7.415939647697e-12 
 2475       7.393504215756e-12 
 2476       7.370794770091e-12 
 2477       7.347816315220e-12 
 2478       7.324573873271e-12 
 2479       7.301072483994e-12 
 2480       7.277317204781e-12 
 2481       7.253313110686e-12 
 2482       7.229065294441e-12 
 2483       7.204578866475e-12 
 2484       7.179858954933e-12 
 2485       7.154910705693e-12 
 2486       7.129739282386e-12 
 2487       7.104349866410e-12 
 2488       7.078747656954e-12 
 2489       7.052937871012e-12 
 2490       7.026925743403e-12 
 2491       7.000716526789e-12 
 2492       6.974315491692e-12 
 2493       6.947727926516e-12 
 2494       6.920955778110e-12 
 2495       6.893987551896e-12 
 2496       6.866808352483e-12 
 2497       6.839403237683e-12 
 2498       6.811757218470e-12 
 2499       6.783855258926e-12 
 2500       6.755682276200e-12 
