# dimensionless total [l(l+1)/2pi] C_l's
# for l=2 to 2500, i.e. number of multipoles equal to 2499
#
# -> if you prefer output in CAMB/HealPix/LensPix units/order, set 'format' to 'camb' in input file
# -> if you don't want to see such a header, set 'headers' to 'no' in input file
#
# 1:l     2:TT                 
    2       3.075557864962e-10 
    3       2.791375210095e-10 
    4       2.553600811183e-10 
    5       2.365744689139e-10 
    6       2.217477709533e-10 
    7       2.098611416824e-10 
    8       2.002149071832e-10 
    9       1.924014281382e-10 
   10       1.859382778945e-10 
   11       1.805632649404e-10 
   12       1.761131916031e-10 
   13       1.724802096625e-10 
   14       1.695528127848e-10 
   15       1.672765689580e-10 
   16       1.654196534060e-10 
   17       1.640202573780e-10 
   18       1.630810664555e-10 
   19       1.625812231212e-10 
   20       1.623865562196e-10 
   21       1.624919376939e-10 
   22       1.628733225632e-10 
   23       1.635362334876e-10 
   24       1.644488551546e-10 
   25       1.655792548026e-10 
   26       1.668719437988e-10 
   27       1.683387835217e-10 
   28       1.699852455862e-10 
   29       1.717909383225e-10 
   30       1.737572582672e-10 
   31       1.758722498290e-10 
   32       1.781075926199e-10 
   33       1.804624191182e-10 
   34       1.829317583123e-10 
   35       1.855009158346e-10 
   36       1.881720708990e-10 
   37       1.909444728379e-10 
   38       1.938058933774e-10 
   39       1.967393968022e-10 
   40       1.997492918313e-10 
   41       2.028420574880e-10 
   42       2.060185943422e-10 
   43       2.092761218430e-10 
   44       2.126159426781e-10 
   45       2.160371278368e-10 
   46       2.195338463412e-10 
   47       2.230949460957e-10 
   48       2.267081717926e-10 
   49       2.303752026115e-10 
   50       2.341001333161e-10 
   51       2.378850292263e-10 
   52       2.417297436523e-10 
   53       2.456330881761e-10 
   54       2.495971170344e-10 
   55       2.536236262484e-10 
   56       2.577127742001e-10 
   57       2.618629557895e-10 
   58       2.660706765929e-10 
   59       2.703320255755e-10 
   60       2.746477784222e-10 
   61       2.790192590501e-10 
   62       2.834467750659e-10 
   63       2.879295461121e-10 
   64       2.924656322130e-10 
   65       2.970529021745e-10 
   66       3.016923381065e-10 
   67       3.063853047206e-10 
   68       3.111325292636e-10 
   69       3.159340589553e-10 
   70       3.207892184272e-10 
   71       3.256965671607e-10 
   72       3.306545285431e-10 
   73       3.356635114072e-10 
   74       3.407241207018e-10 
   75       3.458364951912e-10 
   76       3.510002802278e-10 
   77       3.562146005235e-10 
   78       3.614780329228e-10 
   79       3.667885791737e-10 
   80       3.721442623309e-10 
   81       3.775450951425e-10 
   82       3.829914054005e-10 
   83       3.884832272354e-10 
   84       3.940202854373e-10 
   85       3.996019797764e-10 
   86       4.052273693240e-10 
   87       4.108951567733e-10 
   88       4.166036727601e-10 
   89       4.223512493811e-10 
   90       4.281374420749e-10 
   91       4.339619714183e-10 
   92       4.398243412812e-10 
   93       4.457238289782e-10 
   94       4.516594754195e-10 
   95       4.576300752632e-10 
   96       4.636341670658e-10 
   97       4.696700234346e-10 
   98       4.757356411786e-10 
   99       4.818290397303e-10 
  100       4.879492259299e-10 
  101       4.940953482346e-10 
  102       5.002663946048e-10 
  103       5.064611863926e-10 
  104       5.126783722295e-10 
  105       5.189164219150e-10 
  106       5.251736203039e-10 
  107       5.314480611951e-10 
  108       5.377376412193e-10 
  109       5.440400537273e-10 
  110       5.503530437683e-10 
  111       5.566752232266e-10 
  112       5.630053490520e-10 
  113       5.693420679894e-10 
  114       5.756839130330e-10 
  115       5.820292998803e-10 
  116       5.883765233861e-10 
  117       5.947237540168e-10 
  118       6.010690343041e-10 
  119       6.074102752996e-10 
  120       6.137452530286e-10 
  121       6.200716049440e-10 
  122       6.263868263807e-10 
  123       6.326884686387e-10 
  124       6.389747665526e-10 
  125       6.452440766715e-10 
  126       6.514946801482e-10 
  127       6.577247807798e-10 
  128       6.639325030477e-10 
  129       6.701158901587e-10 
  130       6.762729020850e-10 
  131       6.824014136049e-10 
  132       6.884992123429e-10 
  133       6.945639968109e-10 
  134       7.005933744479e-10 
  135       7.065848596607e-10 
  136       7.125358718648e-10 
  137       7.184439073468e-10 
  138       7.243070790729e-10 
  139       7.301236292847e-10 
  140       7.358917598394e-10 
  141       7.416096313546e-10 
  142       7.472753623512e-10 
  143       7.528870283974e-10 
  144       7.584426612529e-10 
  145       7.639402480119e-10 
  146       7.693777302474e-10 
  147       7.747530031549e-10 
  148       7.800639146959e-10 
  149       7.853082647416e-10 
  150       7.904838042173e-10 
  151       7.955882342452e-10 
  152       8.006192052889e-10 
  153       8.055744612545e-10 
  154       8.104522886657e-10 
  155       8.152511077957e-10 
  156       8.199693313440e-10 
  157       8.246053643190e-10 
  158       8.291576039196e-10 
  159       8.336244394172e-10 
  160       8.380042520381e-10 
  161       8.422954148450e-10 
  162       8.464962926193e-10 
  163       8.506052417431e-10 
  164       8.546206100813e-10 
  165       8.585407368633e-10 
  166       8.623639525653e-10 
  167       8.660885787922e-10 
  168       8.697129281596e-10 
  169       8.732353041759e-10 
  170       8.766540011242e-10 
  171       8.799674089019e-10 
  172       8.831743375959e-10 
  173       8.862737198710e-10 
  174       8.892645087556e-10 
  175       8.921456779529e-10 
  176       8.949162221504e-10 
  177       8.975751573304e-10 
  178       9.001215210802e-10 
  179       9.025543729024e-10 
  180       9.048727945252e-10 
  181       9.070758902122e-10 
  182       9.091627870734e-10 
  183       9.111326353745e-10 
  184       9.129846088482e-10 
  185       9.147179050033e-10 
  186       9.163317454358e-10 
  187       9.178253761388e-10 
  188       9.191980678129e-10 
  189       9.204491161760e-10 
  190       9.215778422740e-10 
  191       9.225836519696e-10 
  192       9.234662187450e-10 
  193       9.242253152397e-10 
  194       9.248607558049e-10 
  195       9.253723970080e-10 
  196       9.257601381359e-10 
  197       9.260239216992e-10 
  198       9.261637339359e-10 
  199       9.261796053157e-10 
  200       9.260716110433e-10 
  201       9.258398715626e-10 
  202       9.254845530606e-10 
  203       9.250058679712e-10 
  204       9.244040754792e-10 
  205       9.236794820239e-10 
  206       9.228324418033e-10 
  207       9.218633572778e-10 
  208       9.207726796742e-10 
  209       9.195609094894e-10 
  210       9.182285969946e-10 
  211       9.167763427388e-10 
  212       9.152047980528e-10 
  213       9.135146548638e-10 
  214       9.117066133263e-10 
  215       9.097814129782e-10 
  216       9.077398437060e-10 
  217       9.055827462212e-10 
  218       9.033110125360e-10 
  219       9.009255864386e-10 
  220       8.984274639692e-10 
  221       8.958176938960e-10 
  222       8.930973781904e-10 
  223       8.902676725032e-10 
  224       8.873297866402e-10 
  225       8.842849850377e-10 
  226       8.811345872387e-10 
  227       8.778799683682e-10 
  228       8.745225596092e-10 
  229       8.710638486783e-10 
  230       8.675053803017e-10 
  231       8.638487566906e-10 
  232       8.600956380171e-10 
  233       8.562477428900e-10 
  234       8.523068488303e-10 
  235       8.482747927473e-10 
  236       8.441534714141e-10 
  237       8.399448419433e-10 
  238       8.356508319647e-10 
  239       8.312730631356e-10 
  240       8.268131118020e-10 
  241       8.222725980748e-10 
  242       8.176531861142e-10 
  243       8.129565844155e-10 
  244       8.081845460942e-10 
  245       8.033388691711e-10 
  246       7.984213968578e-10 
  247       7.934340178417e-10 
  248       7.883786665715e-10 
  249       7.832573235421e-10 
  250       7.780720155801e-10 
  251       7.728248161292e-10 
  252       7.675178455348e-10 
  253       7.621532713301e-10 
  254       7.567333085207e-10 
  255       7.512602198701e-10 
  256       7.457363161849e-10 
  257       7.401639566001e-10 
  258       7.345455488642e-10 
  259       7.288835496246e-10 
  260       7.231804647129e-10 
  261       7.174388494298e-10 
  262       7.116613088307e-10 
  263       7.058504980108e-10 
  264       7.000091223904e-10 
  265       6.941399380000e-10 
  266       6.882455870471e-10 
  267       6.823280941373e-10 
  268       6.763893432516e-10 
  269       6.704312400089e-10 
  270       6.644557116732e-10 
  271       6.584647071600e-10 
  272       6.524601970441e-10 
  273       6.464441735654e-10 
  274       6.404186506370e-10 
  275       6.343856638511e-10 
  276       6.283472704868e-10 
  277       6.223055495163e-10 
  278       6.162626016124e-10 
  279       6.102205491551e-10 
  280       6.041815362386e-10 
  281       5.981477286784e-10 
  282       5.921213140181e-10 
  283       5.861045015361e-10 
  284       5.800995222531e-10 
  285       5.741086289384e-10 
  286       5.681340961172e-10 
  287       5.621782200778e-10 
  288       5.562433188776e-10 
  289       5.503317323512e-10 
  290       5.444458221164e-10 
  291       5.385879715816e-10 
  292       5.327605859527e-10 
  293       5.269660922399e-10 
  294       5.212069392648e-10 
  295       5.154855976669e-10 
  296       5.098045599112e-10 
  297       5.041661540387e-10 
  298       4.985719748714e-10 
  299       4.930234251141e-10 
  300       4.875218988689e-10 
  301       4.820687813898e-10 
  302       4.766654488369e-10 
  303       4.713132680308e-10 
  304       4.660135962072e-10 
  305       4.607677807710e-10 
  306       4.555771590510e-10 
  307       4.504430580541e-10 
  308       4.453667942197e-10 
  309       4.403496731743e-10 
  310       4.353929894857e-10 
  311       4.304980264174e-10 
  312       4.256660556830e-10 
  313       4.208983372009e-10 
  314       4.161961188482e-10 
  315       4.115606362155e-10 
  316       4.069931123612e-10 
  317       4.024947575656e-10 
  318       3.980667690859e-10 
  319       3.937103309099e-10 
  320       3.894266135110e-10 
  321       3.852167736024e-10 
  322       3.810819538911e-10 
  323       3.770232828331e-10 
  324       3.730418743870e-10 
  325       3.691388277690e-10 
  326       3.653152272068e-10 
  327       3.615721416944e-10 
  328       3.579106247464e-10 
  329       3.543317141522e-10 
  330       3.508364317307e-10 
  331       3.474257830843e-10 
  332       3.441006520717e-10 
  333       3.408614796408e-10 
  334       3.377085704999e-10 
  335       3.346421967773e-10 
  336       3.316625976609e-10 
  337       3.287699790388e-10 
  338       3.259645131395e-10 
  339       3.232463381716e-10 
  340       3.206155579642e-10 
  341       3.180722416069e-10 
  342       3.156164230901e-10 
  343       3.132481009450e-10 
  344       3.109672378838e-10 
  345       3.087737604395e-10 
  346       3.066675586065e-10 
  347       3.046484854805e-10 
  348       3.027163568987e-10 
  349       3.008709510796e-10 
  350       2.991120082637e-10 
  351       2.974392303530e-10 
  352       2.958522805516e-10 
  353       2.943507830058e-10 
  354       2.929343224436e-10 
  355       2.916024438159e-10 
  356       2.903546519355e-10 
  357       2.891904111180e-10 
  358       2.881091448218e-10 
  359       2.871102352878e-10 
  360       2.861930231799e-10 
  361       2.853568072252e-10 
  362       2.846008438537e-10 
  363       2.839243468391e-10 
  364       2.833264869380e-10 
  365       2.828063915309e-10 
  366       2.823631442618e-10 
  367       2.819957846785e-10 
  368       2.817033078729e-10 
  369       2.814846641206e-10 
  370       2.813387585215e-10 
  371       2.812645306149e-10 
  372       2.812611973931e-10 
  373       2.813280190844e-10 
  374       2.814642197458e-10 
  375       2.816689869736e-10 
  376       2.819414716124e-10 
  377       2.822807874649e-10 
  378       2.826860110016e-10 
  379       2.831561810706e-10 
  380       2.836902986070e-10 
  381       2.842873263427e-10 
  382       2.849461885162e-10 
  383       2.856657705820e-10 
  384       2.864449189203e-10 
  385       2.872824405469e-10 
  386       2.881771028226e-10 
  387       2.891276331629e-10 
  388       2.901327187479e-10 
  389       2.911910062317e-10 
  390       2.923011014520e-10 
  391       2.934615691401e-10 
  392       2.946709326303e-10 
  393       2.959276735695e-10 
  394       2.972302316272e-10 
  395       2.985770042049e-10 
  396       2.999663461456e-10 
  397       3.013965694439e-10 
  398       3.028659429553e-10 
  399       3.043726921062e-10 
  400       3.059149986029e-10 
  401       3.074910001423e-10 
  402       3.090987901205e-10 
  403       3.107364173432e-10 
  404       3.124018857349e-10 
  405       3.140931540490e-10 
  406       3.158081355771e-10 
  407       3.175446978586e-10 
  408       3.193006623908e-10 
  409       3.210738043383e-10 
  410       3.228620835618e-10 
  411       3.246643473134e-10 
  412       3.264796518595e-10 
  413       3.283070332843e-10 
  414       3.301455073644e-10 
  415       3.319940694427e-10 
  416       3.338516943036e-10 
  417       3.357173360464e-10 
  418       3.375899279606e-10 
  419       3.394683823997e-10 
  420       3.413515906558e-10 
  421       3.432384228341e-10 
  422       3.451277277269e-10 
  423       3.470183326886e-10 
  424       3.489090435094e-10 
  425       3.507986442902e-10 
  426       3.526858973169e-10 
  427       3.545695429344e-10 
  428       3.564482994217e-10 
  429       3.583208628654e-10 
  430       3.601859070351e-10 
  431       3.620420832569e-10 
  432       3.638880202883e-10 
  433       3.657223241923e-10 
  434       3.675435782121e-10 
  435       3.693503426452e-10 
  436       3.711411547180e-10 
  437       3.729145284599e-10 
  438       3.746689545783e-10 
  439       3.764029003320e-10 
  440       3.781148094067e-10 
  441       3.798031017885e-10 
  442       3.814661736388e-10 
  443       3.831023971685e-10 
  444       3.847101205123e-10 
  445       3.862876676035e-10 
  446       3.878333380478e-10 
  447       3.893454069982e-10 
  448       3.908221250289e-10 
  449       3.922619626596e-10 
  450       3.936643528950e-10 
  451       3.950289724736e-10 
  452       3.963554994105e-10 
  453       3.976436130170e-10 
  454       3.988929939201e-10 
  455       4.001033240827e-10 
  456       4.012742868225e-10 
  457       4.024055668324e-10 
  458       4.034968502000e-10 
  459       4.045478244271e-10 
  460       4.055581784495e-10 
  461       4.065276026567e-10 
  462       4.074557889116e-10 
  463       4.083424305702e-10 
  464       4.091872225013e-10 
  465       4.099898611061e-10 
  466       4.107500443378e-10 
  467       4.114674717217e-10 
  468       4.121418443745e-10 
  469       4.127728650241e-10 
  470       4.133602380293e-10 
  471       4.139036693995e-10 
  472       4.144028668144e-10 
  473       4.148575396436e-10 
  474       4.152673989664e-10 
  475       4.156321575916e-10 
  476       4.159515300768e-10 
  477       4.162252327483e-10 
  478       4.164529837211e-10 
  479       4.166345029181e-10 
  480       4.167695120900e-10 
  481       4.168577348351e-10 
  482       4.168988966186e-10 
  483       4.168927247930e-10 
  484       4.168389486169e-10 
  485       4.167372992754e-10 
  486       4.165875098995e-10 
  487       4.163893155858e-10 
  488       4.161425750619e-10 
  489       4.158476396320e-10 
  490       4.155049952659e-10 
  491       4.151151420291e-10 
  492       4.146785941627e-10 
  493       4.141958801650e-10 
  494       4.136675428718e-10 
  495       4.130941395378e-10 
  496       4.124762419169e-10 
  497       4.118144363435e-10 
  498       4.111093238132e-10 
  499       4.103615200636e-10 
  500       4.095716556551e-10 
  501       4.087403760523e-10 
  502       4.078683417039e-10 
  503       4.069562281245e-10 
  504       4.060047259748e-10 
  505       4.050145411431e-10 
  506       4.039863948253e-10 
  507       4.029210236066e-10 
  508       4.018191795419e-10 
  509       4.006816302368e-10 
  510       3.995091589283e-10 
  511       3.983025645659e-10 
  512       3.970626618924e-10 
  513       3.957902815246e-10 
  514       3.944862700343e-10 
  515       3.931514900292e-10 
  516       3.917868202336e-10 
  517       3.903931555695e-10 
  518       3.889714072371e-10 
  519       3.875225027961e-10 
  520       3.860473862462e-10 
  521       3.845470181081e-10 
  522       3.830223755044e-10 
  523       3.814744522405e-10 
  524       3.799042588853e-10 
  525       3.783128228520e-10 
  526       3.767011884793e-10 
  527       3.750703705078e-10 
  528       3.734212129325e-10 
  529       3.717545264121e-10 
  530       3.700711345809e-10 
  531       3.683718741100e-10 
  532       3.666575947676e-10 
  533       3.649291594802e-10 
  534       3.631874443930e-10 
  535       3.614333389309e-10 
  536       3.596677458593e-10 
  537       3.578915813445e-10 
  538       3.561057750149e-10 
  539       3.543112700215e-10 
  540       3.525090230987e-10 
  541       3.507000046252e-10 
  542       3.488851986846e-10 
  543       3.470656031263e-10 
  544       3.452422296259e-10 
  545       3.434161037466e-10 
  546       3.415882649995e-10 
  547       3.397597669044e-10 
  548       3.379316770507e-10 
  549       3.361050771579e-10 
  550       3.342810631370e-10 
  551       3.324607451503e-10 
  552       3.306452476731e-10 
  553       3.288357095538e-10 
  554       3.270332840751e-10 
  555       3.252391390143e-10 
  556       3.234544567046e-10 
  557       3.216804340954e-10 
  558       3.199182828134e-10 
  559       3.181692292233e-10 
  560       3.164345144881e-10 
  561       3.147153946307e-10 
  562       3.130131405938e-10 
  563       3.113290383015e-10 
  564       3.096643887193e-10 
  565       3.080205079153e-10 
  566       3.063985781066e-10 
  567       3.047991964647e-10 
  568       3.032228148226e-10 
  569       3.016698876433e-10 
  570       3.001408720254e-10 
  571       2.986362277076e-10 
  572       2.971564170742e-10 
  573       2.957019051600e-10 
  574       2.942731596550e-10 
  575       2.928706509101e-10 
  576       2.914948519416e-10 
  577       2.901462384363e-10 
  578       2.888252887570e-10 
  579       2.875324839469e-10 
  580       2.862683077352e-10 
  581       2.850332465416e-10 
  582       2.838277894819e-10 
  583       2.826524283726e-10 
  584       2.815076577364e-10 
  585       2.803939748065e-10 
  586       2.793118795326e-10 
  587       2.782618745852e-10 
  588       2.772444653608e-10 
  589       2.762601599873e-10 
  590       2.753094693286e-10 
  591       2.743929069897e-10 
  592       2.735109893223e-10 
  593       2.726642354289e-10 
  594       2.718531671687e-10 
  595       2.710783091621e-10 
  596       2.703401887960e-10 
  597       2.696393362288e-10 
  598       2.689762843954e-10 
  599       2.683515690123e-10 
  600       2.677657285824e-10 
  601       2.672193044006e-10 
  602       2.667128405583e-10 
  603       2.662468839484e-10 
  604       2.658219842710e-10 
  605       2.654385639034e-10 
  606       2.650965240605e-10 
  607       2.647956291612e-10 
  608       2.645356360671e-10 
  609       2.643162940448e-10 
  610       2.641373447284e-10 
  611       2.639985220819e-10 
  612       2.638995523618e-10 
  613       2.638401540793e-10 
  614       2.638200379630e-10 
  615       2.638389069213e-10 
  616       2.638964560046e-10 
  617       2.639923723681e-10 
  618       2.641263352340e-10 
  619       2.642980158540e-10 
  620       2.645070774721e-10 
  621       2.647531752862e-10 
  622       2.650359564116e-10 
  623       2.653550598426e-10 
  624       2.657101164154e-10 
  625       2.661007487705e-10 
  626       2.665265713149e-10 
  627       2.669871901850e-10 
  628       2.674822032084e-10 
  629       2.680111998670e-10 
  630       2.685737612592e-10 
  631       2.691694600622e-10 
  632       2.697978604946e-10 
  633       2.704585182788e-10 
  634       2.711509806036e-10 
  635       2.718747860863e-10 
  636       2.726294647355e-10 
  637       2.734145379135e-10 
  638       2.742295182986e-10 
  639       2.750739098474e-10 
  640       2.759472077579e-10 
  641       2.768488984311e-10 
  642       2.777784594341e-10 
  643       2.787353594622e-10 
  644       2.797190366586e-10 
  645       2.807288331100e-10 
  646       2.817640587943e-10 
  647       2.828240130456e-10 
  648       2.839079845104e-10 
  649       2.850152511039e-10 
  650       2.861450799660e-10 
  651       2.872967274176e-10 
  652       2.884694389168e-10 
  653       2.896624490153e-10 
  654       2.908749813139e-10 
  655       2.921062484197e-10 
  656       2.933554519015e-10 
  657       2.946217822464e-10 
  658       2.959044188157e-10 
  659       2.972025298014e-10 
  660       2.985152721824e-10 
  661       2.998417916802e-10 
  662       3.011812227158e-10 
  663       3.025326883653e-10 
  664       3.038953003166e-10 
  665       3.052681588252e-10 
  666       3.066503526706e-10 
  667       3.080409591122e-10 
  668       3.094390438462e-10 
  669       3.108436609610e-10 
  670       3.122538528937e-10 
  671       3.136686503865e-10 
  672       3.150870724427e-10 
  673       3.165081262828e-10 
  674       3.179308073009e-10 
  675       3.193540990208e-10 
  676       3.207769730523e-10 
  677       3.221983890471e-10 
  678       3.236172946554e-10 
  679       3.250326254817e-10 
  680       3.264433050414e-10 
  681       3.278482447166e-10 
  682       3.292463437127e-10 
  683       3.306365791439e-10 
  684       3.320182784897e-10 
  685       3.333908528678e-10 
  686       3.347537074103e-10 
  687       3.361062412431e-10 
  688       3.374478474652e-10 
  689       3.387779131280e-10 
  690       3.400958192149e-10 
  691       3.414009406202e-10 
  692       3.426926461290e-10 
  693       3.439702983960e-10 
  694       3.452332539254e-10 
  695       3.464808630497e-10 
  696       3.477124699095e-10 
  697       3.489274124325e-10 
  698       3.501250223131e-10 
  699       3.513046249916e-10 
  700       3.524655396336e-10 
  701       3.536070791094e-10 
  702       3.547285499732e-10 
  703       3.558292524426e-10 
  704       3.569084803779e-10 
  705       3.579655212614e-10 
  706       3.589996561768e-10 
  707       3.600101597885e-10 
  708       3.609963003210e-10 
  709       3.619573395383e-10 
  710       3.628925327229e-10 
  711       3.638011286558e-10 
  712       3.646823695952e-10 
  713       3.655354912562e-10 
  714       3.663597227900e-10 
  715       3.671542867635e-10 
  716       3.679183991382e-10 
  717       3.686512692500e-10 
  718       3.693520997882e-10 
  719       3.700200867752e-10 
  720       3.706544195454e-10 
  721       3.712542807250e-10 
  722       3.718189739026e-10 
  723       3.723483095135e-10 
  724       3.728422267091e-10 
  725       3.733006663801e-10 
  726       3.737235711653e-10 
  727       3.741108854599e-10 
  728       3.744625554248e-10 
  729       3.747785289947e-10 
  730       3.750587558872e-10 
  731       3.753031876116e-10 
  732       3.755117774770e-10 
  733       3.756844806016e-10 
  734       3.758212539212e-10 
  735       3.759220561978e-10 
  736       3.759868480284e-10 
  737       3.760155918538e-10 
  738       3.760082519672e-10 
  739       3.759647945226e-10 
  740       3.758851875443e-10 
  741       3.757694009346e-10 
  742       3.756174064833e-10 
  743       3.754291778760e-10 
  744       3.752046907029e-10 
  745       3.749439224677e-10 
  746       3.746468525958e-10 
  747       3.743134624435e-10 
  748       3.739437353064e-10 
  749       3.735376564283e-10 
  750       3.730952130098e-10 
  751       3.726163942171e-10 
  752       3.721011911904e-10 
  753       3.715495970530e-10 
  754       3.709616069197e-10 
  755       3.703372179058e-10 
  756       3.696764291353e-10 
  757       3.689792417504e-10 
  758       3.682456589193e-10 
  759       3.674756858454e-10 
  760       3.666693297762e-10 
  761       3.658266745015e-10 
  762       3.649481053982e-10 
  763       3.640340887171e-10 
  764       3.630850975077e-10 
  765       3.621016116422e-10 
  766       3.610841178397e-10 
  767       3.600331096902e-10 
  768       3.589490876791e-10 
  769       3.578325592109e-10 
  770       3.566840386333e-10 
  771       3.555040472618e-10 
  772       3.542931134033e-10 
  773       3.530517723804e-10 
  774       3.517805665556e-10 
  775       3.504800453553e-10 
  776       3.491507652940e-10 
  777       3.477932899984e-10 
  778       3.464081902314e-10 
  779       3.449960439163e-10 
  780       3.435574361611e-10 
  781       3.420929592822e-10 
  782       3.406032128291e-10 
  783       3.390888036078e-10 
  784       3.375503457054e-10 
  785       3.359884605144e-10 
  786       3.344037767561e-10 
  787       3.327969305055e-10 
  788       3.311685652147e-10 
  789       3.295193317377e-10 
  790       3.278498883540e-10 
  791       3.261609007931e-10 
  792       3.244530422581e-10 
  793       3.227269934505e-10 
  794       3.209834425937e-10 
  795       3.192230854574e-10 
  796       3.174466253819e-10 
  797       3.156547733019e-10 
  798       3.138482477705e-10 
  799       3.120277749838e-10 
  800       3.101940675658e-10 
  801       3.083477604516e-10 
  802       3.064894738824e-10 
  803       3.046198345589e-10 
  804       3.027394756609e-10 
  805       3.008490368683e-10 
  806       2.989491643803e-10 
  807       2.970405109362e-10 
  808       2.951237358352e-10 
  809       2.931995049566e-10 
  810       2.912684907802e-10 
  811       2.893313724059e-10 
  812       2.873888355745e-10 
  813       2.854415726872e-10 
  814       2.834902828261e-10 
  815       2.815356717746e-10 
  816       2.795784520367e-10 
  817       2.776193428580e-10 
  818       2.756590702455e-10 
  819       2.736983669875e-10 
  820       2.717379726741e-10 
  821       2.697786337174e-10 
  822       2.678211033711e-10 
  823       2.658661417513e-10 
  824       2.639145158561e-10 
  825       2.619669995861e-10 
  826       2.600243737644e-10 
  827       2.580874261566e-10 
  828       2.561569514913e-10 
  829       2.542337514799e-10 
  830       2.523186348370e-10 
  831       2.504124173001e-10 
  832       2.485159216503e-10 
  833       2.466299777322e-10 
  834       2.447554224739e-10 
  835       2.428930999073e-10 
  836       2.410438611881e-10 
  837       2.392085646163e-10 
  838       2.373880756557e-10 
  839       2.355831762788e-10 
  840       2.337942912285e-10 
  841       2.320217570341e-10 
  842       2.302659122604e-10 
  843       2.285270975123e-10 
  844       2.268056554394e-10 
  845       2.251019307412e-10 
  846       2.234162701712e-10 
  847       2.217490225417e-10 
  848       2.201005387291e-10 
  849       2.184711716777e-10 
  850       2.168612764051e-10 
  851       2.152712100065e-10 
  852       2.137013316598e-10 
  853       2.121520026298e-10 
  854       2.106235862733e-10 
  855       2.091164480434e-10 
  856       2.076309554948e-10 
  857       2.061674782878e-10 
  858       2.047263881937e-10 
  859       2.033080590988e-10 
  860       2.019128670097e-10 
  861       2.005411900576e-10 
  862       1.991934085032e-10 
  863       1.978699047414e-10 
  864       1.965710633058e-10 
  865       1.952972708736e-10 
  866       1.940489162704e-10 
  867       1.928263904745e-10 
  868       1.916300866220e-10 
  869       1.904604000112e-10 
  870       1.893177281076e-10 
  871       1.882024705484e-10 
  872       1.871150291473e-10 
  873       1.860558078988e-10 
  874       1.850252129837e-10 
  875       1.840236527731e-10 
  876       1.830515378334e-10 
  877       1.821092809308e-10 
  878       1.811972060440e-10 
  879       1.803152737332e-10 
  880       1.794633512139e-10 
  881       1.786413029260e-10 
  882       1.778489905245e-10 
  883       1.770862728697e-10 
  884       1.763530060181e-10 
  885       1.756490432128e-10 
  886       1.749742348739e-10 
  887       1.743284285895e-10 
  888       1.737114691057e-10 
  889       1.731231983175e-10 
  890       1.725634552594e-10 
  891       1.720320760956e-10 
  892       1.715288941108e-10 
  893       1.710537397010e-10 
  894       1.706064403634e-10 
  895       1.701868206875e-10 
  896       1.697947023455e-10 
  897       1.694299040828e-10 
  898       1.690922417085e-10 
  899       1.687815280861e-10 
  900       1.684975731240e-10 
  901       1.682401837661e-10 
  902       1.680091639820e-10 
  903       1.678043147581e-10 
  904       1.676254340878e-10 
  905       1.674723169621e-10 
  906       1.673447553604e-10 
  907       1.672425382405e-10 
  908       1.671654515297e-10 
  909       1.671132781151e-10 
  910       1.670857978342e-10 
  911       1.670827874655e-10 
  912       1.671040207189e-10 
  913       1.671492682264e-10 
  914       1.672182975326e-10 
  915       1.673108730852e-10 
  916       1.674267562256e-10 
  917       1.675656731869e-10 
  918       1.677272185476e-10 
  919       1.679109502219e-10 
  920       1.681164212987e-10 
  921       1.683431800278e-10 
  922       1.685907698061e-10 
  923       1.688587291630e-10 
  924       1.691465917469e-10 
  925       1.694538863111e-10 
  926       1.697801366996e-10 
  927       1.701248618333e-10 
  928       1.704875756957e-10 
  929       1.708677873195e-10 
  930       1.712650007717e-10 
  931       1.716787151405e-10 
  932       1.721084245205e-10 
  933       1.725536179994e-10 
  934       1.730137796434e-10 
  935       1.734883884835e-10 
  936       1.739769185016e-10 
  937       1.744788386160e-10 
  938       1.749936126679e-10 
  939       1.755206994073e-10 
  940       1.760595524786e-10 
  941       1.766096204072e-10 
  942       1.771703465850e-10 
  943       1.777411692566e-10 
  944       1.783215215053e-10 
  945       1.789108312388e-10 
  946       1.795085211759e-10 
  947       1.801140088316e-10 
  948       1.807267065038e-10 
  949       1.813460212587e-10 
  950       1.819713549175e-10 
  951       1.826021040417e-10 
  952       1.832376599194e-10 
  953       1.838774085515e-10 
  954       1.845207306372e-10 
  955       1.851670015604e-10 
  956       1.858156302956e-10 
  957       1.864661768059e-10 
  958       1.871182364106e-10 
  959       1.877714010189e-10 
  960       1.884252591209e-10 
  961       1.890793957787e-10 
  962       1.897333926173e-10 
  963       1.903868278162e-10 
  964       1.910392761001e-10 
  965       1.916903087299e-10 
  966       1.923394934943e-10 
  967       1.929863947004e-10 
  968       1.936305731648e-10 
  969       1.942715862053e-10 
  970       1.949089876312e-10 
  971       1.955423277350e-10 
  972       1.961711532830e-10 
  973       1.967950075069e-10 
  974       1.974134300945e-10 
  975       1.980259571811e-10 
  976       1.986321213403e-10 
  977       1.992314515752e-10 
  978       1.998234733097e-10 
  979       2.004077083793e-10 
  980       2.009836750223e-10 
  981       2.015508878711e-10 
  982       2.021088579430e-10 
  983       2.026570926313e-10 
  984       2.031950956967e-10 
  985       2.037223672580e-10 
  986       2.042384037837e-10 
  987       2.047426980825e-10 
  988       2.052347392948e-10 
  989       2.057140128837e-10 
  990       2.061800006260e-10 
  991       2.066321806036e-10 
  992       2.070700271940e-10 
  993       2.074930110622e-10 
  994       2.079005991509e-10 
  995       2.082923279945e-10 
  996       2.086680248538e-10 
  997       2.090275898099e-10 
  998       2.093709227357e-10 
  999       2.096979232961e-10 
 1000       2.100084909484e-10 
 1001       2.103025249416e-10 
 1002       2.105799243169e-10 
 1003       2.108405879074e-10 
 1004       2.110844143382e-10 
 1005       2.113113020263e-10 
 1006       2.115211491807e-10 
 1007       2.117138538022e-10 
 1008       2.118893136834e-10 
 1009       2.120474264088e-10 
 1010       2.121880893547e-10 
 1011       2.123111996891e-10 
 1012       2.124166543719e-10 
 1013       2.125043501546e-10 
 1014       2.125741835805e-10 
 1015       2.126260509844e-10 
 1016       2.126598484929e-10 
 1017       2.126754720242e-10 
 1018       2.126728172880e-10 
 1019       2.126517797857e-10 
 1020       2.126122548101e-10 
 1021       2.125541374456e-10 
 1022       2.124773225682e-10 
 1023       2.123817048451e-10 
 1024       2.122671787352e-10 
 1025       2.121336384887e-10 
 1026       2.119809781471e-10 
 1027       2.118090915433e-10 
 1028       2.116178723017e-10 
 1029       2.114072138379e-10 
 1030       2.111770093586e-10 
 1031       2.109271518621e-10 
 1032       2.106575341377e-10 
 1033       2.103680487659e-10 
 1034       2.100586428495e-10 
 1035       2.097294830529e-10 
 1036       2.093807928945e-10 
 1037       2.090127982330e-10 
 1038       2.086257272735e-10 
 1039       2.082198105740e-10 
 1040       2.077952810510e-10 
 1041       2.073523739858e-10 
 1042       2.068913270309e-10 
 1043       2.064123802156e-10 
 1044       2.059157759526e-10 
 1045       2.054017590436e-10 
 1046       2.048705766860e-10 
 1047       2.043224784784e-10 
 1048       2.037577164273e-10 
 1049       2.031765449528e-10 
 1050       2.025792208948e-10 
 1051       2.019660035192e-10 
 1052       2.013371545239e-10 
 1053       2.006929380450e-10 
 1054       2.000336206630e-10 
 1055       1.993594714086e-10 
 1056       1.986707617691e-10 
 1057       1.979677656944e-10 
 1058       1.972507596032e-10 
 1059       1.965200223889e-10 
 1060       1.957758354260e-10 
 1061       1.950184825758e-10 
 1062       1.942482501931e-10 
 1063       1.934654271317e-10 
 1064       1.926703047510e-10 
 1065       1.918631769218e-10 
 1066       1.910443400325e-10 
 1067       1.902140929953e-10 
 1068       1.893727372522e-10 
 1069       1.885205767810e-10 
 1070       1.876579181018e-10 
 1071       1.867850702828e-10 
 1072       1.859023449463e-10 
 1073       1.850100603998e-10 
 1074       1.841085540764e-10 
 1075       1.831981702759e-10 
 1076       1.822792560619e-10 
 1077       1.813521612682e-10 
 1078       1.804172385056e-10 
 1079       1.794748431686e-10 
 1080       1.785253334412e-10 
 1081       1.775690703044e-10 
 1082       1.766064175420e-10 
 1083       1.756377417474e-10 
 1084       1.746634123305e-10 
 1085       1.736838015234e-10 
 1086       1.726992843878e-10 
 1087       1.717102388211e-10 
 1088       1.707170455628e-10 
 1089       1.697200882016e-10 
 1090       1.687197531814e-10 
 1091       1.677164298080e-10 
 1092       1.667105102558e-10 
 1093       1.657023895742e-10 
 1094       1.646924656940e-10 
 1095       1.636811394343e-10 
 1096       1.626688145088e-10 
 1097       1.616558975324e-10 
 1098       1.606427980275e-10 
 1099       1.596299284311e-10 
 1100       1.586177041008e-10 
 1101       1.576065433215e-10 
 1102       1.565968673121e-10 
 1103       1.555891002320e-10 
 1104       1.545836691873e-10 
 1105       1.535810042378e-10 
 1106       1.525815384034e-10 
 1107       1.515857076703e-10 
 1108       1.505939509983e-10 
 1109       1.496067103263e-10 
 1110       1.486244305799e-10 
 1111       1.476475596771e-10 
 1112       1.466765082426e-10 
 1113       1.457115281553e-10 
 1114       1.447528324177e-10 
 1115       1.438006353064e-10 
 1116       1.428551523748e-10 
 1117       1.419166004559e-10 
 1118       1.409851976646e-10 
 1119       1.400611634005e-10 
 1120       1.391447183508e-10 
 1121       1.382360844923e-10 
 1122       1.373354850948e-10 
 1123       1.364431447231e-10 
 1124       1.355592892399e-10 
 1125       1.346841458086e-10 
 1126       1.338179428956e-10 
 1127       1.329609102730e-10 
 1128       1.321132790215e-10 
 1129       1.312752815328e-10 
 1130       1.304471515122e-10 
 1131       1.296291239815e-10 
 1132       1.288214352813e-10 
 1133       1.280243230738e-10 
 1134       1.272380263454e-10 
 1135       1.264627854095e-10 
 1136       1.256988419089e-10 
 1137       1.249464388185e-10 
 1138       1.242058204480e-10 
 1139       1.234772324443e-10 
 1140       1.227609217947e-10 
 1141       1.220571368289e-10 
 1142       1.213661272219e-10 
 1143       1.206881439967e-10 
 1144       1.200234395267e-10 
 1145       1.193722675388e-10 
 1146       1.187348831155e-10 
 1147       1.181115426977e-10 
 1148       1.175025040877e-10 
 1149       1.169080264511e-10 
 1150       1.163283703203e-10 
 1151       1.157637471446e-10 
 1152       1.152141672374e-10 
 1153       1.146795899035e-10 
 1154       1.141599737145e-10 
 1155       1.136552765066e-10 
 1156       1.131654553786e-10 
 1157       1.126904666900e-10 
 1158       1.122302660591e-10 
 1159       1.117848083612e-10 
 1160       1.113540477264e-10 
 1161       1.109379375377e-10 
 1162       1.105364304294e-10 
 1163       1.101494782849e-10 
 1164       1.097770322346e-10 
 1165       1.094190426545e-10 
 1166       1.090754591635e-10 
 1167       1.087462306224e-10 
 1168       1.084313051311e-10 
 1169       1.081306300272e-10 
 1170       1.078441518839e-10 
 1171       1.075718165081e-10 
 1172       1.073135689384e-10 
 1173       1.070693534432e-10 
 1174       1.068391135188e-10 
 1175       1.066227918876e-10 
 1176       1.064203304958e-10 
 1177       1.062316705117e-10 
 1178       1.060567523240e-10 
 1179       1.058955155393e-10 
 1180       1.057478989807e-10 
 1181       1.056138406856e-10 
 1182       1.054932779038e-10 
 1183       1.053861470957e-10 
 1184       1.052923839301e-10 
 1185       1.052119232825e-10 
 1186       1.051446992332e-10 
 1187       1.050906450651e-10 
 1188       1.050496932620e-10 
 1189       1.050217755066e-10 
 1190       1.050067969355e-10 
 1191       1.050045585616e-10 
 1192       1.050148338948e-10 
 1193       1.050373945949e-10 
 1194       1.050720104672e-10 
 1195       1.051184494588e-10 
 1196       1.051764776538e-10 
 1197       1.052458592699e-10 
 1198       1.053263566539e-10 
 1199       1.054177302775e-10 
 1200       1.055197387338e-10 
 1201       1.056321387322e-10 
 1202       1.057546850952e-10 
 1203       1.058871307538e-10 
 1204       1.060292267436e-10 
 1205       1.061807222005e-10 
 1206       1.063413643567e-10 
 1207       1.065108985367e-10 
 1208       1.066890681528e-10 
 1209       1.068756147016e-10 
 1210       1.070702777593e-10 
 1211       1.072727949778e-10 
 1212       1.074829020809e-10 
 1213       1.077003328596e-10 
 1214       1.079248191684e-10 
 1215       1.081560909212e-10 
 1216       1.083938760869e-10 
 1217       1.086379006855e-10 
 1218       1.088878887841e-10 
 1219       1.091435624925e-10 
 1220       1.094046419591e-10 
 1221       1.096708453671e-10 
 1222       1.099418889303e-10 
 1223       1.102174868886e-10 
 1224       1.104973515044e-10 
 1225       1.107811930581e-10 
 1226       1.110687198444e-10 
 1227       1.113596381676e-10 
 1228       1.116536523380e-10 
 1229       1.119504763153e-10 
 1230       1.122498687977e-10 
 1231       1.125515985420e-10 
 1232       1.128554327506e-10 
 1233       1.131611370682e-10 
 1234       1.134684755787e-10 
 1235       1.137772108021e-10 
 1236       1.140871036912e-10 
 1237       1.143979136284e-10 
 1238       1.147093984226e-10 
 1239       1.150213143059e-10 
 1240       1.153334159307e-10 
 1241       1.156454563660e-10 
 1242       1.159571870948e-10 
 1243       1.162683580103e-10 
 1244       1.165787174134e-10 
 1245       1.168880120088e-10 
 1246       1.171959869024e-10 
 1247       1.175023855978e-10 
 1248       1.178069499932e-10 
 1249       1.181094203781e-10 
 1250       1.184095354304e-10 
 1251       1.187070322128e-10 
 1252       1.190016461701e-10 
 1253       1.192931111255e-10 
 1254       1.195811592778e-10 
 1255       1.198655211981e-10 
 1256       1.201459258264e-10 
 1257       1.204221004689e-10 
 1258       1.206937707943e-10 
 1259       1.209606608308e-10 
 1260       1.212224929631e-10 
 1261       1.214789879290e-10 
 1262       1.217298648163e-10 
 1263       1.219748410593e-10 
 1264       1.222136324363e-10 
 1265       1.224459530658e-10 
 1266       1.226715154035e-10 
 1267       1.228900302392e-10 
 1268       1.231012418210e-10 
 1269       1.233050336781e-10 
 1270       1.235013240119e-10 
 1271       1.236900306784e-10 
 1272       1.238710711878e-10 
 1273       1.240443627038e-10 
 1274       1.242098220431e-10 
 1275       1.243673656748e-10 
 1276       1.245169097201e-10 
 1277       1.246583699511e-10 
 1278       1.247916617910e-10 
 1279       1.249167003128e-10 
 1280       1.250334002395e-10 
 1281       1.251416759427e-10 
 1282       1.252414414428e-10 
 1283       1.253326104079e-10 
 1284       1.254150961535e-10 
 1285       1.254888116418e-10 
 1286       1.255536694813e-10 
 1287       1.256095819258e-10 
 1288       1.256564608746e-10 
 1289       1.256942178712e-10 
 1290       1.257227641031e-10 
 1291       1.257420104010e-10 
 1292       1.257518672387e-10 
 1293       1.257522447319e-10 
 1294       1.257430526381e-10 
 1295       1.257242003558e-10 
 1296       1.256955969242e-10 
 1297       1.256571510222e-10 
 1298       1.256087709681e-10 
 1299       1.255503647193e-10 
 1300       1.254818398711e-10 
 1301       1.254031036566e-10 
 1302       1.253140629460e-10 
 1303       1.252146242461e-10 
 1304       1.251046936996e-10 
 1305       1.249841770846e-10 
 1306       1.248529798142e-10 
 1307       1.247110387811e-10 
 1308       1.245584182851e-10 
 1309       1.243952151777e-10 
 1310       1.242215271155e-10 
 1311       1.240374525623e-10 
 1312       1.238430907903e-10 
 1313       1.236385418820e-10 
 1314       1.234239067318e-10 
 1315       1.231992870478e-10 
 1316       1.229647853530e-10 
 1317       1.227205049878e-10 
 1318       1.224665501109e-10 
 1319       1.222030257011e-10 
 1320       1.219300375595e-10 
 1321       1.216476923105e-10 
 1322       1.213560974040e-10 
 1323       1.210553611165e-10 
 1324       1.207455925533e-10 
 1325       1.204269016501e-10 
 1326       1.200993991741e-10 
 1327       1.197631967266e-10 
 1328       1.194184067438e-10 
 1329       1.190651424989e-10 
 1330       1.187035181039e-10 
 1331       1.183336485107e-10 
 1332       1.179556495136e-10 
 1333       1.175696377501e-10 
 1334       1.171757307031e-10 
 1335       1.167740467025e-10 
 1336       1.163647049269e-10 
 1337       1.159478254048e-10 
 1338       1.155235290171e-10 
 1339       1.150919374980e-10 
 1340       1.146531734370e-10 
 1341       1.142073602808e-10 
 1342       1.137546223344e-10 
 1343       1.132950847632e-10 
 1344       1.128288735946e-10 
 1345       1.123561157197e-10 
 1346       1.118769475521e-10 
 1347       1.113915411059e-10 
 1348       1.109000782041e-10 
 1349       1.104027418500e-10 
 1350       1.098997162287e-10 
 1351       1.093911867097e-10 
 1352       1.088773398491e-10 
 1353       1.083583633917e-10 
 1354       1.078344462734e-10 
 1355       1.073057786234e-10 
 1356       1.067725517662e-10 
 1357       1.062349582243e-10 
 1358       1.056931917201e-10 
 1359       1.051474471784e-10 
 1360       1.045979207281e-10 
 1361       1.040448097053e-10 
 1362       1.034883126546e-10 
 1363       1.029286293322e-10 
 1364       1.023659607074e-10 
 1365       1.018005089655e-10 
 1366       1.012324775094e-10 
 1367       1.006620709625e-10 
 1368       1.000894951704e-10 
 1369       9.951495720339e-11 
 1370       9.893866535861e-11 
 1371       9.836082916239e-11 
 1372       9.778165937241e-11 
 1373       9.720136797997e-11 
 1374       9.662016821220e-11 
 1375       9.603827453435e-11 
 1376       9.545590265198e-11 
 1377       9.487326951323e-11 
 1378       9.429059331107e-11 
 1379       9.370809348551e-11 
 1380       9.312599072587e-11 
 1381       9.254450697299e-11 
 1382       9.196386542150e-11 
 1383       9.138429052207e-11 
 1384       9.080600798359e-11 
 1385       9.022922893590e-11 
 1386       8.965410223031e-11 
 1387       8.908076163984e-11 
 1388       8.850934165445e-11 
 1389       8.793997748218e-11 
 1390       8.737280505051e-11 
 1391       8.680796100752e-11 
 1392       8.624558272319e-11 
 1393       8.568580829064e-11 
 1394       8.512877652739e-11 
 1395       8.457462697658e-11 
 1396       8.402349990825e-11 
 1397       8.347553632059e-11 
 1398       8.293087794117e-11 
 1399       8.238966722821e-11 
 1400       8.185204737183e-11 
 1401       8.131816229528e-11 
 1402       8.078815665621e-11 
 1403       8.026217584793e-11 
 1404       7.974036600063e-11 
 1405       7.922287398266e-11 
 1406       7.870984740175e-11 
 1407       7.820143460629e-11 
 1408       7.769778468659e-11 
 1409       7.719904747608e-11 
 1410       7.670537355260e-11 
 1411       7.621691423964e-11 
 1412       7.573382160762e-11 
 1413       7.525624847506e-11 
 1414       7.478434840993e-11 
 1415       7.431827573085e-11 
 1416       7.385818550831e-11 
 1417       7.340423356600e-11 
 1418       7.295657648199e-11 
 1419       7.251537159002e-11 
 1420       7.208077698073e-11 
 1421       7.165295150293e-11 
 1422       7.123205476482e-11 
 1423       7.081824713528e-11 
 1424       7.041166401210e-11 
 1425       7.001233833511e-11 
 1426       6.962027727972e-11 
 1427       6.923548791752e-11 
 1428       6.885797721591e-11 
 1429       6.848775203791e-11 
 1430       6.812481914184e-11 
 1431       6.776918518106e-11 
 1432       6.742085670370e-11 
 1433       6.707984015243e-11 
 1434       6.674614186409e-11 
 1435       6.641976806954e-11 
 1436       6.610072489328e-11 
 1437       6.578901835327e-11 
 1438       6.548465436059e-11 
 1439       6.518763871919e-11 
 1440       6.489797712566e-11 
 1441       6.461567516888e-11 
 1442       6.434073832984e-11 
 1443       6.407317198127e-11 
 1444       6.381298138747e-11 
 1445       6.356017170395e-11 
 1446       6.331474797722e-11 
 1447       6.307671514450e-11 
 1448       6.284607803344e-11 
 1449       6.262284136184e-11 
 1450       6.240700973743e-11 
 1451       6.219858765754e-11 
 1452       6.199757950884e-11 
 1453       6.180398956711e-11 
 1454       6.161782199693e-11 
 1455       6.143908085141e-11 
 1456       6.126777007194e-11 
 1457       6.110389348790e-11 
 1458       6.094745481640e-11 
 1459       6.079845766199e-11 
 1460       6.065690551644e-11 
 1461       6.052280175839e-11 
 1462       6.039614965316e-11 
 1463       6.027693520394e-11 
 1464       6.016507551861e-11 
 1465       6.006046992621e-11 
 1466       5.996301707738e-11 
 1467       5.987261494310e-11 
 1468       5.978916081349e-11 
 1469       5.971255129653e-11 
 1470       5.964268231688e-11 
 1471       5.957944911461e-11 
 1472       5.952274624399e-11 
 1473       5.947246757224e-11 
 1474       5.942850627832e-11 
 1475       5.939075485169e-11 
 1476       5.935910509106e-11 
 1477       5.933344810319e-11 
 1478       5.931367430162e-11 
 1479       5.929967340549e-11 
 1480       5.929133443826e-11 
 1481       5.928854572648e-11 
 1482       5.929119489861e-11 
 1483       5.929916888373e-11 
 1484       5.931235391033e-11 
 1485       5.933063550509e-11 
 1486       5.935389849163e-11 
 1487       5.938202698928e-11 
 1488       5.941490441187e-11 
 1489       5.945241346646e-11 
 1490       5.949443615215e-11 
 1491       5.954085375881e-11 
 1492       5.959154686589e-11 
 1493       5.964639534113e-11 
 1494       5.970527833940e-11 
 1495       5.976807430139e-11 
 1496       5.983466095247e-11 
 1497       5.990491530136e-11 
 1498       5.997871363896e-11 
 1499       6.005593153712e-11 
 1500       6.013644384737e-11 
 1501       6.022012469972e-11 
 1502       6.030684821578e-11 
 1503       6.039649065821e-11 
 1504       6.048892829975e-11 
 1505       6.058403670956e-11 
 1506       6.068169075204e-11 
 1507       6.078176458562e-11 
 1508       6.088413166157e-11 
 1509       6.098866472282e-11 
 1510       6.109523580276e-11 
 1511       6.120371622401e-11 
 1512       6.131397659729e-11 
 1513       6.142588682019e-11 
 1514       6.153931607597e-11 
 1515       6.165413283237e-11 
 1516       6.177020484045e-11 
 1517       6.188739913334e-11 
 1518       6.200558202508e-11 
 1519       6.212461910944e-11 
 1520       6.224437525868e-11 
 1521       6.236471462241e-11 
 1522       6.248550062635e-11 
 1523       6.260659597115e-11 
 1524       6.272786263124e-11 
 1525       6.284916185355e-11 
 1526       6.297035415639e-11 
 1527       6.309129932823e-11 
 1528       6.321185642649e-11 
 1529       6.333188377639e-11 
 1530       6.345123896970e-11 
 1531       6.356977886359e-11 
 1532       6.368735957942e-11 
 1533       6.380383650155e-11 
 1534       6.391906427612e-11 
 1535       6.403289680992e-11 
 1536       6.414518726912e-11 
 1537       6.425578807813e-11 
 1538       6.436455091838e-11 
 1539       6.447132672714e-11 
 1540       6.457596569632e-11 
 1541       6.467833210958e-11 
 1542       6.477834901019e-11 
 1543       6.487595395483e-11 
 1544       6.497108421325e-11 
 1545       6.506367676789e-11 
 1546       6.515366831339e-11 
 1547       6.524099525618e-11 
 1548       6.532559371401e-11 
 1549       6.540739951550e-11 
 1550       6.548634819975e-11 
 1551       6.556237501581e-11 
 1552       6.563541492230e-11 
 1553       6.570540258696e-11 
 1554       6.577227238617e-11 
 1555       6.583595840453e-11 
 1556       6.589639443443e-11 
 1557       6.595351397557e-11 
 1558       6.600725023454e-11 
 1559       6.605753612437e-11 
 1560       6.610430426408e-11 
 1561       6.614748697825e-11 
 1562       6.618701629656e-11 
 1563       6.622282395335e-11 
 1564       6.625484138717e-11 
 1565       6.628299974036e-11 
 1566       6.630722985858e-11 
 1567       6.632746229035e-11 
 1568       6.634362728667e-11 
 1569       6.635565480051e-11 
 1570       6.636347448639e-11 
 1571       6.636701569993e-11 
 1572       6.636620749743e-11 
 1573       6.636097863539e-11 
 1574       6.635125757009e-11 
 1575       6.633697245712e-11 
 1576       6.631805115099e-11 
 1577       6.629442120460e-11 
 1578       6.626600986889e-11 
 1579       6.623274409231e-11 
 1580       6.619456732786e-11 
 1581       6.615149012514e-11 
 1582       6.610354000578e-11 
 1583       6.605074469894e-11 
 1584       6.599313214164e-11 
 1585       6.593073047915e-11 
 1586       6.586356806530e-11 
 1587       6.579167346291e-11 
 1588       6.571507544411e-11 
 1589       6.563380299072e-11 
 1590       6.554788529460e-11 
 1591       6.545735175803e-11 
 1592       6.536223199404e-11 
 1593       6.526255582683e-11 
 1594       6.515835329206e-11 
 1595       6.504965463730e-11 
 1596       6.493649032229e-11 
 1597       6.481889101940e-11 
 1598       6.469688761393e-11 
 1599       6.457051120450e-11 
 1600       6.443979310341e-11 
 1601       6.430476483698e-11 
 1602       6.416545814596e-11 
 1603       6.402190498584e-11 
 1604       6.387413752726e-11 
 1605       6.372218815633e-11 
 1606       6.356608947503e-11 
 1607       6.340587430155e-11 
 1608       6.324157567065e-11 
 1609       6.307322683405e-11 
 1610       6.290086126076e-11 
 1611       6.272451263747e-11 
 1612       6.254421486889e-11 
 1613       6.236000207814e-11 
 1614       6.217190860708e-11 
 1615       6.197996901670e-11 
 1616       6.178421808747e-11 
 1617       6.158469081970e-11 
 1618       6.138142243391e-11 
 1619       6.117445606343e-11 
 1620       6.096386590740e-11 
 1621       6.074973428769e-11 
 1622       6.053214397638e-11 
 1623       6.031117819650e-11 
 1624       6.008692062270e-11 
 1625       5.985945538198e-11 
 1626       5.962886705442e-11 
 1627       5.939524067389e-11 
 1628       5.915866172876e-11 
 1629       5.891921616261e-11 
 1630       5.867699037494e-11 
 1631       5.843207122192e-11 
 1632       5.818454601706e-11 
 1633       5.793450253194e-11 
 1634       5.768202899695e-11 
 1635       5.742721410197e-11 
 1636       5.717014699710e-11 
 1637       5.691091729339e-11 
 1638       5.664961506350e-11 
 1639       5.638633084251e-11 
 1640       5.612115562852e-11 
 1641       5.585418088346e-11 
 1642       5.558549853376e-11 
 1643       5.531520097107e-11 
 1644       5.504338105298e-11 
 1645       5.477013210374e-11 
 1646       5.449554791494e-11 
 1647       5.421972274629e-11 
 1648       5.394275132627e-11 
 1649       5.366472885289e-11 
 1650       5.338575099436e-11 
 1651       5.310591388987e-11 
 1652       5.282531415024e-11 
 1653       5.254404885866e-11 
 1654       5.226221557142e-11 
 1655       5.197991231860e-11 
 1656       5.169723760481e-11 
 1657       5.141429040988e-11 
 1658       5.113116567916e-11 
 1659       5.084794074949e-11 
 1660       5.056468880486e-11 
 1661       5.028148337650e-11 
 1662       4.999839834340e-11 
 1663       4.971550793283e-11 
 1664       4.943288672082e-11 
 1665       4.915060963273e-11 
 1666       4.886875194375e-11 
 1667       4.858738927940e-11 
 1668       4.830659761608e-11 
 1669       4.802645328155e-11 
 1670       4.774703295548e-11 
 1671       4.746841366995e-11 
 1672       4.719067280998e-11 
 1673       4.691388811404e-11 
 1674       4.663813767458e-11 
 1675       4.636349993852e-11 
 1676       4.609005370780e-11 
 1677       4.581787813989e-11 
 1678       4.554705274828e-11 
 1679       4.527765740304e-11 
 1680       4.500977233132e-11 
 1681       4.474347811786e-11 
 1682       4.447885570551e-11 
 1683       4.421598639577e-11 
 1684       4.395495184927e-11 
 1685       4.369583408633e-11 
 1686       4.343871548745e-11 
 1687       4.318367879383e-11 
 1688       4.293080710789e-11 
 1689       4.268018389381e-11 
 1690       4.243189297802e-11 
 1691       4.218601854971e-11 
 1692       4.194264516140e-11 
 1693       4.170185772940e-11 
 1694       4.146374153436e-11 
 1695       4.122838222178e-11 
 1696       4.099586580252e-11 
 1697       4.076626723810e-11 
 1698       4.053961608786e-11 
 1699       4.031593056663e-11 
 1700       4.009522893313e-11 
 1701       3.987752949003e-11 
 1702       3.966285058397e-11 
 1703       3.945121060560e-11 
 1704       3.924262798965e-11 
 1705       3.903712121494e-11 
 1706       3.883470880446e-11 
 1707       3.863540932537e-11 
 1708       3.843924138907e-11 
 1709       3.824622365125e-11 
 1710       3.805637481189e-11 
 1711       3.786971361537e-11 
 1712       3.768625885044e-11 
 1713       3.750602935033e-11 
 1714       3.732904399273e-11 
 1715       3.715532169987e-11 
 1716       3.698488143857e-11 
 1717       3.681774222026e-11 
 1718       3.665392310103e-11 
 1719       3.649344318167e-11 
 1720       3.633632160773e-11 
 1721       3.618257756952e-11 
 1722       3.603223030221e-11 
 1723       3.588529908584e-11 
 1724       3.574180324536e-11 
 1725       3.560176215067e-11 
 1726       3.546519521670e-11 
 1727       3.533212190339e-11 
 1728       3.520256171580e-11 
 1729       3.507653420411e-11 
 1730       3.495405896366e-11 
 1731       3.483515563501e-11 
 1732       3.471984390400e-11 
 1733       3.460814350174e-11 
 1734       3.450007420471e-11 
 1735       3.439565583477e-11 
 1736       3.429489863170e-11 
 1737       3.419777428210e-11 
 1738       3.410424464640e-11 
 1739       3.401427136387e-11 
 1740       3.392781585223e-11 
 1741       3.384483930736e-11 
 1742       3.376530270296e-11 
 1743       3.368916679016e-11 
 1744       3.361639209722e-11 
 1745       3.354693892920e-11 
 1746       3.348076736757e-11 
 1747       3.341783726992e-11 
 1748       3.335810826960e-11 
 1749       3.330153977536e-11 
 1750       3.324809097104e-11 
 1751       3.319772081523e-11 
 1752       3.315038804090e-11 
 1753       3.310605115507e-11 
 1754       3.306466843851e-11 
 1755       3.302619794532e-11 
 1756       3.299059750268e-11 
 1757       3.295782471044e-11 
 1758       3.292783694080e-11 
 1759       3.290059133800e-11 
 1760       3.287604481792e-11 
 1761       3.285415406780e-11 
 1762       3.283487554587e-11 
 1763       3.281816548100e-11 
 1764       3.280397987237e-11 
 1765       3.279227448915e-11 
 1766       3.278300487013e-11 
 1767       3.277612632339e-11 
 1768       3.277159392596e-11 
 1769       3.276936252349e-11 
 1770       3.276938672988e-11 
 1771       3.277162092697e-11 
 1772       3.277601926419e-11 
 1773       3.278253565822e-11 
 1774       3.279112379265e-11 
 1775       3.280173507485e-11 
 1776       3.281431248897e-11 
 1777       3.282879669160e-11 
 1778       3.284512804953e-11 
 1779       3.286324663933e-11 
 1780       3.288309224691e-11 
 1781       3.290460436714e-11 
 1782       3.292772220342e-11 
 1783       3.295238466723e-11 
 1784       3.297853037776e-11 
 1785       3.300609766145e-11 
 1786       3.303502455161e-11 
 1787       3.306524878796e-11 
 1788       3.309670781626e-11 
 1789       3.312933878783e-11 
 1790       3.316307855921e-11 
 1791       3.319786369167e-11 
 1792       3.323363045083e-11 
 1793       3.327031480623e-11 
 1794       3.330785243091e-11 
 1795       3.334617870102e-11 
 1796       3.338522869535e-11 
 1797       3.342493719495e-11 
 1798       3.346523868271e-11 
 1799       3.350606734292e-11 
 1800       3.354735706088e-11 
 1801       3.358904142246e-11 
 1802       3.363105371368e-11 
 1803       3.367332692031e-11 
 1804       3.371579372746e-11 
 1805       3.375838651911e-11 
 1806       3.380103737775e-11 
 1807       3.384367808392e-11 
 1808       3.388624011584e-11 
 1809       3.392865464893e-11 
 1810       3.397085255544e-11 
 1811       3.401276440401e-11 
 1812       3.405432045926e-11 
 1813       3.409545068136e-11 
 1814       3.413609012513e-11 
 1815       3.417619518566e-11 
 1816       3.421572748290e-11 
 1817       3.425464847384e-11 
 1818       3.429291945228e-11 
 1819       3.433050154862e-11 
 1820       3.436735572962e-11 
 1821       3.440344279821e-11 
 1822       3.443872339323e-11 
 1823       3.447315798924e-11 
 1824       3.450670689628e-11 
 1825       3.453933025966e-11 
 1826       3.457098805973e-11 
 1827       3.460164011168e-11 
 1828       3.463124606527e-11 
 1829       3.465976540466e-11 
 1830       3.468715744817e-11 
 1831       3.471338134804e-11 
 1832       3.473839609026e-11 
 1833       3.476216049426e-11 
 1834       3.478463321280e-11 
 1835       3.480577273165e-11 
 1836       3.482553736943e-11 
 1837       3.484388527736e-11 
 1838       3.486077443906e-11 
 1839       3.487616267029e-11 
 1840       3.489000761878e-11 
 1841       3.490226676398e-11 
 1842       3.491289741682e-11 
 1843       3.492185671954e-11 
 1844       3.492910164541e-11 
 1845       3.493458899856e-11 
 1846       3.493827541372e-11 
 1847       3.494011735602e-11 
 1848       3.494007112077e-11 
 1849       3.493809283322e-11 
 1850       3.493413844835e-11 
 1851       3.492816375067e-11 
 1852       3.492012435396e-11 
 1853       3.490998362307e-11 
 1854       3.489773650819e-11 
 1855       3.488338589838e-11 
 1856       3.486693471671e-11 
 1857       3.484838592027e-11 
 1858       3.482774250031e-11 
 1859       3.480500748222e-11 
 1860       3.478018392560e-11 
 1861       3.475327492435e-11 
 1862       3.472428360670e-11 
 1863       3.469321313525e-11 
 1864       3.466006670707e-11 
 1865       3.462484755370e-11 
 1866       3.458755894126e-11 
 1867       3.454820417046e-11 
 1868       3.450678657668e-11 
 1869       3.446330953001e-11 
 1870       3.441777643535e-11 
 1871       3.437019073238e-11 
 1872       3.432055589571e-11 
 1873       3.426887543486e-11 
 1874       3.421515289437e-11 
 1875       3.415939185381e-11 
 1876       3.410159592786e-11 
 1877       3.404176876638e-11 
 1878       3.397991405444e-11 
 1879       3.391603551236e-11 
 1880       3.385013689582e-11 
 1881       3.378222199587e-11 
 1882       3.371229463900e-11 
 1883       3.364035868718e-11 
 1884       3.356641803795e-11 
 1885       3.349047662445e-11 
 1886       3.341253841547e-11 
 1887       3.333260741553e-11 
 1888       3.325068766489e-11 
 1889       3.316678323968e-11 
 1890       3.308089825188e-11 
 1891       3.299303684942e-11 
 1892       3.290320818331e-11 
 1893       3.281144135100e-11 
 1894       3.271777056873e-11 
 1895       3.262223021515e-11 
 1896       3.252485483154e-11 
 1897       3.242567912203e-11 
 1898       3.232473795379e-11 
 1899       3.222206635733e-11 
 1900       3.211769952664e-11 
 1901       3.201167281946e-11 
 1902       3.190402175749e-11 
 1903       3.179478202661e-11 
 1904       3.168398947708e-11 
 1905       3.157168012382e-11 
 1906       3.145789014656e-11 
 1907       3.134265589012e-11 
 1908       3.122601386460e-11 
 1909       3.110800074560e-11 
 1910       3.098865337448e-11 
 1911       3.086800875851e-11 
 1912       3.074610407118e-11 
 1913       3.062297665234e-11 
 1914       3.049866400850e-11 
 1915       3.037320381296e-11 
 1916       3.024663390612e-11 
 1917       3.011899229566e-11 
 1918       2.999031715674e-11 
 1919       2.986064683228e-11 
 1920       2.973001983313e-11 
 1921       2.959847483831e-11 
 1922       2.946605069524e-11 
 1923       2.933278641995e-11 
 1924       2.919872119732e-11 
 1925       2.906389438125e-11 
 1926       2.892834549497e-11 
 1927       2.879211423116e-11 
 1928       2.865524045228e-11 
 1929       2.851776419068e-11 
 1930       2.837972564890e-11 
 1931       2.824116466060e-11 
 1932       2.810211906849e-11 
 1933       2.796262633451e-11 
 1934       2.782272407826e-11 
 1935       2.768245007716e-11 
 1936       2.754184226664e-11 
 1937       2.740093874039e-11 
 1938       2.725977775054e-11 
 1939       2.711839770786e-11 
 1940       2.697683718197e-11 
 1941       2.683513490154e-11 
 1942       2.669332975452e-11 
 1943       2.655146078829e-11 
 1944       2.640956720994e-11 
 1945       2.626768838638e-11 
 1946       2.612586384465e-11 
 1947       2.598413327203e-11 
 1948       2.584253651631e-11 
 1949       2.570111358595e-11 
 1950       2.555990465033e-11 
 1951       2.541895003991e-11 
 1952       2.527829024645e-11 
 1953       2.513796592322e-11 
 1954       2.499801788522e-11 
 1955       2.485848710934e-11 
 1956       2.471941473461e-11 
 1957       2.458084206237e-11 
 1958       2.444281055650e-11 
 1959       2.430536184360e-11 
 1960       2.416853771323e-11 
 1961       2.403238011807e-11 
 1962       2.389693117416e-11 
 1963       2.376223316109e-11 
 1964       2.362832852221e-11 
 1965       2.349525986480e-11 
 1966       2.336306996035e-11 
 1967       2.323180174468e-11 
 1968       2.310149831820e-11 
 1969       2.297220294611e-11 
 1970       2.284395447575e-11 
 1971       2.271677355117e-11 
 1972       2.259067629656e-11 
 1973       2.246567888988e-11 
 1974       2.234179756284e-11 
 1975       2.221904860104e-11 
 1976       2.209744834400e-11 
 1977       2.197701318521e-11 
 1978       2.185775957221e-11 
 1979       2.173970400668e-11 
 1980       2.162286304443e-11 
 1981       2.150725329553e-11 
 1982       2.139289142436e-11 
 1983       2.127979414963e-11 
 1984       2.116797824450e-11 
 1985       2.105746053662e-11 
 1986       2.094825790815e-11 
 1987       2.084038729592e-11 
 1988       2.073386569140e-11 
 1989       2.062871014080e-11 
 1990       2.052493774514e-11 
 1991       2.042256566029e-11 
 1992       2.032161109707e-11 
 1993       2.022209132127e-11 
 1994       2.012402365373e-11 
 1995       2.002742547043e-11 
 1996       1.993231420249e-11 
 1997       1.983870733630e-11 
 1998       1.974662241354e-11 
 1999       1.965607703126e-11 
 2000       1.956708884194e-11 
 2001       1.947967555353e-11 
 2002       1.939385492958e-11 
 2003       1.930964478921e-11 
 2004       1.922706300723e-11 
 2005       1.914612751423e-11 
 2006       1.906685629654e-11 
 2007       1.898926739642e-11 
 2008       1.891337891202e-11 
 2009       1.883920410644e-11 
 2010       1.876673669560e-11 
 2011       1.869596545329e-11 
 2012       1.862687909244e-11 
 2013       1.855946626499e-11 
 2014       1.849371556184e-11 
 2015       1.842961551277e-11 
 2016       1.836715458633e-11 
 2017       1.830632118980e-11 
 2018       1.824710366905e-11 
 2019       1.818949030852e-11 
 2020       1.813346933110e-11 
 2021       1.807902889804e-11 
 2022       1.802615710891e-11 
 2023       1.797484200145e-11 
 2024       1.792507155157e-11 
 2025       1.787683367320e-11 
 2026       1.783011621823e-11 
 2027       1.778490697644e-11 
 2028       1.774119367540e-11 
 2029       1.769896398040e-11 
 2030       1.765820549437e-11 
 2031       1.761890575775e-11 
 2032       1.758105224850e-11 
 2033       1.754463238193e-11 
 2034       1.750963351065e-11 
 2035       1.747604292451e-11 
 2036       1.744384785047e-11 
 2037       1.741303545257e-11 
 2038       1.738359283180e-11 
 2039       1.735550702605e-11 
 2040       1.732876501000e-11 
 2041       1.730335369508e-11 
 2042       1.727925992934e-11 
 2043       1.725647049739e-11 
 2044       1.723497212032e-11 
 2045       1.721475145561e-11 
 2046       1.719579509705e-11 
 2047       1.717808957465e-11 
 2048       1.716161929767e-11 
 2049       1.714636036767e-11 
 2050       1.713228672105e-11 
 2051       1.711937218183e-11 
 2052       1.710759046147e-11 
 2053       1.709691515880e-11 
 2054       1.708731975977e-11 
 2055       1.707877763742e-11 
 2056       1.707126205167e-11 
 2057       1.706474614919e-11 
 2058       1.705920296327e-11 
 2059       1.705460541368e-11 
 2060       1.705092630653e-11 
 2061       1.704813833410e-11 
 2062       1.704621407474e-11 
 2063       1.704512599269e-11 
 2064       1.704484643798e-11 
 2065       1.704534764625e-11 
 2066       1.704660173862e-11 
 2067       1.704858072157e-11 
 2068       1.705125648677e-11 
 2069       1.705460081095e-11 
 2070       1.705858535577e-11 
 2071       1.706318166766e-11 
 2072       1.706836117767e-11 
 2073       1.707409520137e-11 
 2074       1.708035493868e-11 
 2075       1.708711147371e-11 
 2076       1.709433577467e-11 
 2077       1.710199869367e-11 
 2078       1.711007096663e-11 
 2079       1.711852321310e-11 
 2080       1.712732593616e-11 
 2081       1.713644952221e-11 
 2082       1.714586424091e-11 
 2083       1.715554024500e-11 
 2084       1.716544757012e-11 
 2085       1.717555613476e-11 
 2086       1.718583574002e-11 
 2087       1.719625757606e-11 
 2088       1.720679875299e-11 
 2089       1.721743780145e-11 
 2090       1.722815316889e-11 
 2091       1.723892321943e-11 
 2092       1.724972623382e-11 
 2093       1.726054040929e-11 
 2094       1.727134385946e-11 
 2095       1.728211461426e-11 
 2096       1.729283061983e-11 
 2097       1.730346973838e-11 
 2098       1.731400974814e-11 
 2099       1.732442834323e-11 
 2100       1.733470313356e-11 
 2101       1.734481164476e-11 
 2102       1.735473131804e-11 
 2103       1.736443951011e-11 
 2104       1.737391349309e-11 
 2105       1.738313045440e-11 
 2106       1.739206749663e-11 
 2107       1.740070163750e-11 
 2108       1.740900980972e-11 
 2109       1.741696886090e-11 
 2110       1.742455555344e-11 
 2111       1.743174656445e-11 
 2112       1.743851848563e-11 
 2113       1.744484782319e-11 
 2114       1.745071099772e-11 
 2115       1.745608434414e-11 
 2116       1.746094411155e-11 
 2117       1.746526646314e-11 
 2118       1.746902747611e-11 
 2119       1.747220314158e-11 
 2120       1.747476936443e-11 
 2121       1.747670196328e-11 
 2122       1.747797667031e-11 
 2123       1.747856913123e-11 
 2124       1.747845490515e-11 
 2125       1.747760946445e-11 
 2126       1.747601158495e-11 
 2127       1.747365354182e-11 
 2128       1.747053098368e-11 
 2129       1.746663954867e-11 
 2130       1.746197486453e-11 
 2131       1.745653254852e-11 
 2132       1.745030820746e-11 
 2133       1.744329743768e-11 
 2134       1.743549582504e-11 
 2135       1.742689894492e-11 
 2136       1.741750236218e-11 
 2137       1.740730163117e-11 
 2138       1.739629229572e-11 
 2139       1.738446988916e-11 
 2140       1.737182993423e-11 
 2141       1.735836794314e-11 
 2142       1.734407941757e-11 
 2143       1.732895984857e-11 
 2144       1.731300471666e-11 
 2145       1.729620949174e-11 
 2146       1.727856963313e-11 
 2147       1.726008058953e-11 
 2148       1.724073779901e-11 
 2149       1.722053668901e-11 
 2150       1.719947267636e-11 
 2151       1.717754116721e-11 
 2152       1.715473755705e-11 
 2153       1.713105723072e-11 
 2154       1.710649556235e-11 
 2155       1.708104791541e-11 
 2156       1.705470964266e-11 
 2157       1.702747608613e-11 
 2158       1.699934257716e-11 
 2159       1.697030443634e-11 
 2160       1.694035697353e-11 
 2161       1.690949548783e-11 
 2162       1.687771526760e-11 
 2163       1.684501159040e-11 
 2164       1.681137972303e-11 
 2165       1.677681769193e-11 
 2166       1.674133461485e-11 
 2167       1.670494242552e-11 
 2168       1.666765310835e-11 
 2169       1.662947869853e-11 
 2170       1.659043128205e-11 
 2171       1.655052299581e-11 
 2172       1.650976602764e-11 
 2173       1.646817261639e-11 
 2174       1.642575505196e-11 
 2175       1.638252567539e-11 
 2176       1.633849687892e-11 
 2177       1.629368110602e-11 
 2178       1.624809085148e-11 
 2179       1.620173866147e-11 
 2180       1.615463713357e-11 
 2181       1.610679891689e-11 
 2182       1.605823671206e-11 
 2183       1.600896327135e-11 
 2184       1.595899139870e-11 
 2185       1.590833394979e-11 
 2186       1.585700383208e-11 
 2187       1.580501400492e-11 
 2188       1.575237747956e-11 
 2189       1.569910731924e-11 
 2190       1.564521663924e-11 
 2191       1.559071860695e-11 
 2192       1.553562644191e-11 
 2193       1.547995341589e-11 
 2194       1.542371285297e-11 
 2195       1.536691812954e-11 
 2196       1.530958267443e-11 
 2197       1.525171996891e-11 
 2198       1.519334354681e-11 
 2199       1.513446699453e-11 
 2200       1.507510395112e-11 
 2201       1.501526810837e-11 
 2202       1.495497321081e-11 
 2203       1.489423305582e-11 
 2204       1.483306202719e-11 
 2205       1.477147669957e-11 
 2206       1.470949424479e-11 
 2207       1.464713189939e-11 
 2208       1.458440696472e-11 
 2209       1.452133680698e-11 
 2210       1.445793885731e-11 
 2211       1.439423061186e-11 
 2212       1.433022963187e-11 
 2213       1.426595354374e-11 
 2214       1.420142003911e-11 
 2215       1.413664687492e-11 
 2216       1.407165187349e-11 
 2217       1.400645292261e-11 
 2218       1.394106797560e-11 
 2219       1.387551505137e-11 
 2220       1.380981223452e-11 
 2221       1.374397767541e-11 
 2222       1.367802959021e-11 
 2223       1.361198626102e-11 
 2224       1.354586603587e-11 
 2225       1.347968732889e-11 
 2226       1.341346862030e-11 
 2227       1.334722845653e-11 
 2228       1.328098545029e-11 
 2229       1.321475828061e-11 
 2230       1.314856569298e-11 
 2231       1.308242649934e-11 
 2232       1.301635957824e-11 
 2233       1.295038387485e-11 
 2234       1.288451840104e-11 
 2235       1.281878223552e-11 
 2236       1.275319452382e-11 
 2237       1.268777447843e-11 
 2238       1.262254137885e-11 
 2239       1.255751457166e-11 
 2240       1.249271347061e-11 
 2241       1.242815755668e-11 
 2242       1.236386637817e-11 
 2243       1.229985800362e-11 
 2244       1.223614436949e-11 
 2245       1.217273590229e-11 
 2246       1.210964306295e-11 
 2247       1.204687634692e-11 
 2248       1.198444628412e-11 
 2249       1.192236343908e-11 
 2250       1.186063841089e-11 
 2251       1.179928183329e-11 
 2252       1.173830437467e-11 
 2253       1.167771673815e-11 
 2254       1.161752966158e-11 
 2255       1.155775391760e-11 
 2256       1.149840031365e-11 
 2257       1.143947969204e-11 
 2258       1.138100292998e-11 
 2259       1.132298093959e-11 
 2260       1.126542466797e-11 
 2261       1.120834509722e-11 
 2262       1.115175324448e-11 
 2263       1.109566016197e-11 
 2264       1.104007693704e-11 
 2265       1.098501469216e-11 
 2266       1.093048458503e-11 
 2267       1.087649780854e-11 
 2268       1.082306559088e-11 
 2269       1.077019919552e-11 
 2270       1.071790992127e-11 
 2271       1.066620910231e-11 
 2272       1.061510810827e-11 
 2273       1.056461834418e-11 
 2274       1.051475125060e-11 
 2275       1.046551830360e-11 
 2276       1.041693101479e-11 
 2277       1.036900093142e-11 
 2278       1.032173963635e-11 
 2279       1.027515874813e-11 
 2280       1.022926992100e-11 
 2281       1.018408484497e-11 
 2282       1.013961302279e-11 
 2283       1.009585508531e-11 
 2284       1.005280943330e-11 
 2285       1.001047445660e-11 
 2286       9.968848534120e-12 
 2287       9.927930033792e-12 
 2288       9.887717312576e-12 
 2289       9.848208716442e-12 
 2290       9.809402580357e-12 
 2291       9.771297228268e-12 
 2292       9.733890973094e-12 
 2293       9.697182116703e-12 
 2294       9.661168949908e-12 
 2295       9.625849752446e-12 
 2296       9.591222792965e-12 
 2297       9.557286329014e-12 
 2298       9.524038607024e-12 
 2299       9.491477862298e-12 
 2300       9.459602318994e-12 
 2301       9.428410190112e-12 
 2302       9.397899677482e-12 
 2303       9.368068971747e-12 
 2304       9.338916252349e-12 
 2305       9.310439687521e-12 
 2306       9.282637434262e-12 
 2307       9.255507638335e-12 
 2308       9.229048434243e-12 
 2309       9.203257945224e-12 
 2310       9.178134283227e-12 
 2311       9.153675548909e-12 
 2312       9.129879831610e-12 
 2313       9.106745209349e-12 
 2314       9.084269748802e-12 
 2315       9.062451505295e-12 
 2316       9.041288522783e-12 
 2317       9.020778833842e-12 
 2318       9.000920459650e-12 
 2319       8.981711409979e-12 
 2320       8.963149683175e-12 
 2321       8.945231908484e-12 
 2322       8.927949263687e-12 
 2323       8.911291531689e-12 
 2324       8.895248455791e-12 
 2325       8.879809739653e-12 
 2326       8.864965047249e-12 
 2327       8.850704002818e-12 
 2328       8.837016190824e-12 
 2329       8.823891155911e-12 
 2330       8.811318402860e-12 
 2331       8.799287396540e-12 
 2332       8.787787561869e-12 
 2333       8.776808283769e-12 
 2334       8.766338907118e-12 
 2335       8.756368736711e-12 
 2336       8.746887037210e-12 
 2337       8.737883033107e-12 
 2338       8.729345908673e-12 
 2339       8.721264807917e-12 
 2340       8.713628834542e-12 
 2341       8.706427051900e-12 
 2342       8.699648482947e-12 
 2343       8.693282110200e-12 
 2344       8.687316875694e-12 
 2345       8.681741680935e-12 
 2346       8.676545386857e-12 
 2347       8.671716813777e-12 
 2348       8.667244741354e-12 
 2349       8.663117908540e-12 
 2350       8.659325013540e-12 
 2351       8.655854713765e-12 
 2352       8.652695625789e-12 
 2353       8.649836325303e-12 
 2354       8.647265347076e-12 
 2355       8.644971184904e-12 
 2356       8.642942291569e-12 
 2357       8.641167078797e-12 
 2358       8.639633917208e-12 
 2359       8.638331136279e-12 
 2360       8.637247231774e-12 
 2361       8.636371489550e-12 
 2362       8.635693365536e-12 
 2363       8.635202278565e-12 
 2364       8.634887610330e-12 
 2365       8.634738705348e-12 
 2366       8.634744870922e-12 
 2367       8.634895377094e-12 
 2368       8.635179456613e-12 
 2369       8.635586304892e-12 
 2370       8.636105079967e-12 
 2371       8.636724902459e-12 
 2372       8.637434855535e-12 
 2373       8.638223984865e-12 
 2374       8.639081298586e-12 
 2375       8.639995767261e-12 
 2376       8.640956323837e-12 
 2377       8.641951863608e-12 
 2378       8.642971244175e-12 
 2379       8.644003285405e-12 
 2380       8.645036769392e-12 
 2381       8.646060440417e-12 
 2382       8.647063004908e-12 
 2383       8.648033131402e-12 
 2384       8.648959450501e-12 
 2385       8.649830554840e-12 
 2386       8.650634999037e-12 
 2387       8.651361299662e-12 
 2388       8.651997935194e-12 
 2389       8.652533345978e-12 
 2390       8.652955934192e-12 
 2391       8.653254063801e-12 
 2392       8.653416060523e-12 
 2393       8.653430211782e-12 
 2394       8.653284766676e-12 
 2395       8.652967935932e-12 
 2396       8.652467891868e-12 
 2397       8.651772768353e-12 
 2398       8.650870660769e-12 
 2399       8.649750829453e-12 
 2400       8.648407318152e-12 
 2401       8.646835357572e-12 
 2402       8.645030163889e-12 
 2403       8.642986938731e-12 
 2404       8.640700869164e-12 
 2405       8.638167127676e-12 
 2406       8.635380872166e-12 
 2407       8.632337245926e-12 
 2408       8.629031377626e-12 
 2409       8.625458381302e-12 
 2410       8.621613356340e-12 
 2411       8.617491387462e-12 
 2412       8.613087544708e-12 
 2413       8.608396883427e-12 
 2414       8.603414444257e-12 
 2415       8.598135253115e-12 
 2416       8.592554321178e-12 
 2417       8.586666644872e-12 
 2418       8.580467205853e-12 
 2419       8.573950970999e-12 
 2420       8.567112892387e-12 
 2421       8.559947907286e-12 
 2422       8.552450938138e-12 
 2423       8.544616892543e-12 
 2424       8.536440663248e-12 
 2425       8.527917128128e-12 
 2426       8.519041150176e-12 
 2427       8.509807577481e-12 
 2428       8.500211243224e-12 
 2429       8.490246965653e-12 
 2430       8.479909548074e-12 
 2431       8.469193778835e-12 
 2432       8.458094431312e-12 
 2433       8.446606263892e-12 
 2434       8.434724019963e-12 
 2435       8.422442427894e-12 
 2436       8.409756201022e-12 
 2437       8.396660037641e-12 
 2438       8.383150293522e-12 
 2439       8.369230010501e-12 
 2440       8.354903918063e-12 
 2441       8.340176763566e-12 
 2442       8.325053312259e-12 
 2443       8.309538347301e-12 
 2444       8.293636669780e-12 
 2445       8.277353098735e-12 
 2446       8.260692471169e-12 
 2447       8.243659642074e-12 
 2448       8.226259484446e-12 
 2449       8.208496889307e-12 
 2450       8.190376765723e-12 
 2451       8.171904040821e-12 
 2452       8.153083659813e-12 
 2453       8.133920586010e-12 
 2454       8.114419800844e-12 
 2455       8.094586303886e-12 
 2456       8.074425112866e-12 
 2457       8.053941263691e-12 
 2458       8.033139810464e-12 
 2459       8.012025825504e-12 
 2460       7.990604399367e-12 
 2461       7.968880640859e-12 
 2462       7.946859677062e-12 
 2463       7.924546653348e-12 
 2464       7.901946733402e-12 
 2465       7.879065099238e-12 
 2466       7.855906951218e-12 
 2467       7.832477508076e-12 
 2468       7.808782006930e-12 
 2469       7.784825703306e-12 
 2470       7.760613871155e-12 
 2471       7.736151802875e-12 
 2472       7.711444809325e-12 
 2473       7.686498219848e-12 
 2474       7.661317382288e-12 
 2475       7.635907663013e-12 
 2476       7.610274446928e-12 
 2477       7.584421554467e-12 
 2478       7.558346482291e-12 
 2479       7.532045134494e-12 
 2480       7.505513403064e-12 
 2481       7.478747167876e-12 
 2482       7.451742296677e-12 
 2483       7.424494645078e-12 
 2484       7.397000056534e-12 
 2485       7.369254362343e-12 
 2486       7.341253381625e-12 
 2487       7.312992921316e-12 
 2488       7.284468776151e-12 
 2489       7.255676728658e-12 
 2490       7.226612549143e-12 
 2491       7.197271995675e-12 
 2492       7.167650814082e-12 
 2493       7.137744737931e-12 
 2494       7.107549488522e-12 
 2495       7.077060774872e-12 
 2496       7.046274293707e-12 
 2497       7.015185729446e-12 
 2498       6.983790754193e-12 
 2499       6.952085027724e-12 
 2500       6.920064197471e-12 
