# dimensionless total [l(l+1)/2pi] C_l's
# for l=2 to 2500, i.e. number of multipoles equal to 2499
#
# -> if you prefer output in CAMB/HealPix/LensPix units/order, set 'format' to 'camb' in input file
# -> if you don't want to see such a header, set 'headers' to 'no' in input file
#
# 1:l     2:TT                 
    2       3.101213250255e-10 
    3       2.810198975327e-10 
    4       2.564674952513e-10 
    5       2.369877623385e-10 
    6       2.215589018534e-10 
    7       2.091775552809e-10 
    8       1.991703312234e-10 
    9       1.909522270982e-10 
   10       1.842100858463e-10 
   11       1.786975481956e-10 
   12       1.742467821469e-10 
   13       1.706183907521e-10 
   14       1.676876509204e-10 
   15       1.653769177978e-10 
   16       1.636973556348e-10 
   17       1.625468519928e-10 
   18       1.617949852987e-10 
   19       1.614425803385e-10 
   20       1.614214402989e-10 
   21       1.617521962937e-10 
   22       1.624144616874e-10 
   23       1.633644107931e-10 
   24       1.645130995416e-10 
   25       1.658634490747e-10 
   26       1.674205283673e-10 
   27       1.691913033174e-10 
   28       1.711505814857e-10 
   29       1.732473714176e-10 
   30       1.754854137296e-10 
   31       1.778685148895e-10 
   32       1.803843084906e-10 
   33       1.830293987107e-10 
   34       1.857896560348e-10 
   35       1.886421621469e-10 
   36       1.915915996893e-10 
   37       1.946441302677e-10 
   38       1.977964364614e-10 
   39       2.010394038188e-10 
   40       2.043731914612e-10 
   41       2.077955697490e-10 
   42       2.112969820715e-10 
   43       2.148650382481e-10 
   44       2.185012787602e-10 
   45       2.222084922676e-10 
   46       2.259856559143e-10 
   47       2.298275838276e-10 
   48       2.337277404677e-10 
   49       2.376884386251e-10 
   50       2.417129121968e-10 
   51       2.458022169710e-10 
   52       2.499550405995e-10 
   53       2.541690118873e-10 
   54       2.584454613463e-10 
   55       2.627855535914e-10 
   56       2.671887708704e-10 
   57       2.716527858999e-10 
   58       2.761733347013e-10 
   59       2.807459132050e-10 
   60       2.853716159737e-10 
   61       2.900524310695e-10 
   62       2.947894714988e-10 
   63       2.995829098704e-10 
   64       3.044319130547e-10 
   65       3.093353001629e-10 
   66       3.142938252191e-10 
   67       3.193082625435e-10 
   68       3.243786818230e-10 
   69       3.295044030021e-10 
   70       3.346839511748e-10 
   71       3.399150114754e-10 
   72       3.451952496600e-10 
   73       3.505250564427e-10 
   74       3.559052508684e-10 
   75       3.613362363851e-10 
   76       3.668179754997e-10 
   77       3.723499644340e-10 
   78       3.779312077805e-10 
   79       3.835601931586e-10 
   80       3.892353676719e-10 
   81       3.949567183277e-10 
   82       4.007244211020e-10 
   83       4.065383477118e-10 
   84       4.123980495637e-10 
   85       4.183027417026e-10 
   86       4.242512867600e-10 
   87       4.302421789030e-10 
   88       4.362735277826e-10 
   89       4.423434542495e-10 
   90       4.484513836295e-10 
   91       4.545969266917e-10 
   92       4.607794761963e-10 
   93       4.669981970122e-10 
   94       4.732520162343e-10 
   95       4.795396133007e-10 
   96       4.858594101104e-10 
   97       4.922095611406e-10 
   98       4.985879435636e-10 
   99       5.049924667884e-10 
  100       5.114220724716e-10 
  101       5.178758584492e-10 
  102       5.243527660144e-10 
  103       5.308515739074e-10 
  104       5.373708923038e-10 
  105       5.439091568045e-10 
  106       5.504646224243e-10 
  107       5.570353575815e-10 
  108       5.636192380867e-10 
  109       5.702139411323e-10 
  110       5.768171804868e-10 
  111       5.834274591848e-10 
  112       5.900434023640e-10 
  113       5.966635210728e-10 
  114       6.032862086296e-10 
  115       6.099097369828e-10 
  116       6.165322530702e-10 
  117       6.231517751792e-10 
  118       6.297661893061e-10 
  119       6.363732455162e-10 
  120       6.429705543032e-10 
  121       6.495555829493e-10 
  122       6.561256518847e-10 
  123       6.626781497659e-10 
  124       6.692112144426e-10 
  125       6.757231237254e-10 
  126       6.822120817749e-10 
  127       6.886762171818e-10 
  128       6.951135810479e-10 
  129       7.015221450665e-10 
  130       7.078997996032e-10 
  131       7.142443517759e-10 
  132       7.205535235362e-10 
  133       7.268249497491e-10 
  134       7.330561762745e-10 
  135       7.392446580469e-10 
  136       7.453877571567e-10 
  137       7.514829108454e-10 
  138       7.575281591760e-10 
  139       7.635216685808e-10 
  140       7.694615660120e-10 
  141       7.753459381009e-10 
  142       7.811728303173e-10 
  143       7.869402461281e-10 
  144       7.926461461566e-10 
  145       7.982884473414e-10 
  146       8.038650220957e-10 
  147       8.093736974664e-10 
  148       8.148122542927e-10 
  149       8.201784263657e-10 
  150       8.254698995870e-10 
  151       8.306843111283e-10 
  152       8.358192485900e-10 
  153       8.408723961853e-10 
  154       8.458419903493e-10 
  155       8.507264050666e-10 
  156       8.555240085610e-10 
  157       8.602331632026e-10 
  158       8.648522254164e-10 
  159       8.693795455897e-10 
  160       8.738134679802e-10 
  161       8.781523306237e-10 
  162       8.823944652420e-10 
  163       8.865381971508e-10 
  164       8.905818451676e-10 
  165       8.945237215192e-10 
  166       8.983621317501e-10 
  167       9.020953746299e-10 
  168       9.057217420614e-10 
  169       9.092395189885e-10 
  170       9.126469833037e-10 
  171       9.159425148143e-10 
  172       9.191249325281e-10 
  173       9.221931854454e-10 
  174       9.251462463823e-10 
  175       9.279831123235e-10 
  176       9.307028047754e-10 
  177       9.333043701189e-10 
  178       9.357868799620e-10 
  179       9.381494314924e-10 
  180       9.403911478309e-10 
  181       9.425111783838e-10 
  182       9.445086991957e-10 
  183       9.463829133026e-10 
  184       9.481330510844e-10 
  185       9.497583706177e-10 
  186       9.512581580289e-10 
  187       9.526317278467e-10 
  188       9.538784233552e-10 
  189       9.549976169463e-10 
  190       9.559887104730e-10 
  191       9.568511886556e-10 
  192       9.575847830410e-10 
  193       9.581893210490e-10 
  194       9.586646745476e-10 
  195       9.590107603791e-10 
  196       9.592275408868e-10 
  197       9.593150244413e-10 
  198       9.592732659666e-10 
  199       9.591023674671e-10 
  200       9.588024785536e-10 
  201       9.583737969698e-10 
  202       9.578165691188e-10 
  203       9.571310905894e-10 
  204       9.563177066826e-10 
  205       9.553768129378e-10 
  206       9.543088556596e-10 
  207       9.531143324439e-10 
  208       9.517937927045e-10 
  209       9.503478381992e-10 
  210       9.487771235566e-10 
  211       9.470823568023e-10 
  212       9.452642998854e-10 
  213       9.433237565032e-10 
  214       9.412615335691e-10 
  215       9.390784781585e-10 
  216       9.367754904671e-10 
  217       9.343535243033e-10 
  218       9.318135875814e-10 
  219       9.291567428147e-10 
  220       9.263841076085e-10 
  221       9.234968551526e-10 
  222       9.204962147147e-10 
  223       9.173834721336e-10 
  224       9.141599703114e-10 
  225       9.108271097071e-10 
  226       9.073863488297e-10 
  227       9.038392047304e-10 
  228       9.001872534963e-10 
  229       8.964321307431e-10 
  230       8.925755321081e-10 
  231       8.886192137431e-10 
  232       8.845649928076e-10 
  233       8.804147479615e-10 
  234       8.761704198581e-10 
  235       8.718340116374e-10 
  236       8.674075894187e-10 
  237       8.628932827936e-10 
  238       8.582931839477e-10 
  239       8.536090372225e-10 
  240       8.488425317021e-10 
  241       8.439954011709e-10 
  242       8.390694243922e-10 
  243       8.340664253881e-10 
  244       8.289882737180e-10 
  245       8.238368847582e-10 
  246       8.186142199804e-10 
  247       8.133222872314e-10 
  248       8.079631410121e-10 
  249       8.025388827564e-10 
  250       7.970516611103e-10 
  251       7.915036722114e-10 
  252       7.858971599676e-10 
  253       7.802344163364e-10 
  254       7.745177816040e-10 
  255       7.687496446646e-10 
  256       7.629324432991e-10 
  257       7.570686644545e-10 
  258       7.511608445229e-10 
  259       7.452115696210e-10 
  260       7.392234758686e-10 
  261       7.331992496681e-10 
  262       7.271416279835e-10 
  263       7.210533986196e-10 
  264       7.149374005010e-10 
  265       7.087965239514e-10 
  266       7.026335385068e-10 
  267       6.964505654229e-10 
  268       6.902495770669e-10 
  269       6.840325667917e-10 
  270       6.778015489237e-10 
  271       6.715585587507e-10 
  272       6.653056525095e-10 
  273       6.590449073734e-10 
  274       6.527784214402e-10 
  275       6.465083137199e-10 
  276       6.402367241224e-10 
  277       6.339658134449e-10 
  278       6.276977633601e-10 
  279       6.214347764036e-10 
  280       6.151790759617e-10 
  281       6.089329062593e-10 
  282       6.026985323472e-10 
  283       5.964782400900e-10 
  284       5.902743361542e-10 
  285       5.840891479954e-10 
  286       5.779250238460e-10 
  287       5.717843327034e-10 
  288       5.656694643174e-10 
  289       5.595828291779e-10 
  290       5.535268585024e-10 
  291       5.475040042245e-10 
  292       5.415167389807e-10 
  293       5.355675560985e-10 
  294       5.296589695844e-10 
  295       5.237935141112e-10 
  296       5.179737450056e-10 
  297       5.122020458828e-10 
  298       5.064800412094e-10 
  299       5.008091551011e-10 
  300       4.951908008264e-10 
  301       4.896263805329e-10 
  302       4.841172849743e-10 
  303       4.786648932377e-10 
  304       4.732705724701e-10 
  305       4.679356776056e-10 
  306       4.626615510920e-10 
  307       4.574495226180e-10 
  308       4.523009088402e-10 
  309       4.472170131096e-10 
  310       4.421991251988e-10 
  311       4.372485210288e-10 
  312       4.323664623963e-10 
  313       4.275541966998e-10 
  314       4.228129566674e-10 
  315       4.181439600831e-10 
  316       4.135484095141e-10 
  317       4.090274920374e-10 
  318       4.045823789669e-10 
  319       4.002142255804e-10 
  320       3.959241708462e-10 
  321       3.917133371503e-10 
  322       3.875828300233e-10 
  323       3.835337378672e-10 
  324       3.795671316821e-10 
  325       3.756840647938e-10 
  326       3.718855725799e-10 
  327       3.681726721973e-10 
  328       3.645463623089e-10 
  329       3.610076228104e-10 
  330       3.575574145574e-10 
  331       3.541966790924e-10 
  332       3.509262372442e-10 
  333       3.477464806004e-10 
  334       3.446576660374e-10 
  335       3.416600152515e-10 
  336       3.387537143758e-10 
  337       3.359389135981e-10 
  338       3.332157267773e-10 
  339       3.305842310610e-10 
  340       3.280444665023e-10 
  341       3.255964356775e-10 
  342       3.232401033025e-10 
  343       3.209753958506e-10 
  344       3.188022011693e-10 
  345       3.167203680975e-10 
  346       3.147297060829e-10 
  347       3.128299847987e-10 
  348       3.110209337611e-10 
  349       3.093022419464e-10 
  350       3.076735574078e-10 
  351       3.061344868933e-10 
  352       3.046845954619e-10 
  353       3.033234061016e-10 
  354       3.020503993460e-10 
  355       3.008650128916e-10 
  356       2.997666412152e-10 
  357       2.987546351905e-10 
  358       2.978283017059e-10 
  359       2.969869032811e-10 
  360       2.962296576846e-10 
  361       2.955557375507e-10 
  362       2.949642699965e-10 
  363       2.944543362395e-10 
  364       2.940249712143e-10 
  365       2.936751631900e-10 
  366       2.934038533872e-10 
  367       2.932099355951e-10 
  368       2.930922557891e-10 
  369       2.930496117474e-10 
  370       2.930807526682e-10 
  371       2.931844759312e-10 
  372       2.933599223357e-10 
  373       2.936062916554e-10 
  374       2.939227462396e-10 
  375       2.943084107147e-10 
  376       2.947623716860e-10 
  377       2.952836774389e-10 
  378       2.958713376408e-10 
  379       2.965243230427e-10 
  380       2.972415651808e-10 
  381       2.980219560781e-10 
  382       2.988643479460e-10 
  383       2.997675528858e-10 
  384       3.007303425907e-10 
  385       3.017514480468e-10 
  386       3.028295592354e-10 
  387       3.039633248340e-10 
  388       3.051513519185e-10 
  389       3.063922056643e-10 
  390       3.076844090480e-10 
  391       3.090264425495e-10 
  392       3.104167438530e-10 
  393       3.118537075490e-10 
  394       3.133356848355e-10 
  395       3.148609832202e-10 
  396       3.164278662218e-10 
  397       3.180345530714e-10 
  398       3.196792184146e-10 
  399       3.213599920126e-10 
  400       3.230749584443e-10 
  401       3.248221568074e-10 
  402       3.265995804207e-10 
  403       3.284051765249e-10 
  404       3.302368459850e-10 
  405       3.320924429911e-10 
  406       3.339697747609e-10 
  407       3.358666012405e-10 
  408       3.377806348067e-10 
  409       3.397095399681e-10 
  410       3.416509330670e-10 
  411       3.436026386159e-10 
  412       3.455634688952e-10 
  413       3.475324713150e-10 
  414       3.495086741521e-10 
  415       3.514910864334e-10 
  416       3.534786978194e-10 
  417       3.554704784878e-10 
  418       3.574653790169e-10 
  419       3.594623302689e-10 
  420       3.614602432738e-10 
  421       3.634580091126e-10 
  422       3.654544988007e-10 
  423       3.674485631717e-10 
  424       3.694390327605e-10 
  425       3.714247176871e-10 
  426       3.734044075399e-10 
  427       3.753768712594e-10 
  428       3.773408570213e-10 
  429       3.792950921205e-10 
  430       3.812382828539e-10 
  431       3.831691144048e-10 
  432       3.850862507253e-10 
  433       3.869883344208e-10 
  434       3.888739866328e-10 
  435       3.907418069227e-10 
  436       3.925903731551e-10 
  437       3.944182413815e-10 
  438       3.962239457236e-10 
  439       3.980059982569e-10 
  440       3.997628888940e-10 
  441       4.014930852683e-10 
  442       4.031950326174e-10 
  443       4.048671536667e-10 
  444       4.065078485124e-10 
  445       4.081154945058e-10 
  446       4.096884461360e-10 
  447       4.112250349138e-10 
  448       4.127235692551e-10 
  449       4.141823343646e-10 
  450       4.155995921186e-10 
  451       4.169738366848e-10 
  452       4.183045706841e-10 
  453       4.195915538131e-10 
  454       4.208345494030e-10 
  455       4.220333244538e-10 
  456       4.231876496682e-10 
  457       4.242972994858e-10 
  458       4.253620521169e-10 
  459       4.263816895767e-10 
  460       4.273559977192e-10 
  461       4.282847662714e-10 
  462       4.291677888671e-10 
  463       4.300048630813e-10 
  464       4.307957904635e-10 
  465       4.315403765727e-10 
  466       4.322384310105e-10 
  467       4.328897674558e-10 
  468       4.334942036985e-10 
  469       4.340515616736e-10 
  470       4.345616674951e-10 
  471       4.350243514904e-10 
  472       4.354394482337e-10 
  473       4.358067965808e-10 
  474       4.361262397024e-10 
  475       4.363976251186e-10 
  476       4.366208047328e-10 
  477       4.367956348654e-10 
  478       4.369219762886e-10 
  479       4.369996942594e-10 
  480       4.370286585547e-10 
  481       4.370087435044e-10 
  482       4.369398280261e-10 
  483       4.368217956585e-10 
  484       4.366545345960e-10 
  485       4.364379377226e-10 
  486       4.361719026456e-10 
  487       4.358563317299e-10 
  488       4.354911321319e-10 
  489       4.350762158339e-10 
  490       4.346114996775e-10 
  491       4.340970131561e-10 
  492       4.335332252352e-10 
  493       4.329207272804e-10 
  494       4.322601262629e-10 
  495       4.315520448459e-10 
  496       4.307971214731e-10 
  497       4.299960104560e-10 
  498       4.291493820613e-10 
  499       4.282579225983e-10 
  500       4.273223345069e-10 
  501       4.263433364451e-10 
  502       4.253216633760e-10 
  503       4.242580666560e-10 
  504       4.231533141220e-10 
  505       4.220081901791e-10 
  506       4.208234958882e-10 
  507       4.196000490533e-10 
  508       4.183386843091e-10 
  509       4.170402532090e-10 
  510       4.157056243121e-10 
  511       4.143356832709e-10 
  512       4.129313329192e-10 
  513       4.114934933592e-10 
  514       4.100231020491e-10 
  515       4.085211138911e-10 
  516       4.069885013183e-10 
  517       4.054262543829e-10 
  518       4.038353808433e-10 
  519       4.022169062518e-10 
  520       4.005718740421e-10 
  521       3.989013456170e-10 
  522       3.972064004358e-10 
  523       3.954881361021e-10 
  524       3.937476684508e-10 
  525       3.919861316364e-10 
  526       3.902046782198e-10 
  527       3.884044792567e-10 
  528       3.865867243842e-10 
  529       3.847526219091e-10 
  530       3.829033988953e-10 
  531       3.810402273661e-10 
  532       3.791640005122e-10 
  533       3.772755505225e-10 
  534       3.753757219707e-10 
  535       3.734653718706e-10 
  536       3.715453697332e-10 
  537       3.696165976222e-10 
  538       3.676799502104e-10 
  539       3.657363348358e-10 
  540       3.637866715581e-10 
  541       3.618318932142e-10 
  542       3.598729454751e-10 
  543       3.579107869016e-10 
  544       3.559463890005e-10 
  545       3.539807362810e-10 
  546       3.520148263108e-10 
  547       3.500496697719e-10 
  548       3.480862905174e-10 
  549       3.461257256271e-10 
  550       3.441690254641e-10 
  551       3.422172537307e-10 
  552       3.402714875246e-10 
  553       3.383328173951e-10 
  554       3.364023473993e-10 
  555       3.344811951583e-10 
  556       3.325704919132e-10 
  557       3.306713825816e-10 
  558       3.287850258133e-10 
  559       3.269125940468e-10 
  560       3.250552735654e-10 
  561       3.232142645535e-10 
  562       3.213907811523e-10 
  563       3.195860515166e-10 
  564       3.178013178704e-10 
  565       3.160378365636e-10 
  566       3.142968781277e-10 
  567       3.125797273322e-10 
  568       3.108876832406e-10 
  569       3.092220592671e-10 
  570       3.075841832319e-10 
  571       3.059752305366e-10 
  572       3.043957188997e-10 
  573       3.028460008460e-10 
  574       3.013264294171e-10 
  575       2.998373581660e-10 
  576       2.983791411526e-10 
  577       2.969521329375e-10 
  578       2.955566885779e-10 
  579       2.941931636219e-10 
  580       2.928619141033e-10 
  581       2.915632965368e-10 
  582       2.902976679126e-10 
  583       2.890653856914e-10 
  584       2.878668077990e-10 
  585       2.867022926215e-10 
  586       2.855721989999e-10 
  587       2.844768862250e-10 
  588       2.834167140326e-10 
  589       2.823920425975e-10 
  590       2.814032325295e-10 
  591       2.804506448672e-10 
  592       2.795346410736e-10 
  593       2.786555830305e-10 
  594       2.778138330336e-10 
  595       2.770097537873e-10 
  596       2.762437083994e-10 
  597       2.755160603762e-10 
  598       2.748271736172e-10 
  599       2.741774124101e-10 
  600       2.735671414253e-10 
  601       2.729967257113e-10 
  602       2.724665306890e-10 
  603       2.719769221469e-10 
  604       2.715282662360e-10 
  605       2.711209294644e-10 
  606       2.707552786922e-10 
  607       2.704316811265e-10 
  608       2.701505043163e-10 
  609       2.699121161470e-10 
  610       2.697168848357e-10 
  611       2.695650570005e-10 
  612       2.694563886868e-10 
  613       2.693905055333e-10 
  614       2.693670238560e-10 
  615       2.693855506048e-10 
  616       2.694456833184e-10 
  617       2.695470100804e-10 
  618       2.696891094754e-10 
  619       2.698715505439e-10 
  620       2.700938927387e-10 
  621       2.703556858804e-10 
  622       2.706564701130e-10 
  623       2.709957758600e-10 
  624       2.713731237797e-10 
  625       2.717880247211e-10 
  626       2.722399796796e-10 
  627       2.727284797530e-10 
  628       2.732530060967e-10 
  629       2.738130298799e-10 
  630       2.744080122411e-10 
  631       2.750374042439e-10 
  632       2.757006468325e-10 
  633       2.763971707880e-10 
  634       2.771263966833e-10 
  635       2.778877348397e-10 
  636       2.786805852818e-10 
  637       2.795043376941e-10 
  638       2.803583713758e-10 
  639       2.812420551973e-10 
  640       2.821547475554e-10 
  641       2.830957963293e-10 
  642       2.840645388365e-10 
  643       2.850603017879e-10 
  644       2.860824012442e-10 
  645       2.871301425712e-10 
  646       2.882028203957e-10 
  647       2.892997185613e-10 
  648       2.904201100839e-10 
  649       2.915632571076e-10 
  650       2.927284108605e-10 
  651       2.939148185385e-10 
  652       2.951217442174e-10 
  653       2.963484483218e-10 
  654       2.975941806964e-10 
  655       2.988581805642e-10 
  656       3.001396764838e-10 
  657       3.014378863075e-10 
  658       3.027520171384e-10 
  659       3.040812652886e-10 
  660       3.054248162367e-10 
  661       3.067818445856e-10 
  662       3.081515140197e-10 
  663       3.095329772633e-10 
  664       3.109253760378e-10 
  665       3.123278410196e-10 
  666       3.137394917976e-10 
  667       3.151594368311e-10 
  668       3.165867734075e-10 
  669       3.180205875995e-10 
  670       3.194599542235e-10 
  671       3.209039367969e-10 
  672       3.223515874956e-10 
  673       3.238019471121e-10 
  674       3.252540450131e-10 
  675       3.267068990968e-10 
  676       3.281595157510e-10 
  677       3.296108898109e-10 
  678       3.310600045161e-10 
  679       3.325058314690e-10 
  680       3.339473305921e-10 
  681       3.353834500860e-10 
  682       3.368131263867e-10 
  683       3.382352841234e-10 
  684       3.396488360765e-10 
  685       3.410526831348e-10 
  686       3.424457142536e-10 
  687       3.438268064121e-10 
  688       3.451948245712e-10 
  689       3.465486216313e-10 
  690       3.478870383898e-10 
  691       3.492090188285e-10 
  692       3.505139587305e-10 
  693       3.518013643355e-10 
  694       3.530707376631e-10 
  695       3.543215764987e-10 
  696       3.555533743811e-10 
  697       3.567656205881e-10 
  698       3.579578001242e-10 
  699       3.591293937064e-10 
  700       3.602798777511e-10 
  701       3.614087243609e-10 
  702       3.625154013110e-10 
  703       3.635993720358e-10 
  704       3.646600956159e-10 
  705       3.656970267641e-10 
  706       3.667096158128e-10 
  707       3.676973086999e-10 
  708       3.686595469559e-10 
  709       3.695957676903e-10 
  710       3.705054035784e-10 
  711       3.713878828477e-10 
  712       3.722426292648e-10 
  713       3.730690621218e-10 
  714       3.738665962230e-10 
  715       3.746346418716e-10 
  716       3.753726048562e-10 
  717       3.760798864377e-10 
  718       3.767558833354e-10 
  719       3.773999877143e-10 
  720       3.780115871712e-10 
  721       3.785900647215e-10 
  722       3.791347987859e-10 
  723       3.796451631770e-10 
  724       3.801205270857e-10 
  725       3.805602550684e-10 
  726       3.809637070330e-10 
  727       3.813302382257e-10 
  728       3.816591992179e-10 
  729       3.819499358926e-10 
  730       3.822017894310e-10 
  731       3.824142251949e-10 
  732       3.825872222209e-10 
  733       3.827208914707e-10 
  734       3.828153476552e-10 
  735       3.828707092496e-10 
  736       3.828870985092e-10 
  737       3.828646414851e-10 
  738       3.828034680392e-10 
  739       3.827037118601e-10 
  740       3.825655104789e-10 
  741       3.823890052840e-10 
  742       3.821743415373e-10 
  743       3.819216683895e-10 
  744       3.816311388955e-10 
  745       3.813029100302e-10 
  746       3.809371427037e-10 
  747       3.805340017773e-10 
  748       3.800936560784e-10 
  749       3.796162784168e-10 
  750       3.791020455995e-10 
  751       3.785511384468e-10 
  752       3.779637418074e-10 
  753       3.773400445743e-10 
  754       3.766802397001e-10 
  755       3.759845242126e-10 
  756       3.752530992303e-10 
  757       3.744861699781e-10 
  758       3.736839458026e-10 
  759       3.728466401876e-10 
  760       3.719744707702e-10 
  761       3.710676593555e-10 
  762       3.701264319327e-10 
  763       3.691510186904e-10 
  764       3.681416540324e-10 
  765       3.670985765930e-10 
  766       3.660220292523e-10 
  767       3.649122591524e-10 
  768       3.637695177123e-10 
  769       3.625940606437e-10 
  770       3.613861479668e-10 
  771       3.601460941066e-10 
  772       3.588744191933e-10 
  773       3.575717006558e-10 
  774       3.562385234255e-10 
  775       3.548754799618e-10 
  776       3.534831702778e-10 
  777       3.520622019658e-10 
  778       3.506131902234e-10 
  779       3.491367578782e-10 
  780       3.476335354145e-10 
  781       3.461041609981e-10 
  782       3.445492805024e-10 
  783       3.429695475340e-10 
  784       3.413656234580e-10 
  785       3.397381774240e-10 
  786       3.380878863914e-10 
  787       3.364154351555e-10 
  788       3.347215163727e-10 
  789       3.330068305862e-10 
  790       3.312720862518e-10 
  791       3.295179997635e-10 
  792       3.277452954790e-10 
  793       3.259547057453e-10 
  794       3.241469709247e-10 
  795       3.223228394199e-10 
  796       3.204830677000e-10 
  797       3.186284203261e-10 
  798       3.167596699768e-10 
  799       3.148775974739e-10 
  800       3.129829918079e-10 
  801       3.110766501640e-10 
  802       3.091593779474e-10 
  803       3.072319888088e-10 
  804       3.052953046706e-10 
  805       3.033501557518e-10 
  806       3.013973805944e-10 
  807       2.994378260884e-10 
  808       2.974723474978e-10 
  809       2.955018084858e-10 
  810       2.935270811412e-10 
  811       2.915489932622e-10 
  812       2.895681691187e-10 
  813       2.875851858759e-10 
  814       2.856006260914e-10 
  815       2.836150777319e-10 
  816       2.816291341884e-10 
  817       2.796433942930e-10 
  818       2.776584623342e-10 
  819       2.756749480734e-10 
  820       2.736934667609e-10 
  821       2.717146391518e-10 
  822       2.697390915218e-10 
  823       2.677674556836e-10 
  824       2.658003690028e-10 
  825       2.638384744139e-10 
  826       2.618824204363e-10 
  827       2.599328611902e-10 
  828       2.579904564130e-10 
  829       2.560558714748e-10 
  830       2.541297773948e-10 
  831       2.522128508574e-10 
  832       2.503057742278e-10 
  833       2.484092355683e-10 
  834       2.465239286543e-10 
  835       2.446505529904e-10 
  836       2.427898138262e-10 
  837       2.409424221724e-10 
  838       2.391090948170e-10 
  839       2.372905543411e-10 
  840       2.354875291350e-10 
  841       2.337007534142e-10 
  842       2.319309672355e-10 
  843       2.301789165130e-10 
  844       2.284453530339e-10 
  845       2.267310344749e-10 
  846       2.250367244179e-10 
  847       2.233631923662e-10 
  848       2.217112137606e-10 
  849       2.200815699949e-10 
  850       2.184750484328e-10 
  851       2.168923375240e-10 
  852       2.153337101517e-10 
  853       2.137993348859e-10 
  854       2.122893803891e-10 
  855       2.108040154149e-10 
  856       2.093434088066e-10 
  857       2.079077294960e-10 
  858       2.064971465019e-10 
  859       2.051118289289e-10 
  860       2.037519459660e-10 
  861       2.024176668850e-10 
  862       2.011091610399e-10 
  863       1.998265978646e-10 
  864       1.985701468723e-10 
  865       1.973399776537e-10 
  866       1.961362598761e-10 
  867       1.949591632817e-10 
  868       1.938088576861e-10 
  869       1.926855129777e-10 
  870       1.915892991155e-10 
  871       1.905203861284e-10 
  872       1.894789441134e-10 
  873       1.884651432346e-10 
  874       1.874791537217e-10 
  875       1.865211458687e-10 
  876       1.855912900324e-10 
  877       1.846897566313e-10 
  878       1.838167161443e-10 
  879       1.829723391090e-10 
  880       1.821567961207e-10 
  881       1.813702578309e-10 
  882       1.806128949459e-10 
  883       1.798848782258e-10 
  884       1.791863784828e-10 
  885       1.785175665798e-10 
  886       1.778786134294e-10 
  887       1.772696899925e-10 
  888       1.766909672766e-10 
  889       1.761426163350e-10 
  890       1.756248082649e-10 
  891       1.751376369919e-10 
  892       1.746808862390e-10 
  893       1.742542587361e-10 
  894       1.738574530763e-10 
  895       1.734901637022e-10 
  896       1.731520808933e-10 
  897       1.728428907529e-10 
  898       1.725622751950e-10 
  899       1.723099119317e-10 
  900       1.720854744594e-10 
  901       1.718886320466e-10 
  902       1.717190497207e-10 
  903       1.715763882545e-10 
  904       1.714603041540e-10 
  905       1.713704496448e-10 
  906       1.713064726592e-10 
  907       1.712680168236e-10 
  908       1.712547214449e-10 
  909       1.712662214979e-10 
  910       1.713021476123e-10 
  911       1.713621260595e-10 
  912       1.714457787397e-10 
  913       1.715527231690e-10 
  914       1.716825724661e-10 
  915       1.718349353397e-10 
  916       1.720094160753e-10 
  917       1.722056145221e-10 
  918       1.724231260802e-10 
  919       1.726615416874e-10 
  920       1.729204478065e-10 
  921       1.731994264118e-10 
  922       1.734980549768e-10 
  923       1.738159064605e-10 
  924       1.741525492948e-10 
  925       1.745075473716e-10 
  926       1.748804600293e-10 
  927       1.752708420403e-10 
  928       1.756782435979e-10 
  929       1.761022103031e-10 
  930       1.765422831516e-10 
  931       1.769979972333e-10 
  932       1.774688778325e-10 
  933       1.779544442407e-10 
  934       1.784542110256e-10 
  935       1.789676880178e-10 
  936       1.794943802975e-10 
  937       1.800337881820e-10 
  938       1.805854072116e-10 
  939       1.811487281373e-10 
  940       1.817232369068e-10 
  941       1.823084146521e-10 
  942       1.829037376756e-10 
  943       1.835086774376e-10 
  944       1.841227005427e-10 
  945       1.847452687265e-10 
  946       1.853758388430e-10 
  947       1.860138628507e-10 
  948       1.866587878002e-10 
  949       1.873100558202e-10 
  950       1.879671041050e-10 
  951       1.886293649010e-10 
  952       1.892962654935e-10 
  953       1.899672281938e-10 
  954       1.906416703255e-10 
  955       1.913190042120e-10 
  956       1.919986371628e-10 
  957       1.926799714605e-10 
  958       1.933624043475e-10 
  959       1.940453280132e-10 
  960       1.947281295805e-10 
  961       1.954101910924e-10 
  962       1.960908894995e-10 
  963       1.967695966462e-10 
  964       1.974456792578e-10 
  965       1.981184989273e-10 
  966       1.987874121023e-10 
  967       1.994517700714e-10 
  968       2.001109189518e-10 
  969       2.007641996752e-10 
  970       2.014109479755e-10 
  971       2.020505580868e-10 
  972       2.026826749161e-10 
  973       2.033070047352e-10 
  974       2.039232517259e-10 
  975       2.045311179747e-10 
  976       2.051303034680e-10 
  977       2.057205060869e-10 
  978       2.063014216019e-10 
  979       2.068727436685e-10 
  980       2.074341638211e-10 
  981       2.079853714691e-10 
  982       2.085260538906e-10 
  983       2.090558962285e-10 
  984       2.095745814845e-10 
  985       2.100817905144e-10 
  986       2.105772020233e-10 
  987       2.110604925600e-10 
  988       2.115313365121e-10 
  989       2.119894061011e-10 
  990       2.124343713772e-10 
  991       2.128659002143e-10 
  992       2.132836583046e-10 
  993       2.136873091541e-10 
  994       2.140765140769e-10 
  995       2.144509321906e-10 
  996       2.148102204110e-10 
  997       2.151540334471e-10 
  998       2.154820237958e-10 
  999       2.157938417374e-10 
 1000       2.160891353297e-10 
 1001       2.163675504037e-10 
 1002       2.166287305580e-10 
 1003       2.168723171540e-10 
 1004       2.170979493107e-10 
 1005       2.173052638996e-10 
 1006       2.174938955397e-10 
 1007       2.176634765924e-10 
 1008       2.178136371566e-10 
 1009       2.179440050632e-10 
 1010       2.180542058704e-10 
 1011       2.181439372739e-10 
 1012       2.182131935261e-10 
 1013       2.182620442490e-10 
 1014       2.182905603172e-10 
 1015       2.182988138609e-10 
 1016       2.182868782698e-10 
 1017       2.182548281967e-10 
 1018       2.182027395612e-10 
 1019       2.181306895533e-10 
 1020       2.180387566371e-10 
 1021       2.179270205543e-10 
 1022       2.177955623282e-10 
 1023       2.176444642668e-10 
 1024       2.174738099672e-10 
 1025       2.172836843185e-10 
 1026       2.170741735058e-10 
 1027       2.168453650140e-10 
 1028       2.165973476312e-10 
 1029       2.163302114524e-10 
 1030       2.160440478831e-10 
 1031       2.157389496434e-10 
 1032       2.154150107708e-10 
 1033       2.150723266246e-10 
 1034       2.147109938894e-10 
 1035       2.143311105783e-10 
 1036       2.139327760373e-10 
 1037       2.135160909481e-10 
 1038       2.130811573327e-10 
 1039       2.126280785561e-10 
 1040       2.121569593306e-10 
 1041       2.116679057193e-10 
 1042       2.111610251396e-10 
 1043       2.106364263670e-10 
 1044       2.100942195386e-10 
 1045       2.095345161570e-10 
 1046       2.089574290937e-10 
 1047       2.083630725930e-10 
 1048       2.077515622753e-10 
 1049       2.071230151412e-10 
 1050       2.064775495747e-10 
 1051       2.058153189219e-10 
 1052       2.051366127303e-10 
 1053       2.044417569238e-10 
 1054       2.037310803631e-10 
 1055       2.030049148528e-10 
 1056       2.022635951490e-10 
 1057       2.015074589662e-10 
 1058       2.007368469849e-10 
 1059       1.999521028588e-10 
 1060       1.991535732219e-10 
 1061       1.983416076962e-10 
 1062       1.975165588985e-10 
 1063       1.966787824484e-10 
 1064       1.958286369746e-10 
 1065       1.949664841233e-10 
 1066       1.940926885645e-10 
 1067       1.932076180000e-10 
 1068       1.923116431705e-10 
 1069       1.914051378625e-10 
 1070       1.904884789164e-10 
 1071       1.895620462328e-10 
 1072       1.886262227809e-10 
 1073       1.876813946046e-10 
 1074       1.867279508310e-10 
 1075       1.857662836767e-10 
 1076       1.847967884557e-10 
 1077       1.838198635864e-10 
 1078       1.828359105991e-10 
 1079       1.818453341431e-10 
 1080       1.808485419940e-10 
 1081       1.798459450614e-10 
 1082       1.788379573955e-10 
 1083       1.778249961950e-10 
 1084       1.768074818141e-10 
 1085       1.757858377699e-10 
 1086       1.747604907496e-10 
 1087       1.737318706179e-10 
 1088       1.727004104242e-10 
 1089       1.716665464099e-10 
 1090       1.706307180160e-10 
 1091       1.695933447371e-10 
 1092       1.685547563320e-10 
 1093       1.675152616931e-10 
 1094       1.664751719195e-10 
 1095       1.654348003217e-10 
 1096       1.643944624271e-10 
 1097       1.633544759844e-10 
 1098       1.623151609687e-10 
 1099       1.612768395866e-10 
 1100       1.602398362813e-10 
 1101       1.592044777372e-10 
 1102       1.581710928849e-10 
 1103       1.571400129065e-10 
 1104       1.561115712403e-10 
 1105       1.550861035859e-10 
 1106       1.540639479089e-10 
 1107       1.530454444461e-10 
 1108       1.520309357106e-10 
 1109       1.510207664963e-10 
 1110       1.500152838833e-10 
 1111       1.490148372427e-10 
 1112       1.480197782415e-10 
 1113       1.470304608477e-10 
 1114       1.460472413351e-10 
 1115       1.450704782884e-10 
 1116       1.441005326082e-10 
 1117       1.431377675157e-10 
 1118       1.421825485580e-10 
 1119       1.412352436128e-10 
 1120       1.402962228936e-10 
 1121       1.393658589544e-10 
 1122       1.384445266949e-10 
 1123       1.375326033652e-10 
 1124       1.366304685711e-10 
 1125       1.357385042789e-10 
 1126       1.348570948201e-10 
 1127       1.339866268970e-10 
 1128       1.331274895869e-10 
 1129       1.322800743476e-10 
 1130       1.314447750223e-10 
 1131       1.306219344083e-10 
 1132       1.298116831978e-10 
 1133       1.290140989662e-10 
 1134       1.282292594190e-10 
 1135       1.274572423922e-10 
 1136       1.266981258518e-10 
 1137       1.259519878940e-10 
 1138       1.252189067452e-10 
 1139       1.244989607618e-10 
 1140       1.237922284303e-10 
 1141       1.230987883672e-10 
 1142       1.224187193188e-10 
 1143       1.217521001614e-10 
 1144       1.210990099012e-10 
 1145       1.204595276740e-10 
 1146       1.198337327456e-10 
 1147       1.192217045114e-10 
 1148       1.186235224964e-10 
 1149       1.180392663554e-10 
 1150       1.174690158726e-10 
 1151       1.169128509619e-10 
 1152       1.163708516665e-10 
 1153       1.158430981592e-10 
 1154       1.153296707421e-10 
 1155       1.148306498467e-10 
 1156       1.143461160338e-10 
 1157       1.138761499935e-10 
 1158       1.134208325450e-10 
 1159       1.129802446369e-10 
 1160       1.125544673465e-10 
 1161       1.121435818808e-10 
 1162       1.117476695752e-10 
 1163       1.113668118945e-10 
 1164       1.110010904323e-10 
 1165       1.106505869112e-10 
 1166       1.103153831826e-10 
 1167       1.099955612265e-10 
 1168       1.096912031521e-10 
 1169       1.094023911969e-10 
 1170       1.091292077273e-10 
 1171       1.088716934616e-10 
 1172       1.086297215682e-10 
 1173       1.084031219962e-10 
 1174       1.081917231054e-10 
 1175       1.079953516630e-10 
 1176       1.078138328395e-10 
 1177       1.076469902054e-10 
 1178       1.074946457273e-10 
 1179       1.073566197642e-10 
 1180       1.072327310638e-10 
 1181       1.071227967590e-10 
 1182       1.070266323638e-10 
 1183       1.069440517701e-10 
 1184       1.068748672435e-10 
 1185       1.068188894199e-10 
 1186       1.067759273019e-10 
 1187       1.067457882549e-10 
 1188       1.067282780032e-10 
 1189       1.067232006270e-10 
 1190       1.067303585578e-10 
 1191       1.067495525754e-10 
 1192       1.067805818039e-10 
 1193       1.068232437082e-10 
 1194       1.068773340899e-10 
 1195       1.069426470840e-10 
 1196       1.070189751552e-10 
 1197       1.071061090939e-10 
 1198       1.072038380126e-10 
 1199       1.073119493424e-10 
 1200       1.074302288293e-10 
 1201       1.075584605301e-10 
 1202       1.076964268091e-10 
 1203       1.078439083343e-10 
 1204       1.080006840737e-10 
 1205       1.081665312915e-10 
 1206       1.083412255446e-10 
 1207       1.085245406787e-10 
 1208       1.087162488247e-10 
 1209       1.089161203950e-10 
 1210       1.091239240798e-10 
 1211       1.093394233410e-10 
 1212       1.095623658551e-10 
 1213       1.097924939355e-10 
 1214       1.100295480193e-10 
 1215       1.102732666636e-10 
 1216       1.105233865410e-10 
 1217       1.107796424363e-10 
 1218       1.110417672417e-10 
 1219       1.113094919537e-10 
 1220       1.115825456683e-10 
 1221       1.118606555777e-10 
 1222       1.121435469657e-10 
 1223       1.124309432043e-10 
 1224       1.127225657493e-10 
 1225       1.130181341363e-10 
 1226       1.133173659773e-10 
 1227       1.136199769557e-10 
 1228       1.139256808234e-10 
 1229       1.142341893960e-10 
 1230       1.145452125493e-10 
 1231       1.148584582151e-10 
 1232       1.151736323771e-10 
 1233       1.154904390674e-10 
 1234       1.158085803619e-10 
 1235       1.161277563767e-10 
 1236       1.164476652640e-10 
 1237       1.167680032083e-10 
 1238       1.170884644220e-10 
 1239       1.174087411418e-10 
 1240       1.177285236246e-10 
 1241       1.180475001434e-10 
 1242       1.183653569837e-10 
 1243       1.186817784387e-10 
 1244       1.189964468064e-10 
 1245       1.193090423847e-10 
 1246       1.196192434680e-10 
 1247       1.199267263428e-10 
 1248       1.202311652841e-10 
 1249       1.205322325510e-10 
 1250       1.208295983832e-10 
 1251       1.211229614655e-10 
 1252       1.214121407209e-10 
 1253       1.216969845825e-10 
 1254       1.219773406199e-10 
 1255       1.222530555381e-10 
 1256       1.225239751753e-10 
 1257       1.227899445018e-10 
 1258       1.230508076176e-10 
 1259       1.233064077516e-10 
 1260       1.235565872594e-10 
 1261       1.238011876217e-10 
 1262       1.240400494429e-10 
 1263       1.242730124492e-10 
 1264       1.244999154871e-10 
 1265       1.247205965216e-10 
 1266       1.249348926347e-10 
 1267       1.251426400238e-10 
 1268       1.253436739998e-10 
 1269       1.255378289856e-10 
 1270       1.257249385146e-10 
 1271       1.259048352286e-10 
 1272       1.260773508769e-10 
 1273       1.262423163136e-10 
 1274       1.263995614971e-10 
 1275       1.265489154877e-10 
 1276       1.266902064459e-10 
 1277       1.268232616314e-10 
 1278       1.269479074007e-10 
 1279       1.270639692061e-10 
 1280       1.271712715935e-10 
 1281       1.272696382011e-10 
 1282       1.273588917576e-10 
 1283       1.274388540808e-10 
 1284       1.275093460753e-10 
 1285       1.275701877318e-10 
 1286       1.276211981246e-10 
 1287       1.276621954105e-10 
 1288       1.276929968268e-10 
 1289       1.277134186898e-10 
 1290       1.277232763933e-10 
 1291       1.277224222514e-10 
 1292       1.277108595004e-10 
 1293       1.276886295846e-10 
 1294       1.276557744301e-10 
 1295       1.276123364457e-10 
 1296       1.275583585240e-10 
 1297       1.274938840423e-10 
 1298       1.274189568642e-10 
 1299       1.273336213399e-10 
 1300       1.272379223079e-10 
 1301       1.271319050958e-10 
 1302       1.270156155214e-10 
 1303       1.268890998939e-10 
 1304       1.267524050148e-10 
 1305       1.266055781790e-10 
 1306       1.264486671760e-10 
 1307       1.262817202908e-10 
 1308       1.261047863052e-10 
 1309       1.259179144986e-10 
 1310       1.257211546492e-10 
 1311       1.255145570352e-10 
 1312       1.252981724356e-10 
 1313       1.250720521317e-10 
 1314       1.248362479076e-10 
 1315       1.245908120516e-10 
 1316       1.243357973575e-10 
 1317       1.240712571251e-10 
 1318       1.237972451617e-10 
 1319       1.235138157833e-10 
 1320       1.232210238151e-10 
 1321       1.229189245930e-10 
 1322       1.226075739646e-10 
 1323       1.222870282904e-10 
 1324       1.219573444445e-10 
 1325       1.216185798160e-10 
 1326       1.212707923100e-10 
 1327       1.209140403486e-10 
 1328       1.205483828719e-10 
 1329       1.201738793395e-10 
 1330       1.197905897310e-10 
 1331       1.193985929146e-10 
 1332       1.189980419709e-10 
 1333       1.185891094789e-10 
 1334       1.181719692061e-10 
 1335       1.177467961113e-10 
 1336       1.173137663465e-10 
 1337       1.168730572592e-10 
 1338       1.164248473948e-10 
 1339       1.159693164993e-10 
 1340       1.155066455209e-10 
 1341       1.150370166129e-10 
 1342       1.145606131357e-10 
 1343       1.140776196592e-10 
 1344       1.135882219652e-10 
 1345       1.130926070497e-10 
 1346       1.125909631249e-10 
 1347       1.120834796222e-10 
 1348       1.115703471937e-10 
 1349       1.110517577152e-10 
 1350       1.105279042880e-10 
 1351       1.099989812416e-10 
 1352       1.094651841359e-10 
 1353       1.089267097632e-10 
 1354       1.083837561512e-10 
 1355       1.078365225645e-10 
 1356       1.072852095076e-10 
 1357       1.067300187269e-10 
 1358       1.061711532129e-10 
 1359       1.056088172029e-10 
 1360       1.050432161829e-10 
 1361       1.044745568902e-10 
 1362       1.039030473156e-10 
 1363       1.033288967057e-10 
 1364       1.027523155653e-10 
 1365       1.021735156597e-10 
 1366       1.015927100168e-10 
 1367       1.010101129298e-10 
 1368       1.004259399593e-10 
 1369       9.984040793559e-11 
 1370       9.925373496090e-11 
 1371       9.866613053956e-11 
 1372       9.807776584768e-11 
 1373       9.748880315083e-11 
 1374       9.689940564939e-11 
 1375       9.630973748019e-11 
 1376       9.571996371823e-11 
 1377       9.513025037835e-11 
 1378       9.454076441692e-11 
 1379       9.395167373353e-11 
 1380       9.336314717269e-11 
 1381       9.277535452546e-11 
 1382       9.218846653122e-11 
 1383       9.160265487929e-11 
 1384       9.101809221063e-11 
 1385       9.043495211955e-11 
 1386       8.985340915537e-11 
 1387       8.927363882413e-11 
 1388       8.869581759024e-11 
 1389       8.812012287821e-11 
 1390       8.754673307431e-11 
 1391       8.697582752825e-11 
 1392       8.640758655489e-11 
 1393       8.584219143590e-11 
 1394       8.527982442147e-11 
 1395       8.472066873199e-11 
 1396       8.416490855971e-11 
 1397       8.361272907047e-11 
 1398       8.306431640535e-11 
 1399       8.251985768238e-11 
 1400       8.197954099820e-11 
 1401       8.144355542978e-11 
 1402       8.091209103608e-11 
 1403       8.038533885975e-11 
 1404       7.986349092879e-11 
 1405       7.934674025828e-11 
 1406       7.883528085203e-11 
 1407       7.832930770428e-11 
 1408       7.782901680140e-11 
 1409       7.733460512354e-11 
 1410       7.684627064635e-11 
 1411       7.636418631993e-11 
 1412       7.588842170738e-11 
 1413       7.541902053742e-11 
 1414       7.495602665356e-11 
 1415       7.449948401425e-11 
 1416       7.404943669292e-11 
 1417       7.360592887816e-11 
 1418       7.316900487382e-11 
 1419       7.273870909913e-11 
 1420       7.231508608882e-11 
 1421       7.189818049324e-11 
 1422       7.148803707846e-11 
 1423       7.108470072642e-11 
 1424       7.068821643503e-11 
 1425       7.029862931828e-11 
 1426       6.991598460639e-11 
 1427       6.954032764590e-11 
 1428       6.917170389979e-11 
 1429       6.881015894763e-11 
 1430       6.845573848565e-11 
 1431       6.810848832689e-11 
 1432       6.776845440133e-11 
 1433       6.743568275597e-11 
 1434       6.711021955499e-11 
 1435       6.679211107984e-11 
 1436       6.648140372936e-11 
 1437       6.617814401992e-11 
 1438       6.588237858553e-11 
 1439       6.559415417793e-11 
 1440       6.531351766675e-11 
 1441       6.504051603962e-11 
 1442       6.477519640227e-11 
 1443       6.451760597865e-11 
 1444       6.426779211107e-11 
 1445       6.402580226032e-11 
 1446       6.379168400574e-11 
 1447       6.356548504541e-11 
 1448       6.334725319621e-11 
 1449       6.313703639398e-11 
 1450       6.293488269360e-11 
 1451       6.274081855283e-11 
 1452       6.255478344408e-11 
 1453       6.237669458376e-11 
 1454       6.220646858770e-11 
 1455       6.204402147004e-11 
 1456       6.188926864210e-11 
 1457       6.174212491124e-11 
 1458       6.160250447978e-11 
 1459       6.147032094386e-11 
 1460       6.134548729232e-11 
 1461       6.122791590560e-11 
 1462       6.111751855459e-11 
 1463       6.101420639956e-11 
 1464       6.091788998898e-11 
 1465       6.082847925846e-11 
 1466       6.074588352960e-11 
 1467       6.067001150888e-11 
 1468       6.060077128652e-11 
 1469       6.053807033542e-11 
 1470       6.048181550998e-11 
 1471       6.043191304501e-11 
 1472       6.038826855460e-11 
 1473       6.035078703104e-11 
 1474       6.031937284363e-11 
 1475       6.029392973764e-11 
 1476       6.027436083313e-11 
 1477       6.026056862388e-11 
 1478       6.025245497622e-11 
 1479       6.024992112796e-11 
 1480       6.025286768726e-11 
 1481       6.026119463150e-11 
 1482       6.027480130614e-11 
 1483       6.029358642367e-11 
 1484       6.031744806241e-11 
 1485       6.034628366547e-11 
 1486       6.037999003958e-11 
 1487       6.041846335396e-11 
 1488       6.046159913927e-11 
 1489       6.050929228642e-11 
 1490       6.056143704549e-11 
 1491       6.061792347686e-11 
 1492       6.067862676877e-11 
 1493       6.074341781273e-11 
 1494       6.081216674047e-11 
 1495       6.088474292262e-11 
 1496       6.096101496739e-11 
 1497       6.104085071926e-11 
 1498       6.112411725769e-11 
 1499       6.121068089582e-11 
 1500       6.130040717910e-11 
 1501       6.139316088405e-11 
 1502       6.148880601691e-11 
 1503       6.158720581236e-11 
 1504       6.168822273215e-11 
 1505       6.179171846388e-11 
 1506       6.189755391962e-11 
 1507       6.200558923462e-11 
 1508       6.211568376602e-11 
 1509       6.222769609151e-11 
 1510       6.234148400805e-11 
 1511       6.245690453052e-11 
 1512       6.257381389047e-11 
 1513       6.269206753474e-11 
 1514       6.281152012423e-11 
 1515       6.293202553251e-11 
 1516       6.305343684456e-11 
 1517       6.317560635545e-11 
 1518       6.329838556904e-11 
 1519       6.342162519664e-11 
 1520       6.354517515574e-11 
 1521       6.366888456865e-11 
 1522       6.379260176125e-11 
 1523       6.391617426164e-11 
 1524       6.403944879885e-11 
 1525       6.416227130150e-11 
 1526       6.428448689654e-11 
 1527       6.440593990790e-11 
 1528       6.452647385519e-11 
 1529       6.464593145240e-11 
 1530       6.476415460658e-11 
 1531       6.488099783466e-11 
 1532       6.499636865665e-11 
 1533       6.511018758576e-11 
 1534       6.522237474467e-11 
 1535       6.533284986490e-11 
 1536       6.544153228621e-11 
 1537       6.554834095597e-11 
 1538       6.565319442850e-11 
 1539       6.575601086450e-11 
 1540       6.585670803041e-11 
 1541       6.595520329777e-11 
 1542       6.605141364261e-11 
 1543       6.614525564483e-11 
 1544       6.623664548757e-11 
 1545       6.632549895659e-11 
 1546       6.641173143964e-11 
 1547       6.649525792586e-11 
 1548       6.657599300512e-11 
 1549       6.665385086744e-11 
 1550       6.672874530232e-11 
 1551       6.680058969816e-11 
 1552       6.686929704161e-11 
 1553       6.693477991695e-11 
 1554       6.699695050549e-11 
 1555       6.705572058492e-11 
 1556       6.711100152869e-11 
 1557       6.716270430539e-11 
 1558       6.721073947815e-11 
 1559       6.725501720398e-11 
 1560       6.729544723317e-11 
 1561       6.733193890866e-11 
 1562       6.736440116542e-11 
 1563       6.739274252983e-11 
 1564       6.741687111903e-11 
 1565       6.743669464034e-11 
 1566       6.745212039062e-11 
 1567       6.746305525562e-11 
 1568       6.746940570940e-11 
 1569       6.747107781368e-11 
 1570       6.746797721722e-11 
 1571       6.746002736924e-11 
 1572       6.744722434635e-11 
 1573       6.742958253490e-11 
 1574       6.740711646356e-11 
 1575       6.737984080351e-11 
 1576       6.734777036881e-11 
 1577       6.731092011656e-11 
 1578       6.726930514724e-11 
 1579       6.722294070490e-11 
 1580       6.717184217749e-11 
 1581       6.711602509709e-11 
 1582       6.705550514017e-11 
 1583       6.699029812784e-11 
 1584       6.692042002615e-11 
 1585       6.684588694633e-11 
 1586       6.676671514503e-11 
 1587       6.668292102463e-11 
 1588       6.659452113347e-11 
 1589       6.650153216609e-11 
 1590       6.640397096357e-11 
 1591       6.630185451371e-11 
 1592       6.619519995132e-11 
 1593       6.608402455850e-11 
 1594       6.596834576489e-11 
 1595       6.584818114792e-11 
 1596       6.572354843309e-11 
 1597       6.559446549422e-11 
 1598       6.546095035372e-11 
 1599       6.532302118284e-11 
 1600       6.518069630195e-11 
 1601       6.503399418079e-11 
 1602       6.488293343874e-11 
 1603       6.472753284505e-11 
 1604       6.456781131915e-11 
 1605       6.440378793090e-11 
 1606       6.423548190083e-11 
 1607       6.406291260040e-11 
 1608       6.388609955229e-11 
 1609       6.370506243067e-11 
 1610       6.351982106139e-11 
 1611       6.333040531655e-11 
 1612       6.313688489562e-11 
 1613       6.293933981522e-11 
 1614       6.273785054021e-11 
 1615       6.253249798438e-11 
 1616       6.232336351117e-11 
 1617       6.211052893441e-11 
 1618       6.189407651901e-11 
 1619       6.167408898170e-11 
 1620       6.145064949175e-11 
 1621       6.122384167167e-11 
 1622       6.099374959794e-11 
 1623       6.076045780175e-11 
 1624       6.052405126968e-11 
 1625       6.028461544446e-11 
 1626       6.004223622564e-11 
 1627       5.979699997036e-11 
 1628       5.954899349403e-11 
 1629       5.929830407109e-11 
 1630       5.904501943569e-11 
 1631       5.878922778242e-11 
 1632       5.853101776703e-11 
 1633       5.827047850718e-11 
 1634       5.800769958310e-11 
 1635       5.774277103835e-11 
 1636       5.747578338055e-11 
 1637       5.720682758205e-11 
 1638       5.693599508071e-11 
 1639       5.666337778055e-11 
 1640       5.638906805254e-11 
 1641       5.611315873528e-11 
 1642       5.583574313570e-11 
 1643       5.555691502984e-11 
 1644       5.527676866352e-11 
 1645       5.499539875306e-11 
 1646       5.471290048603e-11 
 1647       5.442936952194e-11 
 1648       5.414490199298e-11 
 1649       5.385959450473e-11 
 1650       5.357354413687e-11 
 1651       5.328684511324e-11 
 1652       5.299957877834e-11 
 1653       5.271182353341e-11 
 1654       5.242365815966e-11 
 1655       5.213516181881e-11 
 1656       5.184641405367e-11 
 1657       5.155749478873e-11 
 1658       5.126848433070e-11 
 1659       5.097946336910e-11 
 1660       5.069051297686e-11 
 1661       5.040171461085e-11 
 1662       5.011315011245e-11 
 1663       4.982490170817e-11 
 1664       4.953705201018e-11 
 1665       4.924968401689e-11 
 1666       4.896288111356e-11 
 1667       4.867672707280e-11 
 1668       4.839130605521e-11 
 1669       4.810670260992e-11 
 1670       4.782300167518e-11 
 1671       4.754028857891e-11 
 1672       4.725864903929e-11 
 1673       4.697816916533e-11 
 1674       4.669893545743e-11 
 1675       4.642103480798e-11 
 1676       4.614455450190e-11 
 1677       4.586958221725e-11 
 1678       4.559620602575e-11 
 1679       4.532451439340e-11 
 1680       4.505459618106e-11 
 1681       4.478654064495e-11 
 1682       4.452043743731e-11 
 1683       4.425637660693e-11 
 1684       4.399444859971e-11 
 1685       4.373474425925e-11 
 1686       4.347735482746e-11 
 1687       4.322237194504e-11 
 1688       4.296988765214e-11 
 1689       4.271999438891e-11 
 1690       4.247278499603e-11 
 1691       4.222834109862e-11 
 1692       4.198669814666e-11 
 1693       4.174788007319e-11 
 1694       4.151191088369e-11 
 1695       4.127881465614e-11 
 1696       4.104861554113e-11 
 1697       4.082133776189e-11 
 1698       4.059700561447e-11 
 1699       4.037564346773e-11 
 1700       4.015727576349e-11 
 1701       3.994192701659e-11 
 1702       3.972962181495e-11 
 1703       3.952038481972e-11 
 1704       3.931424076531e-11 
 1705       3.911121445949e-11 
 1706       3.891133078351e-11 
 1707       3.871461469210e-11 
 1708       3.852109121366e-11 
 1709       3.833078545028e-11 
 1710       3.814372257782e-11 
 1711       3.795992784606e-11 
 1712       3.777942657870e-11 
 1713       3.760224417350e-11 
 1714       3.742840610238e-11 
 1715       3.725793791143e-11 
 1716       3.709086522109e-11 
 1717       3.692721372616e-11 
 1718       3.676700919592e-11 
 1719       3.661027747422e-11 
 1720       3.645704447955e-11 
 1721       3.630733620512e-11 
 1722       3.616117871898e-11 
 1723       3.601859816406e-11 
 1724       3.587962075829e-11 
 1725       3.574427279467e-11 
 1726       3.561258064135e-11 
 1727       3.548457074174e-11 
 1728       3.536026961456e-11 
 1729       3.523970385396e-11 
 1730       3.512290012959e-11 
 1731       3.500987472568e-11 
 1732       3.490060206159e-11 
 1733       3.479504590530e-11 
 1734       3.469316981001e-11 
 1735       3.459493711376e-11 
 1736       3.450031093907e-11 
 1737       3.440925419267e-11 
 1738       3.432172956512e-11 
 1739       3.423769953049e-11 
 1740       3.415712634603e-11 
 1741       3.407997205183e-11 
 1742       3.400619847048e-11 
 1743       3.393576720678e-11 
 1744       3.386863964733e-11 
 1745       3.380477696028e-11 
 1746       3.374414009494e-11 
 1747       3.368668978146e-11 
 1748       3.363238653050e-11 
 1749       3.358119063291e-11 
 1750       3.353306215937e-11 
 1751       3.348796096009e-11 
 1752       3.344584666443e-11 
 1753       3.340667868063e-11 
 1754       3.337041619541e-11 
 1755       3.333701817367e-11 
 1756       3.330644335818e-11 
 1757       3.327865026920e-11 
 1758       3.325359720418e-11 
 1759       3.323124223739e-11 
 1760       3.321154321965e-11 
 1761       3.319445777793e-11 
 1762       3.317994331505e-11 
 1763       3.316795700935e-11 
 1764       3.315845581434e-11 
 1765       3.315139645839e-11 
 1766       3.314673544436e-11 
 1767       3.314442904930e-11 
 1768       3.314443332412e-11 
 1769       3.314670409320e-11 
 1770       3.315119695415e-11 
 1771       3.315786476100e-11 
 1772       3.316665005193e-11 
 1773       3.317749255835e-11 
 1774       3.319033171518e-11 
 1775       3.320510666041e-11 
 1776       3.322175623468e-11 
 1777       3.324021898086e-11 
 1778       3.326043314360e-11 
 1779       3.328233666892e-11 
 1780       3.330586720376e-11 
 1781       3.333096209556e-11 
 1782       3.335755839185e-11 
 1783       3.338559283979e-11 
 1784       3.341500188576e-11 
 1785       3.344572167491e-11 
 1786       3.347768805077e-11 
 1787       3.351083655476e-11 
 1788       3.354510242582e-11 
 1789       3.358042059997e-11 
 1790       3.361672570982e-11 
 1791       3.365395208423e-11 
 1792       3.369203374782e-11 
 1793       3.373090442055e-11 
 1794       3.377049751733e-11 
 1795       3.381074614751e-11 
 1796       3.385158311455e-11 
 1797       3.389294091550e-11 
 1798       3.393475174063e-11 
 1799       3.397694747299e-11 
 1800       3.401945968796e-11 
 1801       3.406221965281e-11 
 1802       3.410515832634e-11 
 1803       3.414820635837e-11 
 1804       3.419129408935e-11 
 1805       3.423435154992e-11 
 1806       3.427730846050e-11 
 1807       3.432009423083e-11 
 1808       3.436263795957e-11 
 1809       3.440486843384e-11 
 1810       3.444671412881e-11 
 1811       3.448810871337e-11 
 1812       3.452900761662e-11 
 1813       3.456937159437e-11 
 1814       3.460916123498e-11 
 1815       3.464833695913e-11 
 1816       3.468685901959e-11 
 1817       3.472468750101e-11 
 1818       3.476178231964e-11 
 1819       3.479810322317e-11 
 1820       3.483360979047e-11 
 1821       3.486826143133e-11 
 1822       3.490201738628e-11 
 1823       3.493483672637e-11 
 1824       3.496667835287e-11 
 1825       3.499750099713e-11 
 1826       3.502726322028e-11 
 1827       3.505592341304e-11 
 1828       3.508343979550e-11 
 1829       3.510977041687e-11 
 1830       3.513487315523e-11 
 1831       3.515870571737e-11 
 1832       3.518122563850e-11 
 1833       3.520239028204e-11 
 1834       3.522215683940e-11 
 1835       3.524048232977e-11 
 1836       3.525732359982e-11 
 1837       3.527263732356e-11 
 1838       3.528638000207e-11 
 1839       3.529850796325e-11 
 1840       3.530897736164e-11 
 1841       3.531774417817e-11 
 1842       3.532476421990e-11 
 1843       3.532999311986e-11 
 1844       3.533338633675e-11 
 1845       3.533489915478e-11 
 1846       3.533448668338e-11 
 1847       3.533210385701e-11 
 1848       3.532770543491e-11 
 1849       3.532124600091e-11 
 1850       3.531267996316e-11 
 1851       3.530196983116e-11 
 1852       3.528911111896e-11 
 1853       3.527410763839e-11 
 1854       3.525696323976e-11 
 1855       3.523768181190e-11 
 1856       3.521626728227e-11 
 1857       3.519272361696e-11 
 1858       3.516705482079e-11 
 1859       3.513926493736e-11 
 1860       3.510935804912e-11 
 1861       3.507733827742e-11 
 1862       3.504320978256e-11 
 1863       3.500697676391e-11 
 1864       3.496864345988e-11 
 1865       3.492821414807e-11 
 1866       3.488569314528e-11 
 1867       3.484108480757e-11 
 1868       3.479439353035e-11 
 1869       3.474562374844e-11 
 1870       3.469477993609e-11 
 1871       3.464186660710e-11 
 1872       3.458688831483e-11 
 1873       3.452984965229e-11 
 1874       3.447075525222e-11 
 1875       3.440960978708e-11 
 1876       3.434641796921e-11 
 1877       3.428118455080e-11 
 1878       3.421391432402e-11 
 1879       3.414461212103e-11 
 1880       3.407328281409e-11 
 1881       3.399993131558e-11 
 1882       3.392456257809e-11 
 1883       3.384718159446e-11 
 1884       3.376779339785e-11 
 1885       3.368640306181e-11 
 1886       3.360301570034e-11 
 1887       3.351763646795e-11 
 1888       3.343027055969e-11 
 1889       3.334092321128e-11 
 1890       3.324959969910e-11 
 1891       3.315631033730e-11 
 1892       3.306108551113e-11 
 1893       3.296396076009e-11 
 1894       3.286497179167e-11 
 1895       3.276415448161e-11 
 1896       3.266154487412e-11 
 1897       3.255717918211e-11 
 1898       3.245109378744e-11 
 1899       3.234332524110e-11 
 1900       3.223391026348e-11 
 1901       3.212288574461e-11 
 1902       3.201028874432e-11 
 1903       3.189615649257e-11 
 1904       3.178052638958e-11 
 1905       3.166343600614e-11 
 1906       3.154492308378e-11 
 1907       3.142502553503e-11 
 1908       3.130378144365e-11 
 1909       3.118122906484e-11 
 1910       3.105740682550e-11 
 1911       3.093235332442e-11 
 1912       3.080610733253e-11 
 1913       3.067870779314e-11 
 1914       3.055019382216e-11 
 1915       3.042060470831e-11 
 1916       3.028997991339e-11 
 1917       3.015835907245e-11 
 1918       3.002578199410e-11 
 1919       2.989228866065e-11 
 1920       2.975791922842e-11 
 1921       2.962271402790e-11 
 1922       2.948671356404e-11 
 1923       2.934995851643e-11 
 1924       2.921248973955e-11 
 1925       2.907434826303e-11 
 1926       2.893557529180e-11 
 1927       2.879621220641e-11 
 1928       2.865630056318e-11 
 1929       2.851588209451e-11 
 1930       2.837499870902e-11 
 1931       2.823369159732e-11 
 1932       2.809199854114e-11 
 1933       2.794995658427e-11 
 1934       2.780760292538e-11 
 1935       2.766497491824e-11 
 1936       2.752211007195e-11 
 1937       2.737904605110e-11 
 1938       2.723582067598e-11 
 1939       2.709247192282e-11 
 1940       2.694903792392e-11 
 1941       2.680555696791e-11 
 1942       2.666206749993e-11 
 1943       2.651860812182e-11 
 1944       2.637521759234e-11 
 1945       2.623193482735e-11 
 1946       2.608879890002e-11 
 1947       2.594584904106e-11 
 1948       2.580312463884e-11 
 1949       2.566066523970e-11 
 1950       2.551851054804e-11 
 1951       2.537670042661e-11 
 1952       2.523527489666e-11 
 1953       2.509427413815e-11 
 1954       2.495373848996e-11 
 1955       2.481370845009e-11 
 1956       2.467422467583e-11 
 1957       2.453532798403e-11 
 1958       2.439705935122e-11 
 1959       2.425945991385e-11 
 1960       2.412257096850e-11 
 1961       2.398643397206e-11 
 1962       2.385109054195e-11 
 1963       2.371658245628e-11 
 1964       2.358295165411e-11 
 1965       2.345024023560e-11 
 1966       2.331849046224e-11 
 1967       2.318774475704e-11 
 1968       2.305804570471e-11 
 1969       2.292943605191e-11 
 1970       2.280195870740e-11 
 1971       2.267565177934e-11 
 1972       2.255053364636e-11 
 1973       2.242661777603e-11 
 1974       2.230391767775e-11 
 1975       2.218244690282e-11 
 1976       2.206221904448e-11 
 1977       2.194324773797e-11 
 1978       2.182554666053e-11 
 1979       2.170912953152e-11 
 1980       2.159401011240e-11 
 1981       2.148020220683e-11 
 1982       2.136771966067e-11 
 1983       2.125657636207e-11 
 1984       2.114678624149e-11 
 1985       2.103836327175e-11 
 1986       2.093132146809e-11 
 1987       2.082567488821e-11 
 1988       2.072143763230e-11 
 1989       2.061862384313e-11 
 1990       2.051724770605e-11 
 1991       2.041732344907e-11 
 1992       2.031886534289e-11 
 1993       2.022188770096e-11 
 1994       2.012640487950e-11 
 1995       2.003243127759e-11 
 1996       1.993998133719e-11 
 1997       1.984906954317e-11 
 1998       1.975971042341e-11 
 1999       1.967191854880e-11 
 2000       1.958570853330e-11 
 2001       1.950109503400e-11 
 2002       1.941809275114e-11 
 2003       1.933671642821e-11 
 2004       1.925698085191e-11 
 2005       1.917890085230e-11 
 2006       1.910249130278e-11 
 2007       1.902776712012e-11 
 2008       1.895474326460e-11 
 2009       1.888343473995e-11 
 2010       1.881385659346e-11 
 2011       1.874601902944e-11 
 2012       1.867991271054e-11 
 2013       1.861552334955e-11 
 2014       1.855283658616e-11 
 2015       1.849183798682e-11 
 2016       1.843251304472e-11 
 2017       1.837484717963e-11 
 2018       1.831882573783e-11 
 2019       1.826443399199e-11 
 2020       1.821165714111e-11 
 2021       1.816048031040e-11 
 2022       1.811088855116e-11 
 2023       1.806286684073e-11 
 2024       1.801640008236e-11 
 2025       1.797147310510e-11 
 2026       1.792807066376e-11 
 2027       1.788617743873e-11 
 2028       1.784577803597e-11 
 2029       1.780685698684e-11 
 2030       1.776939874804e-11 
 2031       1.773338770150e-11 
 2032       1.769880815430e-11 
 2033       1.766564433852e-11 
 2034       1.763388041123e-11 
 2035       1.760350045431e-11 
 2036       1.757448847440e-11 
 2037       1.754682840277e-11 
 2038       1.752050409526e-11 
 2039       1.749549933215e-11 
 2040       1.747179781806e-11 
 2041       1.744938318191e-11 
 2042       1.742823897672e-11 
 2043       1.740834867963e-11 
 2044       1.738969569169e-11 
 2045       1.737226333786e-11 
 2046       1.735603486683e-11 
 2047       1.734099345099e-11 
 2048       1.732712218628e-11 
 2049       1.731440409213e-11 
 2050       1.730282211134e-11 
 2051       1.729235750560e-11 
 2052       1.728298502976e-11 
 2053       1.727467772292e-11 
 2054       1.726740850954e-11 
 2055       1.726115019934e-11 
 2056       1.725587548711e-11 
 2057       1.725155695258e-11 
 2058       1.724816706029e-11 
 2059       1.724567815943e-11 
 2060       1.724406248372e-11 
 2061       1.724329215122e-11 
 2062       1.724333916425e-11 
 2063       1.724417540918e-11 
 2064       1.724577265635e-11 
 2065       1.724810255988e-11 
 2066       1.725113665754e-11 
 2067       1.725484637062e-11 
 2068       1.725920300377e-11 
 2069       1.726417774486e-11 
 2070       1.726974166485e-11 
 2071       1.727586571761e-11 
 2072       1.728252073984e-11 
 2073       1.728967745085e-11 
 2074       1.729730645248e-11 
 2075       1.730537822892e-11 
 2076       1.731386314659e-11 
 2077       1.732273145398e-11 
 2078       1.733195328150e-11 
 2079       1.734149864135e-11 
 2080       1.735133742739e-11 
 2081       1.736143941498e-11 
 2082       1.737177426081e-11 
 2083       1.738231150281e-11 
 2084       1.739302055997e-11 
 2085       1.740387073222e-11 
 2086       1.741483120026e-11 
 2087       1.742587102543e-11 
 2088       1.743695914957e-11 
 2089       1.744806439487e-11 
 2090       1.745915546374e-11 
 2091       1.747020300340e-11 
 2092       1.748118581573e-11 
 2093       1.749208469065e-11 
 2094       1.750288034517e-11 
 2095       1.751355342331e-11 
 2096       1.752408449606e-11 
 2097       1.753445406124e-11 
 2098       1.754464254345e-11 
 2099       1.755463029395e-11 
 2100       1.756439759061e-11 
 2101       1.757392463780e-11 
 2102       1.758319156630e-11 
 2103       1.759217843322e-11 
 2104       1.760086522194e-11 
 2105       1.760923184195e-11 
 2106       1.761725812886e-11 
 2107       1.762492384424e-11 
 2108       1.763220867555e-11 
 2109       1.763909223607e-11 
 2110       1.764555406481e-11 
 2111       1.765157362641e-11 
 2112       1.765713031105e-11 
 2113       1.766220343439e-11 
 2114       1.766677223745e-11 
 2115       1.767081588656e-11 
 2116       1.767431347323e-11 
 2117       1.767724401410e-11 
 2118       1.767958645083e-11 
 2119       1.768131965003e-11 
 2120       1.768242240316e-11 
 2121       1.768287342645e-11 
 2122       1.768265136081e-11 
 2123       1.768173477175e-11 
 2124       1.768010214928e-11 
 2125       1.767773190784e-11 
 2126       1.767460238619e-11 
 2127       1.767069184736e-11 
 2128       1.766597847851e-11 
 2129       1.766044039091e-11 
 2130       1.765405561980e-11 
 2131       1.764680572209e-11 
 2132       1.763868659675e-11 
 2133       1.762969773857e-11 
 2134       1.761983864715e-11 
 2135       1.760910882693e-11 
 2136       1.759750778717e-11 
 2137       1.758503504195e-11 
 2138       1.757169011022e-11 
 2139       1.755747251576e-11 
 2140       1.754238178723e-11 
 2141       1.752641745815e-11 
 2142       1.750957906692e-11 
 2143       1.749186615683e-11 
 2144       1.747327827605e-11 
 2145       1.745381497766e-11 
 2146       1.743347581966e-11 
 2147       1.741226036495e-11 
 2148       1.739016818137e-11 
 2149       1.736719884170e-11 
 2150       1.734335192365e-11 
 2151       1.731862700988e-11 
 2152       1.729302368802e-11 
 2153       1.726654155067e-11 
 2154       1.723918019539e-11 
 2155       1.721093922474e-11 
 2156       1.718181824626e-11 
 2157       1.715181687251e-11 
 2158       1.712093472103e-11 
 2159       1.708917141440e-11 
 2160       1.705652658023e-11 
 2161       1.702299985113e-11 
 2162       1.698859086479e-11 
 2163       1.695329926393e-11 
 2164       1.691712469633e-11 
 2165       1.688006681483e-11 
 2166       1.684212527737e-11 
 2167       1.680329974695e-11 
 2168       1.676358989165e-11 
 2169       1.672299538469e-11 
 2170       1.668151590436e-11 
 2171       1.663915359549e-11 
 2172       1.659592047183e-11 
 2173       1.655183106360e-11 
 2174       1.650689996066e-11 
 2175       1.646114181257e-11 
 2176       1.641457132872e-11 
 2177       1.636720327833e-11 
 2178       1.631905249057e-11 
 2179       1.627013385460e-11 
 2180       1.622046231966e-11 
 2181       1.617005289513e-11 
 2182       1.611892065063e-11 
 2183       1.606708071603e-11 
 2184       1.601454828158e-11 
 2185       1.596133859795e-11 
 2186       1.590746697632e-11 
 2187       1.585294878842e-11 
 2188       1.579779946664e-11 
 2189       1.574203450407e-11 
 2190       1.568566945460e-11 
 2191       1.562871993294e-11 
 2192       1.557120161475e-11 
 2193       1.551313023669e-11 
 2194       1.545452159646e-11 
 2195       1.539539155292e-11 
 2196       1.533575602613e-11 
 2197       1.527563099742e-11 
 2198       1.521503250949e-11 
 2199       1.515397666643e-11 
 2200       1.509247963385e-11 
 2201       1.503055763891e-11 
 2202       1.496822697039e-11 
 2203       1.490550397880e-11 
 2204       1.484240507641e-11 
 2205       1.477894673732e-11 
 2206       1.471514549758e-11 
 2207       1.465101795520e-11 
 2208       1.458658077025e-11 
 2209       1.452185066494e-11 
 2210       1.445684442368e-11 
 2211       1.439157884047e-11 
 2212       1.432607056064e-11 
 2213       1.426033623822e-11 
 2214       1.419439258855e-11 
 2215       1.412825638843e-11 
 2216       1.406194447607e-11 
 2217       1.399547375129e-11 
 2218       1.392886117549e-11 
 2219       1.386212377175e-11 
 2220       1.379527862494e-11 
 2221       1.372834288171e-11 
 2222       1.366133375065e-11 
 2223       1.359426850228e-11 
 2224       1.352716446916e-11 
 2225       1.346003904596e-11 
 2226       1.339290968953e-11 
 2227       1.332579391893e-11 
 2228       1.325870931558e-11 
 2229       1.319167352324e-11 
 2230       1.312470424813e-11 
 2231       1.305781925900e-11 
 2232       1.299103638719e-11 
 2233       1.292437352669e-11 
 2234       1.285784863423e-11 
 2235       1.279147972932e-11 
 2236       1.272528489435e-11 
 2237       1.265928227466e-11 
 2238       1.259349007857e-11 
 2239       1.252792657750e-11 
 2240       1.246261010601e-11 
 2241       1.239755906186e-11 
 2242       1.233279190612e-11 
 2243       1.226832716321e-11 
 2244       1.220418342094e-11 
 2245       1.214037933067e-11 
 2246       1.207693360728e-11 
 2247       1.201386502931e-11 
 2248       1.195119243898e-11 
 2249       1.188893474230e-11 
 2250       1.182711090911e-11 
 2251       1.176573799796e-11 
 2252       1.170482521652e-11 
 2253       1.164437982265e-11 
 2254       1.158440909616e-11 
 2255       1.152492033883e-11 
 2256       1.146592087439e-11 
 2257       1.140741804860e-11 
 2258       1.134941922924e-11 
 2259       1.129193180613e-11 
 2260       1.123496319118e-11 
 2261       1.117852081838e-11 
 2262       1.112261214384e-11 
 2263       1.106724464582e-11 
 2264       1.101242582474e-11 
 2265       1.095816320320e-11 
 2266       1.090446432600e-11 
 2267       1.085133676021e-11 
 2268       1.079878809512e-11 
 2269       1.074682594229e-11 
 2270       1.069545793563e-11 
 2271       1.064469173131e-11 
 2272       1.059453500789e-11 
 2273       1.054499546629e-11 
 2274       1.049608082980e-11 
 2275       1.044779884416e-11 
 2276       1.040015727752e-11 
 2277       1.035316392050e-11 
 2278       1.030682658620e-11 
 2279       1.026115311022e-11 
 2280       1.021615135071e-11 
 2281       1.017182918834e-11 
 2282       1.012819452638e-11 
 2283       1.008525529068e-11 
 2284       1.004301942972e-11 
 2285       1.000149491461e-11 
 2286       9.960689739149e-12 
 2287       9.920611919798e-12 
 2288       9.881269495741e-12 
 2289       9.842670528894e-12 
 2290       9.804823103928e-12 
 2291       9.767733141357e-12 
 2292       9.731397821469e-12 
 2293       9.695812118418e-12 
 2294       9.660970983312e-12 
 2295       9.626869344192e-12 
 2296       9.593502106001e-12 
 2297       9.560864150561e-12 
 2298       9.528950336539e-12 
 2299       9.497755499428e-12 
 2300       9.467274451512e-12 
 2301       9.437501981846e-12 
 2302       9.408432856223e-12 
 2303       9.380061817150e-12 
 2304       9.352383583820e-12 
 2305       9.325392852085e-12 
 2306       9.299084294429e-12 
 2307       9.273452559939e-12 
 2308       9.248492274281e-12 
 2309       9.224198039670e-12 
 2310       9.200564434845e-12 
 2311       9.177586015040e-12 
 2312       9.155257311958e-12 
 2313       9.133572833742e-12 
 2314       9.112527064952e-12 
 2315       9.092114466533e-12 
 2316       9.072329475790e-12 
 2317       9.053166506362e-12 
 2318       9.034619948192e-12 
 2319       9.016684167501e-12 
 2320       8.999353506764e-12 
 2321       8.982622284678e-12 
 2322       8.966484796136e-12 
 2323       8.950935312201e-12 
 2324       8.935968080081e-12 
 2325       8.921577323096e-12 
 2326       8.907757240657e-12 
 2327       8.894502008232e-12 
 2328       8.881805777327e-12 
 2329       8.869662675452e-12 
 2330       8.858066806098e-12 
 2331       8.847011339037e-12 
 2332       8.836485775054e-12 
 2333       8.826478663979e-12 
 2334       8.816978512755e-12 
 2335       8.807973785389e-12 
 2336       8.799452902903e-12 
 2337       8.791404243287e-12 
 2338       8.783816141454e-12 
 2339       8.776676889192e-12 
 2340       8.769974735115e-12 
 2341       8.763697884616e-12 
 2342       8.757834499822e-12 
 2343       8.752372699545e-12 
 2344       8.747300559235e-12 
 2345       8.742606110933e-12 
 2346       8.738277343223e-12 
 2347       8.734302201186e-12 
 2348       8.730668586351e-12 
 2349       8.727364356650e-12 
 2350       8.724377326368e-12 
 2351       8.721695266098e-12 
 2352       8.719305902695e-12 
 2353       8.717196919223e-12 
 2354       8.715355954914e-12 
 2355       8.713770605118e-12 
 2356       8.712428421254e-12 
 2357       8.711316910767e-12 
 2358       8.710423537078e-12 
 2359       8.709735719536e-12 
 2360       8.709240833373e-12 
 2361       8.708926209656e-12 
 2362       8.708779135237e-12 
 2363       8.708786852711e-12 
 2364       8.708936560365e-12 
 2365       8.709215412130e-12 
 2366       8.709610517538e-12 
 2367       8.710108941670e-12 
 2368       8.710697705111e-12 
 2369       8.711363783904e-12 
 2370       8.712094109501e-12 
 2371       8.712876264279e-12 
 2372       8.713700572884e-12 
 2373       8.714558023709e-12 
 2374       8.715439574467e-12 
 2375       8.716336152166e-12 
 2376       8.717238653066e-12 
 2377       8.718137942656e-12 
 2378       8.719024855617e-12 
 2379       8.719890195789e-12 
 2380       8.720724736143e-12 
 2381       8.721519218742e-12 
 2382       8.722264354714e-12 
 2383       8.722950824218e-12 
 2384       8.723569276411e-12 
 2385       8.724110329416e-12 
 2386       8.724564570289e-12 
 2387       8.724922554987e-12 
 2388       8.725174808336e-12 
 2389       8.725311823998e-12 
 2390       8.725324064440e-12 
 2391       8.725201960898e-12 
 2392       8.724935913350e-12 
 2393       8.724516290477e-12 
 2394       8.723933429637e-12 
 2395       8.723177636829e-12 
 2396       8.722239186660e-12 
 2397       8.721108322316e-12 
 2398       8.719775255526e-12 
 2399       8.718230166531e-12 
 2400       8.716463204052e-12 
 2401       8.714464485258e-12 
 2402       8.712224095732e-12 
 2403       8.709732089438e-12 
 2404       8.706978488693e-12 
 2405       8.703953284128e-12 
 2406       8.700646434663e-12 
 2407       8.697047867468e-12 
 2408       8.693147477933e-12 
 2409       8.688935129637e-12 
 2410       8.684400654315e-12 
 2411       8.679535321260e-12 
 2412       8.674336255347e-12 
 2413       8.668802045776e-12 
 2414       8.662931279072e-12 
 2415       8.656722539077e-12 
 2416       8.650174406955e-12 
 2417       8.643285461184e-12 
 2418       8.636054277558e-12 
 2419       8.628479429182e-12 
 2420       8.620559486473e-12 
 2421       8.612293017156e-12 
 2422       8.603678586259e-12 
 2423       8.594714756118e-12 
 2424       8.585400086369e-12 
 2425       8.575733133948e-12 
 2426       8.565712453089e-12 
 2427       8.555336595320e-12 
 2428       8.544604109465e-12 
 2429       8.533513541637e-12 
 2430       8.522063435241e-12 
 2431       8.510252330966e-12 
 2432       8.498078766789e-12 
 2433       8.485541277968e-12 
 2434       8.472638397043e-12 
 2435       8.459368653833e-12 
 2436       8.445730575432e-12 
 2437       8.431722686211e-12 
 2438       8.417343507811e-12 
 2439       8.402591559146e-12 
 2440       8.387465356397e-12 
 2441       8.371963413012e-12 
 2442       8.356084239701e-12 
 2443       8.339826344438e-12 
 2444       8.323188232457e-12 
 2445       8.306168406249e-12 
 2446       8.288765365561e-12 
 2447       8.270977607394e-12 
 2448       8.252803626001e-12 
 2449       8.234241912884e-12 
 2450       8.215290956790e-12 
 2451       8.195950512957e-12 
 2452       8.176225419113e-12 
 2453       8.156121802266e-12 
 2454       8.135645811554e-12 
 2455       8.114803618273e-12 
 2456       8.093601415891e-12 
 2457       8.072045420081e-12 
 2458       8.050141868739e-12 
 2459       8.027897022008e-12 
 2460       8.005317162301e-12 
 2461       7.982408594326e-12 
 2462       7.959177645108e-12 
 2463       7.935630664011e-12 
 2464       7.911774022764e-12 
 2465       7.887614115483e-12 
 2466       7.863157358691e-12 
 2467       7.838410191349e-12 
 2468       7.813379074871e-12 
 2469       7.788070493152e-12 
 2470       7.762490952590e-12 
 2471       7.736646982110e-12 
 2472       7.710545133184e-12 
 2473       7.684191979860e-12 
 2474       7.657594118781e-12 
 2475       7.630758169207e-12 
 2476       7.603690773044e-12 
 2477       7.576398594862e-12 
 2478       7.548888321919e-12 
 2479       7.521166664188e-12 
 2480       7.493240354375e-12 
 2481       7.465116147946e-12 
 2482       7.436800823148e-12 
 2483       7.408301181035e-12 
 2484       7.379624045487e-12 
 2485       7.350776263239e-12 
 2486       7.321764703898e-12 
 2487       7.292596259971e-12 
 2488       7.263277846885e-12 
 2489       7.233816403013e-12 
 2490       7.204218889696e-12 
 2491       7.174488950831e-12 
 2492       7.144616870135e-12 
 2493       7.114589554895e-12 
 2494       7.084393871000e-12 
 2495       7.054016642902e-12 
 2496       7.023444653570e-12 
 2497       6.992664644454e-12 
 2498       6.961663315440e-12 
 2499       6.930427324810e-12 
 2500       6.898943289200e-12 
