# dimensionless total [l(l+1)/2pi] C_l's
# for l=2 to 2500, i.e. number of multipoles equal to 2499
#
# -> if you prefer output in CAMB/HealPix/LensPix units/order, set 'format' to 'camb' in input file
# -> if you don't want to see such a header, set 'headers' to 'no' in input file
#
# 1:l     2:TT                 
    2       3.285864983595e-10 
    3       3.085313347739e-10 
    4       2.920430748302e-10 
    5       2.796552945103e-10 
    6       2.704566551461e-10 
    7       2.635615051765e-10 
    8       2.582587793977e-10 
    9       2.540448499317e-10 
   10       2.506033284147e-10 
   11       2.476581546600e-10 
   12       2.451618808860e-10 
   13       2.430756191976e-10 
   14       2.412101794604e-10 
   15       2.395414704370e-10 
   16       2.380732156895e-10 
   17       2.368114451623e-10 
   18       2.357117350899e-10 
   19       2.347796176403e-10 
   20       2.339083680073e-10 
   21       2.331539388880e-10 
   22       2.325431448409e-10 
   23       2.320699560483e-10 
   24       2.316659719740e-10 
   25       2.313412575418e-10 
   26       2.310962720748e-10 
   27       2.309584439596e-10 
   28       2.309213532718e-10 
   29       2.309431459665e-10 
   30       2.310415276909e-10 
   31       2.312274915668e-10 
   32       2.314877214858e-10 
   33       2.318234529826e-10 
   34       2.322200177896e-10 
   35       2.326496358138e-10 
   36       2.331269205658e-10 
   37       2.336689648018e-10 
   38       2.342785729507e-10 
   39       2.349498112253e-10 
   40       2.356908712052e-10 
   41       2.365062928086e-10 
   42       2.373894095795e-10 
   43       2.383280649926e-10 
   44       2.393264515996e-10 
   45       2.403882596666e-10 
   46       2.415098415158e-10 
   47       2.426795620374e-10 
   48       2.438837737454e-10 
   49       2.451282490978e-10 
   50       2.464216737928e-10 
   51       2.477692458705e-10 
   52       2.491723642126e-10 
   53       2.506304067415e-10 
   54       2.521473188718e-10 
   55       2.537261763307e-10 
   56       2.553670249082e-10 
   57       2.570666565749e-10 
   58       2.588183855996e-10 
   59       2.606149666405e-10 
   60       2.624586488434e-10 
   61       2.643530650738e-10 
   62       2.663001802587e-10 
   63       2.683001740118e-10 
   64       2.703513232588e-10 
   65       2.724514227625e-10 
   66       2.746026600067e-10 
   67       2.768075659607e-10 
   68       2.790674953123e-10 
   69       2.813825521110e-10 
   70       2.837515154117e-10 
   71       2.861717649180e-10 
   72       2.886405275271e-10 
   73       2.911590592103e-10 
   74       2.937291352078e-10 
   75       2.963517568037e-10 
   76       2.990271071272e-10 
   77       3.017545069537e-10 
   78       3.045323705055e-10 
   79       3.073581612534e-10 
   80       3.102293770271e-10 
   81       3.131467996083e-10 
   82       3.161117314381e-10 
   83       3.191249916815e-10 
   84       3.221868910900e-10 
   85       3.252972068638e-10 
   86       3.284551575140e-10 
   87       3.316593777251e-10 
   88       3.349078932173e-10 
   89       3.381987610138e-10 
   90       3.415321601410e-10 
   91       3.449085841031e-10 
   92       3.483281897153e-10 
   93       3.517907819349e-10 
   94       3.552957986922e-10 
   95       3.588422957213e-10 
   96       3.624289313912e-10 
   97       3.660539515366e-10 
   98       3.697151742890e-10 
   99       3.734105008060e-10 
  100       3.771395627906e-10 
  101       3.809022812350e-10 
  102       3.846983526573e-10 
  103       3.885272403068e-10 
  104       3.923881653694e-10 
  105       3.962800981733e-10 
  106       4.002017493945e-10 
  107       4.041515612619e-10 
  108       4.081276987632e-10 
  109       4.121280408499e-10 
  110       4.161505472512e-10 
  111       4.201944311373e-10 
  112       4.242591207712e-10 
  113       4.283438922714e-10 
  114       4.324478645092e-10 
  115       4.365699940053e-10 
  116       4.407090698269e-10 
  117       4.448637084847e-10 
  118       4.490323488298e-10 
  119       4.532132469502e-10 
  120       4.574044710687e-10 
  121       4.616038964389e-10 
  122       4.658092002425e-10 
  123       4.700181560471e-10 
  124       4.742295663508e-10 
  125       4.784424280517e-10 
  126       4.826556397652e-10 
  127       4.868679990776e-10 
  128       4.910781997998e-10 
  129       4.952848292217e-10 
  130       4.994863653654e-10 
  131       5.036811742396e-10 
  132       5.078675070928e-10 
  133       5.120434976677e-10 
  134       5.162071594547e-10 
  135       5.203563829460e-10 
  136       5.244889328889e-10 
  137       5.286026649500e-10 
  138       5.326962068219e-10 
  139       5.367683427180e-10 
  140       5.408177989456e-10 
  141       5.448432425523e-10 
  142       5.488432799727e-10 
  143       5.528164556744e-10 
  144       5.567612508052e-10 
  145       5.606760818388e-10 
  146       5.645592992218e-10 
  147       5.684091860198e-10 
  148       5.722239565642e-10 
  149       5.760017550984e-10 
  150       5.797406544243e-10 
  151       5.834386545491e-10 
  152       5.870936813310e-10 
  153       5.907037585596e-10 
  154       5.942675450368e-10 
  155       5.977838450622e-10 
  156       6.012514390195e-10 
  157       6.046690829066e-10 
  158       6.080355078648e-10 
  159       6.113494197092e-10 
  160       6.146094984581e-10 
  161       6.178143978628e-10 
  162       6.209627449373e-10 
  163       6.240531394881e-10 
  164       6.270841536441e-10 
  165       6.300543313861e-10 
  166       6.329621880765e-10 
  167       6.358062099895e-10 
  168       6.385848538403e-10 
  169       6.412965463151e-10 
  170       6.439396836010e-10 
  171       6.465127593958e-10 
  172       6.490147618997e-10 
  173       6.514448091785e-10 
  174       6.538020237161e-10 
  175       6.560855324685e-10 
  176       6.582944669181e-10 
  177       6.604279631270e-10 
  178       6.624851617915e-10 
  179       6.644652082959e-10 
  180       6.663672527663e-10 
  181       6.681904501246e-10 
  182       6.699339601427e-10 
  183       6.715969474959e-10 
  184       6.731785818173e-10 
  185       6.746780377518e-10 
  186       6.760944950096e-10 
  187       6.774271384205e-10 
  188       6.786751579877e-10 
  189       6.798377489419e-10 
  190       6.809141117950e-10 
  191       6.819035271094e-10 
  192       6.828055859557e-10 
  193       6.836199768849e-10 
  194       6.843464130639e-10 
  195       6.849846325738e-10 
  196       6.855343987087e-10 
  197       6.859955002738e-10 
  198       6.863677518842e-10 
  199       6.866509942629e-10 
  200       6.868450945394e-10 
  201       6.869499465484e-10 
  202       6.869654711277e-10 
  203       6.868916164172e-10 
  204       6.867283581569e-10 
  205       6.864756999855e-10 
  206       6.861336737388e-10 
  207       6.857023397482e-10 
  208       6.851817871391e-10 
  209       6.845721341292e-10 
  210       6.838735283272e-10 
  211       6.830861470308e-10 
  212       6.822101975256e-10 
  213       6.812459357645e-10 
  214       6.801937231900e-10 
  215       6.790539743276e-10 
  216       6.778271390942e-10 
  217       6.765137031449e-10 
  218       6.751141882198e-10 
  219       6.736291524908e-10 
  220       6.720591909086e-10 
  221       6.704049355494e-10 
  222       6.686670559615e-10 
  223       6.668462595126e-10 
  224       6.649432917362e-10 
  225       6.629589366785e-10 
  226       6.608940172455e-10 
  227       6.587493955495e-10 
  228       6.565259732561e-10 
  229       6.542246919307e-10 
  230       6.518465333860e-10 
  231       6.493925200281e-10 
  232       6.468637152036e-10 
  233       6.442612235467e-10 
  234       6.415861913255e-10 
  235       6.388398067891e-10 
  236       6.360233005147e-10 
  237       6.331379457537e-10 
  238       6.301850062808e-10 
  239       6.271655757164e-10 
  240       6.240807291421e-10 
  241       6.209315749583e-10 
  242       6.177192551208e-10 
  243       6.144449453761e-10 
  244       6.111098554981e-10 
  245       6.077152295239e-10 
  246       6.042623459897e-10 
  247       6.007525181674e-10 
  248       5.971870942999e-10 
  249       5.935674578380e-10 
  250       5.898950276758e-10 
  251       5.861712583873e-10 
  252       5.823976404618e-10 
  253       5.785757005408e-10 
  254       5.747070016534e-10 
  255       5.707931434526e-10 
  256       5.668357624515e-10 
  257       5.628365322592e-10 
  258       5.587971638169e-10 
  259       5.547194056340e-10 
  260       5.506050440241e-10 
  261       5.464559033412e-10 
  262       5.422738462156e-10 
  263       5.380607737902e-10 
  264       5.338186259562e-10 
  265       5.295493815897e-10 
  266       5.252549440854e-10 
  267       5.209367905885e-10 
  268       5.165963041744e-10 
  269       5.122348868785e-10 
  270       5.078539597375e-10 
  271       5.034549628323e-10 
  272       4.990393553302e-10 
  273       4.946086155268e-10 
  274       4.901642408887e-10 
  275       4.857077480954e-10 
  276       4.812406730819e-10 
  277       4.767645710809e-10 
  278       4.722810166646e-10 
  279       4.677916037878e-10 
  280       4.632979458295e-10 
  281       4.588016756352e-10 
  282       4.543044455597e-10 
  283       4.498079275088e-10 
  284       4.453138129817e-10 
  285       4.408238131136e-10 
  286       4.363396587175e-10 
  287       4.318631003268e-10 
  288       4.273959082374e-10 
  289       4.229398725499e-10 
  290       4.184968032121e-10 
  291       4.140685300612e-10 
  292       4.096569028658e-10 
  293       4.052637913687e-10 
  294       4.008910853284e-10 
  295       3.965406945622e-10 
  296       3.922145489880e-10 
  297       3.879144550609e-10 
  298       3.836416572633e-10 
  299       3.793972553369e-10 
  300       3.751823458117e-10 
  301       3.709980218534e-10 
  302       3.668453731109e-10 
  303       3.627254855642e-10 
  304       3.586394413715e-10 
  305       3.545883187171e-10 
  306       3.505731916588e-10 
  307       3.465951299756e-10 
  308       3.426551990151e-10 
  309       3.387544595412e-10 
  310       3.348939675813e-10 
  311       3.310747742747e-10 
  312       3.272979257190e-10 
  313       3.235644628187e-10 
  314       3.198754211321e-10 
  315       3.162318307193e-10 
  316       3.126347159894e-10 
  317       3.090850955482e-10 
  318       3.055839820458e-10 
  319       3.021323820242e-10 
  320       2.987312957647e-10 
  321       2.953817171357e-10 
  322       2.920846334398e-10 
  323       2.888410252621e-10 
  324       2.856518663170e-10 
  325       2.825181232962e-10 
  326       2.794407557163e-10 
  327       2.764207157659e-10 
  328       2.734589481538e-10 
  329       2.705563899560e-10 
  330       2.677139704636e-10 
  331       2.649326110303e-10 
  332       2.622131310747e-10 
  333       2.595559618693e-10 
  334       2.569614199637e-10 
  335       2.544297996495e-10 
  336       2.519613727065e-10 
  337       2.495563881477e-10 
  338       2.472150719659e-10 
  339       2.449376268783e-10 
  340       2.427242320734e-10 
  341       2.405750429556e-10 
  342       2.384901908919e-10 
  343       2.364697829565e-10 
  344       2.345139016776e-10 
  345       2.326226047824e-10 
  346       2.307959249430e-10 
  347       2.290338695220e-10 
  348       2.273364203184e-10 
  349       2.257035333133e-10 
  350       2.241351384152e-10 
  351       2.226311392062e-10 
  352       2.211914126874e-10 
  353       2.198158090247e-10 
  354       2.185041512945e-10 
  355       2.172562352294e-10 
  356       2.160718289637e-10 
  357       2.149506727796e-10 
  358       2.138924788523e-10 
  359       2.128969309960e-10 
  360       2.119636844098e-10 
  361       2.110923654229e-10 
  362       2.102825712407e-10 
  363       2.095338696903e-10 
  364       2.088457989664e-10 
  365       2.082178673767e-10 
  366       2.076495530879e-10 
  367       2.071403038713e-10 
  368       2.066895368481e-10 
  369       2.062966382360e-10 
  370       2.059609630939e-10 
  371       2.056818755698e-10 
  372       2.054588718966e-10 
  373       2.052914617069e-10 
  374       2.051791277470e-10 
  375       2.051213256580e-10 
  376       2.051174837565e-10 
  377       2.051670028158e-10 
  378       2.052692558467e-10 
  379       2.054235878783e-10 
  380       2.056293157391e-10 
  381       2.058857278377e-10 
  382       2.061920839441e-10 
  383       2.065476149699e-10 
  384       2.069515227502e-10 
  385       2.074029798237e-10 
  386       2.079011292137e-10 
  387       2.084450842097e-10 
  388       2.090339281474e-10 
  389       2.096667141902e-10 
  390       2.103424651099e-10 
  391       2.110601730679e-10 
  392       2.118187993955e-10 
  393       2.126172743754e-10 
  394       2.134544970225e-10 
  395       2.143293348645e-10 
  396       2.152406237232e-10 
  397       2.161871674952e-10 
  398       2.171677379329e-10 
  399       2.181810744253e-10 
  400       2.192258837790e-10 
  401       2.203008399992e-10 
  402       2.214045840705e-10 
  403       2.225357237378e-10 
  404       2.236928332871e-10 
  405       2.248744533269e-10 
  406       2.260790905685e-10 
  407       2.273052176073e-10 
  408       2.285512727037e-10 
  409       2.298156595636e-10 
  410       2.310969091138e-10 
  411       2.323941715856e-10 
  412       2.337067414292e-10 
  413       2.350338967911e-10 
  414       2.363748994100e-10 
  415       2.377289945132e-10 
  416       2.390954107133e-10 
  417       2.404733599038e-10 
  418       2.418620371556e-10 
  419       2.432606206137e-10 
  420       2.446682713928e-10 
  421       2.460841334740e-10 
  422       2.475073336011e-10 
  423       2.489369811766e-10 
  424       2.503721681582e-10 
  425       2.518119689549e-10 
  426       2.532554403236e-10 
  427       2.547016212647e-10 
  428       2.561495329194e-10 
  429       2.575981784648e-10 
  430       2.590465430113e-10 
  431       2.604935934980e-10 
  432       2.619382785893e-10 
  433       2.633795285715e-10 
  434       2.648162552483e-10 
  435       2.662473518380e-10 
  436       2.676716928690e-10 
  437       2.690881340765e-10 
  438       2.704955122986e-10 
  439       2.718926453727e-10 
  440       2.732783320316e-10 
  441       2.746513518000e-10 
  442       2.760104648905e-10 
  443       2.773544121002e-10 
  444       2.786819147067e-10 
  445       2.799916743645e-10 
  446       2.812823730011e-10 
  447       2.825526727137e-10 
  448       2.838012156649e-10 
  449       2.850268080357e-10 
  450       2.862289786484e-10 
  451       2.874074382218e-10 
  452       2.885618969550e-10 
  453       2.896920645329e-10 
  454       2.907976501318e-10 
  455       2.918783624248e-10 
  456       2.929339095878e-10 
  457       2.939639993047e-10 
  458       2.949683387730e-10 
  459       2.959466347098e-10 
  460       2.968985933568e-10 
  461       2.978239204866e-10 
  462       2.987223214074e-10 
  463       2.995935009693e-10 
  464       3.004371635698e-10 
  465       3.012530131589e-10 
  466       3.020407532452e-10 
  467       3.028000869014e-10 
  468       3.035307167697e-10 
  469       3.042323450675e-10 
  470       3.049046735928e-10 
  471       3.055474037303e-10 
  472       3.061602364563e-10 
  473       3.067428723450e-10 
  474       3.072950115733e-10 
  475       3.078163539272e-10 
  476       3.083065988068e-10 
  477       3.087654452320e-10 
  478       3.091925918483e-10 
  479       3.095877369323e-10 
  480       3.099505783971e-10 
  481       3.102808137982e-10 
  482       3.105781403386e-10 
  483       3.108422548751e-10 
  484       3.110728539232e-10 
  485       3.112696336631e-10 
  486       3.114322899452e-10 
  487       3.115605182956e-10 
  488       3.116541156976e-10 
  489       3.117132892626e-10 
  490       3.117383567697e-10 
  491       3.117296457787e-10 
  492       3.116874936866e-10 
  493       3.116122477845e-10 
  494       3.115042653143e-10 
  495       3.113639135253e-10 
  496       3.111915697315e-10 
  497       3.109876213676e-10 
  498       3.107524660464e-10 
  499       3.104865116152e-10 
  500       3.101901762130e-10 
  501       3.098638883267e-10 
  502       3.095080868480e-10 
  503       3.091232211308e-10 
  504       3.087097510469e-10 
  505       3.082681470438e-10 
  506       3.077988902008e-10 
  507       3.073024722859e-10 
  508       3.067793958128e-10 
  509       3.062301740975e-10 
  510       3.056553313148e-10 
  511       3.050554025557e-10 
  512       3.044309338836e-10 
  513       3.037824823914e-10 
  514       3.031106162579e-10 
  515       3.024159148051e-10 
  516       3.016989685545e-10 
  517       3.009603792841e-10 
  518       3.002007600850e-10 
  519       2.994207354183e-10 
  520       2.986209411721e-10 
  521       2.978020247177e-10 
  522       2.969646449667e-10 
  523       2.961094724279e-10 
  524       2.952371892637e-10 
  525       2.943484893473e-10 
  526       2.934440783191e-10 
  527       2.925246494340e-10 
  528       2.915908102545e-10 
  529       2.906431540452e-10 
  530       2.896822838453e-10 
  531       2.887088125152e-10 
  532       2.877233627826e-10 
  533       2.867265672890e-10 
  534       2.857190686359e-10 
  535       2.847015194312e-10 
  536       2.836745823355e-10 
  537       2.826389301083e-10 
  538       2.815952456547e-10 
  539       2.805442220713e-10 
  540       2.794865626927e-10 
  541       2.784229811379e-10 
  542       2.773542013565e-10 
  543       2.762809576751e-10 
  544       2.752039948437e-10 
  545       2.741240680818e-10 
  546       2.730419431249e-10 
  547       2.719583962708e-10 
  548       2.708742144260e-10 
  549       2.697901951518e-10 
  550       2.687071467107e-10 
  551       2.676258881131e-10 
  552       2.665472491631e-10 
  553       2.654720705049e-10 
  554       2.644012036697e-10 
  555       2.633355111211e-10 
  556       2.622758663023e-10 
  557       2.612231536819e-10 
  558       2.601782688004e-10 
  559       2.591421183164e-10 
  560       2.581156200532e-10 
  561       2.570997030448e-10 
  562       2.560953075825e-10 
  563       2.551033852610e-10 
  564       2.541248990250e-10 
  565       2.531608232151e-10 
  566       2.522120357717e-10 
  567       2.512789917037e-10 
  568       2.503620413106e-10 
  569       2.494615372712e-10 
  570       2.485778346496e-10 
  571       2.477112909012e-10 
  572       2.468622658788e-10 
  573       2.460311218385e-10 
  574       2.452182234457e-10 
  575       2.444239377811e-10 
  576       2.436486343468e-10 
  577       2.428926850721e-10 
  578       2.421564643199e-10 
  579       2.414403488921e-10 
  580       2.407447180362e-10 
  581       2.400699534508e-10 
  582       2.394164392921e-10 
  583       2.387845621795e-10 
  584       2.381747112016e-10 
  585       2.375872779226e-10 
  586       2.370226563878e-10 
  587       2.364812431301e-10 
  588       2.359634371756e-10 
  589       2.354696400496e-10 
  590       2.350002557830e-10 
  591       2.345556909180e-10 
  592       2.341363545140e-10 
  593       2.337426581539e-10 
  594       2.333750159498e-10 
  595       2.330338445494e-10 
  596       2.327195631415e-10 
  597       2.324325934623e-10 
  598       2.321733598015e-10 
  599       2.319422890081e-10 
  600       2.317398104964e-10 
  601       2.315663562520e-10 
  602       2.314223608381e-10 
  603       2.313082614010e-10 
  604       2.312244976765e-10 
  605       2.311714103123e-10 
  606       2.311489331344e-10 
  607       2.311568934829e-10 
  608       2.311951131968e-10 
  609       2.312634085873e-10 
  610       2.313615904105e-10 
  611       2.314894638399e-10 
  612       2.316468284392e-10 
  613       2.318334781350e-10 
  614       2.320492011895e-10 
  615       2.322937801734e-10 
  616       2.325669919385e-10 
  617       2.328686075901e-10 
  618       2.331983924605e-10 
  619       2.335561060808e-10 
  620       2.339415021543e-10 
  621       2.343543285291e-10 
  622       2.347943271703e-10 
  623       2.352612341335e-10 
  624       2.357547795370e-10 
  625       2.362746875346e-10 
  626       2.368206762885e-10 
  627       2.373924579419e-10 
  628       2.379897385917e-10 
  629       2.386122182611e-10 
  630       2.392595908726e-10 
  631       2.399315442206e-10 
  632       2.406277599440e-10 
  633       2.413479134992e-10 
  634       2.420916741325e-10 
  635       2.428587048528e-10 
  636       2.436486624049e-10 
  637       2.444611972413e-10 
  638       2.452959534959e-10 
  639       2.461525689560e-10 
  640       2.470306750351e-10 
  641       2.479298967461e-10 
  642       2.488498526735e-10 
  643       2.497901549464e-10 
  644       2.507503863967e-10 
  645       2.517300315223e-10 
  646       2.527285439076e-10 
  647       2.537453688628e-10 
  648       2.547799433900e-10 
  649       2.558316961492e-10 
  650       2.569000474245e-10 
  651       2.579844090902e-10 
  652       2.590841845772e-10 
  653       2.601987688386e-10 
  654       2.613275483162e-10 
  655       2.624699009068e-10 
  656       2.636251959277e-10 
  657       2.647927940835e-10 
  658       2.659720474317e-10 
  659       2.671622993494e-10 
  660       2.683628844988e-10 
  661       2.695731287938e-10 
  662       2.707923493658e-10 
  663       2.720198545300e-10 
  664       2.732549437518e-10 
  665       2.744969076122e-10 
  666       2.757450277747e-10 
  667       2.769985769510e-10 
  668       2.782568188673e-10 
  669       2.795190082300e-10 
  670       2.807843906928e-10 
  671       2.820522028216e-10 
  672       2.833216720617e-10 
  673       2.845920167032e-10 
  674       2.858624458475e-10 
  675       2.871321593733e-10 
  676       2.884003479029e-10 
  677       2.896661927680e-10 
  678       2.909288659761e-10 
  679       2.921875301765e-10 
  680       2.934413386265e-10 
  681       2.946894351575e-10 
  682       2.959309541412e-10 
  683       2.971650863238e-10 
  684       2.983912779401e-10 
  685       2.996090357825e-10 
  686       3.008178617011e-10 
  687       3.020172525866e-10 
  688       3.032067003533e-10 
  689       3.043856919221e-10 
  690       3.055537092038e-10 
  691       3.067102290817e-10 
  692       3.078547233952e-10 
  693       3.089866589224e-10 
  694       3.101054973634e-10 
  695       3.112106953232e-10 
  696       3.123017042949e-10 
  697       3.133779706426e-10 
  698       3.144389355845e-10 
  699       3.154840351761e-10 
  700       3.165127002929e-10 
  701       3.175243566138e-10 
  702       3.185184246039e-10 
  703       3.194943194978e-10 
  704       3.204514512823e-10 
  705       3.213892246798e-10 
  706       3.223070391311e-10 
  707       3.232042887787e-10 
  708       3.240803624495e-10 
  709       3.249346436382e-10 
  710       3.257665104900e-10 
  711       3.265753357841e-10 
  712       3.273604869162e-10 
  713       3.281213258820e-10 
  714       3.288572092601e-10 
  715       3.295674881949e-10 
  716       3.302515083799e-10 
  717       3.309086100405e-10 
  718       3.315381279174e-10 
  719       3.321393912491e-10 
  720       3.327117237555e-10 
  721       3.332544436207e-10 
  722       3.337669646273e-10 
  723       3.342491018351e-10 
  724       3.347007720436e-10 
  725       3.351218932056e-10 
  726       3.355123844344e-10 
  727       3.358721660092e-10 
  728       3.362011593820e-10 
  729       3.364992871838e-10 
  730       3.367664732305e-10 
  731       3.370026425298e-10 
  732       3.372077212871e-10 
  733       3.373816369119e-10 
  734       3.375243180242e-10 
  735       3.376356944605e-10 
  736       3.377156972807e-10 
  737       3.377642587736e-10 
  738       3.377813124639e-10 
  739       3.377667931180e-10 
  740       3.377206367508e-10 
  741       3.376427806314e-10 
  742       3.375331632900e-10 
  743       3.373917245237e-10 
  744       3.372184054032e-10 
  745       3.370131482789e-10 
  746       3.367758967871e-10 
  747       3.365065958565e-10 
  748       3.362051917144e-10 
  749       3.358716318932e-10 
  750       3.355058652363e-10 
  751       3.351078419046e-10 
  752       3.346775133832e-10 
  753       3.342148324869e-10 
  754       3.337197533671e-10 
  755       3.331922315181e-10 
  756       3.326322237830e-10 
  757       3.320396883603e-10 
  758       3.314145848101e-10 
  759       3.307568740607e-10 
  760       3.300665184142e-10 
  761       3.293435466955e-10 
  762       3.285882510528e-10 
  763       3.278009939421e-10 
  764       3.269821433462e-10 
  765       3.261320727951e-10 
  766       3.252511613852e-10 
  767       3.243397937996e-10 
  768       3.233983603276e-10 
  769       3.224272568845e-10 
  770       3.214268850315e-10 
  771       3.203976519952e-10 
  772       3.193399706878e-10 
  773       3.182542597265e-10 
  774       3.171409434536e-10 
  775       3.160004519560e-10 
  776       3.148332210851e-10 
  777       3.136396924767e-10 
  778       3.124203135706e-10 
  779       3.111755376304e-10 
  780       3.099058237634e-10 
  781       3.086116369403e-10 
  782       3.072934480150e-10 
  783       3.059517337443e-10 
  784       3.045869768078e-10 
  785       3.031996658276e-10 
  786       3.017902953884e-10 
  787       3.003593660565e-10 
  788       2.989073844005e-10 
  789       2.974348630105e-10 
  790       2.959423205180e-10 
  791       2.944302816157e-10 
  792       2.928992770776e-10 
  793       2.913498437782e-10 
  794       2.897825247125e-10 
  795       2.881978690161e-10 
  796       2.865964319847e-10 
  797       2.849787750937e-10 
  798       2.833454660184e-10 
  799       2.816970786534e-10 
  800       2.800341828565e-10 
  801       2.783573134332e-10 
  802       2.766670006254e-10 
  803       2.749637803546e-10 
  804       2.732481942393e-10 
  805       2.715207896129e-10 
  806       2.697821195419e-10 
  807       2.680327428435e-10 
  808       2.662732241036e-10 
  809       2.645041336943e-10 
  810       2.627260477923e-10 
  811       2.609395483963e-10 
  812       2.591452233452e-10 
  813       2.573436663357e-10 
  814       2.555354769401e-10 
  815       2.537212606246e-10 
  816       2.519016287667e-10 
  817       2.500771986732e-10 
  818       2.482485935982e-10 
  819       2.464164427607e-10 
  820       2.445813813627e-10 
  821       2.427440506069e-10 
  822       2.409050977145e-10 
  823       2.390651759434e-10 
  824       2.372249446056e-10 
  825       2.353850690854e-10 
  826       2.335462208572e-10 
  827       2.317090775030e-10 
  828       2.298743227309e-10 
  829       2.280426463923e-10 
  830       2.262147445004e-10 
  831       2.243913192473e-10 
  832       2.225730790227e-10 
  833       2.207607384310e-10 
  834       2.189550183097e-10 
  835       2.171566457469e-10 
  836       2.153663540994e-10 
  837       2.135848830105e-10 
  838       2.118129784276e-10 
  839       2.100513219801e-10 
  840       2.083003177289e-10 
  841       2.065603017422e-10 
  842       2.048316124058e-10 
  843       2.031145904289e-10 
  844       2.014095788496e-10 
  845       1.997169230414e-10 
  846       1.980369707182e-10 
  847       1.963700719408e-10 
  848       1.947165791224e-10 
  849       1.930768470345e-10 
  850       1.914512328128e-10 
  851       1.898400959629e-10 
  852       1.882437983662e-10 
  853       1.866627042857e-10 
  854       1.850971803718e-10 
  855       1.835475956684e-10 
  856       1.820143216183e-10 
  857       1.804977320692e-10 
  858       1.789982032798e-10 
  859       1.775161139251e-10 
  860       1.760518451028e-10 
  861       1.746057803387e-10 
  862       1.731783055926e-10 
  863       1.717698092644e-10 
  864       1.703806821997e-10 
  865       1.690113176956e-10 
  866       1.676621115065e-10 
  867       1.663334618503e-10 
  868       1.650257694137e-10 
  869       1.637394373584e-10 
  870       1.624748713269e-10 
  871       1.612324794479e-10 
  872       1.600126723429e-10 
  873       1.588158631313e-10 
  874       1.576424674367e-10 
  875       1.564929033925e-10 
  876       1.553675916477e-10 
  877       1.542669553729e-10 
  878       1.531913421140e-10 
  879       1.521407879177e-10 
  880       1.511152492957e-10 
  881       1.501146810150e-10 
  882       1.491390360915e-10 
  883       1.481882657836e-10 
  884       1.472623195863e-10 
  885       1.463611452243e-10 
  886       1.454846886461e-10 
  887       1.446328940175e-10 
  888       1.438057037153e-10 
  889       1.430030583209e-10 
  890       1.422248966143e-10 
  891       1.414711555674e-10 
  892       1.407417703377e-10 
  893       1.400366742622e-10 
  894       1.393557988511e-10 
  895       1.386990737812e-10 
  896       1.380664268897e-10 
  897       1.374577841680e-10 
  898       1.368730697552e-10 
  899       1.363122059320e-10 
  900       1.357751131140e-10 
  901       1.352617098459e-10 
  902       1.347719127946e-10 
  903       1.343056367435e-10 
  904       1.338627945854e-10 
  905       1.334432973171e-10 
  906       1.330470540322e-10 
  907       1.326739719155e-10 
  908       1.323239562361e-10 
  909       1.319969103414e-10 
  910       1.316927356509e-10 
  911       1.314113316495e-10 
  912       1.311525958812e-10 
  913       1.309164239433e-10 
  914       1.307027094795e-10 
  915       1.305113441739e-10 
  916       1.303422177444e-10 
  917       1.301951826471e-10 
  918       1.300699475855e-10 
  919       1.299661822929e-10 
  920       1.298835526569e-10 
  921       1.298217207083e-10 
  922       1.297803446097e-10 
  923       1.297590786438e-10 
  924       1.297575732025e-10 
  925       1.297754747754e-10 
  926       1.298124259381e-10 
  927       1.298680653416e-10 
  928       1.299420277001e-10 
  929       1.300339437801e-10 
  930       1.301434403893e-10 
  931       1.302701403645e-10 
  932       1.304136625609e-10 
  933       1.305736218405e-10 
  934       1.307496290609e-10 
  935       1.309412910635e-10 
  936       1.311482106628e-10 
  937       1.313699866345e-10 
  938       1.316062137044e-10 
  939       1.318564825371e-10 
  940       1.321203797244e-10 
  941       1.323974877743e-10 
  942       1.326873850993e-10 
  943       1.329896460051e-10 
  944       1.333038406795e-10 
  945       1.336295351810e-10 
  946       1.339662914269e-10 
  947       1.343136671829e-10 
  948       1.346712160508e-10 
  949       1.350384874578e-10 
  950       1.354150266449e-10 
  951       1.358003746556e-10 
  952       1.361940683242e-10 
  953       1.365956402653e-10 
  954       1.370046188614e-10 
  955       1.374205282523e-10 
  956       1.378429115320e-10 
  957       1.382714007517e-10 
  958       1.387056479635e-10 
  959       1.391453021009e-10 
  960       1.395900089700e-10 
  961       1.400394112418e-10 
  962       1.404931484433e-10 
  963       1.409508569495e-10 
  964       1.414121699752e-10 
  965       1.418767175662e-10 
  966       1.423441265917e-10 
  967       1.428140207354e-10 
  968       1.432860204873e-10 
  969       1.437597431358e-10 
  970       1.442348027587e-10 
  971       1.447108102157e-10 
  972       1.451873731392e-10 
  973       1.456640959269e-10 
  974       1.461405797328e-10 
  975       1.466164224591e-10 
  976       1.470912187480e-10 
  977       1.475645599733e-10 
  978       1.480360342323e-10 
  979       1.485052263369e-10 
  980       1.489717178061e-10 
  981       1.494350868570e-10 
  982       1.498949083969e-10 
  983       1.503507540148e-10 
  984       1.508021919732e-10 
  985       1.512487871998e-10 
  986       1.516901012789e-10 
  987       1.521256924436e-10 
  988       1.525551155671e-10 
  989       1.529779221544e-10 
  990       1.533936603344e-10 
  991       1.538018748510e-10 
  992       1.542021070551e-10 
  993       1.545938948964e-10 
  994       1.549767729149e-10 
  995       1.553503291945e-10 
  996       1.557143771559e-10 
  997       1.560687862692e-10 
  998       1.564134253191e-10 
  999       1.567481624035e-10 
 1000       1.570728649323e-10 
 1001       1.573873996258e-10 
 1002       1.576916325133e-10 
 1003       1.579854289319e-10 
 1004       1.582686535245e-10 
 1005       1.585411702394e-10 
 1006       1.588028423277e-10 
 1007       1.590535323429e-10 
 1008       1.592931021389e-10 
 1009       1.595214128687e-10 
 1010       1.597383249832e-10 
 1011       1.599436982295e-10 
 1012       1.601373916496e-10 
 1013       1.603192635792e-10 
 1014       1.604891716458e-10 
 1015       1.606469727679e-10 
 1016       1.607925231531e-10 
 1017       1.609256782968e-10 
 1018       1.610462929810e-10 
 1019       1.611542212726e-10 
 1020       1.612493165223e-10 
 1021       1.613314313627e-10 
 1022       1.614004177077e-10 
 1023       1.614561267500e-10 
 1024       1.614984089607e-10 
 1025       1.615271140874e-10 
 1026       1.615420911527e-10 
 1027       1.615431884530e-10 
 1028       1.615302535570e-10 
 1029       1.615031333046e-10 
 1030       1.614616738048e-10 
 1031       1.614057204349e-10 
 1032       1.613351178389e-10 
 1033       1.612497099259e-10 
 1034       1.611493883842e-10 
 1035       1.610342389750e-10 
 1036       1.609043973027e-10 
 1037       1.607600004911e-10 
 1038       1.606011871873e-10 
 1039       1.604280975658e-10 
 1040       1.602408733328e-10 
 1041       1.600396577299e-10 
 1042       1.598245955380e-10 
 1043       1.595958330819e-10 
 1044       1.593535182337e-10 
 1045       1.590978004174e-10 
 1046       1.588288306123e-10 
 1047       1.585467613577e-10 
 1048       1.582517467563e-10 
 1049       1.579439424788e-10 
 1050       1.576235057674e-10 
 1051       1.572905954402e-10 
 1052       1.569453718952e-10 
 1053       1.565879971140e-10 
 1054       1.562186346663e-10 
 1055       1.558374497135e-10 
 1056       1.554446090131e-10 
 1057       1.550402809224e-10 
 1058       1.546246354028e-10 
 1059       1.541978440236e-10 
 1060       1.537600799662e-10 
 1061       1.533115180280e-10 
 1062       1.528523346265e-10 
 1063       1.523827078033e-10 
 1064       1.519028172284e-10 
 1065       1.514128442035e-10 
 1066       1.509129716668e-10 
 1067       1.504033841968e-10 
 1068       1.498842680161e-10 
 1069       1.493558109956e-10 
 1070       1.488182026585e-10 
 1071       1.482716341844e-10 
 1072       1.477162984133e-10 
 1073       1.471524002923e-10 
 1074       1.465801883635e-10 
 1075       1.459999237131e-10 
 1076       1.454118695723e-10 
 1077       1.448162913227e-10 
 1078       1.442134565011e-10 
 1079       1.436036348050e-10 
 1080       1.429870980973e-10 
 1081       1.423641204120e-10 
 1082       1.417349779584e-10 
 1083       1.410999491273e-10 
 1084       1.404593144953e-10 
 1085       1.398133568302e-10 
 1086       1.391623610961e-10 
 1087       1.385066144586e-10 
 1088       1.378464062899e-10 
 1089       1.371820281736e-10 
 1090       1.365137739104e-10 
 1091       1.358419395226e-10 
 1092       1.351668232597e-10 
 1093       1.344887256032e-10 
 1094       1.338079492719e-10 
 1095       1.331247992268e-10 
 1096       1.324395826767e-10 
 1097       1.317526090826e-10 
 1098       1.310641901634e-10 
 1099       1.303746399008e-10 
 1100       1.296842745443e-10 
 1101       1.289934126167e-10 
 1102       1.283023749186e-10 
 1103       1.276114845341e-10 
 1104       1.269210668358e-10 
 1105       1.262314494895e-10 
 1106       1.255429624598e-10 
 1107       1.248559380150e-10 
 1108       1.241707107323e-10 
 1109       1.234876175028e-10 
 1110       1.228069975366e-10 
 1111       1.221291923683e-10 
 1112       1.214545184979e-10 
 1113       1.207831849119e-10 
 1114       1.201153744889e-10 
 1115       1.194512712674e-10 
 1116       1.187910604478e-10 
 1117       1.181349283956e-10 
 1118       1.174830626431e-10 
 1119       1.168356518926e-10 
 1120       1.161928860182e-10 
 1121       1.155549560687e-10 
 1122       1.149220542698e-10 
 1123       1.142943740269e-10 
 1124       1.136721099271e-10 
 1125       1.130554577421e-10 
 1126       1.124446144303e-10 
 1127       1.118397781396e-10 
 1128       1.112411482095e-10 
 1129       1.106489251739e-10 
 1130       1.100633107634e-10 
 1131       1.094845079078e-10 
 1132       1.089127207385e-10 
 1133       1.083481545909e-10 
 1134       1.077910160071e-10 
 1135       1.072415127383e-10 
 1136       1.066998537470e-10 
 1137       1.061662492098e-10 
 1138       1.056409105196e-10 
 1139       1.051240502883e-10 
 1140       1.046158823491e-10 
 1141       1.041166217590e-10 
 1142       1.036264848012e-10 
 1143       1.031456889878e-10 
 1144       1.026744530618e-10 
 1145       1.022129970002e-10 
 1146       1.017615420158e-10 
 1147       1.013203105602e-10 
 1148       1.008895263261e-10 
 1149       1.004694142493e-10 
 1150       1.000602005120e-10 
 1151       9.966207239967e-11 
 1152       9.927505731058e-11 
 1153       9.889914221516e-11 
 1154       9.853431366035e-11 
 1155       9.818055776851e-11 
 1156       9.783786023623e-11 
 1157       9.750620633316e-11 
 1158       9.718558090080e-11 
 1159       9.687596835140e-11 
 1160       9.657735266673e-11 
 1161       9.628971739696e-11 
 1162       9.601304565942e-11 
 1163       9.574732013750e-11 
 1164       9.549252307944e-11 
 1165       9.524863629717e-11 
 1166       9.501564116515e-11 
 1167       9.479351861915e-11 
 1168       9.458224915516e-11 
 1169       9.438181282816e-11 
 1170       9.419218925095e-11 
 1171       9.401335759300e-11 
 1172       9.384529657930e-11 
 1173       9.368798448913e-11 
 1174       9.354139915493e-11 
 1175       9.340551796113e-11 
 1176       9.328031784296e-11 
 1177       9.316577528529e-11 
 1178       9.306186632147e-11 
 1179       9.296856653214e-11 
 1180       9.288585104407e-11 
 1181       9.281369452897e-11 
 1182       9.275207120236e-11 
 1183       9.270095482236e-11 
 1184       9.266031868853e-11 
 1185       9.263013564073e-11 
 1186       9.261037805789e-11 
 1187       9.260101785688e-11 
 1188       9.260202649135e-11 
 1189       9.261337495051e-11 
 1190       9.263500997930e-11 
 1191       9.266678242131e-11 
 1192       9.270851799338e-11 
 1193       9.276004098128e-11 
 1194       9.282117423657e-11 
 1195       9.289173917337e-11 
 1196       9.297155576519e-11 
 1197       9.306044254177e-11 
 1198       9.315821658586e-11 
 1199       9.326469353007e-11 
 1200       9.337968755364e-11 
 1201       9.350301137930e-11 
 1202       9.363447627009e-11 
 1203       9.377389202611e-11 
 1204       9.392106698143e-11 
 1205       9.407580800082e-11 
 1206       9.423792047663e-11 
 1207       9.440720832556e-11 
 1208       9.458347398551e-11 
 1209       9.476651841238e-11 
 1210       9.495614107688e-11 
 1211       9.515213996135e-11 
 1212       9.535431155659e-11 
 1213       9.556245085866e-11 
 1214       9.577635136571e-11 
 1215       9.599580507477e-11 
 1216       9.622060247859e-11 
 1217       9.645053256246e-11 
 1218       9.668538280099e-11 
 1219       9.692493915498e-11 
 1220       9.716898606818e-11 
 1221       9.741730646416e-11 
 1222       9.766968174306e-11 
 1223       9.792589177849e-11 
 1224       9.818571491425e-11 
 1225       9.844892796125e-11 
 1226       9.871530619423e-11 
 1227       9.898462334864e-11 
 1228       9.925665161742e-11 
 1229       9.953116769669e-11 
 1230       9.980797100787e-11 
 1231       1.000868656860e-10 
 1232       1.003676545477e-10 
 1233       1.006501390887e-10 
 1234       1.009341194809e-10 
 1235       1.012193945699e-10 
 1236       1.015057618720e-10 
 1237       1.017930175718e-10 
 1238       1.020809565193e-10 
 1239       1.023693722272e-10 
 1240       1.026580568685e-10 
 1241       1.029468012732e-10 
 1242       1.032353949262e-10 
 1243       1.035236259643e-10 
 1244       1.038112811734e-10 
 1245       1.040981459861e-10 
 1246       1.043840044788e-10 
 1247       1.046686393689e-10 
 1248       1.049518320123e-10 
 1249       1.052333624007e-10 
 1250       1.055130091587e-10 
 1251       1.057905495413e-10 
 1252       1.060657594310e-10 
 1253       1.063384133352e-10 
 1254       1.066082843838e-10 
 1255       1.068751443257e-10 
 1256       1.071387635270e-10 
 1257       1.073989109677e-10 
 1258       1.076553542391e-10 
 1259       1.079078595414e-10 
 1260       1.081561916807e-10 
 1261       1.084001140663e-10 
 1262       1.086393887081e-10 
 1263       1.088737762139e-10 
 1264       1.091030357865e-10 
 1265       1.093269252215e-10 
 1266       1.095452009039e-10 
 1267       1.097576178058e-10 
 1268       1.099639568872e-10 
 1269       1.101641076483e-10 
 1270       1.103579865235e-10 
 1271       1.105455095636e-10 
 1272       1.107265924351e-10 
 1273       1.109011504198e-10 
 1274       1.110690984138e-10 
 1275       1.112303509270e-10 
 1276       1.113848220826e-10 
 1277       1.115324256162e-10 
 1278       1.116730748750e-10 
 1279       1.118066828178e-10 
 1280       1.119331620134e-10 
 1281       1.120524246409e-10 
 1282       1.121643824883e-10 
 1283       1.122689469521e-10 
 1284       1.123660290368e-10 
 1285       1.124555393541e-10 
 1286       1.125373881221e-10 
 1287       1.126114851649e-10 
 1288       1.126777399117e-10 
 1289       1.127360613964e-10 
 1290       1.127863582566e-10 
 1291       1.128285387335e-10 
 1292       1.128625106703e-10 
 1293       1.128881815127e-10 
 1294       1.129054583073e-10 
 1295       1.129142477015e-10 
 1296       1.129144559423e-10 
 1297       1.129059888764e-10 
 1298       1.128887519488e-10 
 1299       1.128626502027e-10 
 1300       1.128275882783e-10 
 1301       1.127834704127e-10 
 1302       1.127302004388e-10 
 1303       1.126676817850e-10 
 1304       1.125958174741e-10 
 1305       1.125145101230e-10 
 1306       1.124236619421e-10 
 1307       1.123232024261e-10 
 1308       1.122131717692e-10 
 1309       1.120936383815e-10 
 1310       1.119646712840e-10 
 1311       1.118263401090e-10 
 1312       1.116787151021e-10 
 1313       1.115218671230e-10 
 1314       1.113558676469e-10 
 1315       1.111807887659e-10 
 1316       1.109967031902e-10 
 1317       1.108036842494e-10 
 1318       1.106018058938e-10 
 1319       1.103911426956e-10 
 1320       1.101717698503e-10 
 1321       1.099437631778e-10 
 1322       1.097071991240e-10 
 1323       1.094621547618e-10 
 1324       1.092087077924e-10 
 1325       1.089469365469e-10 
 1326       1.086769199871e-10 
 1327       1.083987377071e-10 
 1328       1.081124699346e-10 
 1329       1.078181975319e-10 
 1330       1.075160019976e-10 
 1331       1.072059654676e-10 
 1332       1.068881707164e-10 
 1333       1.065627011583e-10 
 1334       1.062296408492e-10 
 1335       1.058890744871e-10 
 1336       1.055410874139e-10 
 1337       1.051857656168e-10 
 1338       1.048231957289e-10 
 1339       1.044534650313e-10 
 1340       1.040766614540e-10 
 1341       1.036928735769e-10 
 1342       1.033021906316e-10 
 1343       1.029047025026e-10 
 1344       1.025004997281e-10 
 1345       1.020896735019e-10 
 1346       1.016723257914e-10 
 1347       1.012485998105e-10 
 1348       1.008186498803e-10 
 1349       1.003826313442e-10 
 1350       9.994070056962e-11 
 1351       9.949301495017e-11 
 1352       9.903973290747e-11 
 1353       9.858101389317e-11 
 1354       9.811701839085e-11 
 1355       9.764790791802e-11 
 1356       9.717384502804e-11 
 1357       9.669499331209e-11 
 1358       9.621151740112e-11 
 1359       9.572358296780e-11 
 1360       9.523135672848e-11 
 1361       9.473500644513e-11 
 1362       9.423470092730e-11 
 1363       9.373061003410e-11 
 1364       9.322290467610e-11 
 1365       9.271175681731e-11 
 1366       9.219733947716e-11 
 1367       9.167982673240e-11 
 1368       9.115939371910e-11 
 1369       9.063621663457e-11 
 1370       9.011047273934e-11 
 1371       8.958234035908e-11 
 1372       8.905199888660e-11 
 1373       8.851962878375e-11 
 1374       8.798541158341e-11 
 1375       8.744952989143e-11 
 1376       8.691216738860e-11 
 1377       8.637350883257e-11 
 1378       8.583374005983e-11 
 1379       8.529304798765e-11 
 1380       8.475162061604e-11 
 1381       8.420964702971e-11 
 1382       8.366731740000e-11 
 1383       8.312482298686e-11 
 1384       8.258235614078e-11 
 1385       8.204009929825e-11 
 1386       8.149819183706e-11 
 1387       8.095676287494e-11 
 1388       8.041594224555e-11 
 1389       7.987586049977e-11 
 1390       7.933664890695e-11 
 1391       7.879843945619e-11 
 1392       7.826136485760e-11 
 1393       7.772555854356e-11 
 1394       7.719115466998e-11 
 1395       7.665828811757e-11 
 1396       7.612709449313e-11 
 1397       7.559771013078e-11 
 1398       7.507027209322e-11 
 1399       7.454491817304e-11 
 1400       7.402178689395e-11 
 1401       7.350101751204e-11 
 1402       7.298275001708e-11 
 1403       7.246712513375e-11 
 1404       7.195428432291e-11 
 1405       7.144436978290e-11 
 1406       7.093752445075e-11 
 1407       7.043389200349e-11 
 1408       6.993361685939e-11 
 1409       6.943684417924e-11 
 1410       6.894371986762e-11 
 1411       6.845439057413e-11 
 1412       6.796900369469e-11 
 1413       6.748770737280e-11 
 1414       6.701065050079e-11 
 1415       6.653798272110e-11 
 1416       6.606985442754e-11 
 1417       6.560641676654e-11 
 1418       6.514782163846e-11 
 1419       6.469422169880e-11 
 1420       6.424577035950e-11 
 1421       6.380262179018e-11 
 1422       6.336493091944e-11 
 1423       6.293285343609e-11 
 1424       6.250652427077e-11 
 1425       6.208599279635e-11 
 1426       6.167128696455e-11 
 1427       6.126243476522e-11 
 1428       6.085946422630e-11 
 1429       6.046240341384e-11 
 1430       6.007128043202e-11 
 1431       5.968612342308e-11 
 1432       5.930696056735e-11 
 1433       5.893382008325e-11 
 1434       5.856673022724e-11 
 1435       5.820571929387e-11 
 1436       5.785081561573e-11 
 1437       5.750204756346e-11 
 1438       5.715944354574e-11 
 1439       5.682303200928e-11 
 1440       5.649284143882e-11 
 1441       5.616890035709e-11 
 1442       5.585123732486e-11 
 1443       5.553988094089e-11 
 1444       5.523485984192e-11 
 1445       5.493620270271e-11 
 1446       5.464393823596e-11 
 1447       5.435809519237e-11 
 1448       5.407870236058e-11 
 1449       5.380578856721e-11 
 1450       5.353938267681e-11 
 1451       5.327951359188e-11 
 1452       5.302621025286e-11 
 1453       5.277950163809e-11 
 1454       5.253941676385e-11 
 1455       5.230598468434e-11 
 1456       5.207923449164e-11 
 1457       5.185919531574e-11 
 1458       5.164589632451e-11 
 1459       5.143936672371e-11 
 1460       5.123963575697e-11 
 1461       5.104673270579e-11 
 1462       5.086068688951e-11 
 1463       5.068151101880e-11 
 1464       5.050915107396e-11 
 1465       5.034353592549e-11 
 1466       5.018459393428e-11 
 1467       5.003225295063e-11 
 1468       4.988644031332e-11 
 1469       4.974708284866e-11 
 1470       4.961410686959e-11 
 1471       4.948743817468e-11 
 1472       4.936700204725e-11 
 1473       4.925272325436e-11 
 1474       4.914452604595e-11 
 1475       4.904233415384e-11 
 1476       4.894607079081e-11 
 1477       4.885565864967e-11 
 1478       4.877101990229e-11 
 1479       4.869207619871e-11 
 1480       4.861874866613e-11 
 1481       4.855095790804e-11 
 1482       4.848862400324e-11 
 1483       4.843166650490e-11 
 1484       4.838000443963e-11 
 1485       4.833355630656e-11 
 1486       4.829224007635e-11 
 1487       4.825597319029e-11 
 1488       4.822467255935e-11 
 1489       4.819825456323e-11 
 1490       4.817663504943e-11 
 1491       4.815972933232e-11 
 1492       4.814745219216e-11 
 1493       4.813971787422e-11 
 1494       4.813644008777e-11 
 1495       4.813753200522e-11 
 1496       4.814290626109e-11 
 1497       4.815247495115e-11 
 1498       4.816614963144e-11 
 1499       4.818384131732e-11 
 1500       4.820546048256e-11 
 1501       4.823091705838e-11 
 1502       4.826011817247e-11 
 1503       4.829296134378e-11 
 1504       4.832934121958e-11 
 1505       4.836915182846e-11 
 1506       4.841228657922e-11 
 1507       4.845863825988e-11 
 1508       4.850809903653e-11 
 1509       4.856056045238e-11 
 1510       4.861591342658e-11 
 1511       4.867404825326e-11 
 1512       4.873485460042e-11 
 1513       4.879822150887e-11 
 1514       4.886403739118e-11 
 1515       4.893219003063e-11 
 1516       4.900256658012e-11 
 1517       4.907505356115e-11 
 1518       4.914953686272e-11 
 1519       4.922590174028e-11 
 1520       4.930403281471e-11 
 1521       4.938381407119e-11 
 1522       4.946512885819e-11 
 1523       4.954785988640e-11 
 1524       4.963188922767e-11 
 1525       4.971709831393e-11 
 1526       4.980336793615e-11 
 1527       4.989057824328e-11 
 1528       4.997860874118e-11 
 1529       5.006733829156e-11 
 1530       5.015664511095e-11 
 1531       5.024640676957e-11 
 1532       5.033650019034e-11 
 1533       5.042680164779e-11 
 1534       5.051718676701e-11 
 1535       5.060753052256e-11 
 1536       5.069770723744e-11 
 1537       5.078759058205e-11 
 1538       5.087705357305e-11 
 1539       5.096596857240e-11 
 1540       5.105420728622e-11 
 1541       5.114165148844e-11 
 1542       5.122822530507e-11 
 1543       5.131386323430e-11 
 1544       5.139849944904e-11 
 1545       5.148206779648e-11 
 1546       5.156450179753e-11 
 1547       5.164573464630e-11 
 1548       5.172569920960e-11 
 1549       5.180432802641e-11 
 1550       5.188155330738e-11 
 1551       5.195730693426e-11 
 1552       5.203152045945e-11 
 1553       5.210412510544e-11 
 1554       5.217505176428e-11 
 1555       5.224423099710e-11 
 1556       5.231159303358e-11 
 1557       5.237706777139e-11 
 1558       5.244058477574e-11 
 1559       5.250207327879e-11 
 1560       5.256146217921e-11 
 1561       5.261868004158e-11 
 1562       5.267365509593e-11 
 1563       5.272631523719e-11 
 1564       5.277658802469e-11 
 1565       5.282440068164e-11 
 1566       5.286968009458e-11 
 1567       5.291235281291e-11 
 1568       5.295234504833e-11 
 1569       5.298958267437e-11 
 1570       5.302399122579e-11 
 1571       5.305549589815e-11 
 1572       5.308402154724e-11 
 1573       5.310949268858e-11 
 1574       5.313183349689e-11 
 1575       5.315096780556e-11 
 1576       5.316681910619e-11 
 1577       5.317931054798e-11 
 1578       5.318836493729e-11 
 1579       5.319390473709e-11 
 1580       5.319586640428e-11 
 1581       5.319424354791e-11 
 1582       5.318904416950e-11 
 1583       5.318027636168e-11 
 1584       5.316794830831e-11 
 1585       5.315206828469e-11 
 1586       5.313264465768e-11 
 1587       5.310968588594e-11 
 1588       5.308320052004e-11 
 1589       5.305319720266e-11 
 1590       5.301968466873e-11 
 1591       5.298267174565e-11 
 1592       5.294216735341e-11 
 1593       5.289818050481e-11 
 1594       5.285072030557e-11 
 1595       5.279979595455e-11 
 1596       5.274541674390e-11 
 1597       5.268759205922e-11 
 1598       5.262633137976e-11 
 1599       5.256164427857e-11 
 1600       5.249354042266e-11 
 1601       5.242202957318e-11 
 1602       5.234712158562e-11 
 1603       5.226882640992e-11 
 1604       5.218715409070e-11 
 1605       5.210211476737e-11 
 1606       5.201371867438e-11 
 1607       5.192197614129e-11 
 1608       5.182689759302e-11 
 1609       5.172849355001e-11 
 1610       5.162677462834e-11 
 1611       5.152175153995e-11 
 1612       5.141343509278e-11 
 1613       5.130183619099e-11 
 1614       5.118696583504e-11 
 1615       5.106883512196e-11 
 1616       5.094745524544e-11 
 1617       5.082283749605e-11 
 1618       5.069499326140e-11 
 1619       5.056394215389e-11 
 1620       5.042973647403e-11 
 1621       5.029243696855e-11 
 1622       5.015210472335e-11 
 1623       5.000880116409e-11 
 1624       4.986258805672e-11 
 1625       4.971352750801e-11 
 1626       4.956168196609e-11 
 1627       4.940711422102e-11 
 1628       4.924988740530e-11 
 1629       4.909006499442e-11 
 1630       4.892771080743e-11 
 1631       4.876288900742e-11 
 1632       4.859566410214e-11 
 1633       4.842610094448e-11 
 1634       4.825426473304e-11 
 1635       4.808022101266e-11 
 1636       4.790403567498e-11 
 1637       4.772577495897e-11 
 1638       4.754550545145e-11 
 1639       4.736329408769e-11 
 1640       4.717920815187e-11 
 1641       4.699331527772e-11 
 1642       4.680568344897e-11 
 1643       4.661638099995e-11 
 1644       4.642547661610e-11 
 1645       4.623303933454e-11 
 1646       4.603913854460e-11 
 1647       4.584384398834e-11 
 1648       4.564722576113e-11 
 1649       4.544935431216e-11 
 1650       4.525030044501e-11 
 1651       4.505013531816e-11 
 1652       4.484893044556e-11 
 1653       4.464675769716e-11 
 1654       4.444368929945e-11 
 1655       4.423979783602e-11 
 1656       4.403515624805e-11 
 1657       4.382983783493e-11 
 1658       4.362391425794e-11 
 1659       4.341744953119e-11 
 1660       4.321050597875e-11 
 1661       4.300314622710e-11 
 1662       4.279543320559e-11 
 1663       4.258743014687e-11 
 1664       4.237920058738e-11 
 1665       4.217080836776e-11 
 1666       4.196231763335e-11 
 1667       4.175379283463e-11 
 1668       4.154529872765e-11 
 1669       4.133690037451e-11 
 1670       4.112866314383e-11 
 1671       4.092065271116e-11 
 1672       4.071293505947e-11 
 1673       4.050557647959e-11 
 1674       4.029864357068e-11 
 1675       4.009220324066e-11 
 1676       3.988632270668e-11 
 1677       3.968106949559e-11 
 1678       3.947651144435e-11 
 1679       3.927271670055e-11 
 1680       3.906975372278e-11 
 1681       3.886769128118e-11 
 1682       3.866659845783e-11 
 1683       3.846654464720e-11 
 1684       3.826759955666e-11 
 1685       3.806983320689e-11 
 1686       3.787331593235e-11 
 1687       3.767811838171e-11 
 1688       3.748431151835e-11 
 1689       3.729196662079e-11 
 1690       3.710115528315e-11 
 1691       3.691194941557e-11 
 1692       3.672442124473e-11 
 1693       3.653864331426e-11 
 1694       3.635468848521e-11 
 1695       3.617262993647e-11 
 1696       3.599254116530e-11 
 1697       3.581448721857e-11 
 1698       3.563849830310e-11 
 1699       3.546459594874e-11 
 1700       3.529280175693e-11 
 1701       3.512313740079e-11 
 1702       3.495562462522e-11 
 1703       3.479028524698e-11 
 1704       3.462714115480e-11 
 1705       3.446621430942e-11 
 1706       3.430752674376e-11 
 1707       3.415110056292e-11 
 1708       3.399695794433e-11 
 1709       3.384512113784e-11 
 1710       3.369561246577e-11 
 1711       3.354845432302e-11 
 1712       3.340366917718e-11 
 1713       3.326127956858e-11 
 1714       3.312130811042e-11 
 1715       3.298377748883e-11 
 1716       3.284871046296e-11 
 1717       3.271612986511e-11 
 1718       3.258605860075e-11 
 1719       3.245851964868e-11 
 1720       3.233353606108e-11 
 1721       3.221113096360e-11 
 1722       3.209132755546e-11 
 1723       3.197414910954e-11 
 1724       3.185961897248e-11 
 1725       3.174776056473e-11 
 1726       3.163859738068e-11 
 1727       3.153215298875e-11 
 1728       3.142845103143e-11 
 1729       3.132751522545e-11 
 1730       3.122936936179e-11 
 1731       3.113403730581e-11 
 1732       3.104154299734e-11 
 1733       3.095191045078e-11 
 1734       3.086516375513e-11 
 1735       3.078132707418e-11 
 1736       3.070041617252e-11 
 1737       3.062241291576e-11 
 1738       3.054729055559e-11 
 1739       3.047502218402e-11 
 1740       3.040558073313e-11 
 1741       3.033893897484e-11 
 1742       3.027506952061e-11 
 1743       3.021394482125e-11 
 1744       3.015553716663e-11 
 1745       3.009981868548e-11 
 1746       3.004676134509e-11 
 1747       2.999633695108e-11 
 1748       2.994851714717e-11 
 1749       2.990327341493e-11 
 1750       2.986057707350e-11 
 1751       2.982039927939e-11 
 1752       2.978271102617e-11 
 1753       2.974748314430e-11 
 1754       2.971468630083e-11 
 1755       2.968429099915e-11 
 1756       2.965626757877e-11 
 1757       2.963058621505e-11 
 1758       2.960721691899e-11 
 1759       2.958612953692e-11 
 1760       2.956729375030e-11 
 1761       2.955067907546e-11 
 1762       2.953625486335e-11 
 1763       2.952399029930e-11 
 1764       2.951385440275e-11 
 1765       2.950581602705e-11 
 1766       2.949984385914e-11 
 1767       2.949590641938e-11 
 1768       2.949397206124e-11 
 1769       2.949400897110e-11 
 1770       2.949598516796e-11 
 1771       2.949986850323e-11 
 1772       2.950562666045e-11 
 1773       2.951322715508e-11 
 1774       2.952263733421e-11 
 1775       2.953382168425e-11 
 1776       2.954673373009e-11 
 1777       2.956132406867e-11 
 1778       2.957754305464e-11 
 1779       2.959534080001e-11 
 1780       2.961466717382e-11 
 1781       2.963547180177e-11 
 1782       2.965770406586e-11 
 1783       2.968131310408e-11 
 1784       2.970624781003e-11 
 1785       2.973245683255e-11 
 1786       2.975988857544e-11 
 1787       2.978849119703e-11 
 1788       2.981821260988e-11 
 1789       2.984900048042e-11 
 1790       2.988080222857e-11 
 1791       2.991356502746e-11 
 1792       2.994723580298e-11 
 1793       2.998176123354e-11 
 1794       3.001708774962e-11 
 1795       3.005316153349e-11 
 1796       3.008992851884e-11 
 1797       3.012733439040e-11 
 1798       3.016532458363e-11 
 1799       3.020384428436e-11 
 1800       3.024283842843e-11 
 1801       3.028225170133e-11 
 1802       3.032202853789e-11 
 1803       3.036211312188e-11 
 1804       3.040244938570e-11 
 1805       3.044298101002e-11 
 1806       3.048365142340e-11 
 1807       3.052440380199e-11 
 1808       3.056518106913e-11 
 1809       3.060592589504e-11 
 1810       3.064658069646e-11 
 1811       3.068708763628e-11 
 1812       3.072738862321e-11 
 1813       3.076742531141e-11 
 1814       3.080714291324e-11 
 1815       3.084650167174e-11 
 1816       3.088546547997e-11 
 1817       3.092399807616e-11 
 1818       3.096206304347e-11 
 1819       3.099962380980e-11 
 1820       3.103664364758e-11 
 1821       3.107308567353e-11 
 1822       3.110891284849e-11 
 1823       3.114408797718e-11 
 1824       3.117857370799e-11 
 1825       3.121233253279e-11 
 1826       3.124532678670e-11 
 1827       3.127751864789e-11 
 1828       3.130887013734e-11 
 1829       3.133934311868e-11 
 1830       3.136889929794e-11 
 1831       3.139750022334e-11 
 1832       3.142510728511e-11 
 1833       3.145168171523e-11 
 1834       3.147718458728e-11 
 1835       3.150157681616e-11 
 1836       3.152481915794e-11 
 1837       3.154687220962e-11 
 1838       3.156769640891e-11 
 1839       3.158725203403e-11 
 1840       3.160549920353e-11 
 1841       3.162239787600e-11 
 1842       3.163790784995e-11 
 1843       3.165198876354e-11 
 1844       3.166460009438e-11 
 1845       3.167570115934e-11 
 1846       3.168525111430e-11 
 1847       3.169320895399e-11 
 1848       3.169953351173e-11 
 1849       3.170418345925e-11 
 1850       3.170711730647e-11 
 1851       3.170829340128e-11 
 1852       3.170766992934e-11 
 1853       3.170521162068e-11 
 1854       3.170090992784e-11 
 1855       3.169476300666e-11 
 1856       3.168676902397e-11 
 1857       3.167692615760e-11 
 1858       3.166523259641e-11 
 1859       3.165168654033e-11 
 1860       3.163628620033e-11 
 1861       3.161902979852e-11 
 1862       3.159991556811e-11 
 1863       3.157894175344e-11 
 1864       3.155610661006e-11 
 1865       3.153140840467e-11 
 1866       3.150484541522e-11 
 1867       3.147641593087e-11 
 1868       3.144611825206e-11 
 1869       3.141395069051e-11 
 1870       3.137991156923e-11 
 1871       3.134399922259e-11 
 1872       3.130621199630e-11 
 1873       3.126654824743e-11 
 1874       3.122500634449e-11 
 1875       3.118158466739e-11 
 1876       3.113628160747e-11 
 1877       3.108909556756e-11 
 1878       3.104002496200e-11 
 1879       3.098906821661e-11 
 1880       3.093622376877e-11 
 1881       3.088149006742e-11 
 1882       3.082486557308e-11 
 1883       3.076634875789e-11 
 1884       3.070593810562e-11 
 1885       3.064363211167e-11 
 1886       3.057942928316e-11 
 1887       3.051332813888e-11 
 1888       3.044532720936e-11 
 1889       3.037542503687e-11 
 1890       3.030362017545e-11 
 1891       3.022991119095e-11 
 1892       3.015430148921e-11 
 1893       3.007681384151e-11 
 1894       2.999747597153e-11 
 1895       2.991631573757e-11 
 1896       2.983336113272e-11 
 1897       2.974864028502e-11 
 1898       2.966218145769e-11 
 1899       2.957401304930e-11 
 1900       2.948416359392e-11 
 1901       2.939266176138e-11 
 1902       2.929953635736e-11 
 1903       2.920481632365e-11 
 1904       2.910853073832e-11 
 1905       2.901070881586e-11 
 1906       2.891137990744e-11 
 1907       2.881057350101e-11 
 1908       2.870831922156e-11 
 1909       2.860464683127e-11 
 1910       2.849958622969e-11 
 1911       2.839316745393e-11 
 1912       2.828542067886e-11 
 1913       2.817637621728e-11 
 1914       2.806606452011e-11 
 1915       2.795451617656e-11 
 1916       2.784176191435e-11 
 1917       2.772783259986e-11 
 1918       2.761275923833e-11 
 1919       2.749657297403e-11 
 1920       2.737930509049e-11 
 1921       2.726098701062e-11 
 1922       2.714165029696e-11 
 1923       2.702132665179e-11 
 1924       2.690004791740e-11 
 1925       2.677784607622e-11 
 1926       2.665475325100e-11 
 1927       2.653080170503e-11 
 1928       2.640602384230e-11 
 1929       2.628045220771e-11 
 1930       2.615411948721e-11 
 1931       2.602705876597e-11 
 1932       2.589930430453e-11 
 1933       2.577089076887e-11 
 1934       2.564185297323e-11 
 1935       2.551222588026e-11 
 1936       2.538204460126e-11 
 1937       2.525134439635e-11 
 1938       2.512016067464e-11 
 1939       2.498852899446e-11 
 1940       2.485648506356e-11 
 1941       2.472406473925e-11 
 1942       2.459130402864e-11 
 1943       2.445823908884e-11 
 1944       2.432490622710e-11 
 1945       2.419134190105e-11 
 1946       2.405758271889e-11 
 1947       2.392366543955e-11 
 1948       2.378962697294e-11 
 1949       2.365550438007e-11 
 1950       2.352133487331e-11 
 1951       2.338715581655e-11 
 1952       2.325300472539e-11 
 1953       2.311891926735e-11 
 1954       2.298493726205e-11 
 1955       2.285109668142e-11 
 1956       2.271743564987e-11 
 1957       2.258399244450e-11 
 1958       2.245080549529e-11 
 1959       2.231791338529e-11 
 1960       2.218535485081e-11 
 1961       2.205316878163e-11 
 1962       2.192139422116e-11 
 1963       2.179007036669e-11 
 1964       2.165923656951e-11 
 1965       2.152893233516e-11 
 1966       2.139919732360e-11 
 1967       2.127007134942e-11 
 1968       2.114159438200e-11 
 1969       2.101380654573e-11 
 1970       2.088674453030e-11 
 1971       2.076043079197e-11 
 1972       2.063488427243e-11 
 1973       2.051012398153e-11 
 1974       2.038616899736e-11 
 1975       2.026303846631e-11 
 1976       2.014075160319e-11 
 1977       2.001932769127e-11 
 1978       1.989878608240e-11 
 1979       1.977914619706e-11 
 1980       1.966042752448e-11 
 1981       1.954264962267e-11 
 1982       1.942583211855e-11 
 1983       1.930999470802e-11 
 1984       1.919515715603e-11 
 1985       1.908133929667e-11 
 1986       1.896856103324e-11 
 1987       1.885684233836e-11 
 1988       1.874620325404e-11 
 1989       1.863666389173e-11 
 1990       1.852824443246e-11 
 1991       1.842096512687e-11 
 1992       1.831484629535e-11 
 1993       1.820990832805e-11 
 1994       1.810617168501e-11 
 1995       1.800365689625e-11 
 1996       1.790238456181e-11 
 1997       1.780237535187e-11 
 1998       1.770365000683e-11 
 1999       1.760622933734e-11 
 2000       1.751013422448e-11 
 2001       1.741538561974e-11 
 2002       1.732200454518e-11 
 2003       1.723001209345e-11 
 2004       1.713942942792e-11 
 2005       1.705027778276e-11 
 2006       1.696257846298e-11 
 2007       1.687635284454e-11 
 2008       1.679162237447e-11 
 2009       1.670840410887e-11 
 2010       1.662669729162e-11 
 2011       1.654649667806e-11 
 2012       1.646779698813e-11 
 2013       1.639059290628e-11 
 2014       1.631487908142e-11 
 2015       1.624065012688e-11 
 2016       1.616790062035e-11 
 2017       1.609662510385e-11 
 2018       1.602681808367e-11 
 2019       1.595847403028e-11 
 2020       1.589158737835e-11 
 2021       1.582615252666e-11 
 2022       1.576216383804e-11 
 2023       1.569961563934e-11 
 2024       1.563850222138e-11 
 2025       1.557881783889e-11 
 2026       1.552055671046e-11 
 2027       1.546371301850e-11 
 2028       1.540828090918e-11 
 2029       1.535425449238e-11 
 2030       1.530162784163e-11 
 2031       1.525039499410e-11 
 2032       1.520054995050e-11 
 2033       1.515208667506e-11 
 2034       1.510499909546e-11 
 2035       1.505928110281e-11 
 2036       1.501492655155e-11 
 2037       1.497192925947e-11 
 2038       1.493028300759e-11 
 2039       1.488998154014e-11 
 2040       1.485101856452e-11 
 2041       1.481338775124e-11 
 2042       1.477708273386e-11 
 2043       1.474209710895e-11 
 2044       1.470842443603e-11 
 2045       1.467605823756e-11 
 2046       1.464499199882e-11 
 2047       1.461521916790e-11 
 2048       1.458673077232e-11 
 2049       1.455950825021e-11 
 2050       1.453353056778e-11 
 2051       1.450877659789e-11 
 2052       1.448522511993e-11 
 2053       1.446285481969e-11 
 2054       1.444164428929e-11 
 2055       1.442157202699e-11 
 2056       1.440261643712e-11 
 2057       1.438475582996e-11 
 2058       1.436796842159e-11 
 2059       1.435223233381e-11 
 2060       1.433752559400e-11 
 2061       1.432382613501e-11 
 2062       1.431111179502e-11 
 2063       1.429936031745e-11 
 2064       1.428854935084e-11 
 2065       1.427865644871e-11 
 2066       1.426965906945e-11 
 2067       1.426153457621e-11 
 2068       1.425426023678e-11 
 2069       1.424781322347e-11 
 2070       1.424217061297e-11 
 2071       1.423730938628e-11 
 2072       1.423320642853e-11 
 2073       1.422983852893e-11 
 2074       1.422718238059e-11 
 2075       1.422521458043e-11 
 2076       1.422391162906e-11 
 2077       1.422324993068e-11 
 2078       1.422320579291e-11 
 2079       1.422375542672e-11 
 2080       1.422487494630e-11 
 2081       1.422654036893e-11 
 2082       1.422872761486e-11 
 2083       1.423141250721e-11 
 2084       1.423457077184e-11 
 2085       1.423817803723e-11 
 2086       1.424220983436e-11 
 2087       1.424664231377e-11 
 2088       1.425145440237e-11 
 2089       1.425662566154e-11 
 2090       1.426213557117e-11 
 2091       1.426796352963e-11 
 2092       1.427408885365e-11 
 2093       1.428049077821e-11 
 2094       1.428714845643e-11 
 2095       1.429404095951e-11 
 2096       1.430114727660e-11 
 2097       1.430844631471e-11 
 2098       1.431591689862e-11 
 2099       1.432353777078e-11 
 2100       1.433128759118e-11 
 2101       1.433914493729e-11 
 2102       1.434708830396e-11 
 2103       1.435509610330e-11 
 2104       1.436314666458e-11 
 2105       1.437121823414e-11 
 2106       1.437928897533e-11 
 2107       1.438733696832e-11 
 2108       1.439534021009e-11 
 2109       1.440327661430e-11 
 2110       1.441112401116e-11 
 2111       1.441886014739e-11 
 2112       1.442646268607e-11 
 2113       1.443390920656e-11 
 2114       1.444117720442e-11 
 2115       1.444824409129e-11 
 2116       1.445508719479e-11 
 2117       1.446168375842e-11 
 2118       1.446801094148e-11 
 2119       1.447404581896e-11 
 2120       1.447976538143e-11 
 2121       1.448514653497e-11 
 2122       1.449016610103e-11 
 2123       1.449480081638e-11 
 2124       1.449902733297e-11 
 2125       1.450282221784e-11 
 2126       1.450616466788e-11 
 2127       1.450904467461e-11 
 2128       1.451145491541e-11 
 2129       1.451338804375e-11 
 2130       1.451483668917e-11 
 2131       1.451579345726e-11 
 2132       1.451625092962e-11 
 2133       1.451620166386e-11 
 2134       1.451563819353e-11 
 2135       1.451455302812e-11 
 2136       1.451293865306e-11 
 2137       1.451078752963e-11 
 2138       1.450809209498e-11 
 2139       1.450484476210e-11 
 2140       1.450103791978e-11 
 2141       1.449666393257e-11 
 2142       1.449171514079e-11 
 2143       1.448618386048e-11 
 2144       1.448006238338e-11 
 2145       1.447334297689e-11 
 2146       1.446601788408e-11 
 2147       1.445807932360e-11 
 2148       1.444951948972e-11 
 2149       1.444033055227e-11 
 2150       1.443050465660e-11 
 2151       1.442003392359e-11 
 2152       1.440891044961e-11 
 2153       1.439712630645e-11 
 2154       1.438467354138e-11 
 2155       1.437154417704e-11 
 2156       1.435773021145e-11 
 2157       1.434322361801e-11 
 2158       1.432801634541e-11 
 2159       1.431210031765e-11 
 2160       1.429546743401e-11 
 2161       1.427810956901e-11 
 2162       1.426001857237e-11 
 2163       1.424118626902e-11 
 2164       1.422160445905e-11 
 2165       1.420126750975e-11 
 2166       1.418018015090e-11 
 2167       1.415834973212e-11 
 2168       1.413578363567e-11 
 2169       1.411248927646e-11 
 2170       1.408847410210e-11 
 2171       1.406374559292e-11 
 2172       1.403831126205e-11 
 2173       1.401217865543e-11 
 2174       1.398535535186e-11 
 2175       1.395784896302e-11 
 2176       1.392966713355e-11 
 2177       1.390081754105e-11 
 2178       1.387130789613e-11 
 2179       1.384114594247e-11 
 2180       1.381033945685e-11 
 2181       1.377889624915e-11 
 2182       1.374682416246e-11 
 2183       1.371413107307e-11 
 2184       1.368082489053e-11 
 2185       1.364691355766e-11 
 2186       1.361240505064e-11 
 2187       1.357730737901e-11 
 2188       1.354162858573e-11 
 2189       1.350537674719e-11 
 2190       1.346855997329e-11 
 2191       1.343118640747e-11 
 2192       1.339326422672e-11 
 2193       1.335480164164e-11 
 2194       1.331580689650e-11 
 2195       1.327628826924e-11 
 2196       1.323625407154e-11 
 2197       1.319571264885e-11 
 2198       1.315467238041e-11 
 2199       1.311314167934e-11 
 2200       1.307112899262e-11 
 2201       1.302864280117e-11 
 2202       1.298569161987e-11 
 2203       1.294228399761e-11 
 2204       1.289842939036e-11 
 2205       1.285414078651e-11 
 2206       1.280943209905e-11 
 2207       1.276431729419e-11 
 2208       1.271881039138e-11 
 2209       1.267292546342e-11 
 2210       1.262667663651e-11 
 2211       1.258007809027e-11 
 2212       1.253314405788e-11 
 2213       1.248588882607e-11 
 2214       1.243832673519e-11 
 2215       1.239047217933e-11 
 2216       1.234233960631e-11 
 2217       1.229394351778e-11 
 2218       1.224529846927e-11 
 2219       1.219641907025e-11 
 2220       1.214731998420e-11 
 2221       1.209801592867e-11 
 2222       1.204852167533e-11 
 2223       1.199885205004e-11 
 2224       1.194902193290e-11 
 2225       1.189904625833e-11 
 2226       1.184894001513e-11 
 2227       1.179871824652e-11 
 2228       1.174839605022e-11 
 2229       1.169798857849e-11 
 2230       1.164751103824e-11 
 2231       1.159697869102e-11 
 2232       1.154640685315e-11 
 2233       1.149581089573e-11 
 2234       1.144520624473e-11 
 2235       1.139460838105e-11 
 2236       1.134403284055e-11 
 2237       1.129349521416e-11 
 2238       1.124301114790e-11 
 2239       1.119259634298e-11 
 2240       1.114226655580e-11 
 2241       1.109203759810e-11 
 2242       1.104192533692e-11 
 2243       1.099194467283e-11 
 2244       1.094210646686e-11 
 2245       1.089242059362e-11 
 2246       1.084289696138e-11 
 2247       1.079354551217e-11 
 2248       1.074437622178e-11 
 2249       1.069539909978e-11 
 2250       1.064662418960e-11 
 2251       1.059806156857e-11 
 2252       1.054972134788e-11 
 2253       1.050161367272e-11 
 2254       1.045374872224e-11 
 2255       1.040613670962e-11 
 2256       1.035878788211e-11 
 2257       1.031171252105e-11 
 2258       1.026492094193e-11 
 2259       1.021842349438e-11 
 2260       1.017223056227e-11 
 2261       1.012635256370e-11 
 2262       1.008079995106e-11 
 2263       1.003558321106e-11 
 2264       9.990712864758e-12 
 2265       9.946199467612e-12 
 2266       9.902053609508e-12 
 2267       9.858285914798e-12 
 2268       9.814907042339e-12 
 2269       9.771927685530e-12 
 2270       9.729358572344e-12 
 2271       9.687210465370e-12 
 2272       9.645494161849e-12 
 2273       9.604220493710e-12 
 2274       9.563400327604e-12 
 2275       9.523044564946e-12 
 2276       9.483164141951e-12 
 2277       9.443770029667e-12 
 2278       9.404873234015e-12 
 2279       9.366484795824e-12 
 2280       9.328615790871e-12 
 2281       9.291277329916e-12 
 2282       9.254478719287e-12 
 2283       9.218221929677e-12 
 2284       9.182507091936e-12 
 2285       9.147334333296e-12 
 2286       9.112703777360e-12 
 2287       9.078615544101e-12 
 2288       9.045069749856e-12 
 2289       9.012066507318e-12 
 2290       8.979605925533e-12 
 2291       8.947688109893e-12 
 2292       8.916313162132e-12 
 2293       8.885481180317e-12 
 2294       8.855192258849e-12 
 2295       8.825446488451e-12 
 2296       8.796243956164e-12 
 2297       8.767584745344e-12 
 2298       8.739468935656e-12 
 2299       8.711896603064e-12 
 2300       8.684867819833e-12 
 2301       8.658382654517e-12 
 2302       8.632441171955e-12 
 2303       8.607043433268e-12 
 2304       8.582189495853e-12 
 2305       8.557879413373e-12 
 2306       8.534113235758e-12 
 2307       8.510891009194e-12 
 2308       8.488212776121e-12 
 2309       8.466078575227e-12 
 2310       8.444488441439e-12 
 2311       8.423442405924e-12 
 2312       8.402940496076e-12 
 2313       8.382982735517e-12 
 2314       8.363569144088e-12 
 2315       8.344699737843e-12 
 2316       8.326374529047e-12 
 2317       8.308593526165e-12 
 2318       8.291356733862e-12 
 2319       8.274664152994e-12 
 2320       8.258515780606e-12 
 2321       8.242910287862e-12 
 2322       8.227841044755e-12 
 2323       8.213300070313e-12 
 2324       8.199279352346e-12 
 2325       8.185770847412e-12 
 2326       8.172766480780e-12 
 2327       8.160258146398e-12 
 2328       8.148237706855e-12 
 2329       8.136696993347e-12 
 2330       8.125627805645e-12 
 2331       8.115021912055e-12 
 2332       8.104871049386e-12 
 2333       8.095166922917e-12 
 2334       8.085901206356e-12 
 2335       8.077065541811e-12 
 2336       8.068651539753e-12 
 2337       8.060650778979e-12 
 2338       8.053054806581e-12 
 2339       8.045855137907e-12 
 2340       8.039043256530e-12 
 2341       8.032610614209e-12 
 2342       8.026548630858e-12 
 2343       8.020848694506e-12 
 2344       8.015502161270e-12 
 2345       8.010500355310e-12 
 2346       8.005834568803e-12 
 2347       8.001496061903e-12 
 2348       7.997476062707e-12 
 2349       7.993765767220e-12 
 2350       7.990356339323e-12 
 2351       7.987238910733e-12 
 2352       7.984404580970e-12 
 2353       7.981844417326e-12 
 2354       7.979549454823e-12 
 2355       7.977510696183e-12 
 2356       7.975719111793e-12 
 2357       7.974165639667e-12 
 2358       7.972841185414e-12 
 2359       7.971736622201e-12 
 2360       7.970842766396e-12 
 2361       7.970150304397e-12 
 2362       7.969649865279e-12 
 2363       7.969332045040e-12 
 2364       7.969187406565e-12 
 2365       7.969206479595e-12 
 2366       7.969379760686e-12 
 2367       7.969697713175e-12 
 2368       7.970150767148e-12 
 2369       7.970729319398e-12 
 2370       7.971423733397e-12 
 2371       7.972224339255e-12 
 2372       7.973121433685e-12 
 2373       7.974105279972e-12 
 2374       7.975166107933e-12 
 2375       7.976294113881e-12 
 2376       7.977479460595e-12 
 2377       7.978712277278e-12 
 2378       7.979982659527e-12 
 2379       7.981280669292e-12 
 2380       7.982596334845e-12 
 2381       7.983919650745e-12 
 2382       7.985240577798e-12 
 2383       7.986549043025e-12 
 2384       7.987834939626e-12 
 2385       7.989088126943e-12 
 2386       7.990298430428e-12 
 2387       7.991455641601e-12 
 2388       7.992549518024e-12 
 2389       7.993569783257e-12 
 2390       7.994506126826e-12 
 2391       7.995348204188e-12 
 2392       7.996085636695e-12 
 2393       7.996708011558e-12 
 2394       7.997204881812e-12 
 2395       7.997565766279e-12 
 2396       7.997780149537e-12 
 2397       7.997837481879e-12 
 2398       7.997727179280e-12 
 2399       7.997439566578e-12 
 2400       7.996968713370e-12 
 2401       7.996309615352e-12 
 2402       7.995457252660e-12 
 2403       7.994406589855e-12 
 2404       7.993152575903e-12 
 2405       7.991690144166e-12 
 2406       7.990014212379e-12 
 2407       7.988119682641e-12 
 2408       7.986001441393e-12 
 2409       7.983654359408e-12 
 2410       7.981073291769e-12 
 2411       7.978253077859e-12 
 2412       7.975188541341e-12 
 2413       7.971874490145e-12 
 2414       7.968305716449e-12 
 2415       7.964476996668e-12 
 2416       7.960383091433e-12 
 2417       7.956018745578e-12 
 2418       7.951378688125e-12 
 2419       7.946457632265e-12 
 2420       7.941250275345e-12 
 2421       7.935751298851e-12 
 2422       7.929955368393e-12 
 2423       7.923857133687e-12 
 2424       7.917451228544e-12 
 2425       7.910732270848e-12 
 2426       7.903694862543e-12 
 2427       7.896333589620e-12 
 2428       7.888643022095e-12 
 2429       7.880617714001e-12 
 2430       7.872252203364e-12 
 2431       7.863541012193e-12 
 2432       7.854478646462e-12 
 2433       7.845059596094e-12 
 2434       7.835278334946e-12 
 2435       7.825129320792e-12 
 2436       7.814606995310e-12 
 2437       7.803705784062e-12 
 2438       7.792421594163e-12 
 2439       7.780756317142e-12 
 2440       7.768713353091e-12 
 2441       7.756296115452e-12 
 2442       7.743508031038e-12 
 2443       7.730352540038e-12 
 2444       7.716833096039e-12 
 2445       7.702953166038e-12 
 2446       7.688716230453e-12 
 2447       7.674125783145e-12 
 2448       7.659185331423e-12 
 2449       7.643898396066e-12 
 2450       7.628268511334e-12 
 2451       7.612299224984e-12 
 2452       7.595994098283e-12 
 2453       7.579356706021e-12 
 2454       7.562390636529e-12 
 2455       7.545099491692e-12 
 2456       7.527486886963e-12 
 2457       7.509556451376e-12 
 2458       7.491311827564e-12 
 2459       7.472756671770e-12 
 2460       7.453894653862e-12 
 2461       7.434729457350e-12 
 2462       7.415264779398e-12 
 2463       7.395504330838e-12 
 2464       7.375451836186e-12 
 2465       7.355111033656e-12 
 2466       7.334485675173e-12 
 2467       7.313579526391e-12 
 2468       7.292396366702e-12 
 2469       7.270939989255e-12 
 2470       7.249214200969e-12 
 2471       7.227222822546e-12 
 2472       7.204969688489e-12 
 2473       7.182458647111e-12 
 2474       7.159693560554e-12 
 2475       7.136678304803e-12 
 2476       7.113416769695e-12 
 2477       7.089911664143e-12 
 2478       7.066160924023e-12 
 2479       7.042161283075e-12 
 2480       7.017909465769e-12 
 2481       6.993402187293e-12 
 2482       6.968636153545e-12 
 2483       6.943608061126e-12 
 2484       6.918314597327e-12 
 2485       6.892752440122e-12 
 2486       6.866918258162e-12 
 2487       6.840808710760e-12 
 2488       6.814420447887e-12 
 2489       6.787750110162e-12 
 2490       6.760794328841e-12 
 2491       6.733549725811e-12 
 2492       6.706012913579e-12 
 2493       6.678180495264e-12 
 2494       6.650049064585e-12 
 2495       6.621615205859e-12 
 2496       6.592875493985e-12 
 2497       6.563826494438e-12 
 2498       6.534464763261e-12 
 2499       6.504786847053e-12 
 2500       6.474789282965e-12 
