# dimensionless total [l(l+1)/2pi] C_l's
# for l=2 to 2500, i.e. number of multipoles equal to 2499
#
# -> if you prefer output in CAMB/HealPix/LensPix units/order, set 'format' to 'camb' in input file
# -> if you don't want to see such a header, set 'headers' to 'no' in input file
#
# 1:l     2:TT                 
    2       2.383036425400e-10 
    3       2.059794819064e-10 
    4       1.824096905322e-10 
    5       1.658953959388e-10 
    6       1.543549810248e-10 
    7       1.462612167606e-10 
    8       1.406393427635e-10 
    9       1.367839434008e-10 
   10       1.342107632681e-10 
   11       1.326308916389e-10 
   12       1.317191649721e-10 
   13       1.314346216611e-10 
   14       1.316095390992e-10 
   15       1.321247588200e-10 
   16       1.329539638242e-10 
   17       1.340691095558e-10 
   18       1.354112936292e-10 
   19       1.369735827885e-10 
   20       1.386940964970e-10 
   21       1.405701488457e-10 
   22       1.425797816171e-10 
   23       1.447283384429e-10 
   24       1.469993850534e-10 
   25       1.493713423415e-10 
   26       1.518070591428e-10 
   27       1.543212596682e-10 
   28       1.569286001502e-10 
   29       1.596264070442e-10 
   30       1.624152690284e-10 
   31       1.652820620303e-10 
   32       1.682032890172e-10 
   33       1.711840110674e-10 
   34       1.742306013652e-10 
   35       1.773420470047e-10 
   36       1.805191576671e-10 
   37       1.837567501763e-10 
   38       1.870399627398e-10 
   39       1.903515177945e-10 
   40       1.936988656739e-10 
   41       1.970946612191e-10 
   42       2.005489785343e-10 
   43       2.040685493443e-10 
   44       2.076550274760e-10 
   45       2.113055903830e-10 
   46       2.150129356875e-10 
   47       2.187649040542e-10 
   48       2.225488827855e-10 
   49       2.263673644325e-10 
   50       2.302261260219e-10 
   51       2.341297013216e-10 
   52       2.380812476293e-10 
   53       2.420828794566e-10 
   54       2.461370769530e-10 
   55       2.502454074800e-10 
   56       2.544079793392e-10 
   57       2.586233281375e-10 
   58       2.628883031521e-10 
   59       2.671994298399e-10 
   60       2.715576249458e-10 
   61       2.759643774952e-10 
   62       2.804203066292e-10 
   63       2.849250980087e-10 
   64       2.894774402182e-10 
   65       2.940758517102e-10 
   66       2.987215080427e-10 
   67       3.034159014868e-10 
   68       3.081599653573e-10 
   69       3.129540353263e-10 
   70       3.177978107376e-10 
   71       3.226903159210e-10 
   72       3.276304259859e-10 
   73       3.326186470172e-10 
   74       3.376556092675e-10 
   75       3.427415075944e-10 
   76       3.478760756623e-10 
   77       3.530585601441e-10 
   78       3.582876949227e-10 
   79       3.635616752935e-10 
   80       3.688787250194e-10 
   81       3.742389676661e-10 
   82       3.796428346807e-10 
   83       3.850904868123e-10 
   84       3.905817992921e-10 
   85       3.961163470145e-10 
   86       4.016933897169e-10 
   87       4.073118571611e-10 
   88       4.129703343129e-10 
   89       4.186673865105e-10 
   90       4.244026257260e-10 
   91       4.301757850400e-10 
   92       4.359863839543e-10 
   93       4.418337186660e-10 
   94       4.477168523410e-10 
   95       4.536346053884e-10 
   96       4.595855457345e-10 
   97       4.655679790964e-10 
   98       4.715799392564e-10 
   99       4.776194933485e-10 
  100       4.836857280818e-10 
  101       4.897778857891e-10 
  102       4.958950560431e-10 
  103       5.020361697490e-10 
  104       5.081999932365e-10 
  105       5.143851223524e-10 
  106       5.205899765528e-10 
  107       5.268127929954e-10 
  108       5.330516206317e-10 
  109       5.393043142996e-10 
  110       5.455687687927e-10 
  111       5.518436677919e-10 
  112       5.581278201708e-10 
  113       5.644199250778e-10 
  114       5.707185683871e-10 
  115       5.770222191493e-10 
  116       5.833292260422e-10 
  117       5.896378138220e-10 
  118       5.959460797734e-10 
  119       6.022519901610e-10 
  120       6.085533766799e-10 
  121       6.148479329067e-10 
  122       6.211332107500e-10 
  123       6.274068195581e-10 
  124       6.336670569030e-10 
  125       6.399123439107e-10 
  126       6.461410271603e-10 
  127       6.523513767298e-10 
  128       6.585415842407e-10 
  129       6.647097609040e-10 
  130       6.708539355648e-10 
  131       6.769720527481e-10 
  132       6.830619707037e-10 
  133       6.891214594519e-10 
  134       6.951481988282e-10 
  135       7.011397765293e-10 
  136       7.070936861577e-10 
  137       7.130074939749e-10 
  138       7.188793627721e-10 
  139       7.247075787552e-10 
  140       7.304903868256e-10 
  141       7.362259896964e-10 
  142       7.419125470086e-10 
  143       7.475481744469e-10 
  144       7.531309428560e-10 
  145       7.586588773567e-10 
  146       7.641299564619e-10 
  147       7.695421111929e-10 
  148       7.748932241953e-10 
  149       7.801811288551e-10 
  150       7.854036084149e-10 
  151       7.905583950900e-10 
  152       7.956431691845e-10 
  153       8.006557001501e-10 
  154       8.055942863755e-10 
  155       8.104573547744e-10 
  156       8.152433223573e-10 
  157       8.199505960697e-10 
  158       8.245775726319e-10 
  159       8.291226383772e-10 
  160       8.335841690915e-10 
  161       8.379605298521e-10 
  162       8.422500748667e-10 
  163       8.464511473122e-10 
  164       8.505620791743e-10 
  165       8.545811910859e-10 
  166       8.585067921664e-10 
  167       8.623371798607e-10 
  168       8.660706397780e-10 
  169       8.697054455311e-10 
  170       8.732398585753e-10 
  171       8.766722370376e-10 
  172       8.800013727239e-10 
  173       8.832261820344e-10 
  174       8.863455997840e-10 
  175       8.893585794860e-10 
  176       8.922640936362e-10 
  177       8.950611339957e-10 
  178       8.977487118756e-10 
  179       9.003258584199e-10 
  180       9.027916248898e-10 
  181       9.051450829467e-10 
  182       9.073853249366e-10 
  183       9.095114641733e-10 
  184       9.115226352223e-10 
  185       9.134179941843e-10 
  186       9.151967189790e-10 
  187       9.168580096291e-10 
  188       9.184010885432e-10 
  189       9.198252008004e-10 
  190       9.211296144332e-10 
  191       9.223136788092e-10 
  192       9.233770040743e-10 
  193       9.243192957457e-10 
  194       9.251402982960e-10 
  195       9.258397956265e-10 
  196       9.264176115412e-10 
  197       9.268736102204e-10 
  198       9.272076966948e-10 
  199       9.274198173192e-10 
  200       9.275099602461e-10 
  201       9.274781558995e-10 
  202       9.273244774491e-10 
  203       9.270490412836e-10 
  204       9.266520074849e-10 
  205       9.261335803015e-10 
  206       9.254940086226e-10 
  207       9.247335864517e-10 
  208       9.238526533807e-10 
  209       9.228515950632e-10 
  210       9.217308436888e-10 
  211       9.204908784565e-10 
  212       9.191322260487e-10 
  213       9.176554582015e-10 
  214       9.160611832489e-10 
  215       9.143500549231e-10 
  216       9.125227756696e-10 
  217       9.105800971137e-10 
  218       9.085228205263e-10 
  219       9.063517972904e-10 
  220       9.040679293670e-10 
  221       9.016721697614e-10 
  222       8.991655229893e-10 
  223       8.965490455428e-10 
  224       8.938238463569e-10 
  225       8.909910872754e-10 
  226       8.880519835169e-10 
  227       8.850078041414e-10 
  228       8.818598725160e-10 
  229       8.786095667814e-10 
  230       8.752583203178e-10 
  231       8.718076222111e-10 
  232       8.682590177192e-10 
  233       8.646141087380e-10 
  234       8.608745542675e-10 
  235       8.570420708783e-10 
  236       8.531184331772e-10 
  237       8.491054742738e-10 
  238       8.450050027293e-10 
  239       8.408185468565e-10 
  240       8.365475958327e-10 
  241       8.321936821118e-10 
  242       8.277583817148e-10 
  243       8.232433145190e-10 
  244       8.186501445486e-10 
  245       8.139805802644e-10 
  246       8.092363748537e-10 
  247       8.044193265203e-10 
  248       7.995312787746e-10 
  249       7.945741207234e-10 
  250       7.895497873598e-10 
  251       7.844602598536e-10 
  252       7.793075658405e-10 
  253       7.740937797128e-10 
  254       7.688210229090e-10 
  255       7.634914642037e-10 
  256       7.581073199977e-10 
  257       7.526708546081e-10 
  258       7.471843805578e-10 
  259       7.416502588660e-10 
  260       7.360708993377e-10 
  261       7.304487608541e-10 
  262       7.247863516621e-10 
  263       7.190862296646e-10 
  264       7.133510027104e-10 
  265       7.075833288840e-10 
  266       7.017857614445e-10 
  267       6.959602737170e-10 
  268       6.901087089660e-10 
  269       6.842329334506e-10 
  270       6.783348364523e-10 
  271       6.724163303024e-10 
  272       6.664793504096e-10 
  273       6.605258552872e-10 
  274       6.545578265809e-10 
  275       6.485772690958e-10 
  276       6.425862108245e-10 
  277       6.365867029742e-10 
  278       6.305808199940e-10 
  279       6.245706596029e-10 
  280       6.185583428169e-10 
  281       6.125460139765e-10 
  282       6.065358407742e-10 
  283       6.005300142820e-10 
  284       5.945307489792e-10 
  285       5.885402827791e-10 
  286       5.825608770572e-10 
  287       5.765948166784e-10 
  288       5.706444100245e-10 
  289       5.647119890214e-10 
  290       5.587999091673e-10 
  291       5.529105495594e-10 
  292       5.470463129216e-10 
  293       5.412096256324e-10 
  294       5.354029377518e-10 
  295       5.296287230491e-10 
  296       5.238894790302e-10 
  297       5.181875434152e-10 
  298       5.125245336282e-10 
  299       5.069018800575e-10 
  300       5.013210069251e-10 
  301       4.957833320652e-10 
  302       4.902902667026e-10 
  303       4.848432152318e-10 
  304       4.794435749949e-10 
  305       4.740927360610e-10 
  306       4.687920810040e-10 
  307       4.635429846819e-10 
  308       4.583468140151e-10 
  309       4.532049277649e-10 
  310       4.481186763124e-10 
  311       4.430894014370e-10 
  312       4.381184360948e-10 
  313       4.332071041975e-10 
  314       4.283567203909e-10 
  315       4.235685898335e-10 
  316       4.188440079751e-10 
  317       4.141842603355e-10 
  318       4.095906222829e-10 
  319       4.050643588128e-10 
  320       4.006067243264e-10 
  321       3.962189624092e-10 
  322       3.919023056100e-10 
  323       3.876579752188e-10 
  324       3.834871810460e-10 
  325       3.793911212008e-10 
  326       3.753709818698e-10 
  327       3.714279370958e-10 
  328       3.675631485560e-10 
  329       3.637777653410e-10 
  330       3.600729237333e-10 
  331       3.564497469859e-10 
  332       3.529092325253e-10 
  333       3.494519085783e-10 
  334       3.460781621280e-10 
  335       3.427883497954e-10 
  336       3.395827974956e-10 
  337       3.364618000946e-10 
  338       3.334256210656e-10 
  339       3.304744921451e-10 
  340       3.276086129899e-10 
  341       3.248281508328e-10 
  342       3.221332401399e-10 
  343       3.195239822661e-10 
  344       3.170004451121e-10 
  345       3.145626627809e-10 
  346       3.122106352338e-10 
  347       3.099443279468e-10 
  348       3.077636715676e-10 
  349       3.056685615714e-10 
  350       3.036588579178e-10 
  351       3.017343847068e-10 
  352       2.998949298354e-10 
  353       2.981402446541e-10 
  354       2.964700436232e-10 
  355       2.948840039693e-10 
  356       2.933817653418e-10 
  357       2.919629294689e-10 
  358       2.906270598146e-10 
  359       2.893736812346e-10 
  360       2.882022796333e-10 
  361       2.871123016195e-10 
  362       2.861031541634e-10 
  363       2.851742042528e-10 
  364       2.843247785495e-10 
  365       2.835541630457e-10 
  366       2.828616027207e-10 
  367       2.822463011968e-10 
  368       2.817074203961e-10 
  369       2.812440801970e-10 
  370       2.808553580903e-10 
  371       2.805403511333e-10 
  372       2.802983651864e-10 
  373       2.801287324020e-10 
  374       2.800307493067e-10 
  375       2.800036765119e-10 
  376       2.800467384241e-10 
  377       2.801591229560e-10 
  378       2.803399812365e-10 
  379       2.805884273217e-10 
  380       2.809035379054e-10 
  381       2.812843520295e-10 
  382       2.817298707947e-10 
  383       2.822390570714e-10 
  384       2.828108352096e-10 
  385       2.834440907502e-10 
  386       2.841376701350e-10 
  387       2.848903804179e-10 
  388       2.857009889748e-10 
  389       2.865682232147e-10 
  390       2.874907702900e-10 
  391       2.884672768074e-10 
  392       2.894963485381e-10 
  393       2.905765501287e-10 
  394       2.917064048115e-10 
  395       2.928843941153e-10 
  396       2.941089575761e-10 
  397       2.953784924473e-10 
  398       2.966913534105e-10 
  399       2.980458522863e-10 
  400       2.994402577445e-10 
  401       3.008727950149e-10 
  402       3.023416455979e-10 
  403       3.038449469748e-10 
  404       3.053807923190e-10 
  405       3.069472302060e-10 
  406       3.085422643240e-10 
  407       3.101638531851e-10 
  408       3.118099098352e-10 
  409       3.134783015647e-10 
  410       3.151670656367e-10 
  411       3.168750654780e-10 
  412       3.186013571606e-10 
  413       3.203449753485e-10 
  414       3.221049331623e-10 
  415       3.238802220438e-10 
  416       3.256698116199e-10 
  417       3.274726495676e-10 
  418       3.292876614780e-10 
  419       3.311137507209e-10 
  420       3.329497983092e-10 
  421       3.347946627632e-10 
  422       3.366471799752e-10 
  423       3.385061630739e-10 
  424       3.403704022886e-10 
  425       3.422386648138e-10 
  426       3.441096946737e-10 
  427       3.459822125863e-10 
  428       3.478549158282e-10 
  429       3.497264780988e-10 
  430       3.515955493847e-10 
  431       3.534607558241e-10 
  432       3.553206995714e-10 
  433       3.571739586615e-10 
  434       3.590190868742e-10 
  435       3.608546135985e-10 
  436       3.626790436975e-10 
  437       3.644908573720e-10 
  438       3.662885100257e-10 
  439       3.680704321294e-10 
  440       3.698350290850e-10 
  441       3.715806810904e-10 
  442       3.733057430037e-10 
  443       3.750085442079e-10 
  444       3.766873884748e-10 
  445       3.783405538298e-10 
  446       3.799662924163e-10 
  447       3.815628303600e-10 
  448       3.831283676333e-10 
  449       3.846613197442e-10 
  450       3.861610516916e-10 
  451       3.876271675011e-10 
  452       3.890592705559e-10 
  453       3.904569636046e-10 
  454       3.918198487698e-10 
  455       3.931475275554e-10 
  456       3.944396008553e-10 
  457       3.956956689610e-10 
  458       3.969153315697e-10 
  459       3.980981877927e-10 
  460       3.992438361630e-10 
  461       4.003518746436e-10 
  462       4.014219006352e-10 
  463       4.024535109849e-10 
  464       4.034463019934e-10 
  465       4.043998694239e-10 
  466       4.053138085093e-10 
  467       4.061877139609e-10 
  468       4.070211799762e-10 
  469       4.078138002467e-10 
  470       4.085651679665e-10 
  471       4.092748758397e-10 
  472       4.099425160890e-10 
  473       4.105676804632e-10 
  474       4.111499602458e-10 
  475       4.116889462626e-10 
  476       4.121842288900e-10 
  477       4.126353980628e-10 
  478       4.130420432827e-10 
  479       4.134037536256e-10 
  480       4.137201177504e-10 
  481       4.139907239066e-10 
  482       4.142151599423e-10 
  483       4.143930133126e-10 
  484       4.145238710873e-10 
  485       4.146073199591e-10 
  486       4.146429462516e-10 
  487       4.146303359273e-10 
  488       4.145692083899e-10 
  489       4.144598222614e-10 
  490       4.143025817148e-10 
  491       4.140979038483e-10 
  492       4.138462187610e-10 
  493       4.135479696279e-10 
  494       4.132036127754e-10 
  495       4.128136177564e-10 
  496       4.123784674259e-10 
  497       4.118986580162e-10 
  498       4.113746992123e-10 
  499       4.108071142268e-10 
  500       4.101964398760e-10 
  501       4.095432266545e-10 
  502       4.088480388108e-10 
  503       4.081114544226e-10 
  504       4.073340654724e-10 
  505       4.065164779222e-10 
  506       4.056593117894e-10 
  507       4.047632012219e-10 
  508       4.038287945733e-10 
  509       4.028567544783e-10 
  510       4.018477579283e-10 
  511       4.008024963462e-10 
  512       3.997216756622e-10 
  513       3.986060163888e-10 
  514       3.974562536963e-10 
  515       3.962731374881e-10 
  516       3.950574324758e-10 
  517       3.938099182549e-10 
  518       3.925313893797e-10 
  519       3.912226554392e-10 
  520       3.898845411316e-10 
  521       3.885178863405e-10 
  522       3.871235462095e-10 
  523       3.857023912180e-10 
  524       3.842553072562e-10 
  525       3.827831957007e-10 
  526       3.812869734895e-10 
  527       3.797675448045e-10 
  528       3.782257151043e-10 
  529       3.766622748661e-10 
  530       3.750780278263e-10 
  531       3.734737910441e-10 
  532       3.718503949647e-10 
  533       3.702086834819e-10 
  534       3.685495140014e-10 
  535       3.668737575041e-10 
  536       3.651822986087e-10 
  537       3.634760356352e-10 
  538       3.617558806679e-10 
  539       3.600227596181e-10 
  540       3.582776122878e-10 
  541       3.565213924323e-10 
  542       3.547550678232e-10 
  543       3.529796203122e-10 
  544       3.511960458931e-10 
  545       3.494053547659e-10 
  546       3.476085713991e-10 
  547       3.458067345934e-10 
  548       3.440008975441e-10 
  549       3.421921279049e-10 
  550       3.403815078503e-10 
  551       3.385701341394e-10 
  552       3.367591181781e-10 
  553       3.349495860830e-10 
  554       3.331426787441e-10 
  555       3.313395518875e-10 
  556       3.295413761395e-10 
  557       3.277493370885e-10 
  558       3.259646353490e-10 
  559       3.241884866240e-10 
  560       3.224221217686e-10 
  561       3.206667868528e-10 
  562       3.189237432245e-10 
  563       3.171942675729e-10 
  564       3.154796519912e-10 
  565       3.137812040400e-10 
  566       3.121001085927e-10 
  567       3.104370093401e-10 
  568       3.087924166438e-10 
  569       3.071668447911e-10 
  570       3.055608120063e-10 
  571       3.039748404621e-10 
  572       3.024094562910e-10 
  573       3.008651895964e-10 
  574       2.993425744646e-10 
  575       2.978421489756e-10 
  576       2.963644552149e-10 
  577       2.949100392846e-10 
  578       2.934794513151e-10 
  579       2.920732454761e-10 
  580       2.906919799884e-10 
  581       2.893362171349e-10 
  582       2.880065232725e-10 
  583       2.867034688428e-10 
  584       2.854276283843e-10 
  585       2.841795805430e-10 
  586       2.829599080844e-10 
  587       2.817691979045e-10 
  588       2.806080410416e-10 
  589       2.794770326872e-10 
  590       2.783767721977e-10 
  591       2.773078631058e-10 
  592       2.762709131318e-10 
  593       2.752665341950e-10 
  594       2.742953424251e-10 
  595       2.733579581735e-10 
  596       2.724550060251e-10 
  597       2.715871148091e-10 
  598       2.707549176108e-10 
  599       2.699590517828e-10 
  600       2.692001589565e-10 
  601       2.684788850536e-10 
  602       2.677958802972e-10 
  603       2.671517992233e-10 
  604       2.665473006923e-10 
  605       2.659829137019e-10 
  606       2.654586312538e-10 
  607       2.649743067300e-10 
  608       2.645297871738e-10 
  609       2.641249132572e-10 
  610       2.637595192485e-10 
  611       2.634334329796e-10 
  612       2.631464758135e-10 
  613       2.628984626117e-10 
  614       2.626892017022e-10 
  615       2.625184948461e-10 
  616       2.623861372056e-10 
  617       2.622919173116e-10 
  618       2.622356170307e-10 
  619       2.622170115330e-10 
  620       2.622358692596e-10 
  621       2.622919518899e-10 
  622       2.623850143090e-10 
  623       2.625148045754e-10 
  624       2.626810638884e-10 
  625       2.628835265554e-10 
  626       2.631219199597e-10 
  627       2.633959645275e-10 
  628       2.637053736960e-10 
  629       2.640498538801e-10 
  630       2.644291044406e-10 
  631       2.648428176513e-10 
  632       2.652906786662e-10 
  633       2.657723654878e-10 
  634       2.662875489336e-10 
  635       2.668358926042e-10 
  636       2.674170528507e-10 
  637       2.680306787419e-10 
  638       2.686764120320e-10 
  639       2.693538871279e-10 
  640       2.700627310569e-10 
  641       2.708025634340e-10 
  642       2.715729964293e-10 
  643       2.723736347358e-10 
  644       2.732040387606e-10 
  645       2.740636133516e-10 
  646       2.749517164887e-10 
  647       2.758676957883e-10 
  648       2.768108884605e-10 
  649       2.777806212653e-10 
  650       2.787762104701e-10 
  651       2.797969618064e-10 
  652       2.808421704264e-10 
  653       2.819111208600e-10 
  654       2.830030869716e-10 
  655       2.841173319170e-10 
  656       2.852531081004e-10 
  657       2.864096571308e-10 
  658       2.875862097793e-10 
  659       2.887819859357e-10 
  660       2.899961945653e-10 
  661       2.912280336661e-10 
  662       2.924766902251e-10 
  663       2.937413401755e-10 
  664       2.950211483537e-10 
  665       2.963152684558e-10 
  666       2.976228429944e-10 
  667       2.989430032559e-10 
  668       3.002748692568e-10 
  669       3.016175497009e-10 
  670       3.029701419363e-10 
  671       3.043317319115e-10 
  672       3.057013941332e-10 
  673       3.070781916223e-10 
  674       3.084611758715e-10 
  675       3.098493868015e-10 
  676       3.112418527181e-10 
  677       3.126375902694e-10 
  678       3.140356044019e-10 
  679       3.154348883180e-10 
  680       3.168344234324e-10 
  681       3.182331793294e-10 
  682       3.196301137193e-10 
  683       3.210242474623e-10 
  684       3.224148914847e-10 
  685       3.238014246209e-10 
  686       3.251832189614e-10 
  687       3.265596398291e-10 
  688       3.279300457551e-10 
  689       3.292937884551e-10 
  690       3.306502128054e-10 
  691       3.319986568192e-10 
  692       3.333384516223e-10 
  693       3.346689214297e-10 
  694       3.359893835216e-10 
  695       3.372991482192e-10 
  696       3.385975188614e-10 
  697       3.398837917803e-10 
  698       3.411572562780e-10 
  699       3.424171946021e-10 
  700       3.436628819222e-10 
  701       3.448935863059e-10 
  702       3.461085686949e-10 
  703       3.473070828813e-10 
  704       3.484883754835e-10 
  705       3.496516859225e-10 
  706       3.507962463978e-10 
  707       3.519212818640e-10 
  708       3.530260100063e-10 
  709       3.541096412171e-10 
  710       3.551713785718e-10 
  711       3.562104178053e-10 
  712       3.572259472879e-10 
  713       3.582171480012e-10 
  714       3.591831935148e-10 
  715       3.601232499618e-10 
  716       3.610364760155e-10 
  717       3.619220228650e-10 
  718       3.627790341917e-10 
  719       3.636066461453e-10 
  720       3.644039873200e-10 
  721       3.651701787303e-10 
  722       3.659044576591e-10 
  723       3.666065519921e-10 
  724       3.672763133974e-10 
  725       3.679135941428e-10 
  726       3.685182471013e-10 
  727       3.690901257549e-10 
  728       3.696290841997e-10 
  729       3.701349771504e-10 
  730       3.706076599447e-10 
  731       3.710469885483e-10 
  732       3.714528195590e-10 
  733       3.718250102116e-10 
  734       3.721634183828e-10 
  735       3.724679025950e-10 
  736       3.727383220217e-10 
  737       3.729745364916e-10 
  738       3.731764064934e-10 
  739       3.733437931804e-10 
  740       3.734765583752e-10 
  741       3.735745645741e-10 
  742       3.736376749516e-10 
  743       3.736657533655e-10 
  744       3.736586643609e-10 
  745       3.736162731754e-10 
  746       3.735384457431e-10 
  747       3.734250486997e-10 
  748       3.732759493869e-10 
  749       3.730910158568e-10 
  750       3.728701168769e-10 
  751       3.726131219345e-10 
  752       3.723199012412e-10 
  753       3.719903257378e-10 
  754       3.716242670985e-10 
  755       3.712215977357e-10 
  756       3.707821908050e-10 
  757       3.703059202090e-10 
  758       3.697926606025e-10 
  759       3.692422873970e-10 
  760       3.686546767650e-10 
  761       3.680297900115e-10 
  762       3.673679284504e-10 
  763       3.666694834230e-10 
  764       3.659348523961e-10 
  765       3.651644389839e-10 
  766       3.643586529703e-10 
  767       3.635179103308e-10 
  768       3.626426332547e-10 
  769       3.617332501670e-10 
  770       3.607901957506e-10 
  771       3.598139109682e-10 
  772       3.588048430847e-10 
  773       3.577634456888e-10 
  774       3.566901787154e-10 
  775       3.555855084676e-10 
  776       3.544499076385e-10 
  777       3.532838553337e-10 
  778       3.520878370931e-10 
  779       3.508623449129e-10 
  780       3.496078772678e-10 
  781       3.483249391331e-10 
  782       3.470140420065e-10 
  783       3.456757039306e-10 
  784       3.443104495144e-10 
  785       3.429188099559e-10 
  786       3.415013230638e-10 
  787       3.400585332798e-10 
  788       3.385909917004e-10 
  789       3.370992560992e-10 
  790       3.355838909489e-10 
  791       3.340454674432e-10 
  792       3.324845635192e-10 
  793       3.309017638790e-10 
  794       3.292976600123e-10 
  795       3.276728502179e-10 
  796       3.260279396262e-10 
  797       3.243635402210e-10 
  798       3.226802708619e-10 
  799       3.209787573057e-10 
  800       3.192596265213e-10 
  801       3.175234894730e-10 
  802       3.157709580668e-10 
  803       3.140026508504e-10 
  804       3.122191930344e-10 
  805       3.104212165133e-10 
  806       3.086093598864e-10 
  807       3.067842684790e-10 
  808       3.049465943631e-10 
  809       3.030969963788e-10 
  810       3.012361401546e-10 
  811       2.993646981293e-10 
  812       2.974833495721e-10 
  813       2.955927806044e-10 
  814       2.936936842202e-10 
  815       2.917867603072e-10 
  816       2.898727156681e-10 
  817       2.879522640412e-10 
  818       2.860261261219e-10 
  819       2.840950295828e-10 
  820       2.821597090959e-10 
  821       2.802209063524e-10 
  822       2.782793700847e-10 
  823       2.763358560865e-10 
  824       2.743911272347e-10 
  825       2.724459535094e-10 
  826       2.705011120159e-10 
  827       2.685573870049e-10 
  828       2.666155698939e-10 
  829       2.646764592881e-10 
  830       2.627408610013e-10 
  831       2.608095880770e-10 
  832       2.588834608095e-10 
  833       2.569633067647e-10 
  834       2.550499608009e-10 
  835       2.531442650904e-10 
  836       2.512470691400e-10 
  837       2.493592298120e-10 
  838       2.474816113455e-10 
  839       2.456150048367e-10 
  840       2.437598851026e-10 
  841       2.419166496291e-10 
  842       2.400856987361e-10 
  843       2.382674355841e-10 
  844       2.364622661818e-10 
  845       2.346705993933e-10 
  846       2.328928469455e-10 
  847       2.311294234352e-10 
  848       2.293807463365e-10 
  849       2.276472360080e-10 
  850       2.259293157002e-10 
  851       2.242274115627e-10 
  852       2.225419526513e-10 
  853       2.208733709357e-10 
  854       2.192221013064e-10 
  855       2.175885815821e-10 
  856       2.159732525170e-10 
  857       2.143765578082e-10 
  858       2.127989441027e-10 
  859       2.112408610048e-10 
  860       2.097027610836e-10 
  861       2.081850998799e-10 
  862       2.066883359137e-10 
  863       2.052129306916e-10 
  864       2.037593487136e-10 
  865       2.023280574811e-10 
  866       2.009195275034e-10 
  867       1.995342323057e-10 
  868       1.981726484356e-10 
  869       1.968352554714e-10 
  870       1.955225360282e-10 
  871       1.942349757661e-10 
  872       1.929730633972e-10 
  873       1.917372906925e-10 
  874       1.905281524900e-10 
  875       1.893461467010e-10 
  876       1.881917743182e-10 
  877       1.870655394224e-10 
  878       1.859678564646e-10 
  879       1.848987704066e-10 
  880       1.838582319417e-10 
  881       1.828461897910e-10 
  882       1.818625906964e-10 
  883       1.809073794136e-10 
  884       1.799804987050e-10 
  885       1.790818893322e-10 
  886       1.782114900493e-10 
  887       1.773692375954e-10 
  888       1.765550666877e-10 
  889       1.757689100143e-10 
  890       1.750106982270e-10 
  891       1.742803599341e-10 
  892       1.735778216937e-10 
  893       1.729030080058e-10 
  894       1.722558413059e-10 
  895       1.716362419574e-10 
  896       1.710441282445e-10 
  897       1.704794163655e-10 
  898       1.699420204249e-10 
  899       1.694318524271e-10 
  900       1.689488222686e-10 
  901       1.684928377312e-10 
  902       1.680638044746e-10 
  903       1.676616260297e-10 
  904       1.672862037910e-10 
  905       1.669374370098e-10 
  906       1.666152227867e-10 
  907       1.663194560649e-10 
  908       1.660500296228e-10 
  909       1.658068340666e-10 
  910       1.655897578239e-10 
  911       1.653986871359e-10 
  912       1.652335060504e-10 
  913       1.650940964149e-10 
  914       1.649803378692e-10 
  915       1.648921078384e-10 
  916       1.648292815256e-10 
  917       1.647916881971e-10 
  918       1.647789792877e-10 
  919       1.647907581810e-10 
  920       1.648266237133e-10 
  921       1.648861701607e-10 
  922       1.649689872255e-10 
  923       1.650746600228e-10 
  924       1.652027690672e-10 
  925       1.653528902594e-10 
  926       1.655245948728e-10 
  927       1.657174495403e-10 
  928       1.659310162406e-10 
  929       1.661648522854e-10 
  930       1.664185103051e-10 
  931       1.666915382365e-10 
  932       1.669834793087e-10 
  933       1.672938720300e-10 
  934       1.676222501744e-10 
  935       1.679681427684e-10 
  936       1.683310740775e-10 
  937       1.687105635930e-10 
  938       1.691061260183e-10 
  939       1.695172712558e-10 
  940       1.699435043936e-10 
  941       1.703843256918e-10 
  942       1.708392305695e-10 
  943       1.713077095911e-10 
  944       1.717892484531e-10 
  945       1.722833279710e-10 
  946       1.727894240652e-10 
  947       1.733070077483e-10 
  948       1.738355451116e-10 
  949       1.743744973115e-10 
  950       1.749233205563e-10 
  951       1.754814660928e-10 
  952       1.760483801929e-10 
  953       1.766235041403e-10 
  954       1.772062742171e-10 
  955       1.777961216903e-10 
  956       1.783924988892e-10 
  957       1.789949579001e-10 
  958       1.796030730471e-10 
  959       1.802164149005e-10 
  960       1.808345502671e-10 
  961       1.814570421800e-10 
  962       1.820834498888e-10 
  963       1.827133288498e-10 
  964       1.833462307156e-10 
  965       1.839817033257e-10 
  966       1.846192906960e-10 
  967       1.852585330093e-10 
  968       1.858989666052e-10 
  969       1.865401239701e-10 
  970       1.871815337272e-10 
  971       1.878227206269e-10 
  972       1.884632055362e-10 
  973       1.891025054295e-10 
  974       1.897401333781e-10 
  975       1.903755985406e-10 
  976       1.910084061526e-10 
  977       1.916380575172e-10 
  978       1.922640499946e-10 
  979       1.928858769925e-10 
  980       1.935030279559e-10 
  981       1.941149883574e-10 
  982       1.947212396869e-10 
  983       1.953212594422e-10 
  984       1.959145211183e-10 
  985       1.965004941983e-10 
  986       1.970786441428e-10 
  987       1.976484323802e-10 
  988       1.982093162966e-10 
  989       1.987607492263e-10 
  990       1.993021804414e-10 
  991       1.998330551418e-10 
  992       2.003528144456e-10 
  993       2.008608953791e-10 
  994       2.013567308666e-10 
  995       2.018398178860e-10 
  996       2.023099230514e-10 
  997       2.027668800285e-10 
  998       2.032105216416e-10 
  999       2.036406798713e-10 
 1000       2.040571858532e-10 
 1001       2.044598698762e-10 
 1002       2.048485613807e-10 
 1003       2.052230889568e-10 
 1004       2.055832803428e-10 
 1005       2.059289624235e-10 
 1006       2.062599612283e-10 
 1007       2.065761019298e-10 
 1008       2.068772088420e-10 
 1009       2.071631054182e-10 
 1010       2.074336142502e-10 
 1011       2.076885570656e-10 
 1012       2.079277547269e-10 
 1013       2.081510272292e-10 
 1014       2.083581936992e-10 
 1015       2.085490723927e-10 
 1016       2.087234806935e-10 
 1017       2.088812351115e-10 
 1018       2.090221512810e-10 
 1019       2.091460439590e-10 
 1020       2.092527270236e-10 
 1021       2.093420134721e-10 
 1022       2.094137154197e-10 
 1023       2.094676440972e-10 
 1024       2.095036098500e-10 
 1025       2.095214221358e-10 
 1026       2.095208895234e-10 
 1027       2.095018196905e-10 
 1028       2.094640194225e-10 
 1029       2.094072946106e-10 
 1030       2.093314502500e-10 
 1031       2.092362904382e-10 
 1032       2.091216183736e-10 
 1033       2.089872363536e-10 
 1034       2.088330057158e-10 
 1035       2.086590275931e-10 
 1036       2.084654647092e-10 
 1037       2.082524816720e-10 
 1038       2.080202449788e-10 
 1039       2.077689230212e-10 
 1040       2.074986860902e-10 
 1041       2.072097063813e-10 
 1042       2.069021579993e-10 
 1043       2.065762169636e-10 
 1044       2.062320612131e-10 
 1045       2.058698706110e-10 
 1046       2.054898269503e-10 
 1047       2.050921139585e-10 
 1048       2.046769173028e-10 
 1049       2.042444245948e-10 
 1050       2.037948253959e-10 
 1051       2.033283112223e-10 
 1052       2.028450755498e-10 
 1053       2.023453138188e-10 
 1054       2.018292234399e-10 
 1055       2.012970037980e-10 
 1056       2.007488562582e-10 
 1057       2.001849841702e-10 
 1058       1.996055928739e-10 
 1059       1.990108897037e-10 
 1060       1.984010839943e-10 
 1061       1.977763870852e-10 
 1062       1.971370123259e-10 
 1063       1.964831750810e-10 
 1064       1.958150927350e-10 
 1065       1.951329846977e-10 
 1066       1.944370724088e-10 
 1067       1.937275793432e-10 
 1068       1.930047310159e-10 
 1069       1.922687549874e-10 
 1070       1.915198808680e-10 
 1071       1.907583403236e-10 
 1072       1.899843670799e-10 
 1073       1.891982117778e-10 
 1074       1.884001867467e-10 
 1075       1.875906218505e-10 
 1076       1.867698496998e-10 
 1077       1.859382056586e-10 
 1078       1.850960278509e-10 
 1079       1.842436571674e-10 
 1080       1.833814372716e-10 
 1081       1.825097146070e-10 
 1082       1.816288384031e-10 
 1083       1.807391606825e-10 
 1084       1.798410362669e-10 
 1085       1.789348227844e-10 
 1086       1.780208806753e-10 
 1087       1.770995731992e-10 
 1088       1.761712664413e-10 
 1089       1.752363293193e-10 
 1090       1.742951335896e-10 
 1091       1.733480538539e-10 
 1092       1.723954675662e-10 
 1093       1.714377550390e-10 
 1094       1.704752994497e-10 
 1095       1.695084868477e-10 
 1096       1.685377061607e-10 
 1097       1.675633492011e-10 
 1098       1.665858106730e-10 
 1099       1.656054881781e-10 
 1100       1.646227822232e-10 
 1101       1.636380962259e-10 
 1102       1.626518365218e-10 
 1103       1.616644123706e-10 
 1104       1.606762359631e-10 
 1105       1.596877224273e-10 
 1106       1.586992898356e-10 
 1107       1.577113592107e-10 
 1108       1.567243545327e-10 
 1109       1.557387027452e-10 
 1110       1.547548337625e-10 
 1111       1.537731804754e-10 
 1112       1.527941470570e-10 
 1113       1.518180134074e-10 
 1114       1.508450294661e-10 
 1115       1.498754468030e-10 
 1116       1.489095186220e-10 
 1117       1.479474997645e-10 
 1118       1.469896467130e-10 
 1119       1.460362175943e-10 
 1120       1.450874721833e-10 
 1121       1.441436719064e-10 
 1122       1.432050798448e-10 
 1123       1.422719607385e-10 
 1124       1.413445809894e-10 
 1125       1.404232086646e-10 
 1126       1.395081135006e-10 
 1127       1.385995669060e-10 
 1128       1.376978419659e-10 
 1129       1.368032134443e-10 
 1130       1.359159577886e-10 
 1131       1.350363531326e-10 
 1132       1.341646792999e-10 
 1133       1.333012178080e-10 
 1134       1.324462518709e-10 
 1135       1.316000664035e-10 
 1136       1.307629480244e-10 
 1137       1.299351850600e-10 
 1138       1.291170675473e-10 
 1139       1.283088872382e-10 
 1140       1.275109376022e-10 
 1141       1.267235138307e-10 
 1142       1.259469128398e-10 
 1143       1.251814332741e-10 
 1144       1.244273755104e-10 
 1145       1.236850416608e-10 
 1146       1.229547355765e-10 
 1147       1.222367628512e-10 
 1148       1.215314308245e-10 
 1149       1.208390485855e-10 
 1150       1.201599269765e-10 
 1151       1.194943289972e-10 
 1152       1.188423203227e-10 
 1153       1.182039168946e-10 
 1154       1.175791343467e-10 
 1155       1.169679880044e-10 
 1156       1.163704928832e-10 
 1157       1.157866636879e-10 
 1158       1.152165148119e-10 
 1159       1.146600603357e-10 
 1160       1.141173140262e-10 
 1161       1.135882893358e-10 
 1162       1.130729994013e-10 
 1163       1.125714570427e-10 
 1164       1.120836747626e-10 
 1165       1.116096647451e-10 
 1166       1.111494388544e-10 
 1167       1.107030086344e-10 
 1168       1.102703853076e-10 
 1169       1.098515797736e-10 
 1170       1.094466026088e-10 
 1171       1.090554640649e-10 
 1172       1.086781740682e-10 
 1173       1.083147422184e-10 
 1174       1.079651777880e-10 
 1175       1.076294897208e-10 
 1176       1.073076866312e-10 
 1177       1.069997768031e-10 
 1178       1.067057681892e-10 
 1179       1.064256684096e-10 
 1180       1.061594847510e-10 
 1181       1.059072241658e-10 
 1182       1.056688932709e-10 
 1183       1.054444983470e-10 
 1184       1.052340453373e-10 
 1185       1.050375398467e-10 
 1186       1.048549871409e-10 
 1187       1.046863921449e-10 
 1188       1.045317594429e-10 
 1189       1.043910932764e-10 
 1190       1.042643653737e-10 
 1191       1.041514180053e-10 
 1192       1.040520597358e-10 
 1193       1.039660974820e-10 
 1194       1.038933365094e-10 
 1195       1.038335804281e-10 
 1196       1.037866311898e-10 
 1197       1.037522890834e-10 
 1198       1.037303527315e-10 
 1199       1.037206190869e-10 
 1200       1.037228834287e-10 
 1201       1.037369393586e-10 
 1202       1.037625787972e-10 
 1203       1.037995919801e-10 
 1204       1.038477674548e-10 
 1205       1.039068920762e-10 
 1206       1.039767510035e-10 
 1207       1.040571276959e-10 
 1208       1.041478039096e-10 
 1209       1.042485596936e-10 
 1210       1.043591733860e-10 
 1211       1.044794216105e-10 
 1212       1.046090792726e-10 
 1213       1.047479195557e-10 
 1214       1.048957139177e-10 
 1215       1.050522320872e-10 
 1216       1.052172420595e-10 
 1217       1.053905100934e-10 
 1218       1.055718007070e-10 
 1219       1.057608766743e-10 
 1220       1.059574990214e-10 
 1221       1.061614270225e-10 
 1222       1.063724181969e-10 
 1223       1.065902283046e-10 
 1224       1.068146113427e-10 
 1225       1.070453195421e-10 
 1226       1.072821033633e-10 
 1227       1.075247114930e-10 
 1228       1.077728908404e-10 
 1229       1.080263897587e-10 
 1230       1.082849677611e-10 
 1231       1.085483859131e-10 
 1232       1.088164036144e-10 
 1233       1.090887785947e-10 
 1234       1.093652669109e-10 
 1235       1.096456229435e-10 
 1236       1.099295993928e-10 
 1237       1.102169472758e-10 
 1238       1.105074159228e-10 
 1239       1.108007529736e-10 
 1240       1.110967043741e-10 
 1241       1.113950143734e-10 
 1242       1.116954255194e-10 
 1243       1.119976786562e-10 
 1244       1.123015129203e-10 
 1245       1.126066657369e-10 
 1246       1.129128728169e-10 
 1247       1.132198681532e-10 
 1248       1.135273840172e-10 
 1249       1.138351509554e-10 
 1250       1.141428977862e-10 
 1251       1.144503515959e-10 
 1252       1.147572377357e-10 
 1253       1.150632798181e-10 
 1254       1.153681997134e-10 
 1255       1.156717175463e-10 
 1256       1.159735516925e-10 
 1257       1.162734187750e-10 
 1258       1.165710336609e-10 
 1259       1.168661094579e-10 
 1260       1.171583575108e-10 
 1261       1.174474873979e-10 
 1262       1.177332069280e-10 
 1263       1.180152221362e-10 
 1264       1.182932372812e-10 
 1265       1.185669548414e-10 
 1266       1.188360755116e-10 
 1267       1.191002981996e-10 
 1268       1.193593504809e-10 
 1269       1.196130803560e-10 
 1270       1.198613655443e-10 
 1271       1.201040831203e-10 
 1272       1.203411095128e-10 
 1273       1.205723205034e-10 
 1274       1.207975912256e-10 
 1275       1.210167961630e-10 
 1276       1.212298091491e-10 
 1277       1.214365033651e-10 
 1278       1.216367513393e-10 
 1279       1.218304249461e-10 
 1280       1.220173954039e-10 
 1281       1.221975332752e-10 
 1282       1.223707084642e-10 
 1283       1.225367902164e-10 
 1284       1.226956471171e-10 
 1285       1.228471470903e-10 
 1286       1.229911573975e-10 
 1287       1.231275446366e-10 
 1288       1.232561747404e-10 
 1289       1.233769129758e-10 
 1290       1.234896239426e-10 
 1291       1.235941715718e-10 
 1292       1.236904191251e-10 
 1293       1.237782291932e-10 
 1294       1.238574636951e-10 
 1295       1.239279838763e-10 
 1296       1.239896503081e-10 
 1297       1.240423228864e-10 
 1298       1.240858608302e-10 
 1299       1.241201226805e-10 
 1300       1.241449662995e-10 
 1301       1.241602488689e-10 
 1302       1.241658268891e-10 
 1303       1.241615561776e-10 
 1304       1.241472918685e-10 
 1305       1.241228884104e-10 
 1306       1.240881995661e-10 
 1307       1.240431121628e-10 
 1308       1.239876477614e-10 
 1309       1.239218621223e-10 
 1310       1.238458115577e-10 
 1311       1.237595529332e-10 
 1312       1.236631436686e-10 
 1313       1.235566417392e-10 
 1314       1.234401056769e-10 
 1315       1.233135945716e-10 
 1316       1.231771680721e-10 
 1317       1.230308863875e-10 
 1318       1.228748102884e-10 
 1319       1.227090011078e-10 
 1320       1.225335207426e-10 
 1321       1.223484316548e-10 
 1322       1.221537968722e-10 
 1323       1.219496799903e-10 
 1324       1.217361451730e-10 
 1325       1.215132571537e-10 
 1326       1.212810812370e-10 
 1327       1.210396832994e-10 
 1328       1.207891297908e-10 
 1329       1.205294877352e-10 
 1330       1.202608247327e-10 
 1331       1.199832089598e-10 
 1332       1.196967091713e-10 
 1333       1.194013947010e-10 
 1334       1.190973354632e-10 
 1335       1.187846019535e-10 
 1336       1.184632652506e-10 
 1337       1.181333970168e-10 
 1338       1.177950694996e-10 
 1339       1.174483555329e-10 
 1340       1.170933285379e-10 
 1341       1.167300625246e-10 
 1342       1.163586320928e-10 
 1343       1.159791124332e-10 
 1344       1.155915793289e-10 
 1345       1.151961091563e-10 
 1346       1.147927936637e-10 
 1347       1.143817844799e-10 
 1348       1.139632490916e-10 
 1349       1.135373561120e-10 
 1350       1.131042752827e-10 
 1351       1.126641774763e-10 
 1352       1.122172346984e-10 
 1353       1.117636200895e-10 
 1354       1.113035079277e-10 
 1355       1.108370736304e-10 
 1356       1.103644937565e-10 
 1357       1.098859460087e-10 
 1358       1.094016092360e-10 
 1359       1.089116634350e-10 
 1360       1.084162897528e-10 
 1361       1.079156704891e-10 
 1362       1.074099890978e-10 
 1363       1.068994301898e-10 
 1364       1.063841795349e-10 
 1365       1.058644240640e-10 
 1366       1.053403518712e-10 
 1367       1.048121522159e-10 
 1368       1.042800155251e-10 
 1369       1.037441333958e-10 
 1370       1.032046985965e-10 
 1371       1.026619050699e-10 
 1372       1.021159479351e-10 
 1373       1.015670234893e-10 
 1374       1.010153292104e-10 
 1375       1.004610637589e-10 
 1376       9.990442698024e-11 
 1377       9.934561990690e-11 
 1378       9.878484476051e-11 
 1379       9.822230495403e-11 
 1380       9.765820509400e-11 
 1381       9.709275098257e-11 
 1382       9.652614961977e-11 
 1383       9.595860920563e-11 
 1384       9.539033914232e-11 
 1385       9.482153994094e-11 
 1386       9.425237282076e-11 
 1387       9.368298979326e-11 
 1388       9.311354372998e-11 
 1389       9.254418836407e-11 
 1390       9.197507829175e-11 
 1391       9.140636897392e-11 
 1392       9.083821673765e-11 
 1393       9.027077877773e-11 
 1394       8.970421315817e-11 
 1395       8.913867881378e-11 
 1396       8.857433555164e-11 
 1397       8.801134405270e-11 
 1398       8.744986587326e-11 
 1399       8.689006344652e-11 
 1400       8.633210008412e-11 
 1401       8.577613997764e-11 
 1402       8.522234820017e-11 
 1403       8.467089070783e-11 
 1404       8.412193434128e-11 
 1405       8.357564682727e-11 
 1406       8.303219678018e-11 
 1407       8.249175370352e-11 
 1408       8.195448799149e-11 
 1409       8.142057093053e-11 
 1410       8.089017470077e-11 
 1411       8.036347237766e-11 
 1412       7.984063793344e-11 
 1413       7.932184623869e-11 
 1414       7.880727306386e-11 
 1415       7.829709508080e-11 
 1416       7.779148986428e-11 
 1417       7.729063589357e-11 
 1418       7.679471255389e-11 
 1419       7.630390013802e-11 
 1420       7.581837984779e-11 
 1421       7.533833379560e-11 
 1422       7.486394500600e-11 
 1423       7.439539741718e-11 
 1424       7.393285195956e-11 
 1425       7.347637451973e-11 
 1426       7.302600723974e-11 
 1427       7.258179237305e-11 
 1428       7.214377228465e-11 
 1429       7.171198945115e-11 
 1430       7.128648646095e-11 
 1431       7.086730601429e-11 
 1432       7.045449092341e-11 
 1433       7.004808411266e-11 
 1434       6.964812861861e-11 
 1435       6.925466759016e-11 
 1436       6.886774428869e-11 
 1437       6.848740208813e-11 
 1438       6.811368447510e-11 
 1439       6.774663504904e-11 
 1440       6.738629752230e-11 
 1441       6.703271572029e-11 
 1442       6.668593358154e-11 
 1443       6.634599515789e-11 
 1444       6.601294461454e-11 
 1445       6.568682623021e-11 
 1446       6.536768439725e-11 
 1447       6.505556362173e-11 
 1448       6.475050852360e-11 
 1449       6.445256383675e-11 
 1450       6.416177440920e-11 
 1451       6.387818520314e-11 
 1452       6.360184129511e-11 
 1453       6.333278787606e-11 
 1454       6.307107025153e-11 
 1455       6.281673384171e-11 
 1456       6.256982418158e-11 
 1457       6.233038692104e-11 
 1458       6.209846782500e-11 
 1459       6.187411277351e-11 
 1460       6.165736776188e-11 
 1461       6.144827890081e-11 
 1462       6.124689241645e-11 
 1463       6.105323446884e-11 
 1464       6.086725038599e-11 
 1465       6.068886482255e-11 
 1466       6.051800188536e-11 
 1467       6.035458513249e-11 
 1468       6.019853757221e-11 
 1469       6.004978166195e-11 
 1470       5.990823930733e-11 
 1471       5.977383186112e-11 
 1472       5.964648012221e-11 
 1473       5.952610433464e-11 
 1474       5.941262418656e-11 
 1475       5.930595880920e-11 
 1476       5.920602677589e-11 
 1477       5.911274610102e-11 
 1478       5.902603423904e-11 
 1479       5.894580808344e-11 
 1480       5.887198396575e-11 
 1481       5.880447765449e-11 
 1482       5.874320435419e-11 
 1483       5.868807870438e-11 
 1484       5.863901477853e-11 
 1485       5.859592608310e-11 
 1486       5.855872555648e-11 
 1487       5.852732556797e-11 
 1488       5.850163791683e-11 
 1489       5.848157383117e-11 
 1490       5.846704396702e-11 
 1491       5.845795840727e-11 
 1492       5.845422666069e-11 
 1493       5.845575766086e-11 
 1494       5.846245976521e-11 
 1495       5.847424075400e-11 
 1496       5.849100782927e-11 
 1497       5.851266761385e-11 
 1498       5.853912615036e-11 
 1499       5.857028890018e-11 
 1500       5.860606074242e-11 
 1501       5.864634597293e-11 
 1502       5.869104411870e-11 
 1503       5.874003733846e-11 
 1504       5.879320289739e-11 
 1505       5.885041733928e-11 
 1506       5.891155648534e-11 
 1507       5.897649543291e-11 
 1508       5.904510855430e-11 
 1509       5.911726949547e-11 
 1510       5.919285117487e-11 
 1511       5.927172578214e-11 
 1512       5.935376477692e-11 
 1513       5.943883888759e-11 
 1514       5.952681811002e-11 
 1515       5.961757170637e-11 
 1516       5.971096820384e-11 
 1517       5.980687539342e-11 
 1518       5.990516032865e-11 
 1519       6.000568932442e-11 
 1520       6.010832795569e-11 
 1521       6.021294105629e-11 
 1522       6.031939271764e-11 
 1523       6.042754628757e-11 
 1524       6.053726436903e-11 
 1525       6.064840881889e-11 
 1526       6.076084074669e-11 
 1527       6.087442051340e-11 
 1528       6.098900773018e-11 
 1529       6.110446125716e-11 
 1530       6.122063920220e-11 
 1531       6.133739891964e-11 
 1532       6.145459700907e-11 
 1533       6.157208931409e-11 
 1534       6.168973092110e-11 
 1535       6.180737615801e-11 
 1536       6.192487859307e-11 
 1537       6.204209103358e-11 
 1538       6.215886552467e-11 
 1539       6.227505334807e-11 
 1540       6.239050502087e-11 
 1541       6.250508167692e-11 
 1542       6.261868933160e-11 
 1543       6.273124493986e-11 
 1544       6.284266504240e-11 
 1545       6.295286576503e-11 
 1546       6.306176281803e-11 
 1547       6.316927149545e-11 
 1548       6.327530667445e-11 
 1549       6.337978281469e-11 
 1550       6.348261395760e-11 
 1551       6.358371372575e-11 
 1552       6.368299532221e-11 
 1553       6.378037152986e-11 
 1554       6.387575471072e-11 
 1555       6.396905680531e-11 
 1556       6.406018933199e-11 
 1557       6.414906338628e-11 
 1558       6.423558964022e-11 
 1559       6.431967834167e-11 
 1560       6.440123931371e-11 
 1561       6.448018195392e-11 
 1562       6.455641523375e-11 
 1563       6.462984769784e-11 
 1564       6.470038746339e-11 
 1565       6.476794221944e-11 
 1566       6.483241922629e-11 
 1567       6.489372531476e-11 
 1568       6.495176688557e-11 
 1569       6.500644990867e-11 
 1570       6.505767992259e-11 
 1571       6.510536203376e-11 
 1572       6.514940091583e-11 
 1573       6.518970080908e-11 
 1574       6.522616551967e-11 
 1575       6.525869841904e-11 
 1576       6.528720244323e-11 
 1577       6.531158009221e-11 
 1578       6.533173342923e-11 
 1579       6.534756408014e-11 
 1580       6.535899010313e-11 
 1581       6.536599676997e-11 
 1582       6.536858625362e-11 
 1583       6.536676080063e-11 
 1584       6.536052273133e-11 
 1585       6.534987443999e-11 
 1586       6.533481839490e-11 
 1587       6.531535713860e-11 
 1588       6.529149328798e-11 
 1589       6.526322953445e-11 
 1590       6.523056864406e-11 
 1591       6.519351345768e-11 
 1592       6.515206689116e-11 
 1593       6.510623193541e-11 
 1594       6.505601165665e-11 
 1595       6.500140919645e-11 
 1596       6.494242777197e-11 
 1597       6.487907067607e-11 
 1598       6.481134127744e-11 
 1599       6.473924302078e-11 
 1600       6.466277942695e-11 
 1601       6.458195409309e-11 
 1602       6.449677069279e-11 
 1603       6.440723297623e-11 
 1604       6.431334477035e-11 
 1605       6.421510997897e-11 
 1606       6.411253258295e-11 
 1607       6.400561664034e-11 
 1608       6.389436628653e-11 
 1609       6.377878573440e-11 
 1610       6.365887927447e-11 
 1611       6.353465127502e-11 
 1612       6.340610618230e-11 
 1613       6.327324852061e-11 
 1614       6.313608289250e-11 
 1615       6.299461397890e-11 
 1616       6.284884653925e-11 
 1617       6.269878541169e-11 
 1618       6.254443551318e-11 
 1619       6.238581253934e-11 
 1620       6.222297516951e-11 
 1621       6.205599315299e-11 
 1622       6.188493663643e-11 
 1623       6.170987616442e-11 
 1624       6.153088268019e-11 
 1625       6.134802752619e-11 
 1626       6.116138244477e-11 
 1627       6.097101957881e-11 
 1628       6.077701147233e-11 
 1629       6.057943107115e-11 
 1630       6.037835172354e-11 
 1631       6.017384718084e-11 
 1632       5.996599159811e-11 
 1633       5.975485953476e-11 
 1634       5.954052595517e-11 
 1635       5.932306622938e-11 
 1636       5.910255613368e-11 
 1637       5.887907185127e-11 
 1638       5.865268997290e-11 
 1639       5.842348749748e-11 
 1640       5.819154183277e-11 
 1641       5.795693079596e-11 
 1642       5.771973261437e-11 
 1643       5.748002592602e-11 
 1644       5.723788978033e-11 
 1645       5.699340363873e-11 
 1646       5.674664737528e-11 
 1647       5.649770127735e-11 
 1648       5.624664604623e-11 
 1649       5.599356279778e-11 
 1650       5.573853306305e-11 
 1651       5.548163878894e-11 
 1652       5.522296233884e-11 
 1653       5.496258649325e-11 
 1654       5.470059445042e-11 
 1655       5.443706982701e-11 
 1656       5.417209665870e-11 
 1657       5.390575940085e-11 
 1658       5.363814189904e-11 
 1659       5.336932428948e-11 
 1660       5.309938607254e-11 
 1661       5.282840714090e-11 
 1662       5.255646778019e-11 
 1663       5.228364866958e-11 
 1664       5.201003088234e-11 
 1665       5.173569588645e-11 
 1666       5.146072554523e-11 
 1667       5.118520211787e-11 
 1668       5.090920826006e-11 
 1669       5.063282702459e-11 
 1670       5.035614186193e-11 
 1671       5.007923662081e-11 
 1672       4.980219554883e-11 
 1673       4.952510329306e-11 
 1674       4.924804490064e-11 
 1675       4.897110581932e-11 
 1676       4.869437189811e-11 
 1677       4.841792938787e-11 
 1678       4.814186494187e-11 
 1679       4.786626561641e-11 
 1680       4.759121887139e-11 
 1681       4.731681257093e-11 
 1682       4.704313498396e-11 
 1683       4.677027478480e-11 
 1684       4.649832105374e-11 
 1685       4.622736327767e-11 
 1686       4.595749135066e-11 
 1687       4.568879557454e-11 
 1688       4.542136665950e-11 
 1689       4.515529572468e-11 
 1690       4.489067429878e-11 
 1691       4.462759432065e-11 
 1692       4.436614813985e-11 
 1693       4.410642851730e-11 
 1694       4.384852862581e-11 
 1695       4.359254205072e-11 
 1696       4.333856279049e-11 
 1697       4.308667550428e-11 
 1698       4.283692616160e-11 
 1699       4.258935114080e-11 
 1700       4.234398695929e-11 
 1701       4.210087027369e-11 
 1702       4.186003788007e-11 
 1703       4.162152671409e-11 
 1704       4.138537385123e-11 
 1705       4.115161650692e-11 
 1706       4.092029203680e-11 
 1707       4.069143793684e-11 
 1708       4.046509184358e-11 
 1709       4.024129153427e-11 
 1710       4.002007492709e-11 
 1711       3.980148008134e-11 
 1712       3.958554519759e-11 
 1713       3.937230861792e-11 
 1714       3.916180882607e-11 
 1715       3.895408444761e-11 
 1716       3.874917425021e-11 
 1717       3.854711714371e-11 
 1718       3.834795218041e-11 
 1719       3.815171855521e-11 
 1720       3.795845560578e-11 
 1721       3.776820281279e-11 
 1722       3.758099980008e-11 
 1723       3.739688633483e-11 
 1724       3.721590232777e-11 
 1725       3.703808783337e-11 
 1726       3.686348304999e-11 
 1727       3.669212832011e-11 
 1728       3.652406413051e-11 
 1729       3.635933111242e-11 
 1730       3.619797004177e-11 
 1731       3.604002183931e-11 
 1732       3.588552757085e-11 
 1733       3.573452844741e-11 
 1734       3.558706582545e-11 
 1735       3.544318120700e-11 
 1736       3.530290563621e-11 
 1737       3.516622779060e-11 
 1738       3.503312562125e-11 
 1739       3.490357693178e-11 
 1740       3.477755937816e-11 
 1741       3.465505046844e-11 
 1742       3.453602756255e-11 
 1743       3.442046787206e-11 
 1744       3.430834845991e-11 
 1745       3.419964624021e-11 
 1746       3.409433797802e-11 
 1747       3.399240028905e-11 
 1748       3.389380963950e-11 
 1749       3.379854234578e-11 
 1750       3.370657457428e-11 
 1751       3.361788234115e-11 
 1752       3.353244151205e-11 
 1753       3.345022780194e-11 
 1754       3.337121677481e-11 
 1755       3.329538384347e-11 
 1756       3.322270426930e-11 
 1757       3.315315316205e-11 
 1758       3.308670547955e-11 
 1759       3.302333602752e-11 
 1760       3.296301945930e-11 
 1761       3.290573027566e-11 
 1762       3.285144282453e-11 
 1763       3.280013130077e-11 
 1764       3.275176974595e-11 
 1765       3.270633204809e-11 
 1766       3.266379194145e-11 
 1767       3.262412300630e-11 
 1768       3.258729866865e-11 
 1769       3.255329220004e-11 
 1770       3.252207671731e-11 
 1771       3.249362518236e-11 
 1772       3.246791040189e-11 
 1773       3.244490502723e-11 
 1774       3.242458155401e-11 
 1775       3.240690777306e-11 
 1776       3.239183308228e-11 
 1777       3.237930206141e-11 
 1778       3.236925901036e-11 
 1779       3.236164794880e-11 
 1780       3.235641261570e-11 
 1781       3.235349646901e-11 
 1782       3.235284268519e-11 
 1783       3.235439415880e-11 
 1784       3.235809350214e-11 
 1785       3.236388304479e-11 
 1786       3.237170483322e-11 
 1787       3.238150063042e-11 
 1788       3.239321191542e-11 
 1789       3.240677988294e-11 
 1790       3.242214544296e-11 
 1791       3.243924922030e-11 
 1792       3.245803155426e-11 
 1793       3.247843249814e-11 
 1794       3.250039181890e-11 
 1795       3.252384899671e-11 
 1796       3.254874322455e-11 
 1797       3.257501340781e-11 
 1798       3.260259816390e-11 
 1799       3.263143582179e-11 
 1800       3.266146442164e-11 
 1801       3.269262171441e-11 
 1802       3.272484516140e-11 
 1803       3.275807193388e-11 
 1804       3.279223891266e-11 
 1805       3.282728268773e-11 
 1806       3.286313955776e-11 
 1807       3.289974552980e-11 
 1808       3.293703631878e-11 
 1809       3.297494734718e-11 
 1810       3.301341374454e-11 
 1811       3.305237034714e-11 
 1812       3.309175169751e-11 
 1813       3.313149204409e-11 
 1814       3.317152854449e-11 
 1815       3.321181090445e-11 
 1816       3.325229181586e-11 
 1817       3.329292375979e-11 
 1818       3.333365900619e-11 
 1819       3.337444961363e-11 
 1820       3.341524742897e-11 
 1821       3.345600408712e-11 
 1822       3.349667101068e-11 
 1823       3.353719940973e-11 
 1824       3.357754028147e-11 
 1825       3.361764440996e-11 
 1826       3.365746236583e-11 
 1827       3.369694450599e-11 
 1828       3.373604097330e-11 
 1829       3.377470169635e-11 
 1830       3.381287638912e-11 
 1831       3.385051455068e-11 
 1832       3.388756546493e-11 
 1833       3.392397820031e-11 
 1834       3.395970160947e-11 
 1835       3.399468432902e-11 
 1836       3.402887477922e-11 
 1837       3.406222116370e-11 
 1838       3.409467146914e-11 
 1839       3.412617346501e-11 
 1840       3.415667470328e-11 
 1841       3.418612251811e-11 
 1842       3.421446402555e-11 
 1843       3.424164612329e-11 
 1844       3.426761549033e-11 
 1845       3.429231858670e-11 
 1846       3.431570165318e-11 
 1847       3.433771071100e-11 
 1848       3.435829156155e-11 
 1849       3.437738978607e-11 
 1850       3.439495074540e-11 
 1851       3.441091957966e-11 
 1852       3.442524120795e-11 
 1853       3.443786776290e-11 
 1854       3.444878095891e-11 
 1855       3.445796989998e-11 
 1856       3.446542366087e-11 
 1857       3.447113128713e-11 
 1858       3.447508179498e-11 
 1859       3.447726417138e-11 
 1860       3.447766737391e-11 
 1861       3.447628033081e-11 
 1862       3.447309194089e-11 
 1863       3.446809107353e-11 
 1864       3.446126656865e-11 
 1865       3.445260723666e-11 
 1866       3.444210185845e-11 
 1867       3.442973918535e-11 
 1868       3.441550793908e-11 
 1869       3.439939681175e-11 
 1870       3.438139446581e-11 
 1871       3.436148953402e-11 
 1872       3.433967061943e-11 
 1873       3.431592629532e-11 
 1874       3.429024510520e-11 
 1875       3.426261556278e-11 
 1876       3.423302615191e-11 
 1877       3.420146532655e-11 
 1878       3.416792151078e-11 
 1879       3.413238309872e-11 
 1880       3.409483845454e-11 
 1881       3.405527591238e-11 
 1882       3.401368377637e-11 
 1883       3.397005032056e-11 
 1884       3.392436378891e-11 
 1885       3.387661239526e-11 
 1886       3.382678432327e-11 
 1887       3.377486772644e-11 
 1888       3.372085072800e-11 
 1889       3.366472142098e-11 
 1890       3.360646786808e-11 
 1891       3.354607810172e-11 
 1892       3.348354632569e-11 
 1893       3.341889157287e-11 
 1894       3.335213919179e-11 
 1895       3.328331465817e-11 
 1896       3.321244357508e-11 
 1897       3.313955167315e-11 
 1898       3.306466481072e-11 
 1899       3.298780897400e-11 
 1900       3.290901027730e-11 
 1901       3.282829496316e-11 
 1902       3.274568940254e-11 
 1903       3.266122009499e-11 
 1904       3.257491366886e-11 
 1905       3.248679688141e-11 
 1906       3.239689661906e-11 
 1907       3.230523989752e-11 
 1908       3.221185386198e-11 
 1909       3.211676578728e-11 
 1910       3.202000307810e-11 
 1911       3.192159326913e-11 
 1912       3.182156402523e-11 
 1913       3.171994314163e-11 
 1914       3.161675854410e-11 
 1915       3.151203828912e-11 
 1916       3.140581056405e-11 
 1917       3.129810368734e-11 
 1918       3.118894610865e-11 
 1919       3.107836640909e-11 
 1920       3.096639330134e-11 
 1921       3.085305562987e-11 
 1922       3.073838237108e-11 
 1923       3.062240263351e-11 
 1924       3.050514565799e-11 
 1925       3.038664081784e-11 
 1926       3.026691761901e-11 
 1927       3.014600570029e-11 
 1928       3.002393483350e-11 
 1929       2.990073492360e-11 
 1930       2.977643600893e-11 
 1931       2.965106956701e-11 
 1932       2.952467244246e-11 
 1933       2.939728294921e-11 
 1934       2.926893956775e-11 
 1935       2.913968094539e-11 
 1936       2.900954589643e-11 
 1937       2.887857340242e-11 
 1938       2.874680261236e-11 
 1939       2.861427284289e-11 
 1940       2.848102357859e-11 
 1941       2.834709447209e-11 
 1942       2.821252534439e-11 
 1943       2.807735618501e-11 
 1944       2.794162715223e-11 
 1945       2.780537857332e-11 
 1946       2.766865094474e-11 
 1947       2.753148493236e-11 
 1948       2.739392137169e-11 
 1949       2.725600126811e-11 
 1950       2.711776579704e-11 
 1951       2.697925630421e-11 
 1952       2.684051430585e-11 
 1953       2.670158148891e-11 
 1954       2.656249971130e-11 
 1955       2.642331100209e-11 
 1956       2.628405756171e-11 
 1957       2.614478176221e-11 
 1958       2.600552614745e-11 
 1959       2.586633343333e-11 
 1960       2.572724650801e-11 
 1961       2.558830843209e-11 
 1962       2.544956243891e-11 
 1963       2.531105193467e-11 
 1964       2.517282049874e-11 
 1965       2.503491188381e-11 
 1966       2.489737001615e-11 
 1967       2.476023899578e-11 
 1968       2.462356309677e-11 
 1969       2.448738676737e-11 
 1970       2.435175126199e-11 
 1971       2.421668450910e-11 
 1972       2.408221116849e-11 
 1973       2.394835599282e-11 
 1974       2.381514382774e-11 
 1975       2.368259961200e-11 
 1976       2.355074837757e-11 
 1977       2.341961524975e-11 
 1978       2.328922544731e-11 
 1979       2.315960428255e-11 
 1980       2.303077716146e-11 
 1981       2.290276958383e-11 
 1982       2.277560714335e-11 
 1983       2.264931552771e-11 
 1984       2.252392051875e-11 
 1985       2.239944799257e-11 
 1986       2.227592391960e-11 
 1987       2.215337436476e-11 
 1988       2.203182548757e-11 
 1989       2.191130354225e-11 
 1990       2.179183487783e-11 
 1991       2.167344593827e-11 
 1992       2.155616326259e-11 
 1993       2.144001348496e-11 
 1994       2.132502333484e-11 
 1995       2.121121963706e-11 
 1996       2.109862931196e-11 
 1997       2.098727937552e-11 
 1998       2.087719693941e-11 
 1999       2.076840921119e-11 
 2000       2.066094349435e-11 
 2001       2.055482718847e-11 
 2002       2.045008778931e-11 
 2003       2.034675288894e-11 
 2004       2.024485017585e-11 
 2005       2.014440743506e-11 
 2006       2.004545254822e-11 
 2007       1.994801349378e-11 
 2008       1.985211834701e-11 
 2009       1.975779025749e-11 
 2010       1.966503234095e-11 
 2011       1.957384267758e-11 
 2012       1.948421932464e-11 
 2013       1.939616031651e-11 
 2014       1.930966366459e-11 
 2015       1.922472735731e-11 
 2016       1.914134936007e-11 
 2017       1.905952761521e-11 
 2018       1.897926004198e-11 
 2019       1.890054453650e-11 
 2020       1.882337897174e-11 
 2021       1.874776119744e-11 
 2022       1.867368904015e-11 
 2023       1.860116030310e-11 
 2024       1.853017276627e-11 
 2025       1.846072418627e-11 
 2026       1.839281229635e-11 
 2027       1.832643480633e-11 
 2028       1.826158940261e-11 
 2029       1.819827374811e-11 
 2030       1.813648548223e-11 
 2031       1.807622222081e-11 
 2032       1.801748155613e-11 
 2033       1.796026105684e-11 
 2034       1.790455826794e-11 
 2035       1.785037071073e-11 
 2036       1.779769588279e-11 
 2037       1.774653125797e-11 
 2038       1.769687428627e-11 
 2039       1.764872239392e-11 
 2040       1.760207298326e-11 
 2041       1.755692343271e-11 
 2042       1.751327109680e-11 
 2043       1.747111330606e-11 
 2044       1.743044736703e-11 
 2045       1.739127056220e-11 
 2046       1.735358015000e-11 
 2047       1.731737336474e-11 
 2048       1.728264423450e-11 
 2049       1.724937400998e-11 
 2050       1.721754066715e-11 
 2051       1.718712208303e-11 
 2052       1.715809603558e-11 
 2053       1.713044020352e-11 
 2054       1.710413216625e-11 
 2055       1.707914940372e-11 
 2056       1.705546929626e-11 
 2057       1.703306912453e-11 
 2058       1.701192606931e-11 
 2059       1.699201721145e-11 
 2060       1.697331953169e-11 
 2061       1.695580991056e-11 
 2062       1.693946512824e-11 
 2063       1.692426186445e-11 
 2064       1.691017669831e-11 
 2065       1.689718610823e-11 
 2066       1.688526647174e-11 
 2067       1.687439406545e-11 
 2068       1.686454506482e-11 
 2069       1.685569554412e-11 
 2070       1.684782147625e-11 
 2071       1.684089873264e-11 
 2072       1.683490308311e-11 
 2073       1.682981019577e-11 
 2074       1.682559563686e-11 
 2075       1.682223487063e-11 
 2076       1.681970325924e-11 
 2077       1.681797606261e-11 
 2078       1.681702843831e-11 
 2079       1.681683544140e-11 
 2080       1.681737202436e-11 
 2081       1.681861303691e-11 
 2082       1.682053322592e-11 
 2083       1.682310723526e-11 
 2084       1.682630960569e-11 
 2085       1.683011477473e-11 
 2086       1.683449707654e-11 
 2087       1.683943100487e-11 
 2088       1.684489200428e-11 
 2089       1.685085568423e-11 
 2090       1.685729755639e-11 
 2091       1.686419303447e-11 
 2092       1.687151743415e-11 
 2093       1.687924597294e-11 
 2094       1.688735377007e-11 
 2095       1.689581584636e-11 
 2096       1.690460712411e-11 
 2097       1.691370242697e-11 
 2098       1.692307647986e-11 
 2099       1.693270390877e-11 
 2100       1.694255924073e-11 
 2101       1.695261690366e-11 
 2102       1.696285122621e-11 
 2103       1.697323643769e-11 
 2104       1.698374666796e-11 
 2105       1.699435594726e-11 
 2106       1.700503820612e-11 
 2107       1.701576727526e-11 
 2108       1.702651688545e-11 
 2109       1.703726066736e-11 
 2110       1.704797215153e-11 
 2111       1.705862476813e-11 
 2112       1.706919184697e-11 
 2113       1.707964661728e-11 
 2114       1.708996220764e-11 
 2115       1.710011164584e-11 
 2116       1.711006785879e-11 
 2117       1.711980367237e-11 
 2118       1.712929181133e-11 
 2119       1.713850489917e-11 
 2120       1.714741545800e-11 
 2121       1.715599590845e-11 
 2122       1.716421856954e-11 
 2123       1.717205565855e-11 
 2124       1.717947929093e-11 
 2125       1.718646148014e-11 
 2126       1.719297698939e-11 
 2127       1.719901190845e-11 
 2128       1.720455513562e-11 
 2129       1.720959553127e-11 
 2130       1.721412191777e-11 
 2131       1.721812307947e-11 
 2132       1.722158776260e-11 
 2133       1.722450467533e-11 
 2134       1.722686248761e-11 
 2135       1.722864983121e-11 
 2136       1.722985529965e-11 
 2137       1.723046744814e-11 
 2138       1.723047479358e-11 
 2139       1.722986581445e-11 
 2140       1.722862895085e-11 
 2141       1.722675260438e-11 
 2142       1.722422513815e-11 
 2143       1.722103487671e-11 
 2144       1.721717010602e-11 
 2145       1.721261907339e-11 
 2146       1.720736998747e-11 
 2147       1.720141101815e-11 
 2148       1.719473029659e-11 
 2149       1.718731591512e-11 
 2150       1.717915592720e-11 
 2151       1.717023834743e-11 
 2152       1.716055115145e-11 
 2153       1.715008227590e-11 
 2154       1.713881961842e-11 
 2155       1.712675103758e-11 
 2156       1.711386435280e-11 
 2157       1.710014734440e-11 
 2158       1.708558775346e-11 
 2159       1.707017328183e-11 
 2160       1.705389159207e-11 
 2161       1.703673030743e-11 
 2162       1.701867701177e-11 
 2163       1.699971924954e-11 
 2164       1.697984452573e-11 
 2165       1.695904344446e-11 
 2166       1.693731914797e-11 
 2167       1.691467794133e-11 
 2168       1.689112615973e-11 
 2169       1.686667016842e-11 
 2170       1.684131636282e-11 
 2171       1.681507116851e-11 
 2172       1.678794104130e-11 
 2173       1.675993246726e-11 
 2174       1.673105196273e-11 
 2175       1.670130607440e-11 
 2176       1.667070137933e-11 
 2177       1.663924448495e-11 
 2178       1.660694202917e-11 
 2179       1.657380068036e-11 
 2180       1.653982713739e-11 
 2181       1.650502812972e-11 
 2182       1.646941041737e-11 
 2183       1.643298079098e-11 
 2184       1.639574607189e-11 
 2185       1.635771311212e-11 
 2186       1.631888879441e-11 
 2187       1.627928003230e-11 
 2188       1.623889377014e-11 
 2189       1.619773698314e-11 
 2190       1.615581667736e-11 
 2191       1.611313988982e-11 
 2192       1.606971368849e-11 
 2193       1.602554517234e-11 
 2194       1.598064147137e-11 
 2195       1.593500974667e-11 
 2196       1.588865719042e-11 
 2197       1.584159102596e-11 
 2198       1.579381850780e-11 
 2199       1.574534692171e-11 
 2200       1.569618358467e-11 
 2201       1.564633584499e-11 
 2202       1.559581108230e-11 
 2203       1.554461670762e-11 
 2204       1.549276159069e-11 
 2205       1.544026035251e-11 
 2206       1.538712910140e-11 
 2207       1.533338400835e-11 
 2208       1.527904130705e-11 
 2209       1.522411729401e-11 
 2210       1.516862832863e-11 
 2211       1.511259083321e-11 
 2212       1.505602129311e-11 
 2213       1.499893625676e-11 
 2214       1.494135233575e-11 
 2215       1.488328620492e-11 
 2216       1.482475460239e-11 
 2217       1.476577432969e-11 
 2218       1.470636225177e-11 
 2219       1.464653529715e-11 
 2220       1.458631045790e-11 
 2221       1.452570478978e-11 
 2222       1.446473541230e-11 
 2223       1.440341950878e-11 
 2224       1.434177432640e-11 
 2225       1.427981717635e-11 
 2226       1.421756543380e-11 
 2227       1.415503653806e-11 
 2228       1.409224799260e-11 
 2229       1.402921736515e-11 
 2230       1.396596228775e-11 
 2231       1.390250045685e-11 
 2232       1.383884963334e-11 
 2233       1.377502764267e-11 
 2234       1.371105237490e-11 
 2235       1.364694178477e-11 
 2236       1.358271389178e-11 
 2237       1.351838678025e-11 
 2238       1.345397859941e-11 
 2239       1.338950756346e-11 
 2240       1.332499195164e-11 
 2241       1.326045010834e-11 
 2242       1.319590044309e-11 
 2243       1.313136062358e-11 
 2244       1.306684514853e-11 
 2245       1.300236775907e-11 
 2246       1.293794224452e-11 
 2247       1.287358244243e-11 
 2248       1.280930223865e-11 
 2249       1.274511556736e-11 
 2250       1.268103641113e-11 
 2251       1.261707880099e-11 
 2252       1.255325681647e-11 
 2253       1.248958458564e-11 
 2254       1.242607628519e-11 
 2255       1.236274614046e-11 
 2256       1.229960842553e-11 
 2257       1.223667746321e-11 
 2258       1.217396762515e-11 
 2259       1.211149333187e-11 
 2260       1.204926905282e-11 
 2261       1.198730930643e-11 
 2262       1.192562866015e-11 
 2263       1.186424173053e-11 
 2264       1.180316318326e-11 
 2265       1.174240773321e-11 
 2266       1.168199014451e-11 
 2267       1.162192523057e-11 
 2268       1.156222785418e-11 
 2269       1.150291292751e-11 
 2270       1.144399541220e-11 
 2271       1.138549031941e-11 
 2272       1.132741270984e-11 
 2273       1.126977769383e-11 
 2274       1.121260043139e-11 
 2275       1.115589613225e-11 
 2276       1.109968005591e-11 
 2277       1.104396751172e-11 
 2278       1.098877385890e-11 
 2279       1.093411450660e-11 
 2280       1.088000491399e-11 
 2281       1.082646059025e-11 
 2282       1.077349502308e-11 
 2283       1.072111344932e-11 
 2284       1.066931904449e-11 
 2285       1.061811499067e-11 
 2286       1.056750447660e-11 
 2287       1.051749069763e-11 
 2288       1.046807685575e-11 
 2289       1.041926615958e-11 
 2290       1.037106182439e-11 
 2291       1.032346707209e-11 
 2292       1.027648513124e-11 
 2293       1.023011923709e-11 
 2294       1.018437263152e-11 
 2295       1.013924856309e-11 
 2296       1.009475028705e-11 
 2297       1.005088106531e-11 
 2298       1.000764416649e-11 
 2299       9.965042865886e-12 
 2300       9.923080445496e-12 
 2301       9.881760194023e-12 
 2302       9.841085406878e-12 
 2303       9.801059386188e-12 
 2304       9.761685440798e-12 
 2305       9.722966886280e-12 
 2306       9.684907044937e-12 
 2307       9.647509245808e-12 
 2308       9.610776824674e-12 
 2309       9.574713124064e-12 
 2310       9.539321493259e-12 
 2311       9.504605288300e-12 
 2312       9.470567871992e-12 
 2313       9.437212613907e-12 
 2314       9.404542890396e-12 
 2315       9.372562084588e-12 
 2316       9.341273586399e-12 
 2317       9.310680792535e-12 
 2318       9.280787106502e-12 
 2319       9.251595938605e-12 
 2320       9.223110705960e-12 
 2321       9.195333060053e-12 
 2322       9.168257557196e-12 
 2323       9.141876954467e-12 
 2324       9.116183979063e-12 
 2325       9.091171328263e-12 
 2326       9.066831669402e-12 
 2327       9.043157639830e-12 
 2328       9.020141846881e-12 
 2329       8.997776867839e-12 
 2330       8.976055249903e-12 
 2331       8.954969510153e-12 
 2332       8.934512135519e-12 
 2333       8.914675582743e-12 
 2334       8.895452278347e-12 
 2335       8.876834618598e-12 
 2336       8.858814969478e-12 
 2337       8.841385666642e-12 
 2338       8.824539015393e-12 
 2339       8.808267290642e-12 
 2340       8.792562736877e-12 
 2341       8.777417568127e-12 
 2342       8.762823967930e-12 
 2343       8.748774089297e-12 
 2344       8.735260054681e-12 
 2345       8.722273955939e-12 
 2346       8.709807854301e-12 
 2347       8.697853780336e-12 
 2348       8.686403733916e-12 
 2349       8.675449684185e-12 
 2350       8.664983569522e-12 
 2351       8.654997297509e-12 
 2352       8.645482744895e-12 
 2353       8.636431757566e-12 
 2354       8.627836150507e-12 
 2355       8.619687707770e-12 
 2356       8.611978182438e-12 
 2357       8.604699296595e-12 
 2358       8.597842741289e-12 
 2359       8.591400176497e-12 
 2360       8.585362800890e-12 
 2361       8.579720058265e-12 
 2362       8.574460923018e-12 
 2363       8.569574329579e-12 
 2364       8.565049172363e-12 
 2365       8.560874305733e-12 
 2366       8.557038543955e-12 
 2367       8.553530661151e-12 
 2368       8.550339391262e-12 
 2369       8.547453427999e-12 
 2370       8.544861424804e-12 
 2371       8.542551994805e-12 
 2372       8.540513710772e-12 
 2373       8.538735105076e-12 
 2374       8.537204669642e-12 
 2375       8.535910855911e-12 
 2376       8.534842074792e-12 
 2377       8.533986696623e-12 
 2378       8.533333051122e-12 
 2379       8.532869427351e-12 
 2380       8.532584073666e-12 
 2381       8.532465197679e-12 
 2382       8.532500966212e-12 
 2383       8.532679505254e-12 
 2384       8.532988899919e-12 
 2385       8.533417194399e-12 
 2386       8.533952391929e-12 
 2387       8.534582454733e-12 
 2388       8.535295303990e-12 
 2389       8.536078819785e-12 
 2390       8.536920841069e-12 
 2391       8.537809165613e-12 
 2392       8.538731549969e-12 
 2393       8.539675709421e-12 
 2394       8.540629317948e-12 
 2395       8.541580008174e-12 
 2396       8.542515371331e-12 
 2397       8.543422957213e-12 
 2398       8.544290274132e-12 
 2399       8.545105629202e-12 
 2400       8.545860654873e-12 
 2401       8.546547797734e-12 
 2402       8.547159479552e-12 
 2403       8.547688097258e-12 
 2404       8.548126022913e-12 
 2405       8.548465603684e-12 
 2406       8.548699161821e-12 
 2407       8.548818994630e-12 
 2408       8.548817374444e-12 
 2409       8.548686548603e-12 
 2410       8.548418739423e-12 
 2411       8.548006144176e-12 
 2412       8.547440935056e-12 
 2413       8.546715259163e-12 
 2414       8.545821238469e-12 
 2415       8.544750969799e-12 
 2416       8.543496524799e-12 
 2417       8.542049949915e-12 
 2418       8.540403266365e-12 
 2419       8.538548470116e-12 
 2420       8.536477531852e-12 
 2421       8.534182396957e-12 
 2422       8.531654985482e-12 
 2423       8.528887192123e-12 
 2424       8.525870886194e-12 
 2425       8.522597911603e-12 
 2426       8.519060086822e-12 
 2427       8.515249204868e-12 
 2428       8.511157033271e-12 
 2429       8.506775314051e-12 
 2430       8.502095763692e-12 
 2431       8.497110073118e-12 
 2432       8.491809907664e-12 
 2433       8.486186907052e-12 
 2434       8.480232685367e-12 
 2435       8.473938831027e-12 
 2436       8.467296906761e-12 
 2437       8.460298449582e-12 
 2438       8.452936591469e-12 
 2439       8.445210932097e-12 
 2440       8.437122695320e-12 
 2441       8.428673111128e-12 
 2442       8.419863415652e-12 
 2443       8.410694851176e-12 
 2444       8.401168666138e-12 
 2445       8.391286115144e-12 
 2446       8.381048458965e-12 
 2447       8.370456964555e-12 
 2448       8.359512905051e-12 
 2449       8.348217559782e-12 
 2450       8.336572214274e-12 
 2451       8.324578160263e-12 
 2452       8.312236695694e-12 
 2453       8.299549124734e-12 
 2454       8.286516757775e-12 
 2455       8.273140911446e-12 
 2456       8.259422908613e-12 
 2457       8.245364078392e-12 
 2458       8.230965756154e-12 
 2459       8.216229283531e-12 
 2460       8.201156008425e-12 
 2461       8.185747285011e-12 
 2462       8.170004473750e-12 
 2463       8.153928941391e-12 
 2464       8.137522060980e-12 
 2465       8.120785211867e-12 
 2466       8.103719779713e-12 
 2467       8.086327156497e-12 
 2468       8.068608740521e-12 
 2469       8.050565936420e-12 
 2470       8.032200155169e-12 
 2471       8.013512814086e-12 
 2472       7.994505336844e-12 
 2473       7.975179153475e-12 
 2474       7.955535700376e-12 
 2475       7.935576420321e-12 
 2476       7.915302762462e-12 
 2477       7.894715602408e-12 
 2478       7.873813498691e-12 
 2479       7.852594426007e-12 
 2480       7.831056354206e-12 
 2481       7.809197248289e-12 
 2482       7.787015068402e-12 
 2483       7.764507769833e-12 
 2484       7.741673303009e-12 
 2485       7.718509613489e-12 
 2486       7.695014641958e-12 
 2487       7.671186324229e-12 
 2488       7.647022591234e-12 
 2489       7.622521369019e-12 
 2490       7.597680578743e-12 
 2491       7.572498136671e-12 
 2492       7.546971954171e-12 
 2493       7.521099937710e-12 
 2494       7.494879988847e-12 
 2495       7.468310004232e-12 
 2496       7.441387875600e-12 
 2497       7.414111489766e-12 
 2498       7.386478728622e-12 
 2499       7.358487469133e-12 
 2500       7.330135583330e-12 
